posX0;posY0;posZ0;posVel0;rotX0;rotY0;rotZ0;rotVel0;confidence0;posX1;posY1;posZ1;posVel1;rotX1;rotY1;rotZ1;rotVel1;confidence1;posX2;posY2;posZ2;posVel2;rotX2;rotY2;rotZ2;rotVel2;confidence2;posX3;posY3;posZ3;posVel3;rotX3;rotY3;rotZ3;rotVel3;confidence3;posX4;posY4;posZ4;posVel4;rotX4;rotY4;rotZ4;rotVel4;confidence4;posX5;posY5;posZ5;posVel5;rotX5;rotY5;rotZ5;rotVel5;confidence5;posX6;posY6;posZ6;posVel6;rotX6;rotY6;rotZ6;rotVel6;confidence6;posX7;posY7;posZ7;posVel7;rotX7;rotY7;rotZ7;rotVel7;confidence7;posX8;posY8;posZ8;posVel8;rotX8;rotY8;rotZ8;rotVel8;confidence8;posX9;posY9;posZ9;posVel9;rotX9;rotY9;rotZ9;rotVel9;confidence9;posX10;posY10;posZ10;posVel10;rotX10;rotY10;rotZ10;rotVel10;confidence10;posX11;posY11;posZ11;posVel11;rotX11;rotY11;rotZ11;rotVel11;confidence11;posX12;posY12;posZ12;posVel12;rotX12;rotY12;rotZ12;rotVel12;confidence12;posX13;posY13;posZ13;posVel13;rotX13;rotY13;rotZ13;rotVel13;confidence13;posX14;posY14;posZ14;posVel14;rotX14;rotY14;rotZ14;rotVel14;confidence14;posX15;posY15;posZ15;posVel15;rotX15;rotY15;rotZ15;rotVel15;confidence15;posX16;posY16;posZ16;posVel16;rotX16;rotY16;rotZ16;rotVel16;confidence16;posX17;posY17;posZ17;posVel17;rotX17;rotY17;rotZ17;rotVel17;confidence17;posX18;posY18;posZ18;posVel18;rotX18;rotY18;rotZ18;rotVel18;confidence18;posX19;posY19;posZ19;posVel19;rotX19;rotY19;rotZ19;rotVel19;confidence19;posX20;posY20;posZ20;posVel20;rotX20;rotY20;rotZ20;rotVel20;confidence20;posX21;posY21;posZ21;posVel21;rotX21;rotY21;rotZ21;rotVel21;confidence21;posX22;posY22;posZ22;posVel22;rotX22;rotY22;rotZ22;rotVel22;confidence22;posX23;posY23;posZ23;posVel23;rotX23;rotY23;rotZ23;rotVel23;confidence23;posX24;posY24;posZ24;posVel24;rotX24;rotY24;rotZ24;rotVel24;confidence24;posX25;posY25;posZ25;posVel25;rotX25;rotY25;rotZ25;rotVel25;confidence25;posX26;posY26;posZ26;posVel26;rotX26;rotY26;rotZ26;rotVel26;confidence26;posX27;posY27;posZ27;posVel27;rotX27;rotY27;rotZ27;rotVel27;confidence27;posX28;posY28;posZ28;posVel28;rotX28;rotY28;rotZ28;rotVel28;confidence28;posX29;posY29;posZ29;posVel29;rotX29;rotY29;rotZ29;rotVel29;confidence29;posX30;posY30;posZ30;posVel30;rotX30;rotY30;rotZ30;rotVel30;confidence30;posX31;posY31;posZ31;posVel31;rotX31;rotY31;rotZ31;rotVel31;confidence31;TimeStamp
0.000000;-150.000000;2000.000000;0.000000;0.000000;0.000000;0.000000;0.000000;2.000000;-39.185024;-309.421509;2066.475098;0.000000;0.000000;0.000000;0.000000;0.000000;2.000000;-63.651112;-443.165710;2106.009277;0.000000;0.000000;0.000000;0.000000;0.000000;2.000000;-86.307434;-657.466614;2110.110107;0.000000;0.000000;0.000000;0.000000;0.000000;2.000000;-55.192455;-624.884277;2128.496582;0.000000;0.000000;0.000000;0.000000;0.000000;2.000000;68.637016;-603.334106;2194.394775;0.000000;0.000000;0.000000;0.000000;0.000000;2.000000;166.961441;-374.712341;2309.843262;0.000000;0.000000;0.000000;0.000000;0.000000;2.000000;232.924911;-187.038071;2193.886230;0.000000;0.000000;0.000000;0.000000;0.000000;2.000000;219.629761;-149.982361;2106.772949;0.000000;0.000000;0.000000;0.000000;0.000000;2.000000;210.804733;-102.085480;2011.193604;0.000000;0.000000;0.000000;0.000000;0.000000;2.000000;173.760941;-122.931351;2097.033447;0.000000;0.000000;0.000000;0.000000;0.000000;2.000000;-110.966919;-619.086792;2092.176758;0.000000;0.000000;0.000000;0.000000;0.000000;2.000000;-204.901840;-558.527466;2024.690552;0.000000;0.000000;0.000000;0.000000;0.000000;2.000000;-250.833969;-285.764496;1984.327026;0.000000;0.000000;0.000000;0.000000;0.000000;2.000000;-189.678299;-76.927612;1900.561035;0.000000;0.000000;0.000000;0.000000;0.000000;2.000000;-163.260468;22.161469;1909.397827;0.000000;0.000000;0.000000;0.000000;0.000000;2.000000;-111.289597;101.068085;1956.203003;0.000000;0.000000;0.000000;0.000000;0.000000;2.000000;-98.250427;26.033905;1897.419067;0.000000;0.000000;0.000000;0.000000;0.000000;2.000000;80.353836;-152.398331;2041.614380;0.000000;0.000000;0.000000;0.000000;0.000000;2.000000;464.650482;-59.284302;2001.577393;0.000000;0.000000;0.000000;0.000000;0.000000;2.000000;448.467896;318.506927;1965.781128;0.000000;0.000000;0.000000;0.000000;0.000000;2.000000;585.680725;415.553070;1886.128418;0.000000;0.000000;0.000000;0.000000;0.000000;2.000000;-72.458588;-147.837296;1962.474487;0.000000;0.000000;0.000000;0.000000;0.000000;2.000000;77.014023;-10.336319;1621.345703;0.000000;0.000000;0.000000;0.000000;0.000000;2.000000;55.739201;372.847870;1627.513306;0.000000;0.000000;0.000000;0.000000;0.000000;2.000000;107.876755;468.268280;1495.389160;0.000000;0.000000;0.000000;0.000000;0.000000;2.000000;-87.542633;-737.976929;2100.461426;0.000000;0.000000;0.000000;0.000000;0.000000;2.000000;-15.653774;-711.777832;1960.481812;0.000000;0.000000;0.000000;0.000000;0.000000;2.000000;-2.582073;-758.662842;1987.289185;0.000000;0.000000;0.000000;0.000000;0.000000;2.000000;-1.080917;-795.372314;2107.661621;0.000000;0.000000;0.000000;0.000000;0.000000;2.000000;-47.392162;-752.135986;1961.919312;0.000000;0.000000;0.000000;0.000000;0.000000;2.000000;-148.308899;-791.550049;2033.900635;0.000000;0.000000;0.000000;0.000000;0.000000;2.000000;9345466368.000000
0.000000;-150.000000;2000.000000;0.000000;0.000000;0.000000;0.000000;0.000000;2.000000;-39.016193;-311.768921;2064.460938;0.091669;0.000000;0.000000;0.000000;0.000000;2.000000;-63.310680;-447.151093;2102.347168;0.160485;0.000000;0.000000;0.000000;0.000000;2.000000;-89.084869;-662.589355;2111.484863;0.177178;0.000000;0.000000;0.000000;0.000000;2.000000;-57.098164;-629.804565;2128.973145;0.156781;0.000000;0.000000;0.000000;0.000000;2.000000;67.311279;-610.598450;2196.799316;0.229816;0.000000;0.000000;0.000000;0.000000;2.000000;157.485962;-378.507935;2316.844727;0.366296;0.000000;0.000000;0.000000;0.000000;2.000000;218.167297;-193.783173;2190.276123;0.491914;0.000000;0.000000;0.000000;0.000000;2.000000;208.601074;-149.500076;2105.275635;0.329673;0.000000;0.000000;0.000000;0.000000;2.000000;198.608780;-94.565201;2012.729980;0.426441;0.000000;0.000000;0.000000;0.000000;2.000000;152.075409;-124.012756;2108.006836;0.719931;0.000000;0.000000;0.000000;0.000000;2.000000;-113.573105;-623.980286;2092.805664;0.165121;0.000000;0.000000;0.000000;0.000000;2.000000;-210.528473;-566.278137;2025.167480;0.283781;0.000000;0.000000;0.000000;0.000000;2.000000;-258.870361;-291.228546;1988.593018;0.314072;0.000000;0.000000;0.000000;0.000000;2.000000;-192.935776;-83.137741;1901.717896;0.210328;0.000000;0.000000;0.000000;0.000000;2.000000;-165.704544;16.324066;1912.743530;0.211837;0.000000;0.000000;0.000000;0.000000;2.000000;-122.564224;91.564453;1974.101685;0.686272;0.000000;0.000000;0.000000;0.000000;2.000000;-104.863708;19.119324;1898.782349;0.286004;0.000000;0.000000;0.000000;0.000000;2.000000;80.871704;-152.735168;2042.084961;0.022982;0.000000;0.000000;0.000000;0.000000;2.000000;471.479797;-74.834671;2000.660645;0.503333;0.000000;0.000000;0.000000;0.000000;2.000000;446.181854;305.790131;1969.868164;0.401031;0.000000;0.000000;0.000000;0.000000;2.000000;580.102051;411.104767;1891.828979;0.270261;0.000000;0.000000;0.000000;0.000000;2.000000;-72.925568;-147.533569;1962.050171;0.020723;0.000000;0.000000;0.000000;0.000000;2.000000;77.170876;-17.803467;1614.695435;0.295941;0.000000;0.000000;0.000000;0.000000;2.000000;55.314346;367.821075;1634.113647;0.245841;0.000000;0.000000;0.000000;0.000000;2.000000;109.578690;463.842316;1501.596680;0.231163;0.000000;0.000000;0.000000;0.000000;2.000000;-91.550476;-743.878418;2103.575439;0.230344;0.000000;0.000000;0.000000;0.000000;2.000000;-18.178856;-717.804871;1962.961060;0.206828;0.000000;0.000000;0.000000;0.000000;2.000000;-5.525227;-765.197327;1989.951904;0.226248;0.000000;0.000000;0.000000;0.000000;2.000000;-4.936237;-802.414795;2111.173828;0.259331;0.000000;0.000000;0.000000;0.000000;2.000000;-50.487797;-758.214844;1964.169189;0.212569;0.000000;0.000000;0.000000;0.000000;2.000000;-152.856796;-797.245850;2036.095581;0.225262;0.000000;0.000000;0.000000;0.000000;2.000000;9345500160.000000
0.000000;-150.000000;2000.000000;0.000000;0.000000;0.000000;0.000000;0.000000;2.000000;-38.671009;-309.406921;2065.153320;0.075851;0.000000;0.000000;0.000000;0.000000;2.000000;-63.479733;-442.640503;2104.429688;0.151703;0.000000;0.000000;0.000000;0.000000;2.000000;-85.615433;-656.244873;2108.229004;0.242014;0.000000;0.000000;0.000000;0.000000;2.000000;-54.463161;-623.764526;2126.281250;0.217236;0.000000;0.000000;0.000000;0.000000;2.000000;70.364883;-602.080078;2189.115234;0.362289;0.000000;0.000000;0.000000;0.000000;2.000000;162.494812;-373.131958;2306.733887;0.381432;0.000000;0.000000;0.000000;0.000000;2.000000;220.627304;-189.446289;2182.116455;0.291823;0.000000;0.000000;0.000000;0.000000;2.000000;219.855896;-150.436707;2095.210938;0.461660;0.000000;0.000000;0.000000;0.000000;2.000000;211.782166;-104.484924;1999.031738;0.654231;0.000000;0.000000;0.000000;0.000000;2.000000;171.290833;-117.904907;2091.634766;0.792625;0.000000;0.000000;0.000000;0.000000;2.000000;-110.460403;-618.000061;2090.735596;0.215224;0.000000;0.000000;0.000000;0.000000;2.000000;-205.126602;-557.991577;2024.674194;0.302248;0.000000;0.000000;0.000000;0.000000;2.000000;-250.596985;-286.031769;1985.122559;0.316412;0.000000;0.000000;0.000000;0.000000;2.000000;-182.517456;-78.719788;1905.262695;0.361894;0.000000;0.000000;0.000000;0.000000;2.000000;-164.195267;22.043091;1910.914185;0.188942;0.000000;0.000000;0.000000;0.000000;2.000000;-138.692749;113.517761;1955.886108;1.000066;0.000000;0.000000;0.000000;0.000000;2.000000;-100.820587;25.791565;1897.015747;0.244115;0.000000;0.000000;0.000000;0.000000;2.000000;80.793198;-153.256058;2039.987305;0.066003;0.000000;0.000000;0.000000;0.000000;2.000000;463.674469;-58.227524;2004.949341;0.575087;0.000000;0.000000;0.000000;0.000000;2.000000;449.276001;318.225189;1968.343140;0.393819;0.000000;0.000000;0.000000;0.000000;2.000000;583.884338;416.855988;1887.712280;0.244768;0.000000;0.000000;0.000000;0.000000;2.000000;-72.854782;-147.063873;1963.941528;0.059512;0.000000;0.000000;0.000000;0.000000;2.000000;85.284485;-6.653259;1629.583130;0.619290;0.000000;0.000000;0.000000;0.000000;2.000000;58.146614;374.856903;1626.841675;0.320661;0.000000;0.000000;0.000000;0.000000;2.000000;113.896866;467.033295;1494.661865;0.267653;0.000000;0.000000;0.000000;0.000000;2.000000;-86.807388;-736.451782;2098.424561;0.311494;0.000000;0.000000;0.000000;0.000000;2.000000;-16.105518;-711.166687;1958.306030;0.255389;0.000000;0.000000;0.000000;0.000000;2.000000;-2.493439;-757.465698;1985.459473;0.288148;0.000000;0.000000;0.000000;0.000000;2.000000;-0.058067;-792.723877;2105.791748;0.369600;0.000000;0.000000;0.000000;0.000000;2.000000;-47.330654;-751.671875;1960.330688;0.250750;0.000000;0.000000;0.000000;0.000000;2.000000;-147.156921;-791.143066;2032.979126;0.272009;0.000000;0.000000;0.000000;0.000000;2.000000;9345532928.000000
0.000000;-150.000000;2000.000000;0.000000;0.000000;0.000000;0.000000;0.000000;2.000000;-38.675545;-309.340027;2065.333496;0.005689;0.000000;0.000000;0.000000;0.000000;2.000000;-63.547073;-442.490479;2104.872070;0.013967;0.000000;0.000000;0.000000;0.000000;2.000000;-85.608688;-656.099243;2109.291504;0.031737;0.000000;0.000000;0.000000;0.000000;2.000000;-54.491798;-623.551025;2127.287842;0.030462;0.000000;0.000000;0.000000;0.000000;2.000000;70.130432;-601.602661;2190.450684;0.042539;0.000000;0.000000;0.000000;0.000000;2.000000;162.043274;-372.926178;2308.791016;0.062622;0.000000;0.000000;0.000000;0.000000;2.000000;222.038879;-185.426849;2190.901123;0.288919;0.000000;0.000000;0.000000;0.000000;2.000000;216.520386;-138.710907;2108.058838;0.524126;0.000000;0.000000;0.000000;0.000000;2.000000;202.092224;-84.601822;2016.997681;0.843269;0.000000;0.000000;0.000000;0.000000;2.000000;173.205536;-105.273895;2106.742188;0.585491;0.000000;0.000000;0.000000;0.000000;2.000000;-110.445320;-617.915771;2091.647461;0.027103;0.000000;0.000000;0.000000;0.000000;2.000000;-205.078247;-558.263916;2025.205933;0.017737;0.000000;0.000000;0.000000;0.000000;2.000000;-250.935608;-286.571442;1984.210571;0.032922;0.000000;0.000000;0.000000;0.000000;2.000000;-182.950195;-79.583069;1903.409180;0.061849;0.000000;0.000000;0.000000;0.000000;2.000000;-163.095184;20.907654;1908.798950;0.078147;0.000000;0.000000;0.000000;0.000000;2.000000;-132.709656;105.774994;1962.795410;0.354480;0.000000;0.000000;0.000000;0.000000;2.000000;-100.660469;24.086731;1893.709351;0.110188;0.000000;0.000000;0.000000;0.000000;2.000000;80.808090;-153.226074;2039.968018;0.001143;0.000000;0.000000;0.000000;0.000000;2.000000;463.824860;-59.917648;2001.749756;0.107175;0.000000;0.000000;0.000000;0.000000;2.000000;449.571350;316.468689;1964.255859;0.131940;0.000000;0.000000;0.000000;0.000000;2.000000;584.277893;416.103088;1885.017578;0.083613;0.000000;0.000000;0.000000;0.000000;2.000000;-72.868210;-147.090942;1963.959106;0.001034;0.000000;0.000000;0.000000;0.000000;2.000000;86.000809;-6.966263;1629.807495;0.024067;0.000000;0.000000;0.000000;0.000000;2.000000;58.468849;374.533875;1627.449951;0.022502;0.000000;0.000000;0.000000;0.000000;2.000000;114.141899;467.483459;1495.770874;0.036154;0.000000;0.000000;0.000000;0.000000;2.000000;-86.757339;-736.339355;2099.729004;0.038774;0.000000;0.000000;0.000000;0.000000;2.000000;-14.401215;-711.254883;1960.414185;0.080265;0.000000;0.000000;0.000000;0.000000;2.000000;-2.121181;-758.166504;1987.152710;0.055337;0.000000;0.000000;0.000000;0.000000;2.000000;-1.452652;-794.784546;2107.106445;0.083280;0.000000;0.000000;0.000000;0.000000;2.000000;-46.614975;-751.009766;1961.761841;0.051246;0.000000;0.000000;0.000000;0.000000;2.000000;-147.920319;-788.831787;2033.239990;0.072444;0.000000;0.000000;0.000000;0.000000;2.000000;9345566720.000000
0.000000;-150.000000;2000.000000;0.000000;0.000000;0.000000;0.000000;0.000000;2.000000;-38.777615;-312.392822;2061.962891;0.134610;0.000000;0.000000;0.000000;0.000000;2.000000;-63.443562;-447.739807;2098.600098;0.242054;0.000000;0.000000;0.000000;0.000000;2.000000;-88.274124;-662.831787;2107.802246;0.218766;0.000000;0.000000;0.000000;0.000000;2.000000;-56.379200;-629.996216;2125.076416;0.209238;0.000000;0.000000;0.000000;0.000000;2.000000;69.236191;-610.263672;2189.834229;0.258311;0.000000;0.000000;0.000000;0.000000;2.000000;158.819580;-376.165802;2305.005859;0.175610;0.000000;0.000000;0.000000;0.000000;2.000000;219.091110;-185.938812;2187.605469;0.131722;0.000000;0.000000;0.000000;0.000000;2.000000;208.234283;-154.285217;2097.498535;0.608446;0.000000;0.000000;0.000000;0.000000;2.000000;204.721680;-104.849976;2001.697876;0.755043;0.000000;0.000000;0.000000;0.000000;2.000000;169.635437;-122.873962;2097.180908;0.602071;0.000000;0.000000;0.000000;0.000000;2.000000;-112.970337;-624.392822;2089.318115;0.216965;0.000000;0.000000;0.000000;0.000000;2.000000;-210.223175;-567.868408;2021.642944;0.339237;0.000000;0.000000;0.000000;0.000000;2.000000;-254.615570;-292.792816;1984.758057;0.214517;0.000000;0.000000;0.000000;0.000000;2.000000;-185.071655;-85.824997;1899.344849;0.229189;0.000000;0.000000;0.000000;0.000000;2.000000;-165.191193;15.427094;1907.339478;0.178932;0.000000;0.000000;0.000000;0.000000;2.000000;-133.119415;87.399445;1978.273071;0.711082;0.000000;0.000000;0.000000;0.000000;2.000000;-103.310059;18.781494;1891.632446;0.185939;0.000000;0.000000;0.000000;0.000000;2.000000;81.019142;-153.579926;2041.321045;0.041855;0.000000;0.000000;0.000000;0.000000;2.000000;468.393738;-71.509918;1987.475586;0.560709;0.000000;0.000000;0.000000;0.000000;2.000000;444.695862;308.947754;1964.104370;0.265277;0.000000;0.000000;0.000000;0.000000;2.000000;579.121887;409.459167;1881.658569;0.267989;0.000000;0.000000;0.000000;0.000000;2.000000;-73.058517;-146.771820;1962.739014;0.037743;0.000000;0.000000;0.000000;0.000000;2.000000;81.927261;-17.574097;1618.300659;0.478569;0.000000;0.000000;0.000000;0.000000;2.000000;55.453938;367.350220;1626.846436;0.231239;0.000000;0.000000;0.000000;0.000000;2.000000;109.775284;460.864990;1493.031860;0.248251;0.000000;0.000000;0.000000;0.000000;2.000000;-90.465591;-743.958618;2099.898438;0.250812;0.000000;0.000000;0.000000;0.000000;2.000000;-18.629074;-718.383179;1958.782104;0.249969;0.000000;0.000000;0.000000;0.000000;2.000000;-5.155907;-765.219666;1986.103882;0.229333;0.000000;0.000000;0.000000;0.000000;2.000000;-3.180870;-801.100708;2107.438965;0.194033;0.000000;0.000000;0.000000;0.000000;2.000000;-50.301891;-759.133301;1960.636475;0.266091;0.000000;0.000000;0.000000;0.000000;2.000000;-151.389435;-798.740356;2033.558350;0.310817;0.000000;0.000000;0.000000;0.000000;2.000000;9345600512.000000
0.000000;-150.000000;2000.000000;0.000000;0.000000;0.000000;0.000000;0.000000;2.000000;-38.778980;-312.392822;2061.962402;0.000044;0.000000;0.000000;0.000000;0.000000;2.000000;-63.446819;-447.739197;2098.600098;0.000101;0.000000;0.000000;0.000000;0.000000;2.000000;-88.281418;-662.830688;2107.803223;0.000227;0.000000;0.000000;0.000000;0.000000;2.000000;-56.385654;-629.995605;2125.076660;0.000198;0.000000;0.000000;0.000000;0.000000;2.000000;69.227974;-610.271484;2189.840576;0.000397;0.000000;0.000000;0.000000;0.000000;2.000000;158.832947;-376.183105;2305.014648;0.000719;0.000000;0.000000;0.000000;0.000000;2.000000;219.100525;-186.018311;2187.511719;0.003762;0.000000;0.000000;0.000000;0.000000;2.000000;208.325806;-154.430328;2097.371582;0.006513;0.000000;0.000000;0.000000;0.000000;2.000000;204.972153;-105.012848;2001.556396;0.010088;0.000000;0.000000;0.000000;0.000000;2.000000;169.819138;-122.998474;2096.938477;0.010030;0.000000;0.000000;0.000000;0.000000;2.000000;-112.977097;-624.391235;2089.319336;0.000215;0.000000;0.000000;0.000000;0.000000;2.000000;-210.231369;-567.865112;2021.647583;0.000304;0.000000;0.000000;0.000000;0.000000;2.000000;-254.626358;-292.788300;1984.774536;0.000617;0.000000;0.000000;0.000000;0.000000;2.000000;-185.091461;-85.814270;1899.369019;0.001008;0.000000;0.000000;0.000000;0.000000;2.000000;-165.226318;15.440582;1907.366699;0.001417;0.000000;0.000000;0.000000;0.000000;2.000000;-133.185532;87.485260;1978.240845;0.003449;0.000000;0.000000;0.000000;0.000000;2.000000;-103.346741;18.809692;1891.680664;0.002039;0.000000;0.000000;0.000000;0.000000;2.000000;81.019226;-153.580933;2041.320801;0.000032;0.000000;0.000000;0.000000;0.000000;2.000000;468.395691;-71.522263;1987.471924;0.000397;0.000000;0.000000;0.000000;0.000000;2.000000;444.718323;308.936768;1964.101807;0.000767;0.000000;0.000000;0.000000;0.000000;2.000000;579.158875;409.439209;1881.668945;0.001321;0.000000;0.000000;0.000000;0.000000;2.000000;-73.058609;-146.770935;1962.739258;0.000028;0.000000;0.000000;0.000000;0.000000;2.000000;81.935074;-17.560898;1618.309204;0.000536;0.000000;0.000000;0.000000;0.000000;2.000000;55.456337;367.362488;1626.881348;0.001132;0.000000;0.000000;0.000000;0.000000;2.000000;109.784012;460.896057;1493.082520;0.001833;0.000000;0.000000;0.000000;0.000000;2.000000;-90.474518;-743.957581;2099.899414;0.000276;0.000000;0.000000;0.000000;0.000000;2.000000;-18.637051;-718.387390;1958.782593;0.000276;0.000000;0.000000;0.000000;0.000000;2.000000;-5.164749;-765.223267;1986.105835;0.000297;0.000000;0.000000;0.000000;0.000000;2.000000;-3.190750;-801.100830;2107.441895;0.000315;0.000000;0.000000;0.000000;0.000000;2.000000;-50.310535;-759.136963;1960.638062;0.000291;0.000000;0.000000;0.000000;0.000000;2.000000;-151.398972;-798.740234;2033.560669;0.000300;0.000000;0.000000;0.000000;0.000000;2.000000;9345633280.000000
0.000000;-150.000000;2000.000000;0.000000;0.000000;0.000000;0.000000;0.000000;2.000000;-38.778980;-312.392822;2061.962402;0.000000;0.000000;0.000000;0.000000;0.000000;2.000000;-63.446819;-447.739197;2098.600098;0.000000;0.000000;0.000000;0.000000;0.000000;2.000000;-88.281418;-662.830688;2107.803223;0.000000;0.000000;0.000000;0.000000;0.000000;2.000000;-56.385654;-629.995605;2125.076660;0.000000;0.000000;0.000000;0.000000;0.000000;2.000000;69.227974;-610.271484;2189.840576;0.000000;0.000000;0.000000;0.000000;0.000000;2.000000;158.832947;-376.183105;2305.014648;0.000000;0.000000;0.000000;0.000000;0.000000;2.000000;219.100525;-186.018311;2187.511719;0.000000;0.000000;0.000000;0.000000;0.000000;2.000000;208.325806;-154.430328;2097.371582;0.000000;0.000000;0.000000;0.000000;0.000000;2.000000;204.972153;-105.012848;2001.556396;0.000000;0.000000;0.000000;0.000000;0.000000;2.000000;169.819138;-122.998474;2096.938477;0.000000;0.000000;0.000000;0.000000;0.000000;2.000000;-112.977097;-624.391235;2089.319336;0.000000;0.000000;0.000000;0.000000;0.000000;2.000000;-210.231369;-567.865112;2021.647583;0.000000;0.000000;0.000000;0.000000;0.000000;2.000000;-254.626358;-292.788300;1984.774536;0.000000;0.000000;0.000000;0.000000;0.000000;2.000000;-185.091461;-85.814270;1899.369019;0.000000;0.000000;0.000000;0.000000;0.000000;2.000000;-165.226318;15.440582;1907.366699;0.000000;0.000000;0.000000;0.000000;0.000000;2.000000;-133.185532;87.485260;1978.240845;0.000000;0.000000;0.000000;0.000000;0.000000;2.000000;-103.346741;18.809692;1891.680664;0.000000;0.000000;0.000000;0.000000;0.000000;2.000000;81.019226;-153.580933;2041.320801;0.000000;0.000000;0.000000;0.000000;0.000000;2.000000;468.395691;-71.522263;1987.471924;0.000000;0.000000;0.000000;0.000000;0.000000;2.000000;444.718323;308.936768;1964.101807;0.000000;0.000000;0.000000;0.000000;0.000000;2.000000;579.158875;409.439209;1881.668945;0.000000;0.000000;0.000000;0.000000;0.000000;2.000000;-73.058609;-146.770935;1962.739258;0.000000;0.000000;0.000000;0.000000;0.000000;2.000000;81.935074;-17.560898;1618.309204;0.000000;0.000000;0.000000;0.000000;0.000000;2.000000;55.456337;367.362488;1626.881348;0.000000;0.000000;0.000000;0.000000;0.000000;2.000000;109.784012;460.896057;1493.082520;0.000000;0.000000;0.000000;0.000000;0.000000;2.000000;-90.474518;-743.957581;2099.899414;0.000000;0.000000;0.000000;0.000000;0.000000;2.000000;-18.637051;-718.387390;1958.782593;0.000000;0.000000;0.000000;0.000000;0.000000;2.000000;-5.164749;-765.223267;1986.105835;0.000000;0.000000;0.000000;0.000000;0.000000;2.000000;-3.190750;-801.100830;2107.441895;0.000000;0.000000;0.000000;0.000000;0.000000;2.000000;-50.310535;-759.136963;1960.638062;0.000000;0.000000;0.000000;0.000000;0.000000;2.000000;-151.398972;-798.740234;2033.560669;0.000000;0.000000;0.000000;0.000000;0.000000;2.000000;9345667072.000000
0.000000;-150.000000;2000.000000;0.000000;0.000000;0.000000;0.000000;0.000000;2.000000;-35.382324;-312.655334;2061.475098;0.105025;0.000000;0.000000;0.000000;0.000000;2.000000;-57.871437;-447.675690;2098.735352;0.170208;0.000000;0.000000;0.000000;0.000000;2.000000;-81.807297;-662.107056;2107.472656;0.199061;0.000000;0.000000;0.000000;0.000000;2.000000;-50.104881;-629.312317;2124.683594;0.193178;0.000000;0.000000;0.000000;0.000000;2.000000;74.893555;-608.483887;2189.167480;0.182462;0.000000;0.000000;0.000000;0.000000;2.000000;166.636261;-376.043091;2303.631836;0.241886;0.000000;0.000000;0.000000;0.000000;2.000000;210.954117;-195.678879;2166.798828;0.740461;0.000000;0.000000;0.000000;0.000000;2.000000;215.272659;-144.332794;2086.064697;0.508889;0.000000;0.000000;0.000000;0.000000;2.000000;206.021164;-93.167252;1992.004883;0.465481;0.000000;0.000000;0.000000;0.000000;2.000000;178.688629;-111.679367;2086.553223;0.541327;0.000000;0.000000;0.000000;0.000000;2.000000;-106.599319;-623.854126;2089.201904;0.195356;0.000000;0.000000;0.000000;0.000000;2.000000;-202.850143;-566.196960;2021.961426;0.231137;0.000000;0.000000;0.000000;0.000000;2.000000;-248.723190;-292.426849;1984.831177;0.180496;0.000000;0.000000;0.000000;0.000000;2.000000;-179.351456;-84.635162;1903.685181;0.222103;0.000000;0.000000;0.000000;0.000000;2.000000;-158.580780;16.368530;1904.869629;0.218493;0.000000;0.000000;0.000000;0.000000;2.000000;-122.505234;94.522186;1966.110107;0.537960;0.000000;0.000000;0.000000;0.000000;2.000000;-96.372269;19.929840;1891.537720;0.215616;0.000000;0.000000;0.000000;0.000000;2.000000;81.098869;-152.323090;2040.530396;0.045401;0.000000;0.000000;0.000000;0.000000;2.000000;467.012573;-67.662292;1990.976807;0.164616;0.000000;0.000000;0.000000;0.000000;2.000000;453.997559;311.611786;1962.780640;0.297457;0.000000;0.000000;0.000000;0.000000;2.000000;590.458618;409.428314;1881.968994;0.344963;0.000000;0.000000;0.000000;0.000000;2.000000;-73.130417;-147.905151;1963.452148;0.040942;0.000000;0.000000;0.000000;0.000000;2.000000;88.844696;-12.139526;1626.490601;0.366299;0.000000;0.000000;0.000000;0.000000;2.000000;63.343399;371.541779;1630.265015;0.291313;0.000000;0.000000;0.000000;0.000000;2.000000;117.746262;462.145905;1495.276978;0.254918;0.000000;0.000000;0.000000;0.000000;2.000000;-83.714432;-742.932800;2099.417236;0.209177;0.000000;0.000000;0.000000;0.000000;2.000000;-18.811413;-717.482727;1955.596313;0.101221;0.000000;0.000000;0.000000;0.000000;2.000000;-3.460148;-763.713989;1982.547241;0.128924;0.000000;0.000000;0.000000;0.000000;2.000000;4.398670;-798.447266;2103.505371;0.273191;0.000000;0.000000;0.000000;0.000000;2.000000;-49.609161;-758.556702;1959.137939;0.053549;0.000000;0.000000;0.000000;0.000000;2.000000;-146.396698;-798.992065;2036.467529;0.176728;0.000000;0.000000;0.000000;0.000000;2.000000;9345699840.000000
0.000000;-150.000000;2000.000000;0.000000;0.000000;0.000000;0.000000;0.000000;2.000000;-38.337509;-310.968048;2062.076660;0.102264;0.000000;0.000000;0.000000;0.000000;2.000000;-63.842239;-444.276428;2101.329102;0.217327;0.000000;0.000000;0.000000;0.000000;2.000000;-85.698334;-658.202026;2104.841309;0.180767;0.000000;0.000000;0.000000;0.000000;2.000000;-54.508202;-625.663574;2122.896973;0.177297;0.000000;0.000000;0.000000;0.000000;2.000000;69.001915;-603.091858;2188.390625;0.237461;0.000000;0.000000;0.000000;0.000000;2.000000;162.369537;-368.359283;2293.849609;0.389163;0.000000;0.000000;0.000000;0.000000;2.000000;213.212250;-188.564117;2160.140137;0.296013;0.000000;0.000000;0.000000;0.000000;2.000000;219.241913;-139.229004;2078.722656;0.289510;0.000000;0.000000;0.000000;0.000000;2.000000;209.069061;-89.511093;1984.476807;0.263574;0.000000;0.000000;0.000000;0.000000;2.000000;180.992462;-102.700043;2083.864990;0.285632;0.000000;0.000000;0.000000;0.000000;2.000000;-110.670860;-619.913269;2087.443848;0.175569;0.000000;0.000000;0.000000;0.000000;2.000000;-205.815857;-559.634583;2021.977783;0.213110;0.000000;0.000000;0.000000;0.000000;2.000000;-249.732574;-287.256134;1980.964111;0.193396;0.000000;0.000000;0.000000;0.000000;2.000000;-186.676514;-77.335800;1902.913208;0.306872;0.000000;0.000000;0.000000;0.000000;2.000000;-163.780029;22.781891;1903.932251;0.245891;0.000000;0.000000;0.000000;0.000000;2.000000;-131.564789;111.423523;1950.566162;0.730496;0.000000;0.000000;0.000000;0.000000;2.000000;-101.345833;24.825287;1892.504761;0.208492;0.000000;0.000000;0.000000;0.000000;2.000000;80.294998;-153.217590;2041.245361;0.041404;0.000000;0.000000;0.000000;0.000000;2.000000;463.195984;-69.061584;1981.422119;0.307276;0.000000;0.000000;0.000000;0.000000;2.000000;455.517853;308.531677;1949.638062;0.401989;0.000000;0.000000;0.000000;0.000000;2.000000;592.472961;416.343140;1885.917603;0.243065;0.000000;0.000000;0.000000;0.000000;2.000000;-72.405533;-147.098541;1962.807251;0.037338;0.000000;0.000000;0.000000;0.000000;2.000000;81.711426;-4.185486;1627.010254;0.316547;0.000000;0.000000;0.000000;0.000000;2.000000;59.471016;378.161316;1626.660400;0.250766;0.000000;0.000000;0.000000;0.000000;2.000000;113.571304;467.274048;1491.436035;0.226305;0.000000;0.000000;0.000000;0.000000;2.000000;-86.802063;-738.501465;2094.897461;0.208411;0.000000;0.000000;0.000000;0.000000;2.000000;-13.393497;-717.343445;1955.247559;0.160716;0.000000;0.000000;0.000000;0.000000;2.000000;-0.992405;-763.345581;1983.609009;0.080244;0.000000;0.000000;0.000000;0.000000;2.000000;-1.048611;-796.143005;2104.832764;0.179383;0.000000;0.000000;0.000000;0.000000;2.000000;-45.383415;-757.315918;1957.616577;0.137888;0.000000;0.000000;0.000000;0.000000;2.000000;-147.135559;-793.601990;2029.558472;0.260238;0.000000;0.000000;0.000000;0.000000;2.000000;9345733632.000000
0.000000;-150.000000;2000.000000;0.000000;0.000000;0.000000;0.000000;0.000000;2.000000;-38.347851;-310.929382;2062.272949;0.006114;0.000000;0.000000;0.000000;0.000000;2.000000;-64.037643;-444.075256;2102.055908;0.023774;0.000000;0.000000;0.000000;0.000000;2.000000;-86.253296;-657.980591;2106.953857;0.066999;0.000000;0.000000;0.000000;0.000000;2.000000;-55.013241;-625.369629;2124.818359;0.061288;0.000000;0.000000;0.000000;0.000000;2.000000;68.251770;-603.224854;2190.978271;0.082320;0.000000;0.000000;0.000000;0.000000;2.000000;162.404785;-368.977173;2296.960449;0.096796;0.000000;0.000000;0.000000;0.000000;2.000000;213.670990;-192.192017;2159.374512;0.114016;0.000000;0.000000;0.000000;0.000000;2.000000;214.508331;-149.532288;2074.038330;0.374394;0.000000;0.000000;0.000000;0.000000;2.000000;207.070892;-101.455261;1978.667603;0.409894;0.000000;0.000000;0.000000;0.000000;2.000000;170.178268;-119.470947;2069.650146;0.747694;0.000000;0.000000;0.000000;0.000000;2.000000;-111.157928;-619.757446;2089.289063;0.058434;0.000000;0.000000;0.000000;0.000000;2.000000;-206.308533;-559.872314;2023.418091;0.047018;0.000000;0.000000;0.000000;0.000000;2.000000;-250.412186;-287.742859;1980.605591;0.027758;0.000000;0.000000;0.000000;0.000000;2.000000;-187.488541;-78.251572;1901.166260;0.065095;0.000000;0.000000;0.000000;0.000000;2.000000;-162.980713;21.491577;1903.116577;0.052585;0.000000;0.000000;0.000000;0.000000;2.000000;-124.556000;99.366943;1962.558594;0.561310;0.000000;0.000000;0.000000;0.000000;2.000000;-101.405487;22.533997;1888.281250;0.146648;0.000000;0.000000;0.000000;0.000000;2.000000;80.292076;-153.152878;2041.296387;0.002517;0.000000;0.000000;0.000000;0.000000;2.000000;463.513519;-68.820175;1983.265381;0.057554;0.000000;0.000000;0.000000;0.000000;2.000000;455.486389;308.863159;1951.719116;0.064317;0.000000;0.000000;0.000000;0.000000;2.000000;591.777405;416.451294;1886.114990;0.022310;0.000000;0.000000;0.000000;0.000000;2.000000;-72.402908;-147.156921;1962.761230;0.002270;0.000000;0.000000;0.000000;0.000000;2.000000;80.325417;-4.639221;1626.067627;0.052994;0.000000;0.000000;0.000000;0.000000;2.000000;58.912437;377.828369;1624.158936;0.078876;0.000000;0.000000;0.000000;0.000000;2.000000;112.973007;465.002441;1487.617310;0.136822;0.000000;0.000000;0.000000;0.000000;2.000000;-87.484253;-738.357666;2097.532227;0.083174;0.000000;0.000000;0.000000;0.000000;2.000000;-14.344677;-718.050903;1957.577881;0.079788;0.000000;0.000000;0.000000;0.000000;2.000000;-3.502663;-764.897888;1985.208130;0.102442;0.000000;0.000000;0.000000;0.000000;2.000000;-3.914047;-799.380676;2105.989258;0.136584;0.000000;0.000000;0.000000;0.000000;2.000000;-47.831142;-756.809082;1959.650879;0.098353;0.000000;0.000000;0.000000;0.000000;2.000000;-150.382004;-790.197144;2031.908936;0.160492;0.000000;0.000000;0.000000;0.000000;2.000000;9345766400.000000
0.000000;-150.000015;2000.000000;0.000000;0.000000;0.000000;0.000000;0.000000;2.000000;-38.860588;-311.899323;2064.102051;0.063119;0.000000;0.000000;0.000000;0.000000;2.000000;-63.626343;-446.883789;2102.954590;0.088108;0.000000;0.000000;0.000000;0.000000;2.000000;-86.668663;-662.646729;2110.238037;0.169304;0.000000;0.000000;0.000000;0.000000;2.000000;-55.022324;-629.633057;2127.879395;0.155318;0.000000;0.000000;0.000000;0.000000;2.000000;69.161713;-606.893311;2194.945801;0.162159;0.000000;0.000000;0.000000;0.000000;2.000000;160.600342;-369.945557;2303.870605;0.213282;0.000000;0.000000;0.000000;0.000000;2.000000;209.740997;-197.202423;2157.095703;0.200144;0.000000;0.000000;0.000000;0.000000;2.000000;199.731613;-154.864685;2071.187500;0.472479;0.000000;0.000000;0.000000;0.000000;2.000000;191.924850;-98.457825;1979.351685;0.457355;0.000000;0.000000;0.000000;0.000000;2.000000;156.233429;-125.270630;2076.082031;0.485776;0.000000;0.000000;0.000000;0.000000;2.000000;-111.713242;-624.188599;2092.023926;0.154968;0.000000;0.000000;0.000000;0.000000;2.000000;-208.900894;-566.649170;2024.645264;0.217768;0.000000;0.000000;0.000000;0.000000;2.000000;-254.123535;-291.210358;1987.561035;0.254869;0.000000;0.000000;0.000000;0.000000;2.000000;-187.607132;-83.294281;1900.871704;0.149523;0.000000;0.000000;0.000000;0.000000;2.000000;-165.003830;17.511536;1909.681396;0.234943;0.000000;0.000000;0.000000;0.000000;2.000000;-138.549484;113.176483;1947.492920;0.732979;0.000000;0.000000;0.000000;0.000000;2.000000;-102.424957;18.641052;1891.619751;0.154734;0.000000;0.000000;0.000000;0.000000;2.000000;80.761810;-152.656509;2042.250854;0.034739;0.000000;0.000000;0.000000;0.000000;2.000000;471.261230;-78.371475;1994.604614;0.495034;0.000000;0.000000;0.000000;0.000000;2.000000;455.329803;302.384949;1960.542480;0.323961;0.000000;0.000000;0.000000;0.000000;2.000000;588.272461;409.951660;1884.032227;0.227052;0.000000;0.000000;0.000000;0.000000;2.000000;-72.826469;-147.604553;1961.900635;0.031324;0.000000;0.000000;0.000000;0.000000;2.000000;87.086517;-13.307892;1620.834961;0.360303;0.000000;0.000000;0.000000;0.000000;2.000000;56.647705;372.003784;1630.532227;0.264146;0.000000;0.000000;0.000000;0.000000;2.000000;110.193062;460.132996;1492.414185;0.218365;0.000000;0.000000;0.000000;0.000000;2.000000;-88.157021;-743.864746;2101.600586;0.203594;0.000000;0.000000;0.000000;0.000000;2.000000;-23.645420;-721.102173;1956.195190;0.292544;0.000000;0.000000;0.000000;0.000000;2.000000;-9.069305;-767.699951;1983.567871;0.190706;0.000000;0.000000;0.000000;0.000000;2.000000;-0.880569;-801.735291;2105.414551;0.114904;0.000000;0.000000;0.000000;0.000000;2.000000;-55.547195;-761.617554;1960.403809;0.269970;0.000000;0.000000;0.000000;0.000000;2.000000;-153.078110;-799.263306;2039.385498;0.356791;0.000000;0.000000;0.000000;0.000000;2.000000;9345800192.000000
0.000000;-150.000015;2000.000000;0.000000;0.000000;0.000000;0.000000;0.000000;2.000000;-39.010517;-312.000977;2067.629883;0.107803;0.000000;0.000000;0.000000;0.000000;2.000000;-62.322590;-448.210266;2107.288086;0.143914;0.000000;0.000000;0.000000;0.000000;2.000000;-84.399048;-665.758301;2116.084961;0.213666;0.000000;0.000000;0.000000;0.000000;2.000000;-52.770428;-632.180176;2133.782227;0.207883;0.000000;0.000000;0.000000;0.000000;2.000000;72.003357;-610.761963;2202.604248;0.275831;0.000000;0.000000;0.000000;0.000000;2.000000;164.913086;-369.238800;2305.687988;0.144442;0.000000;0.000000;0.000000;0.000000;2.000000;215.715637;-202.344131;2150.047363;0.322697;0.000000;0.000000;0.000000;0.000000;2.000000;217.324127;-154.710999;2065.490723;0.564347;0.000000;0.000000;0.000000;0.000000;2.000000;208.034348;-103.103958;1970.025024;0.585499;0.000000;0.000000;0.000000;0.000000;2.000000;175.681442;-124.120697;2060.152344;0.767990;0.000000;0.000000;0.000000;0.000000;2.000000;-109.763184;-627.265747;2097.323242;0.196250;0.000000;0.000000;0.000000;0.000000;2.000000;-207.541763;-569.483948;2028.960327;0.162928;0.000000;0.000000;0.000000;0.000000;2.000000;-255.632233;-292.315582;1991.270142;0.126768;0.000000;0.000000;0.000000;0.000000;2.000000;-187.363754;-82.582886;1905.229614;0.134958;0.000000;0.000000;0.000000;0.000000;2.000000;-159.805115;18.105164;1910.208740;0.160492;0.000000;0.000000;0.000000;0.000000;2.000000;-125.382843;96.538391;1974.436279;1.046593;0.000000;0.000000;0.000000;0.000000;2.000000;-99.565964;18.822296;1900.744507;0.291867;0.000000;0.000000;0.000000;0.000000;2.000000;80.481033;-150.852142;2044.382202;0.085652;0.000000;0.000000;0.000000;0.000000;2.000000;476.151581;-80.955048;2006.937256;0.412478;0.000000;0.000000;0.000000;0.000000;2.000000;458.297028;301.957764;1964.617920;0.154396;0.000000;0.000000;0.000000;0.000000;2.000000;593.534302;410.709473;1890.161621;0.247608;0.000000;0.000000;0.000000;0.000000;2.000000;-72.573288;-149.231628;1959.978638;0.077238;0.000000;0.000000;0.000000;0.000000;2.000000;81.348846;-21.541534;1609.984619;0.451045;0.000000;0.000000;0.000000;0.000000;2.000000;60.156406;366.784180;1635.115845;0.237498;0.000000;0.000000;0.000000;0.000000;2.000000;113.451584;462.407654;1500.202393;0.266829;0.000000;0.000000;0.000000;0.000000;2.000000;-85.410202;-747.691040;2107.962402;0.241568;0.000000;0.000000;0.000000;0.000000;2.000000;-15.186901;-719.022583;1964.845093;0.374624;0.000000;0.000000;0.000000;0.000000;2.000000;-1.758099;-767.238464;1990.885620;0.315995;0.000000;0.000000;0.000000;0.000000;2.000000;2.006413;-806.815369;2112.330078;0.276292;0.000000;0.000000;0.000000;0.000000;2.000000;-47.727100;-759.753601;1966.221191;0.302832;0.000000;0.000000;0.000000;0.000000;2.000000;-148.979446;-800.295410;2040.696899;0.135052;0.000000;0.000000;0.000000;0.000000;2.000000;9345832960.000000
0.000000;-150.000000;2000.000000;0.000000;0.000000;0.000000;0.000000;0.000000;2.000000;-36.119797;-311.235016;2064.825195;0.121328;0.000000;0.000000;0.000000;0.000000;2.000000;-59.394905;-445.563782;2104.179443;0.148669;0.000000;0.000000;0.000000;0.000000;2.000000;-82.353943;-660.251770;2110.136230;0.247400;0.000000;0.000000;0.000000;0.000000;2.000000;-50.707291;-627.542725;2127.644775;0.235687;0.000000;0.000000;0.000000;0.000000;2.000000;72.060463;-602.631714;2194.981934;0.329802;0.000000;0.000000;0.000000;0.000000;2.000000;167.289673;-368.553070;2303.259766;0.102575;0.000000;0.000000;0.000000;0.000000;2.000000;214.324036;-189.388519;2165.661865;0.601831;0.000000;0.000000;0.000000;0.000000;2.000000;214.900787;-147.050262;2079.727051;0.483761;0.000000;0.000000;0.000000;0.000000;2.000000;207.670624;-98.902298;1983.883057;0.428668;0.000000;0.000000;0.000000;0.000000;2.000000;168.378937;-123.274063;2066.698486;0.291298;0.000000;0.000000;0.000000;0.000000;2.000000;-107.405495;-621.857300;2092.493652;0.225634;0.000000;0.000000;0.000000;0.000000;2.000000;-204.132935;-562.433655;2027.446899;0.236033;0.000000;0.000000;0.000000;0.000000;2.000000;-251.654175;-289.504578;1985.925903;0.213986;0.000000;0.000000;0.000000;0.000000;2.000000;-184.991180;-83.158920;1898.865723;0.201709;0.000000;0.000000;0.000000;0.000000;2.000000;-159.419220;16.532928;1905.759644;0.140107;0.000000;0.000000;0.000000;0.000000;2.000000;-117.753868;97.839447;1958.851196;0.514939;0.000000;0.000000;0.000000;0.000000;2.000000;-99.210533;21.096741;1896.498169;0.142939;0.000000;0.000000;0.000000;0.000000;2.000000;82.203529;-153.039032;2038.244019;0.199454;0.000000;0.000000;0.000000;0.000000;2.000000;469.871887;-70.160583;1999.819092;0.425379;0.000000;0.000000;0.000000;0.000000;2.000000;461.426483;308.820404;1965.349609;0.224252;0.000000;0.000000;0.000000;0.000000;2.000000;593.434448;412.545685;1884.401367;0.178938;0.000000;0.000000;0.000000;0.000000;2.000000;-74.126549;-147.259552;1965.513672;0.179856;0.000000;0.000000;0.000000;0.000000;2.000000;82.290375;-10.355743;1626.276367;0.585481;0.000000;0.000000;0.000000;0.000000;2.000000;62.765881;373.789032;1627.646240;0.312722;0.000000;0.000000;0.000000;0.000000;2.000000;116.467339;463.225800;1491.548828;0.272267;0.000000;0.000000;0.000000;0.000000;2.000000;-83.944580;-740.989624;2100.997803;0.289288;0.000000;0.000000;0.000000;0.000000;2.000000;-10.255646;-719.932495;1960.698364;0.192559;0.000000;0.000000;0.000000;0.000000;2.000000;1.144524;-766.765747;1988.583618;0.110520;0.000000;0.000000;0.000000;0.000000;2.000000;0.734234;-801.136230;2109.932617;0.186268;0.000000;0.000000;0.000000;0.000000;2.000000;-43.372726;-759.283997;1962.739502;0.165570;0.000000;0.000000;0.000000;0.000000;2.000000;-146.164795;-794.006836;2034.984863;0.264844;0.000000;0.000000;0.000000;0.000000;2.000000;9345866752.000000
0.000000;-150.000000;2000.000000;0.000000;0.000000;0.000000;0.000000;0.000000;2.000000;-36.119797;-311.235016;2064.825195;0.000000;0.000000;0.000000;0.000000;0.000000;2.000000;-59.394905;-445.563782;2104.179443;0.000000;0.000000;0.000000;0.000000;0.000000;2.000000;-82.353943;-660.251770;2110.136230;0.000000;0.000000;0.000000;0.000000;0.000000;2.000000;-50.707291;-627.542725;2127.644775;0.000000;0.000000;0.000000;0.000000;0.000000;2.000000;72.060463;-602.631714;2194.981934;0.000000;0.000000;0.000000;0.000000;0.000000;2.000000;167.289673;-368.553070;2303.259766;0.000000;0.000000;0.000000;0.000000;0.000000;2.000000;214.324036;-189.388519;2165.661865;0.000000;0.000000;0.000000;0.000000;0.000000;2.000000;214.900787;-147.050262;2079.727051;0.000000;0.000000;0.000000;0.000000;0.000000;2.000000;207.670624;-98.902298;1983.883057;0.000000;0.000000;0.000000;0.000000;0.000000;2.000000;168.378937;-123.274063;2066.698486;0.000000;0.000000;0.000000;0.000000;0.000000;2.000000;-107.405495;-621.857300;2092.493652;0.000000;0.000000;0.000000;0.000000;0.000000;2.000000;-204.132935;-562.433655;2027.446899;0.000000;0.000000;0.000000;0.000000;0.000000;2.000000;-251.654175;-289.504578;1985.925903;0.000000;0.000000;0.000000;0.000000;0.000000;2.000000;-184.991180;-83.158920;1898.865723;0.000000;0.000000;0.000000;0.000000;0.000000;2.000000;-159.419220;16.532928;1905.759644;0.000000;0.000000;0.000000;0.000000;0.000000;2.000000;-117.753868;97.839447;1958.851196;0.000000;0.000000;0.000000;0.000000;0.000000;2.000000;-99.210533;21.096741;1896.498169;0.000000;0.000000;0.000000;0.000000;0.000000;2.000000;82.203529;-153.039032;2038.244019;0.000000;0.000000;0.000000;0.000000;0.000000;2.000000;469.871887;-70.160583;1999.819092;0.000000;0.000000;0.000000;0.000000;0.000000;2.000000;461.426483;308.820404;1965.349609;0.000000;0.000000;0.000000;0.000000;0.000000;2.000000;593.434448;412.545685;1884.401367;0.000000;0.000000;0.000000;0.000000;0.000000;2.000000;-74.126549;-147.259552;1965.513672;0.000000;0.000000;0.000000;0.000000;0.000000;2.000000;82.290375;-10.355743;1626.276367;0.000000;0.000000;0.000000;0.000000;0.000000;2.000000;62.765881;373.789032;1627.646240;0.000000;0.000000;0.000000;0.000000;0.000000;2.000000;116.467339;463.225800;1491.548828;0.000000;0.000000;0.000000;0.000000;0.000000;2.000000;-83.944580;-740.989624;2100.997803;0.000000;0.000000;0.000000;0.000000;0.000000;2.000000;-10.255646;-719.932495;1960.698364;0.000000;0.000000;0.000000;0.000000;0.000000;2.000000;1.144524;-766.765747;1988.583618;0.000000;0.000000;0.000000;0.000000;0.000000;2.000000;0.734234;-801.136230;2109.932617;0.000000;0.000000;0.000000;0.000000;0.000000;2.000000;-43.372726;-759.283997;1962.739502;0.000000;0.000000;0.000000;0.000000;0.000000;2.000000;-146.164795;-794.006836;2034.984863;0.000000;0.000000;0.000000;0.000000;0.000000;2.000000;9345899520.000000
0.000000;-150.000000;2000.000000;0.000000;0.000000;0.000000;0.000000;0.000000;2.000000;-36.901882;-312.275513;2064.085449;0.044305;0.000000;0.000000;0.000000;0.000000;2.000000;-60.010395;-447.674377;2102.276611;0.086044;0.000000;0.000000;0.000000;0.000000;2.000000;-80.868927;-663.483215;2111.596191;0.113765;0.000000;0.000000;0.000000;0.000000;2.000000;-49.318111;-630.043213;2128.530762;0.088617;0.000000;0.000000;0.000000;0.000000;2.000000;76.366463;-604.736877;2191.628418;0.173110;0.000000;0.000000;0.000000;0.000000;2.000000;167.181107;-369.451294;2304.299805;0.040794;0.000000;0.000000;0.000000;0.000000;2.000000;217.247589;-189.580200;2166.861084;0.093684;0.000000;0.000000;0.000000;0.000000;2.000000;222.488464;-145.003967;2081.713623;0.239878;0.000000;0.000000;0.000000;0.000000;2.000000;213.940674;-96.360611;1985.657593;0.206986;0.000000;0.000000;0.000000;0.000000;2.000000;184.288330;-110.404297;2074.456055;0.647616;0.000000;0.000000;0.000000;0.000000;2.000000;-106.515732;-625.430969;2093.427734;0.112434;0.000000;0.000000;0.000000;0.000000;2.000000;-204.874161;-568.454224;2027.398682;0.179516;0.000000;0.000000;0.000000;0.000000;2.000000;-252.508408;-293.621063;1989.802734;0.169236;0.000000;0.000000;0.000000;0.000000;2.000000;-183.852707;-86.741135;1902.589233;0.156571;0.000000;0.000000;0.000000;0.000000;2.000000;-158.620972;13.361084;1911.732056;0.201508;0.000000;0.000000;0.000000;0.000000;2.000000;-109.725952;86.584442;1971.051758;0.545645;0.000000;0.000000;0.000000;0.000000;2.000000;-96.428848;17.700958;1895.606567;0.132555;0.000000;0.000000;0.000000;0.000000;2.000000;81.406349;-152.350815;2040.922852;0.085180;0.000000;0.000000;0.000000;0.000000;2.000000;472.094543;-76.108780;1999.881470;0.187920;0.000000;0.000000;0.000000;0.000000;2.000000;459.052307;304.157623;1961.336914;0.195133;0.000000;0.000000;0.000000;0.000000;2.000000;596.445129;408.906036;1889.103638;0.197237;0.000000;0.000000;0.000000;0.000000;2.000000;-73.407684;-147.880188;1963.098022;0.076812;0.000000;0.000000;0.000000;0.000000;2.000000;85.020767;-11.943192;1622.199707;0.152609;0.000000;0.000000;0.000000;0.000000;2.000000;63.618183;373.747772;1633.861206;0.185644;0.000000;0.000000;0.000000;0.000000;2.000000;116.428772;459.459747;1494.045898;0.133725;0.000000;0.000000;0.000000;0.000000;2.000000;-81.694260;-744.742737;2103.633789;0.151179;0.000000;0.000000;0.000000;0.000000;2.000000;-10.433067;-719.382629;1961.936401;0.040430;0.000000;0.000000;0.000000;0.000000;2.000000;3.864185;-765.784424;1989.734375;0.092089;0.000000;0.000000;0.000000;0.000000;2.000000;6.638359;-800.465454;2111.583496;0.182504;0.000000;0.000000;0.000000;0.000000;2.000000;-41.481861;-760.675659;1964.260132;0.082777;0.000000;0.000000;0.000000;0.000000;2.000000;-141.924210;-801.238159;2037.868652;0.262345;0.000000;0.000000;0.000000;0.000000;2.000000;9345933312.000000
0.000000;-150.000000;2000.000000;0.000000;0.000000;0.000000;0.000000;0.000000;2.000000;-35.518707;-311.934021;2059.319824;0.147195;0.000000;0.000000;0.000000;0.000000;2.000000;-59.820000;-445.466003;2096.648193;0.179011;0.000000;0.000000;0.000000;0.000000;2.000000;-80.920593;-658.473999;2106.371094;0.214209;0.000000;0.000000;0.000000;0.000000;2.000000;-49.536804;-625.516113;2122.771973;0.216869;0.000000;0.000000;0.000000;0.000000;2.000000;75.102066;-599.743347;2183.651123;0.281009;0.000000;0.000000;0.000000;0.000000;2.000000;166.843750;-371.624512;2301.675049;0.101335;0.000000;0.000000;0.000000;0.000000;2.000000;221.356827;-187.101776;2177.663330;0.349793;0.000000;0.000000;0.000000;0.000000;2.000000;216.372162;-145.789429;2092.221680;0.360553;0.000000;0.000000;0.000000;0.000000;2.000000;211.934158;-94.246506;1998.966309;0.403177;0.000000;0.000000;0.000000;0.000000;2.000000;163.396088;-122.094513;2083.085938;0.753090;0.000000;0.000000;0.000000;0.000000;2.000000;-106.291824;-620.861816;2088.587646;0.197084;0.000000;0.000000;0.000000;0.000000;2.000000;-205.003082;-565.267456;2025.248901;0.113821;0.000000;0.000000;0.000000;0.000000;2.000000;-248.324188;-294.169006;1982.185425;0.257698;0.000000;0.000000;0.000000;0.000000;2.000000;-183.473099;-87.774048;1898.940430;0.112782;0.000000;0.000000;0.000000;0.000000;2.000000;-159.220200;11.026123;1909.947998;0.088749;0.000000;0.000000;0.000000;0.000000;2.000000;-113.055206;95.107147;1952.223389;0.619493;0.000000;0.000000;0.000000;0.000000;2.000000;-95.332291;16.450287;1890.859009;0.148867;0.000000;0.000000;0.000000;0.000000;2.000000;82.526917;-155.088562;2035.523193;0.182200;0.000000;0.000000;0.000000;0.000000;2.000000;465.766418;-71.448090;1988.162720;0.417559;0.000000;0.000000;0.000000;0.000000;2.000000;457.300415;304.000183;1948.785889;0.375050;0.000000;0.000000;0.000000;0.000000;2.000000;595.847229;408.096619;1884.331421;0.144329;0.000000;0.000000;0.000000;0.000000;2.000000;-74.418152;-145.411438;1967.967041;0.164295;0.000000;0.000000;0.000000;0.000000;2.000000;93.505997;-4.014343;1639.967285;0.628143;0.000000;0.000000;0.000000;0.000000;2.000000;67.171539;376.459534;1627.907227;0.220322;0.000000;0.000000;0.000000;0.000000;2.000000;118.769814;455.554077;1486.416260;0.262937;0.000000;0.000000;0.000000;0.000000;2.000000;-82.022713;-738.716187;2098.646484;0.231696;0.000000;0.000000;0.000000;0.000000;2.000000;-11.400410;-720.937012;1957.764893;0.134812;0.000000;0.000000;0.000000;0.000000;2.000000;2.954704;-765.061157;1987.741943;0.068257;0.000000;0.000000;0.000000;0.000000;2.000000;5.556980;-792.580505;2109.767090;0.241578;0.000000;0.000000;0.000000;0.000000;2.000000;-41.773102;-761.740784;1962.225342;0.068510;0.000000;0.000000;0.000000;0.000000;2.000000;-140.887589;-798.432373;2036.732544;0.094687;0.000000;0.000000;0.000000;0.000000;2.000000;9345967104.000000
0.000000;-150.000000;2000.000000;0.000000;0.000000;0.000000;0.000000;0.000000;2.000000;-36.708183;-313.006470;2059.556152;0.049405;0.000000;0.000000;0.000000;0.000000;2.000000;-61.248878;-447.925354;2095.680664;0.091686;0.000000;0.000000;0.000000;0.000000;2.000000;-82.629379;-662.592041;2103.306152;0.165111;0.000000;0.000000;0.000000;0.000000;2.000000;-51.169228;-629.548950;2120.437256;0.150682;0.000000;0.000000;0.000000;0.000000;2.000000;73.300217;-604.784668;2184.440430;0.165147;0.000000;0.000000;0.000000;0.000000;2.000000;164.824036;-371.476440;2297.066895;0.153611;0.000000;0.000000;0.000000;0.000000;2.000000;225.155731;-191.869492;2165.604492;0.412358;0.000000;0.000000;0.000000;0.000000;2.000000;221.642334;-146.435547;2081.402344;0.367797;0.000000;0.000000;0.000000;0.000000;2.000000;220.534515;-90.726685;1989.544434;0.403856;0.000000;0.000000;0.000000;0.000000;2.000000;184.617249;-103.934540;2085.706787;0.856121;0.000000;0.000000;0.000000;0.000000;2.000000;-108.009392;-624.532349;2085.491455;0.155637;0.000000;0.000000;0.000000;0.000000;2.000000;-206.036438;-567.216309;2020.658569;0.155421;0.000000;0.000000;0.000000;0.000000;2.000000;-251.662567;-294.173615;1978.903198;0.142872;0.000000;0.000000;0.000000;0.000000;2.000000;-187.197662;-85.476059;1896.286743;0.156193;0.000000;0.000000;0.000000;0.000000;2.000000;-161.406586;14.017761;1904.213745;0.208352;0.000000;0.000000;0.000000;0.000000;2.000000;-108.103111;92.237030;1951.037109;0.178386;0.000000;0.000000;0.000000;0.000000;2.000000;-95.949577;17.894348;1888.618896;0.083489;0.000000;0.000000;0.000000;0.000000;2.000000;82.734123;-155.221451;2036.702881;0.036777;0.000000;0.000000;0.000000;0.000000;2.000000;467.429779;-72.093521;1977.212280;0.338588;0.000000;0.000000;0.000000;0.000000;2.000000;454.463013;306.856964;1946.568237;0.140281;0.000000;0.000000;0.000000;0.000000;2.000000;593.363281;410.455231;1878.232544;0.213469;0.000000;0.000000;0.000000;0.000000;2.000000;-74.604996;-145.291595;1966.903320;0.033161;0.000000;0.000000;0.000000;0.000000;2.000000;84.507111;-7.020752;1629.762817;0.425225;0.000000;0.000000;0.000000;0.000000;2.000000;62.605724;376.695953;1622.481812;0.216519;0.000000;0.000000;0.000000;0.000000;2.000000;112.397530;460.345184;1481.438232;0.286835;0.000000;0.000000;0.000000;0.000000;2.000000;-83.675346;-743.355713;2094.774414;0.191190;0.000000;0.000000;0.000000;0.000000;2.000000;-14.841507;-721.002075;1952.336304;0.196157;0.000000;0.000000;0.000000;0.000000;2.000000;0.039032;-766.413574;1980.858521;0.231837;0.000000;0.000000;0.000000;0.000000;2.000000;4.634674;-798.054932;2102.782715;0.272277;0.000000;0.000000;0.000000;0.000000;2.000000;-45.432037;-762.195435;1956.019043;0.220304;0.000000;0.000000;0.000000;0.000000;2.000000;-144.098114;-801.421509;2031.497559;0.208432;0.000000;0.000000;0.000000;0.000000;2.000000;9345999872.000000
0.000000;-150.000000;2000.000000;0.000000;0.000000;0.000000;0.000000;0.000000;2.000000;-39.103939;-311.131531;2065.220215;0.190263;0.000000;0.000000;0.000000;0.000000;2.000000;-63.955082;-445.721619;2104.687012;0.285834;0.000000;0.000000;0.000000;0.000000;2.000000;-84.176102;-661.463318;2112.384766;0.274572;0.000000;0.000000;0.000000;0.000000;2.000000;-53.029316;-628.048462;2129.979492;0.291103;0.000000;0.000000;0.000000;0.000000;2.000000;71.983917;-603.375732;2194.364258;0.299166;0.000000;0.000000;0.000000;0.000000;2.000000;165.187103;-371.885040;2312.230957;0.449039;0.000000;0.000000;0.000000;0.000000;2.000000;220.052979;-200.681046;2166.168701;0.301788;0.000000;0.000000;0.000000;0.000000;2.000000;218.537430;-158.458923;2079.778320;0.370607;0.000000;0.000000;0.000000;0.000000;2.000000;212.249893;-107.964249;1984.613770;0.584471;0.000000;0.000000;0.000000;0.000000;2.000000;181.192322;-127.410950;2067.612305;0.882978;0.000000;0.000000;0.000000;0.000000;2.000000;-109.656967;-623.422852;2094.076416;0.260765;0.000000;0.000000;0.000000;0.000000;2.000000;-206.450867;-566.138367;2026.255615;0.169121;0.000000;0.000000;0.000000;0.000000;2.000000;-258.152435;-292.261597;1988.905518;0.357351;0.000000;0.000000;0.000000;0.000000;2.000000;-186.213394;-85.062271;1905.746216;0.281710;0.000000;0.000000;0.000000;0.000000;2.000000;-163.048477;15.106506;1918.051270;0.413620;0.000000;0.000000;0.000000;0.000000;2.000000;-127.098923;104.455414;1962.501343;0.749556;0.000000;0.000000;0.000000;0.000000;2.000000;-98.854492;19.397980;1899.373901;0.332665;0.000000;0.000000;0.000000;0.000000;2.000000;80.747147;-152.587189;2042.021606;0.185224;0.000000;0.000000;0.000000;0.000000;2.000000;469.374207;-71.237244;1995.071411;0.532228;0.000000;0.000000;0.000000;0.000000;2.000000;455.094635;309.192230;1962.348755;0.472445;0.000000;0.000000;0.000000;0.000000;2.000000;593.751465;410.252533;1887.742065;0.281712;0.000000;0.000000;0.000000;0.000000;2.000000;-72.813248;-147.667007;1962.107300;0.167022;0.000000;0.000000;0.000000;0.000000;2.000000;82.519669;-9.220322;1621.206421;0.267974;0.000000;0.000000;0.000000;0.000000;2.000000;63.132801;376.230865;1633.065796;0.313900;0.000000;0.000000;0.000000;0.000000;2.000000;120.910812;464.522247;1497.058472;0.540760;0.000000;0.000000;0.000000;0.000000;2.000000;-84.595535;-742.604004;2103.929199;0.273188;0.000000;0.000000;0.000000;0.000000;2.000000;-11.467155;-717.199463;1963.355469;0.359121;0.000000;0.000000;0.000000;0.000000;2.000000;0.506130;-764.819946;1990.070557;0.277004;0.000000;0.000000;0.000000;0.000000;2.000000;0.958412;-802.460449;2110.952637;0.295441;0.000000;0.000000;0.000000;0.000000;2.000000;-44.365429;-757.026123;1964.530273;0.296372;0.000000;0.000000;0.000000;0.000000;2.000000;-146.911682;-794.629883;2036.587646;0.264606;0.000000;0.000000;0.000000;0.000000;2.000000;9346033664.000000
0.000000;-149.999985;2000.000000;0.000000;0.000000;0.000000;0.000000;0.000000;2.000000;-38.217731;-311.783997;2063.078857;0.073474;0.000000;0.000000;0.000000;0.000000;2.000000;-62.190067;-446.826477;2100.412842;0.145093;0.000000;0.000000;0.000000;0.000000;2.000000;-83.818848;-661.921021;2109.514160;0.089378;0.000000;0.000000;0.000000;0.000000;2.000000;-52.399349;-628.689758;2126.682129;0.104300;0.000000;0.000000;0.000000;0.000000;2.000000;72.666397;-604.235107;2190.383789;0.126006;0.000000;0.000000;0.000000;0.000000;2.000000;163.550339;-370.631470;2304.483398;0.244665;0.000000;0.000000;0.000000;0.000000;2.000000;206.033020;-209.121490;2144.667969;0.824586;0.000000;0.000000;0.000000;0.000000;2.000000;208.664749;-158.884491;2062.942627;0.595751;0.000000;0.000000;0.000000;0.000000;2.000000;203.818939;-103.638763;1970.631836;0.515454;0.000000;0.000000;0.000000;0.000000;2.000000;153.808762;-133.417007;2071.700684;0.864594;0.000000;0.000000;0.000000;0.000000;2.000000;-109.092789;-623.893250;2091.170166;0.091481;0.000000;0.000000;0.000000;0.000000;2.000000;-206.631546;-566.040039;2025.463257;0.024982;0.000000;0.000000;0.000000;0.000000;2.000000;-258.740692;-293.178894;1985.741699;0.102119;0.000000;0.000000;0.000000;0.000000;2.000000;-187.513016;-85.359314;1904.932617;0.047662;0.000000;0.000000;0.000000;0.000000;2.000000;-163.333496;14.989075;1909.685669;0.255471;0.000000;0.000000;0.000000;0.000000;2.000000;-128.208542;109.030792;1943.253662;0.604709;0.000000;0.000000;0.000000;0.000000;2.000000;-99.632614;18.464386;1894.738159;0.146253;0.000000;0.000000;0.000000;0.000000;2.000000;80.667007;-152.777374;2041.750366;0.010401;0.000000;0.000000;0.000000;0.000000;2.000000;468.335632;-72.029144;1992.981201;0.075217;0.000000;0.000000;0.000000;0.000000;2.000000;453.639221;307.101807;1955.094727;0.234626;0.000000;0.000000;0.000000;0.000000;2.000000;594.337952;409.345276;1887.204834;0.036820;0.000000;0.000000;0.000000;0.000000;2.000000;-72.740982;-147.495499;1962.351685;0.009374;0.000000;0.000000;0.000000;0.000000;2.000000;87.733994;-6.416611;1625.917847;0.230902;0.000000;0.000000;0.000000;0.000000;2.000000;63.823837;378.141357;1629.081787;0.136478;0.000000;0.000000;0.000000;0.000000;2.000000;119.450058;460.218628;1488.807129;0.287481;0.000000;0.000000;0.000000;0.000000;2.000000;-84.852188;-742.936218;2101.567139;0.073214;0.000000;0.000000;0.000000;0.000000;2.000000;-14.337677;-718.775146;1959.826050;0.146927;0.000000;0.000000;0.000000;0.000000;2.000000;-0.574867;-765.219849;1987.488281;0.086299;0.000000;0.000000;0.000000;0.000000;2.000000;2.459042;-799.748352;2108.983643;0.112064;0.000000;0.000000;0.000000;0.000000;2.000000;-45.867588;-759.494751;1962.370239;0.110102;0.000000;0.000000;0.000000;0.000000;2.000000;-146.118515;-798.441223;2036.420776;0.118914;0.000000;0.000000;0.000000;0.000000;2.000000;9346066432.000000
0.000000;-150.000000;2000.000000;0.000000;0.000000;0.000000;0.000000;0.000000;2.000000;-41.237926;-310.700043;2065.867188;0.125800;0.000000;0.000000;0.000000;0.000000;2.000000;-65.820160;-446.257019;2103.079590;0.134357;0.000000;0.000000;0.000000;0.000000;2.000000;-88.082489;-662.175232;2111.460693;0.138904;0.000000;0.000000;0.000000;0.000000;2.000000;-56.740009;-628.907593;2129.237793;0.149202;0.000000;0.000000;0.000000;0.000000;2.000000;69.032928;-603.902588;2192.592041;0.126209;0.000000;0.000000;0.000000;0.000000;2.000000;162.452698;-369.264832;2305.139648;0.055388;0.000000;0.000000;0.000000;0.000000;2.000000;227.540359;-200.462128;2159.802246;0.819350;0.000000;0.000000;0.000000;0.000000;2.000000;223.060837;-151.286880;2077.072266;0.637873;0.000000;0.000000;0.000000;0.000000;2.000000;210.456146;-96.937973;1984.465942;0.495479;0.000000;0.000000;0.000000;0.000000;2.000000;184.601974;-130.087494;2061.786621;0.962379;0.000000;0.000000;0.000000;0.000000;2.000000;-113.101395;-623.912476;2092.737793;0.127375;0.000000;0.000000;0.000000;0.000000;2.000000;-209.378876;-565.850769;2024.374512;0.087632;0.000000;0.000000;0.000000;0.000000;2.000000;-262.507172;-291.932434;1985.449341;0.117724;0.000000;0.000000;0.000000;0.000000;2.000000;-190.100479;-83.007767;1905.865967;0.107091;0.000000;0.000000;0.000000;0.000000;2.000000;-165.492569;17.149719;1917.019409;0.235097;0.000000;0.000000;0.000000;0.000000;2.000000;-123.900314;98.881409;1970.713257;0.875667;0.000000;0.000000;0.000000;0.000000;2.000000;-102.320923;20.687775;1898.830811;0.159143;0.000000;0.000000;0.000000;0.000000;2.000000;79.708542;-152.286987;2044.323730;0.082549;0.000000;0.000000;0.000000;0.000000;2.000000;469.709229;-69.719864;2005.253540;0.371775;0.000000;0.000000;0.000000;0.000000;2.000000;449.892365;309.621338;1957.832275;0.156258;0.000000;0.000000;0.000000;0.000000;2.000000;591.987732;412.986206;1892.570068;0.204095;0.000000;0.000000;0.000000;0.000000;2.000000;-71.876694;-147.937683;1960.031250;0.074436;0.000000;0.000000;0.000000;0.000000;2.000000;85.894821;-17.776321;1616.133789;0.446992;0.000000;0.000000;0.000000;0.000000;2.000000;61.600731;368.027344;1630.482300;0.309237;0.000000;0.000000;0.000000;0.000000;2.000000;116.590210;461.776245;1496.584839;0.249525;0.000000;0.000000;0.000000;0.000000;2.000000;-89.154297;-743.492188;2103.306885;0.138309;0.000000;0.000000;0.000000;0.000000;2.000000;-15.830467;-716.025024;1962.884155;0.129479;0.000000;0.000000;0.000000;0.000000;2.000000;-1.529167;-762.617310;1990.469604;0.120469;0.000000;0.000000;0.000000;0.000000;2.000000;-0.357559;-798.534729;2112.114014;0.129687;0.000000;0.000000;0.000000;0.000000;2.000000;-46.555965;-757.662048;1964.304199;0.081436;0.000000;0.000000;0.000000;0.000000;2.000000;-147.865189;-799.924133;2035.968262;0.069115;0.000000;0.000000;0.000000;0.000000;2.000000;9346100224.000000
0.000000;-150.000000;2000.000000;0.000000;0.000000;0.000000;0.000000;0.000000;2.000000;-41.121483;-310.737732;2065.557373;0.010166;0.000000;0.000000;0.000000;0.000000;2.000000;-65.661194;-446.258301;2102.601563;0.015374;0.000000;0.000000;0.000000;0.000000;2.000000;-87.747154;-662.063477;2110.981934;0.018161;0.000000;0.000000;0.000000;0.000000;2.000000;-56.392876;-628.800720;2128.665771;0.020678;0.000000;0.000000;0.000000;0.000000;2.000000;69.744080;-603.546143;2190.995605;0.054433;0.000000;0.000000;0.000000;0.000000;2.000000;161.858047;-369.471710;2305.370117;0.020461;0.000000;0.000000;0.000000;0.000000;2.000000;224.642151;-198.582458;2161.689453;0.120126;0.000000;0.000000;0.000000;0.000000;2.000000;221.091339;-156.722473;2075.049316;0.186923;0.000000;0.000000;0.000000;0.000000;2.000000;219.628174;-100.696579;1982.672241;0.307412;0.000000;0.000000;0.000000;0.000000;2.000000;183.793182;-130.758896;2065.802490;0.126683;0.000000;0.000000;0.000000;0.000000;2.000000;-112.830315;-623.834473;2092.354248;0.014530;0.000000;0.000000;0.000000;0.000000;2.000000;-209.136322;-565.623291;2024.311035;0.010331;0.000000;0.000000;0.000000;0.000000;2.000000;-261.785400;-291.850616;1984.936401;0.027138;0.000000;0.000000;0.000000;0.000000;2.000000;-190.097931;-82.903976;1905.176147;0.021289;0.000000;0.000000;0.000000;0.000000;2.000000;-166.102173;17.555817;1914.153198;0.090281;0.000000;0.000000;0.000000;0.000000;2.000000;-127.254463;102.063568;1965.424683;0.214375;0.000000;0.000000;0.000000;0.000000;2.000000;-102.203453;21.234253;1901.122314;0.071982;0.000000;0.000000;0.000000;0.000000;2.000000;79.670486;-152.323334;2044.277588;0.002136;0.000000;0.000000;0.000000;0.000000;2.000000;469.572906;-69.996170;2006.195679;0.030250;0.000000;0.000000;0.000000;0.000000;2.000000;450.279022;309.307678;1960.132813;0.071832;0.000000;0.000000;0.000000;0.000000;2.000000;590.985046;411.615662;1890.654175;0.078130;0.000000;0.000000;0.000000;0.000000;2.000000;-71.842377;-147.904953;1960.072998;0.001928;0.000000;0.000000;0.000000;0.000000;2.000000;85.442612;-14.984116;1617.289429;0.093248;0.000000;0.000000;0.000000;0.000000;2.000000;61.101372;370.490723;1633.952881;0.130772;0.000000;0.000000;0.000000;0.000000;2.000000;115.054718;462.796326;1498.770508;0.087258;0.000000;0.000000;0.000000;0.000000;2.000000;-88.790077;-743.330078;2102.813232;0.019364;0.000000;0.000000;0.000000;0.000000;2.000000;-16.635105;-718.137573;1961.472046;0.081342;0.000000;0.000000;0.000000;0.000000;2.000000;-3.098007;-764.921509;1989.050659;0.095457;0.000000;0.000000;0.000000;0.000000;2.000000;-1.259895;-800.378418;2110.742432;0.075340;0.000000;0.000000;0.000000;0.000000;2.000000;-48.290497;-759.010254;1963.438110;0.072065;0.000000;0.000000;0.000000;0.000000;2.000000;-149.604950;-798.584534;2036.472412;0.068752;0.000000;0.000000;0.000000;0.000000;2.000000;9346132992.000000
0.000000;-150.000000;2000.000000;0.000000;0.000000;0.000000;0.000000;0.000000;2.000000;-40.708012;-311.262543;2065.718262;0.020337;0.000000;0.000000;0.000000;0.000000;2.000000;-64.912918;-447.205444;2102.783447;0.036124;0.000000;0.000000;0.000000;0.000000;2.000000;-86.222397;-663.605042;2111.639160;0.067047;0.000000;0.000000;0.000000;0.000000;2.000000;-54.749790;-630.130127;2129.043701;0.063538;0.000000;0.000000;0.000000;0.000000;2.000000;72.545837;-604.169312;2189.504395;0.095717;0.000000;0.000000;0.000000;0.000000;2.000000;163.805908;-370.254883;2306.499512;0.070547;0.000000;0.000000;0.000000;0.000000;2.000000;226.038055;-187.425995;2177.062500;0.563621;0.000000;0.000000;0.000000;0.000000;2.000000;219.276276;-142.793015;2091.745117;0.645689;0.000000;0.000000;0.000000;0.000000;2.000000;206.647568;-91.269241;1997.311523;0.642702;0.000000;0.000000;0.000000;0.000000;2.000000;180.757156;-127.199005;2071.231934;0.212098;0.000000;0.000000;0.000000;0.000000;2.000000;-111.667114;-625.392639;2093.146973;0.062140;0.000000;0.000000;0.000000;0.000000;2.000000;-208.953384;-567.320557;2025.758545;0.066234;0.000000;0.000000;0.000000;0.000000;2.000000;-261.623657;-293.112183;1984.544434;0.039386;0.000000;0.000000;0.000000;0.000000;2.000000;-190.222076;-84.399719;1902.256836;0.097139;0.000000;0.000000;0.000000;0.000000;2.000000;-163.837280;15.436157;1914.003174;0.091906;0.000000;0.000000;0.000000;0.000000;2.000000;-123.183731;100.061798;1964.209229;0.138977;0.000000;0.000000;0.000000;0.000000;2.000000;-101.647354;18.928009;1898.791626;0.098416;0.000000;0.000000;0.000000;0.000000;2.000000;80.012482;-152.214996;2044.127197;0.011511;0.000000;0.000000;0.000000;0.000000;2.000000;471.155884;-71.772461;2004.446411;0.087391;0.000000;0.000000;0.000000;0.000000;2.000000;451.558533;308.774384;1961.040283;0.049030;0.000000;0.000000;0.000000;0.000000;2.000000;591.810974;409.771820;1887.600098;0.108365;0.000000;0.000000;0.000000;0.000000;2.000000;-72.150772;-148.002655;1960.208618;0.010381;0.000000;0.000000;0.000000;0.000000;2.000000;86.149689;-14.194321;1617.092651;0.031906;0.000000;0.000000;0.000000;0.000000;2.000000;60.220230;372.180511;1632.487427;0.071142;0.000000;0.000000;0.000000;0.000000;2.000000;115.574158;459.244781;1493.897461;0.179103;0.000000;0.000000;0.000000;0.000000;2.000000;-87.057327;-745.083984;2103.556396;0.076203;0.000000;0.000000;0.000000;0.000000;2.000000;-17.351288;-719.033508;1960.701416;0.040893;0.000000;0.000000;0.000000;0.000000;2.000000;-4.024921;-766.559692;1987.377441;0.074527;0.000000;0.000000;0.000000;0.000000;2.000000;-0.191566;-803.904541;2108.781982;0.123506;0.000000;0.000000;0.000000;0.000000;2.000000;-49.757381;-759.470703;1962.780273;0.049487;0.000000;0.000000;0.000000;0.000000;2.000000;-150.411346;-798.426392;2037.615234;0.041655;0.000000;0.000000;0.000000;0.000000;2.000000;9346166784.000000
0.000000;-150.000000;2000.000000;0.000000;0.000000;0.000000;0.000000;0.000000;2.000000;-38.841892;-309.376678;2066.070313;0.081676;0.000000;0.000000;0.000000;0.000000;2.000000;-63.428799;-442.879089;2105.580811;0.163619;0.000000;0.000000;0.000000;0.000000;2.000000;-83.764297;-657.111206;2107.988037;0.239408;0.000000;0.000000;0.000000;0.000000;2.000000;-52.700306;-624.432312;2126.093018;0.205563;0.000000;0.000000;0.000000;0.000000;2.000000;72.064148;-596.722290;2187.296387;0.237499;0.000000;0.000000;0.000000;0.000000;2.000000;166.062851;-365.430878;2300.013916;0.256107;0.000000;0.000000;0.000000;0.000000;2.000000;225.327332;-190.361694;2163.275879;0.430714;0.000000;0.000000;0.000000;0.000000;2.000000;220.856918;-144.754242;2079.544189;0.380195;0.000000;0.000000;0.000000;0.000000;2.000000;213.583176;-89.275864;1988.210327;0.354461;0.000000;0.000000;0.000000;0.000000;2.000000;175.733566;-119.718491;2079.322021;0.369558;0.000000;0.000000;0.000000;0.000000;2.000000;-109.106140;-618.879089;2090.913574;0.224201;0.000000;0.000000;0.000000;0.000000;2.000000;-205.054596;-559.295776;2025.814697;0.272276;0.000000;0.000000;0.000000;0.000000;2.000000;-251.249420;-287.355560;1983.185425;0.364440;0.000000;0.000000;0.000000;0.000000;2.000000;-186.394714;-78.605911;1903.042603;0.213262;0.000000;0.000000;0.000000;0.000000;2.000000;-162.345520;21.047974;1910.349365;0.209370;0.000000;0.000000;0.000000;0.000000;2.000000;-116.362854;99.598145;1963.262939;0.210626;0.000000;0.000000;0.000000;0.000000;2.000000;-97.791672;25.531219;1901.473389;0.247288;0.000000;0.000000;0.000000;0.000000;2.000000;80.736115;-152.873138;2040.533081;0.113673;0.000000;0.000000;0.000000;0.000000;2.000000;465.110352;-61.856171;2002.421021;0.359776;0.000000;0.000000;0.000000;0.000000;2.000000;453.189362;315.271515;1964.126831;0.225085;0.000000;0.000000;0.000000;0.000000;2.000000;585.379272;418.145294;1883.950562;0.340925;0.000000;0.000000;0.000000;0.000000;2.000000;-72.803314;-147.409180;1963.449585;0.102504;0.000000;0.000000;0.000000;0.000000;2.000000;86.751099;-0.586380;1631.595947;0.607203;0.000000;0.000000;0.000000;0.000000;2.000000;61.019661;381.786713;1629.435547;0.308563;0.000000;0.000000;0.000000;0.000000;2.000000;113.090439;464.641937;1489.380493;0.227762;0.000000;0.000000;0.000000;0.000000;2.000000;-84.346115;-737.411926;2097.588867;0.307944;0.000000;0.000000;0.000000;0.000000;2.000000;-12.009979;-711.824585;1958.001831;0.285932;0.000000;0.000000;0.000000;0.000000;2.000000;-1.284786;-759.857544;1983.618042;0.248976;0.000000;0.000000;0.000000;0.000000;2.000000;-1.090511;-799.290405;2102.935059;0.228953;0.000000;0.000000;0.000000;0.000000;2.000000;-45.754108;-750.438354;1958.722412;0.325947;0.000000;0.000000;0.000000;0.000000;2.000000;-148.069107;-786.130005;2030.315918;0.442207;0.000000;0.000000;0.000000;0.000000;2.000000;9346199552.000000
0.000000;-150.000000;2000.000000;0.000000;0.000000;0.000000;0.000000;0.000000;2.000000;-39.502758;-308.798584;2065.774170;0.027421;0.000000;0.000000;0.000000;0.000000;2.000000;-64.690933;-441.881561;2104.934570;0.051305;0.000000;0.000000;0.000000;0.000000;2.000000;-85.895294;-655.433838;2107.582031;0.081149;0.000000;0.000000;0.000000;0.000000;2.000000;-54.651295;-622.972656;2125.410156;0.074884;0.000000;0.000000;0.000000;0.000000;2.000000;71.405006;-597.272461;2183.884766;0.104107;0.000000;0.000000;0.000000;0.000000;2.000000;162.443527;-371.753632;2308.299805;0.326505;0.000000;0.000000;0.000000;0.000000;2.000000;222.079163;-190.733017;2180.845703;0.528865;0.000000;0.000000;0.000000;0.000000;2.000000;217.997711;-150.623779;2094.614990;0.486039;0.000000;0.000000;0.000000;0.000000;2.000000;214.186508;-97.740112;2001.886230;0.476286;0.000000;0.000000;0.000000;0.000000;2.000000;172.920532;-129.734344;2087.061523;0.383715;0.000000;0.000000;0.000000;0.000000;2.000000;-111.114395;-617.203491;2090.706543;0.077641;0.000000;0.000000;0.000000;0.000000;2.000000;-206.186462;-556.642822;2025.939087;0.085434;0.000000;0.000000;0.000000;0.000000;2.000000;-252.455627;-285.487915;1983.390381;0.066072;0.000000;0.000000;0.000000;0.000000;2.000000;-191.047180;-75.962570;1904.416748;0.163488;0.000000;0.000000;0.000000;0.000000;2.000000;-165.089035;23.064148;1909.386841;0.104703;0.000000;0.000000;0.000000;0.000000;2.000000;-117.329254;102.258881;1959.094971;0.149100;0.000000;0.000000;0.000000;0.000000;2.000000;-102.246521;25.652252;1892.501953;0.296441;0.000000;0.000000;0.000000;0.000000;2.000000;80.689041;-153.494720;2040.023071;0.023834;0.000000;0.000000;0.000000;0.000000;2.000000;462.855652;-58.198608;2001.482544;0.130148;0.000000;0.000000;0.000000;0.000000;2.000000;450.219238;318.049957;1965.098633;0.123745;0.000000;0.000000;0.000000;0.000000;2.000000;583.372009;421.484467;1888.494141;0.177120;0.000000;0.000000;0.000000;0.000000;2.000000;-72.760864;-146.848679;1963.909424;0.021491;0.000000;0.000000;0.000000;0.000000;2.000000;84.265388;0.798721;1632.512085;0.088465;0.000000;0.000000;0.000000;0.000000;2.000000;57.765068;382.063934;1635.049072;0.192196;0.000000;0.000000;0.000000;0.000000;2.000000;108.619965;464.111969;1494.643066;0.204941;0.000000;0.000000;0.000000;0.000000;2.000000;-86.898804;-735.515991;2097.256836;0.094609;0.000000;0.000000;0.000000;0.000000;2.000000;-15.996265;-709.428101;1957.524170;0.138366;0.000000;0.000000;0.000000;0.000000;2.000000;-4.873871;-757.322021;1982.901489;0.131759;0.000000;0.000000;0.000000;0.000000;2.000000;-3.545429;-796.845947;2101.818115;0.107718;0.000000;0.000000;0.000000;0.000000;2.000000;-49.461697;-748.093628;1958.445435;0.130076;0.000000;0.000000;0.000000;0.000000;2.000000;-150.755249;-784.283081;2030.594482;0.096819;0.000000;0.000000;0.000000;0.000000;2.000000;9346233344.000000
0.000000;-150.000000;2000.000000;0.000000;0.000000;0.000000;0.000000;0.000000;2.000000;-38.380882;-308.796814;2065.814209;0.033221;0.000000;0.000000;0.000000;0.000000;2.000000;-62.562782;-442.129272;2104.075439;0.068311;0.000000;0.000000;0.000000;0.000000;2.000000;-83.867149;-655.365723;2107.968262;0.061130;0.000000;0.000000;0.000000;0.000000;2.000000;-52.655670;-622.861450;2125.598633;0.059410;0.000000;0.000000;0.000000;0.000000;2.000000;72.924561;-598.392822;2185.161865;0.067451;0.000000;0.000000;0.000000;0.000000;2.000000;162.753540;-374.348511;2312.293457;0.141238;0.000000;0.000000;0.000000;0.000000;2.000000;220.110779;-190.160294;2188.946289;0.247276;0.000000;0.000000;0.000000;0.000000;2.000000;212.032379;-149.921005;2103.199219;0.310045;0.000000;0.000000;0.000000;0.000000;2.000000;206.213989;-94.156387;2012.446777;0.405680;0.000000;0.000000;0.000000;0.000000;2.000000;173.004272;-126.207870;2096.195313;0.289751;0.000000;0.000000;0.000000;0.000000;2.000000;-109.020348;-617.271729;2090.875244;0.062202;0.000000;0.000000;0.000000;0.000000;2.000000;-204.725433;-558.523621;2025.718506;0.070780;0.000000;0.000000;0.000000;0.000000;2.000000;-250.734375;-287.233948;1986.280029;0.112146;0.000000;0.000000;0.000000;0.000000;2.000000;-187.550079;-79.796448;1904.165039;0.153745;0.000000;0.000000;0.000000;0.000000;2.000000;-163.673767;19.390106;1912.463257;0.147863;0.000000;0.000000;0.000000;0.000000;2.000000;-126.523109;107.272888;1955.947144;0.323600;0.000000;0.000000;0.000000;0.000000;2.000000;-101.250252;23.755981;1900.337646;0.240388;0.000000;0.000000;0.000000;0.000000;2.000000;81.298126;-153.704742;2038.471802;0.049708;0.000000;0.000000;0.000000;0.000000;2.000000;462.652527;-57.312912;2000.010864;0.051184;0.000000;0.000000;0.000000;0.000000;2.000000;448.360107;318.552338;1965.552124;0.058549;0.000000;0.000000;0.000000;0.000000;2.000000;584.344360;417.685699;1888.829590;0.116464;0.000000;0.000000;0.000000;0.000000;2.000000;-73.310089;-146.659256;1965.308228;0.044823;0.000000;0.000000;0.000000;0.000000;2.000000;85.832214;-0.422699;1634.922974;0.092447;0.000000;0.000000;0.000000;0.000000;2.000000;59.534790;380.355682;1635.026001;0.072792;0.000000;0.000000;0.000000;0.000000;2.000000;112.518867;461.605377;1495.219116;0.138222;0.000000;0.000000;0.000000;0.000000;2.000000;-84.910919;-735.400391;2098.129150;0.064333;0.000000;0.000000;0.000000;0.000000;2.000000;-12.629234;-710.468872;1959.134033;0.114657;0.000000;0.000000;0.000000;0.000000;2.000000;-1.304379;-757.812500;1985.281982;0.127794;0.000000;0.000000;0.000000;0.000000;2.000000;-1.044575;-795.617920;2104.588379;0.116269;0.000000;0.000000;0.000000;0.000000;2.000000;-45.619507;-749.448608;1960.173462;0.130961;0.000000;0.000000;0.000000;0.000000;2.000000;-147.272675;-785.750366;2031.445923;0.114636;0.000000;0.000000;0.000000;0.000000;2.000000;9346267136.000000
0.000000;-150.000000;2000.000000;0.000000;0.000000;0.000000;0.000000;0.000000;2.000000;-36.922588;-309.413513;2063.525879;0.084921;0.000000;0.000000;0.000000;0.000000;2.000000;-60.626019;-442.383026;2101.599121;0.096252;0.000000;0.000000;0.000000;0.000000;2.000000;-80.698929;-655.002930;2105.880371;0.116322;0.000000;0.000000;0.000000;0.000000;2.000000;-49.870594;-622.393860;2123.542480;0.106607;0.000000;0.000000;0.000000;0.000000;2.000000;75.945160;-598.376160;2181.645264;0.141474;0.000000;0.000000;0.000000;0.000000;2.000000;165.452347;-376.249786;2310.381836;0.116418;0.000000;0.000000;0.000000;0.000000;2.000000;223.685623;-187.419739;2196.243164;0.261695;0.000000;0.000000;0.000000;0.000000;2.000000;214.141449;-151.046951;2109.283691;0.199504;0.000000;0.000000;0.000000;0.000000;2.000000;207.222031;-99.930771;2016.321777;0.214440;0.000000;0.000000;0.000000;0.000000;2.000000;175.610504;-125.044769;2104.062500;0.255397;0.000000;0.000000;0.000000;0.000000;2.000000;-105.883316;-617.219055;2088.615234;0.118002;0.000000;0.000000;0.000000;0.000000;2.000000;-200.532440;-558.782349;2022.516479;0.161198;0.000000;0.000000;0.000000;0.000000;2.000000;-249.938934;-289.380219;1980.924438;0.177741;0.000000;0.000000;0.000000;0.000000;2.000000;-186.538452;-82.488831;1899.815796;0.159126;0.000000;0.000000;0.000000;0.000000;2.000000;-162.556259;16.609482;1903.059448;0.301201;0.000000;0.000000;0.000000;0.000000;2.000000;-131.125748;114.473465;1921.898315;1.071317;0.000000;0.000000;0.000000;0.000000;2.000000;-100.273666;22.503616;1894.023682;0.198689;0.000000;0.000000;0.000000;0.000000;2.000000;80.956940;-153.405670;2038.507568;0.013889;0.000000;0.000000;0.000000;0.000000;2.000000;460.848297;-59.448105;1993.771851;0.208638;0.000000;0.000000;0.000000;0.000000;2.000000;451.179291;315.821594;1965.809814;0.120036;0.000000;0.000000;0.000000;0.000000;2.000000;585.087158;413.703979;1885.422119;0.161532;0.000000;0.000000;0.000000;0.000000;2.000000;-73.002426;-146.928970;1965.276001;0.012525;0.000000;0.000000;0.000000;0.000000;2.000000;84.582130;2.602936;1637.220581;0.122056;0.000000;0.000000;0.000000;0.000000;2.000000;61.660526;382.233215;1629.799927;0.181460;0.000000;0.000000;0.000000;0.000000;2.000000;110.822220;456.465576;1485.467285;0.340369;0.000000;0.000000;0.000000;0.000000;2.000000;-81.242249;-734.794800;2096.263184;0.126961;0.000000;0.000000;0.000000;0.000000;2.000000;-13.780315;-712.136536;1955.084839;0.138181;0.000000;0.000000;0.000000;0.000000;2.000000;-0.082623;-757.956848;1982.391357;0.095872;0.000000;0.000000;0.000000;0.000000;2.000000;4.646114;-791.489136;2102.436279;0.224387;0.000000;0.000000;0.000000;0.000000;2.000000;-45.158527;-752.089600;1958.308594;0.099663;0.000000;0.000000;0.000000;0.000000;2.000000;-143.187164;-789.445435;2033.227783;0.176686;0.000000;0.000000;0.000000;0.000000;2.000000;9346299904.000000
0.000000;-150.000000;2000.000000;0.000000;0.000000;0.000000;0.000000;0.000000;2.000000;-36.925110;-309.465576;2063.564453;0.001919;0.000000;0.000000;0.000000;0.000000;2.000000;-60.638000;-442.473236;2101.680176;0.003606;0.000000;0.000000;0.000000;0.000000;2.000000;-80.753822;-655.162476;2106.061035;0.007315;0.000000;0.000000;0.000000;0.000000;2.000000;-49.930237;-622.536255;2123.746338;0.007567;0.000000;0.000000;0.000000;0.000000;2.000000;75.763962;-598.302185;2182.141113;0.015775;0.000000;0.000000;0.000000;0.000000;2.000000;164.288116;-375.637695;2310.829590;0.041118;0.000000;0.000000;0.000000;0.000000;2.000000;222.928528;-185.865936;2198.312744;0.079794;0.000000;0.000000;0.000000;0.000000;2.000000;212.910004;-146.197067;2112.823730;0.181387;0.000000;0.000000;0.000000;0.000000;2.000000;207.408356;-89.688904;2022.895142;0.360182;0.000000;0.000000;0.000000;0.000000;2.000000;180.394775;-117.598831;2107.423096;0.280156;0.000000;0.000000;0.000000;0.000000;2.000000;-105.921700;-617.371521;2088.739746;0.005935;0.000000;0.000000;0.000000;0.000000;2.000000;-200.441406;-558.891174;2022.405640;0.005328;0.000000;0.000000;0.000000;0.000000;2.000000;-249.469910;-289.395294;1980.328247;0.022453;0.000000;0.000000;0.000000;0.000000;2.000000;-185.596405;-82.640915;1899.010498;0.036951;0.000000;0.000000;0.000000;0.000000;2.000000;-161.499298;16.449692;1902.730713;0.033096;0.000000;0.000000;0.000000;0.000000;2.000000;-118.827583;106.215012;1935.120972;0.587613;0.000000;0.000000;0.000000;0.000000;2.000000;-99.637291;22.564774;1895.151978;0.038377;0.000000;0.000000;0.000000;0.000000;2.000000;80.990692;-153.403351;2038.510254;0.001004;0.000000;0.000000;0.000000;0.000000;2.000000;460.901672;-59.508987;1992.605347;0.034603;0.000000;0.000000;0.000000;0.000000;2.000000;451.371216;315.854614;1964.081665;0.051464;0.000000;0.000000;0.000000;0.000000;2.000000;585.708252;412.500488;1882.770996;0.088098;0.000000;0.000000;0.000000;0.000000;2.000000;-73.032875;-146.931046;1965.273682;0.000906;0.000000;0.000000;0.000000;0.000000;2.000000;83.704704;2.849670;1636.760498;0.030214;0.000000;0.000000;0.000000;0.000000;2.000000;60.495583;382.621643;1630.767578;0.046266;0.000000;0.000000;0.000000;0.000000;2.000000;108.612114;455.920227;1485.538330;0.067398;0.000000;0.000000;0.000000;0.000000;2.000000;-81.297890;-734.987793;2096.485840;0.008874;0.000000;0.000000;0.000000;0.000000;2.000000;-13.378262;-712.554382;1955.428833;0.019952;0.000000;0.000000;0.000000;0.000000;2.000000;1.037155;-757.815735;1983.330444;0.043449;0.000000;0.000000;0.000000;0.000000;2.000000;5.661900;-789.951782;2103.806152;0.067946;0.000000;0.000000;0.000000;0.000000;2.000000;-44.007599;-753.086121;1958.903076;0.048365;0.000000;0.000000;0.000000;0.000000;2.000000;-141.797546;-791.534424;2033.659302;0.075338;0.000000;0.000000;0.000000;0.000000;2.000000;9346333696.000000
0.000000;-150.000000;2000.000000;0.000000;0.000000;0.000000;0.000000;0.000000;2.000000;-37.042076;-308.579468;2063.835449;0.028503;0.000000;0.000000;0.000000;0.000000;2.000000;-60.673477;-441.084900;2101.750000;0.042436;0.000000;0.000000;0.000000;0.000000;2.000000;-82.383270;-652.707764;2108.934570;0.125597;0.000000;0.000000;0.000000;0.000000;2.000000;-51.410553;-620.221558;2126.100098;0.110410;0.000000;0.000000;0.000000;0.000000;2.000000;74.359909;-595.809692;2182.923584;0.090510;0.000000;0.000000;0.000000;0.000000;2.000000;164.008972;-372.890320;2308.120117;0.118065;0.000000;0.000000;0.000000;0.000000;2.000000;226.748596;-185.327560;2195.902832;0.138815;0.000000;0.000000;0.000000;0.000000;2.000000;221.204681;-141.480804;2112.479004;0.291381;0.000000;0.000000;0.000000;0.000000;2.000000;215.262695;-85.573990;2022.689331;0.270671;0.000000;0.000000;0.000000;0.000000;2.000000;184.193207;-113.125946;2110.401367;0.200825;0.000000;0.000000;0.000000;0.000000;2.000000;-107.167320;-615.097961;2091.197754;0.109023;0.000000;0.000000;0.000000;0.000000;2.000000;-199.829895;-555.493591;2024.224609;0.119082;0.000000;0.000000;0.000000;0.000000;2.000000;-248.980988;-287.353333;1980.717773;0.065170;0.000000;0.000000;0.000000;0.000000;2.000000;-186.968048;-80.980042;1899.534912;0.067656;0.000000;0.000000;0.000000;0.000000;2.000000;-160.293671;17.030136;1903.451050;0.046376;0.000000;0.000000;0.000000;0.000000;2.000000;-116.806969;103.482132;1941.898315;0.231379;0.000000;0.000000;0.000000;0.000000;2.000000;-98.946159;20.608749;1892.661743;0.098912;0.000000;0.000000;0.000000;0.000000;2.000000;80.704117;-153.434265;2038.299194;0.010902;0.000000;0.000000;0.000000;0.000000;2.000000;458.389954;-58.223404;1989.900269;0.119288;0.000000;0.000000;0.000000;0.000000;2.000000;448.077454;315.468750;1959.036865;0.184241;0.000000;0.000000;0.000000;0.000000;2.000000;587.080994;413.734863;1890.065918;0.229641;0.000000;0.000000;0.000000;0.000000;2.000000;-72.774460;-146.903183;1965.463989;0.009831;0.000000;0.000000;0.000000;0.000000;2.000000;80.392807;0.697922;1636.106201;0.122172;0.000000;0.000000;0.000000;0.000000;2.000000;59.010574;379.146362;1635.612305;0.187514;0.000000;0.000000;0.000000;0.000000;2.000000;101.296570;448.890442;1487.611206;0.316018;0.000000;0.000000;0.000000;0.000000;2.000000;-83.560905;-732.336182;2100.451660;0.161137;0.000000;0.000000;0.000000;0.000000;2.000000;-15.273758;-710.427917;1960.178101;0.169009;0.000000;0.000000;0.000000;0.000000;2.000000;0.937794;-753.979187;1989.365234;0.218254;0.000000;0.000000;0.000000;0.000000;2.000000;5.563896;-782.486023;2110.253418;0.301050;0.000000;0.000000;0.000000;0.000000;2.000000;-43.790543;-752.165527;1964.391479;0.169962;0.000000;0.000000;0.000000;0.000000;2.000000;-140.145264;-793.258057;2038.742676;0.171393;0.000000;0.000000;0.000000;0.000000;2.000000;9346366464.000000
0.000000;-150.000000;2000.000000;0.000000;0.000000;0.000000;0.000000;0.000000;2.000000;-37.204590;-308.781372;2063.472412;0.013200;0.000000;0.000000;0.000000;0.000000;2.000000;-60.835045;-441.522278;2100.812012;0.030998;0.000000;0.000000;0.000000;0.000000;2.000000;-82.495590;-653.291016;2106.836426;0.064530;0.000000;0.000000;0.000000;0.000000;2.000000;-51.494247;-620.878418;2124.154297;0.060825;0.000000;0.000000;0.000000;0.000000;2.000000;74.369568;-596.418701;2180.919434;0.061987;0.000000;0.000000;0.000000;0.000000;2.000000;163.120682;-373.659790;2307.322754;0.042027;0.000000;0.000000;0.000000;0.000000;2.000000;225.317841;-184.431107;2197.397949;0.066739;0.000000;0.000000;0.000000;0.000000;2.000000;215.984619;-142.058655;2113.499268;0.158325;0.000000;0.000000;0.000000;0.000000;2.000000;204.776398;-88.714203;2022.599487;0.323945;0.000000;0.000000;0.000000;0.000000;2.000000;165.646179;-121.912750;2114.669189;0.620331;0.000000;0.000000;0.000000;0.000000;2.000000;-107.322823;-615.569885;2089.333496;0.057095;0.000000;0.000000;0.000000;0.000000;2.000000;-200.295654;-555.675537;2022.929932;0.041071;0.000000;0.000000;0.000000;0.000000;2.000000;-249.831451;-287.181274;1981.222046;0.029699;0.000000;0.000000;0.000000;0.000000;2.000000;-187.706543;-80.376740;1900.907227;0.049453;0.000000;0.000000;0.000000;0.000000;2.000000;-160.562653;17.476807;1906.462646;0.090447;0.000000;0.000000;0.000000;0.000000;2.000000;-108.069633;90.087097;1959.623657;0.706491;0.000000;0.000000;0.000000;0.000000;2.000000;-97.375496;19.909912;1893.458496;0.056072;0.000000;0.000000;0.000000;0.000000;2.000000;80.717102;-153.578522;2038.360596;0.004655;0.000000;0.000000;0.000000;0.000000;2.000000;458.801880;-57.484589;1993.385498;0.106132;0.000000;0.000000;0.000000;0.000000;2.000000;448.952484;316.551300;1964.358521;0.162781;0.000000;0.000000;0.000000;0.000000;2.000000;586.146606;412.232758;1888.259521;0.074820;0.000000;0.000000;0.000000;0.000000;2.000000;-72.786163;-146.773071;1965.408569;0.004199;0.000000;0.000000;0.000000;0.000000;2.000000;80.517227;1.100632;1636.008301;0.012805;0.000000;0.000000;0.000000;0.000000;2.000000;59.107113;379.732758;1636.775513;0.038655;0.000000;0.000000;0.000000;0.000000;2.000000;101.347244;445.160858;1486.710327;0.113553;0.000000;0.000000;0.000000;0.000000;2.000000;-83.665184;-732.909790;2097.903076;0.077368;0.000000;0.000000;0.000000;0.000000;2.000000;-14.031658;-711.160400;1958.181030;0.072895;0.000000;0.000000;0.000000;0.000000;2.000000;0.442158;-755.798889;1986.681519;0.097068;0.000000;0.000000;0.000000;0.000000;2.000000;3.536301;-786.531616;2107.135010;0.162632;0.000000;0.000000;0.000000;0.000000;2.000000;-44.112137;-751.892212;1961.585205;0.083979;0.000000;0.000000;0.000000;0.000000;2.000000;-142.264954;-790.647583;2034.941284;0.150191;0.000000;0.000000;0.000000;0.000000;2.000000;9346400256.000000
0.000000;-150.000000;2000.000000;0.000000;0.000000;0.000000;0.000000;0.000000;2.000000;-37.204575;-308.781342;2063.472412;0.000001;0.000000;0.000000;0.000000;0.000000;2.000000;-60.835068;-441.522156;2100.812012;0.000004;0.000000;0.000000;0.000000;0.000000;2.000000;-82.495674;-653.290894;2106.836426;0.000005;0.000000;0.000000;0.000000;0.000000;2.000000;-51.494331;-620.878235;2124.154297;0.000006;0.000000;0.000000;0.000000;0.000000;2.000000;74.369446;-596.418457;2180.919922;0.000017;0.000000;0.000000;0.000000;0.000000;2.000000;163.120331;-373.659637;2307.323242;0.000019;0.000000;0.000000;0.000000;0.000000;2.000000;225.317474;-184.430847;2197.398682;0.000026;0.000000;0.000000;0.000000;0.000000;2.000000;215.984207;-142.058105;2113.500000;0.000031;0.000000;0.000000;0.000000;0.000000;2.000000;204.775635;-88.713669;2022.600342;0.000039;0.000000;0.000000;0.000000;0.000000;2.000000;165.645142;-121.910156;2114.674805;0.000191;0.000000;0.000000;0.000000;0.000000;2.000000;-107.322906;-615.569702;2089.333496;0.000006;0.000000;0.000000;0.000000;0.000000;2.000000;-200.295776;-555.675415;2022.930176;0.000009;0.000000;0.000000;0.000000;0.000000;2.000000;-249.831558;-287.181305;1981.222290;0.000008;0.000000;0.000000;0.000000;0.000000;2.000000;-187.706772;-80.376846;1900.907471;0.000011;0.000000;0.000000;0.000000;0.000000;2.000000;-160.563431;17.476807;1906.462646;0.000024;0.000000;0.000000;0.000000;0.000000;2.000000;-108.071991;90.089691;1959.621582;0.000124;0.000000;0.000000;0.000000;0.000000;2.000000;-97.376160;19.910187;1893.458374;0.000022;0.000000;0.000000;0.000000;0.000000;2.000000;80.717079;-153.578522;2038.360596;0.000001;0.000000;0.000000;0.000000;0.000000;2.000000;458.801819;-57.484390;1993.386597;0.000034;0.000000;0.000000;0.000000;0.000000;2.000000;448.952393;316.551453;1964.359863;0.000041;0.000000;0.000000;0.000000;0.000000;2.000000;586.146667;412.232910;1888.261230;0.000052;0.000000;0.000000;0.000000;0.000000;2.000000;-72.786148;-146.773071;1965.408569;0.000000;0.000000;0.000000;0.000000;0.000000;2.000000;80.516983;1.100571;1636.008057;0.000011;0.000000;0.000000;0.000000;0.000000;2.000000;59.106781;379.732483;1636.775269;0.000015;0.000000;0.000000;0.000000;0.000000;2.000000;101.346771;445.160461;1486.710083;0.000020;0.000000;0.000000;0.000000;0.000000;2.000000;-83.665298;-732.909607;2097.903320;0.000010;0.000000;0.000000;0.000000;0.000000;2.000000;-14.031559;-711.160278;1958.181396;0.000012;0.000000;0.000000;0.000000;0.000000;2.000000;0.441700;-755.799194;1986.681519;0.000017;0.000000;0.000000;0.000000;0.000000;2.000000;3.535500;-786.532654;2107.134766;0.000041;0.000000;0.000000;0.000000;0.000000;2.000000;-44.112549;-751.891724;1961.585327;0.000020;0.000000;0.000000;0.000000;0.000000;2.000000;-142.265793;-790.646240;2034.941284;0.000048;0.000000;0.000000;0.000000;0.000000;2.000000;9346433024.000000
0.000000;-150.000000;2000.000000;0.000000;0.000000;0.000000;0.000000;0.000000;2.000000;-37.894108;-308.706604;2062.966797;0.025400;0.000000;0.000000;0.000000;0.000000;2.000000;-63.014599;-440.742981;2101.505127;0.071501;0.000000;0.000000;0.000000;0.000000;2.000000;-84.244797;-652.503967;2103.718018;0.108340;0.000000;0.000000;0.000000;0.000000;2.000000;-53.224201;-620.377502;2121.451660;0.096108;0.000000;0.000000;0.000000;0.000000;2.000000;71.062546;-592.766357;2180.015137;0.148236;0.000000;0.000000;0.000000;0.000000;2.000000;162.375839;-371.104980;2306.181641;0.085685;0.000000;0.000000;0.000000;0.000000;2.000000;222.180969;-180.671402;2197.291504;0.144922;0.000000;0.000000;0.000000;0.000000;2.000000;214.820160;-139.398376;2112.713379;0.089015;0.000000;0.000000;0.000000;0.000000;2.000000;205.903641;-86.404816;2021.427979;0.083584;0.000000;0.000000;0.000000;0.000000;2.000000;175.493362;-115.669785;2107.719727;0.401746;0.000000;0.000000;0.000000;0.000000;2.000000;-109.223114;-614.534607;2087.065918;0.092754;0.000000;0.000000;0.000000;0.000000;2.000000;-202.699570;-552.146545;2023.890991;0.129515;0.000000;0.000000;0.000000;0.000000;2.000000;-252.431427;-284.157104;1980.285156;0.121234;0.000000;0.000000;0.000000;0.000000;2.000000;-188.879868;-79.725815;1895.521118;0.164267;0.000000;0.000000;0.000000;0.000000;2.000000;-162.725464;18.268936;1902.141235;0.144903;0.000000;0.000000;0.000000;0.000000;2.000000;-122.276276;106.275375;1940.349243;0.855207;0.000000;0.000000;0.000000;0.000000;2.000000;-100.295746;21.503464;1889.608154;0.150565;0.000000;0.000000;0.000000;0.000000;2.000000;81.026291;-154.475372;2037.482544;0.038253;0.000000;0.000000;0.000000;0.000000;2.000000;457.006134;-60.343124;1975.818237;0.529409;0.000000;0.000000;0.000000;0.000000;2.000000;447.639130;313.655396;1949.082642;0.461786;0.000000;0.000000;0.000000;0.000000;2.000000;586.579468;418.106873;1889.802979;0.180171;0.000000;0.000000;0.000000;0.000000;2.000000;-73.064972;-145.964371;1966.200439;0.034496;0.000000;0.000000;0.000000;0.000000;2.000000;77.307205;4.427307;1636.862671;0.139118;0.000000;0.000000;0.000000;0.000000;2.000000;55.967491;382.816650;1632.526367;0.181026;0.000000;0.000000;0.000000;0.000000;2.000000;100.401550;447.284912;1482.791260;0.134847;0.000000;0.000000;0.000000;0.000000;2.000000;-85.319336;-731.898804;2093.321777;0.147217;0.000000;0.000000;0.000000;0.000000;2.000000;-12.660332;-707.217041;1955.748047;0.143000;0.000000;0.000000;0.000000;0.000000;2.000000;-1.432396;-754.127441;1981.904907;0.159700;0.000000;0.000000;0.000000;0.000000;2.000000;-1.876816;-791.384705;2100.465820;0.291921;0.000000;0.000000;0.000000;0.000000;2.000000;-45.289791;-746.037170;1956.642822;0.229397;0.000000;0.000000;0.000000;0.000000;2.000000;-146.600418;-782.273254;2026.791504;0.368801;0.000000;0.000000;0.000000;0.000000;2.000000;9346466816.000000
0.000000;-150.000000;2000.000000;0.000000;0.000000;0.000000;0.000000;0.000000;2.000000;-37.900429;-308.705872;2062.974609;0.000307;0.000000;0.000000;0.000000;0.000000;2.000000;-63.028458;-440.739441;2101.527832;0.000819;0.000000;0.000000;0.000000;0.000000;2.000000;-84.247849;-652.506104;2103.709961;0.000271;0.000000;0.000000;0.000000;0.000000;2.000000;-53.230095;-620.379761;2121.451416;0.000193;0.000000;0.000000;0.000000;0.000000;2.000000;71.028000;-592.730469;2180.064209;0.002134;0.000000;0.000000;0.000000;0.000000;2.000000;162.150421;-371.055267;2306.356445;0.008836;0.000000;0.000000;0.000000;0.000000;2.000000;222.133514;-180.106934;2198.460205;0.039635;0.000000;0.000000;0.000000;0.000000;2.000000;215.279999;-137.816193;2114.341553;0.070691;0.000000;0.000000;0.000000;0.000000;2.000000;208.004517;-82.463943;2024.316528;0.162312;0.000000;0.000000;0.000000;0.000000;2.000000;179.971649;-110.877014;2110.458252;0.216922;0.000000;0.000000;0.000000;0.000000;2.000000;-109.227089;-614.535095;2087.060547;0.000204;0.000000;0.000000;0.000000;0.000000;2.000000;-202.717682;-552.116455;2023.931274;0.001631;0.000000;0.000000;0.000000;0.000000;2.000000;-252.516632;-284.067749;1980.732666;0.014167;0.000000;0.000000;0.000000;0.000000;2.000000;-189.146790;-79.441620;1896.290771;0.026330;0.000000;0.000000;0.000000;0.000000;2.000000;-163.436249;18.651337;1903.219360;0.041100;0.000000;0.000000;0.000000;0.000000;2.000000;-126.175850;109.675598;1937.392578;0.181855;0.000000;0.000000;0.000000;0.000000;2.000000;-100.894920;22.210175;1891.497437;0.064216;0.000000;0.000000;0.000000;0.000000;2.000000;81.024788;-154.473328;2037.490112;0.000244;0.000000;0.000000;0.000000;0.000000;2.000000;457.016357;-60.248047;1975.990112;0.006002;0.000000;0.000000;0.000000;0.000000;2.000000;447.365997;313.753815;1949.297729;0.011027;0.000000;0.000000;0.000000;0.000000;2.000000;586.171082;418.092926;1889.494019;0.015634;0.000000;0.000000;0.000000;0.000000;2.000000;-73.063622;-145.966202;1966.193481;0.000223;0.000000;0.000000;0.000000;0.000000;2.000000;77.533554;4.420288;1636.946655;0.007371;0.000000;0.000000;0.000000;0.000000;2.000000;56.158390;382.815582;1632.641113;0.006797;0.000000;0.000000;0.000000;0.000000;2.000000;100.654877;447.423492;1482.980957;0.010544;0.000000;0.000000;0.000000;0.000000;2.000000;-85.317101;-731.901245;2093.302734;0.000590;0.000000;0.000000;0.000000;0.000000;2.000000;-12.666023;-707.073242;1955.747681;0.004392;0.000000;0.000000;0.000000;0.000000;2.000000;-0.945679;-753.716675;1982.166748;0.021015;0.000000;0.000000;0.000000;0.000000;2.000000;-1.200020;-790.373535;2100.917969;0.039614;0.000000;0.000000;0.000000;0.000000;2.000000;-44.843140;-746.267151;1956.775757;0.015859;0.000000;0.000000;0.000000;0.000000;2.000000;-145.870758;-783.326050;2026.907104;0.039250;0.000000;0.000000;0.000000;0.000000;2.000000;9346499584.000000
0.000000;-150.000000;2000.000000;0.000000;0.000000;0.000000;0.000000;0.000000;2.000000;-42.724628;-308.630402;2066.267578;0.172864;0.000000;0.000000;0.000000;0.000000;2.000000;-69.283920;-442.418854;2104.361816;0.209217;0.000000;0.000000;0.000000;0.000000;2.000000;-91.191772;-656.785583;2110.519043;0.314431;0.000000;0.000000;0.000000;0.000000;2.000000;-59.857685;-623.961304;2128.108154;0.297499;0.000000;0.000000;0.000000;0.000000;2.000000;66.480957;-596.201782;2186.551270;0.255952;0.000000;0.000000;0.000000;0.000000;2.000000;158.312775;-370.392975;2312.515625;0.215645;0.000000;0.000000;0.000000;0.000000;2.000000;223.582397;-187.205841;2189.148682;0.349143;0.000000;0.000000;0.000000;0.000000;2.000000;214.275177;-149.670334;2101.706055;0.513575;0.000000;0.000000;0.000000;0.000000;2.000000;208.344833;-98.203430;2007.752197;0.676261;0.000000;0.000000;0.000000;0.000000;2.000000;170.051666;-117.900421;2108.485596;0.364395;0.000000;0.000000;0.000000;0.000000;2.000000;-116.286560;-618.614868;2092.720703;0.293727;0.000000;0.000000;0.000000;0.000000;2.000000;-209.815033;-557.744629;2024.907104;0.269605;0.000000;0.000000;0.000000;0.000000;2.000000;-260.627930;-285.628784;1985.709229;0.285377;0.000000;0.000000;0.000000;0.000000;2.000000;-192.308594;-79.920303;1899.658203;0.137426;0.000000;0.000000;0.000000;0.000000;2.000000;-168.678162;20.064911;1906.203369;0.183332;0.000000;0.000000;0.000000;0.000000;2.000000;-143.755524;113.102753;1949.152100;0.634058;0.000000;0.000000;0.000000;0.000000;2.000000;-105.330002;18.886597;1894.142334;0.181729;0.000000;0.000000;0.000000;0.000000;2.000000;79.848328;-153.746582;2042.511963;0.154142;0.000000;0.000000;0.000000;0.000000;2.000000;463.905243;-66.649872;1988.421265;0.461281;0.000000;0.000000;0.000000;0.000000;2.000000;442.741425;311.579865;1959.901245;0.348325;0.000000;0.000000;0.000000;0.000000;2.000000;579.932983;414.882721;1888.426025;0.210004;0.000000;0.000000;0.000000;0.000000;2.000000;-72.002747;-146.621521;1961.665039;0.138997;0.000000;0.000000;0.000000;0.000000;2.000000;67.889450;-5.454498;1617.901367;0.696056;0.000000;0.000000;0.000000;0.000000;2.000000;51.648460;377.513824;1638.945923;0.277918;0.000000;0.000000;0.000000;0.000000;2.000000;95.796371;446.709808;1488.769043;0.224625;0.000000;0.000000;0.000000;0.000000;2.000000;-92.341415;-737.385864;2101.515625;0.358639;0.000000;0.000000;0.000000;0.000000;2.000000;-21.361729;-710.978210;1961.080933;0.323236;0.000000;0.000000;0.000000;0.000000;2.000000;-8.415215;-758.101440;1987.548950;0.301771;0.000000;0.000000;0.000000;0.000000;2.000000;-6.227402;-795.446899;2107.737793;0.292241;0.000000;0.000000;0.000000;0.000000;2.000000;-53.383854;-751.121216;1962.565063;0.337438;0.000000;0.000000;0.000000;0.000000;2.000000;-154.027740;-790.186768;2035.156128;0.398847;0.000000;0.000000;0.000000;0.000000;2.000000;9346533376.000000
0.000000;-150.000000;2000.000000;0.000000;0.000000;0.000000;0.000000;0.000000;2.000000;-35.721233;-311.649353;2063.797363;0.237229;0.000000;0.000000;0.000000;0.000000;2.000000;-58.120396;-446.414307;2101.929688;0.358187;0.000000;0.000000;0.000000;0.000000;2.000000;-79.740204;-660.988403;2112.127441;0.364111;0.000000;0.000000;0.000000;0.000000;2.000000;-48.107578;-627.793945;2128.662598;0.366116;0.000000;0.000000;0.000000;0.000000;2.000000;78.315605;-603.667603;2189.032227;0.420543;0.000000;0.000000;0.000000;0.000000;2.000000;168.432114;-375.319031;2312.549316;0.333058;0.000000;0.000000;0.000000;0.000000;2.000000;226.040726;-194.519501;2181.429688;0.322976;0.000000;0.000000;0.000000;0.000000;2.000000;219.208282;-152.007996;2095.896729;0.235906;0.000000;0.000000;0.000000;0.000000;2.000000;215.947952;-94.374237;2005.263672;0.262465;0.000000;0.000000;0.000000;0.000000;2.000000;172.027084;-122.607666;2104.704102;0.188002;0.000000;0.000000;0.000000;0.000000;2.000000;-105.200348;-623.088501;2094.064209;0.356003;0.000000;0.000000;0.000000;0.000000;2.000000;-201.422577;-564.457520;2027.675659;0.328415;0.000000;0.000000;0.000000;0.000000;2.000000;-248.913452;-291.246765;1988.873047;0.395704;0.000000;0.000000;0.000000;0.000000;2.000000;-183.067963;-83.612701;1904.567017;0.328359;0.000000;0.000000;0.000000;0.000000;2.000000;-159.020477;16.302673;1912.898438;0.365144;0.000000;0.000000;0.000000;0.000000;2.000000;-129.124435;104.434784;1962.846558;0.646141;0.000000;0.000000;0.000000;0.000000;2.000000;-94.152710;14.408630;1895.042358;0.357319;0.000000;0.000000;0.000000;0.000000;2.000000;81.391914;-152.236176;2039.906738;0.100141;0.000000;0.000000;0.000000;0.000000;2.000000;467.265350;-63.805161;1997.746460;0.305168;0.000000;0.000000;0.000000;0.000000;2.000000;455.050171;315.618134;1972.245239;0.529527;0.000000;0.000000;0.000000;0.000000;2.000000;592.069458;408.364349;1886.619995;0.411164;0.000000;0.000000;0.000000;0.000000;2.000000;-73.394669;-147.983536;1964.014282;0.090302;0.000000;0.000000;0.000000;0.000000;2.000000;91.804443;-12.477158;1628.600830;0.802682;0.000000;0.000000;0.000000;0.000000;2.000000;62.163738;370.821014;1633.814453;0.398896;0.000000;0.000000;0.000000;0.000000;2.000000;108.039352;445.436737;1486.478149;0.370513;0.000000;0.000000;0.000000;0.000000;2.000000;-80.957031;-741.855591;2104.512695;0.372640;0.000000;0.000000;0.000000;0.000000;2.000000;-8.235958;-717.015869;1964.405396;0.438724;0.000000;0.000000;0.000000;0.000000;2.000000;5.573494;-763.139038;1992.337158;0.462243;0.000000;0.000000;0.000000;0.000000;2.000000;6.741665;-797.388428;2113.659180;0.425796;0.000000;0.000000;0.000000;0.000000;2.000000;-39.206295;-758.052368;1966.409424;0.480665;0.000000;0.000000;0.000000;0.000000;2.000000;-140.112213;-798.122925;2038.444214;0.483945;0.000000;0.000000;0.000000;0.000000;2.000000;9346567168.000000
0.000000;-150.000000;2000.000000;0.000000;0.000000;0.000000;0.000000;0.000000;2.000000;-36.483696;-311.862335;2064.014160;0.025049;0.000000;0.000000;0.000000;0.000000;2.000000;-58.766388;-447.324280;2100.999023;0.044345;0.000000;0.000000;0.000000;0.000000;2.000000;-80.854599;-662.259521;2113.367920;0.063988;0.000000;0.000000;0.000000;0.000000;2.000000;-49.255508;-628.849487;2129.878662;0.060350;0.000000;0.000000;0.000000;0.000000;2.000000;76.755188;-603.201416;2191.281250;0.084740;0.000000;0.000000;0.000000;0.000000;2.000000;168.029846;-369.286194;2304.582031;0.305229;0.000000;0.000000;0.000000;0.000000;2.000000;219.656464;-203.294952;2152.143066;0.953142;0.000000;0.000000;0.000000;0.000000;2.000000;221.888474;-153.268921;2070.250732;0.787856;0.000000;0.000000;0.000000;0.000000;2.000000;213.146057;-100.912750;1976.524048;0.903531;0.000000;0.000000;0.000000;0.000000;2.000000;177.955063;-122.107300;2075.132813;0.920525;0.000000;0.000000;0.000000;0.000000;2.000000;-106.145996;-624.433899;2094.604004;0.052820;0.000000;0.000000;0.000000;0.000000;2.000000;-203.538010;-567.338379;2027.962769;0.109425;0.000000;0.000000;0.000000;0.000000;2.000000;-250.512299;-293.575378;1987.587891;0.094705;0.000000;0.000000;0.000000;0.000000;2.000000;-182.523605;-85.667007;1904.104004;0.066378;0.000000;0.000000;0.000000;0.000000;2.000000;-158.621796;14.424835;1913.712158;0.063630;0.000000;0.000000;0.000000;0.000000;2.000000;-127.031189;98.994324;1969.026367;0.259256;0.000000;0.000000;0.000000;0.000000;2.000000;-95.163193;14.254028;1896.239624;0.048044;0.000000;0.000000;0.000000;0.000000;2.000000;81.357239;-152.334885;2040.464233;0.017310;0.000000;0.000000;0.000000;0.000000;2.000000;469.910065;-68.367493;2005.311768;0.281430;0.000000;0.000000;0.000000;0.000000;2.000000;452.491699;310.633179;1966.399292;0.247118;0.000000;0.000000;0.000000;0.000000;2.000000;592.325134;407.231323;1889.001099;0.080850;0.000000;0.000000;0.000000;0.000000;2.000000;-73.363388;-147.894547;1963.511597;0.015608;0.000000;0.000000;0.000000;0.000000;2.000000;96.101624;-8.607758;1630.648560;0.187208;0.000000;0.000000;0.000000;0.000000;2.000000;59.023293;374.978088;1635.394165;0.166143;0.000000;0.000000;0.000000;0.000000;2.000000;109.754471;453.504578;1491.236206;0.290592;0.000000;0.000000;0.000000;0.000000;2.000000;-82.122314;-743.398315;2106.611084;0.087075;0.000000;0.000000;0.000000;0.000000;2.000000;-9.723518;-719.844849;1965.678101;0.104990;0.000000;0.000000;0.000000;0.000000;2.000000;1.130177;-767.741638;1992.159424;0.195309;0.000000;0.000000;0.000000;0.000000;2.000000;1.622101;-805.528259;2112.749268;0.294767;0.000000;0.000000;0.000000;0.000000;2.000000;-43.651543;-758.662659;1967.088501;0.138490;0.000000;0.000000;0.000000;0.000000;2.000000;-146.363327;-793.440369;2039.884521;0.242374;0.000000;0.000000;0.000000;0.000000;2.000000;9346599936.000000
0.000000;-150.000000;2000.000000;0.000000;0.000000;0.000000;0.000000;0.000000;2.000000;-39.262165;-310.551208;2068.033203;0.149705;0.000000;0.000000;0.000000;0.000000;2.000000;-62.427349;-445.984375;2107.264648;0.218378;0.000000;0.000000;0.000000;0.000000;2.000000;-83.778580;-662.183228;2117.839844;0.158131;0.000000;0.000000;0.000000;0.000000;2.000000;-52.294056;-628.600342;2134.936523;0.174765;0.000000;0.000000;0.000000;0.000000;2.000000;73.753769;-602.542236;2197.739014;0.211637;0.000000;0.000000;0.000000;0.000000;2.000000;164.339157;-363.389893;2303.800293;0.207147;0.000000;0.000000;0.000000;0.000000;2.000000;216.196350;-207.453720;2139.517090;0.406492;0.000000;0.000000;0.000000;0.000000;2.000000;211.660538;-155.364319;2058.444092;0.466402;0.000000;0.000000;0.000000;0.000000;2.000000;210.483032;-89.983307;1972.171143;0.356949;0.000000;0.000000;0.000000;0.000000;2.000000;169.684204;-118.855499;2075.160889;0.262997;0.000000;0.000000;0.000000;0.000000;2.000000;-109.218781;-624.130554;2099.085938;0.161061;0.000000;0.000000;0.000000;0.000000;2.000000;-206.651474;-566.836975;2031.384399;0.137702;0.000000;0.000000;0.000000;0.000000;2.000000;-255.185883;-291.323395;1995.151367;0.271416;0.000000;0.000000;0.000000;0.000000;2.000000;-186.937103;-83.999649;1907.237427;0.167604;0.000000;0.000000;0.000000;0.000000;2.000000;-162.076447;16.483337;1915.878784;0.135179;0.000000;0.000000;0.000000;0.000000;2.000000;-128.416946;88.999390;1986.099487;0.586886;0.000000;0.000000;0.000000;0.000000;2.000000;-99.276901;15.129364;1897.342773;0.128672;0.000000;0.000000;0.000000;0.000000;2.000000;80.099030;-150.980637;2043.911011;0.115743;0.000000;0.000000;0.000000;0.000000;2.000000;471.375366;-67.224869;2016.508423;0.335872;0.000000;0.000000;0.000000;0.000000;2.000000;449.845856;312.008179;1965.103394;0.096213;0.000000;0.000000;0.000000;0.000000;2.000000;595.589172;406.799988;1894.395386;0.187017;0.000000;0.000000;0.000000;0.000000;2.000000;-72.228821;-149.115707;1960.403442;0.104371;0.000000;0.000000;0.000000;0.000000;2.000000;85.486313;-11.052734;1618.962769;0.472763;0.000000;0.000000;0.000000;0.000000;2.000000;54.342083;374.403870;1640.970459;0.216126;0.000000;0.000000;0.000000;0.000000;2.000000;107.959167;462.306580;1502.344482;0.422765;0.000000;0.000000;0.000000;0.000000;2.000000;-84.645844;-743.678406;2110.403076;0.135048;0.000000;0.000000;0.000000;0.000000;2.000000;-12.364136;-717.089905;1969.034058;0.150386;0.000000;0.000000;0.000000;0.000000;2.000000;0.856300;-764.446655;1995.998291;0.149930;0.000000;0.000000;0.000000;0.000000;2.000000;2.591957;-801.653442;2117.420898;0.181891;0.000000;0.000000;0.000000;0.000000;2.000000;-44.411175;-757.803101;1970.494385;0.106353;0.000000;0.000000;0.000000;0.000000;2.000000;-146.128830;-797.621948;2043.283203;0.159614;0.000000;0.000000;0.000000;0.000000;2.000000;9346633728.000000
0.000000;-150.000000;2000.000000;0.000000;0.000000;0.000000;0.000000;0.000000;2.000000;-39.262897;-310.552216;2068.032959;0.000039;0.000000;0.000000;0.000000;0.000000;2.000000;-62.429073;-445.985779;2107.265137;0.000069;0.000000;0.000000;0.000000;0.000000;2.000000;-83.781860;-662.185486;2117.842285;0.000143;0.000000;0.000000;0.000000;0.000000;2.000000;-52.297237;-628.602356;2134.938965;0.000137;0.000000;0.000000;0.000000;0.000000;2.000000;73.748276;-602.543091;2197.747559;0.000311;0.000000;0.000000;0.000000;0.000000;2.000000;164.315109;-363.395325;2303.838379;0.001385;0.000000;0.000000;0.000000;0.000000;2.000000;216.187088;-207.410416;2139.604492;0.002990;0.000000;0.000000;0.000000;0.000000;2.000000;211.648682;-155.305069;2058.541016;0.003486;0.000000;0.000000;0.000000;0.000000;2.000000;210.385971;-89.949234;1972.249390;0.003944;0.000000;0.000000;0.000000;0.000000;2.000000;169.705612;-118.789856;2075.242920;0.003272;0.000000;0.000000;0.000000;0.000000;2.000000;-109.221680;-624.132629;2099.087646;0.000121;0.000000;0.000000;0.000000;0.000000;2.000000;-206.653397;-566.839294;2031.383057;0.000101;0.000000;0.000000;0.000000;0.000000;2.000000;-255.185760;-291.324860;1995.142456;0.000276;0.000000;0.000000;0.000000;0.000000;2.000000;-186.931778;-84.003601;1907.223633;0.000467;0.000000;0.000000;0.000000;0.000000;2.000000;-162.069717;16.480652;1915.852417;0.000834;0.000000;0.000000;0.000000;0.000000;2.000000;-128.420731;89.069977;1986.003174;0.003646;0.000000;0.000000;0.000000;0.000000;2.000000;-99.265976;15.122864;1897.322998;0.000717;0.000000;0.000000;0.000000;0.000000;2.000000;80.098892;-150.980591;2043.912354;0.000041;0.000000;0.000000;0.000000;0.000000;2.000000;471.376923;-67.208542;2016.555054;0.001509;0.000000;0.000000;0.000000;0.000000;2.000000;449.838226;312.027771;1965.163452;0.001942;0.000000;0.000000;0.000000;0.000000;2.000000;595.578369;406.841003;1894.475098;0.002756;0.000000;0.000000;0.000000;0.000000;2.000000;-72.228683;-149.115738;1960.402466;0.000030;0.000000;0.000000;0.000000;0.000000;2.000000;85.489807;-11.058762;1618.958618;0.000247;0.000000;0.000000;0.000000;0.000000;2.000000;54.350670;374.401428;1640.945679;0.000804;0.000000;0.000000;0.000000;0.000000;2.000000;107.966873;462.282166;1502.304321;0.001453;0.000000;0.000000;0.000000;0.000000;2.000000;-84.649490;-743.681152;2110.406738;0.000179;0.000000;0.000000;0.000000;0.000000;2.000000;-12.370560;-717.098389;1969.034058;0.000325;0.000000;0.000000;0.000000;0.000000;2.000000;0.848049;-764.455811;1995.998535;0.000376;0.000000;0.000000;0.000000;0.000000;2.000000;2.585552;-801.661560;2117.421875;0.000317;0.000000;0.000000;0.000000;0.000000;2.000000;-44.420101;-757.809937;1970.495850;0.000346;0.000000;0.000000;0.000000;0.000000;2.000000;-146.138184;-797.622131;2043.288940;0.000335;0.000000;0.000000;0.000000;0.000000;2.000000;9346666496.000000
0.000000;-150.000000;2000.000000;0.000000;0.000000;0.000000;0.000000;0.000000;2.000000;-39.262897;-310.552216;2068.032959;0.000000;0.000000;0.000000;0.000000;0.000000;2.000000;-62.429073;-445.985779;2107.265137;0.000000;0.000000;0.000000;0.000000;0.000000;2.000000;-83.781860;-662.185486;2117.842285;0.000000;0.000000;0.000000;0.000000;0.000000;2.000000;-52.297237;-628.602356;2134.938965;0.000000;0.000000;0.000000;0.000000;0.000000;2.000000;73.748276;-602.543091;2197.747559;0.000000;0.000000;0.000000;0.000000;0.000000;2.000000;164.315109;-363.395325;2303.838379;0.000000;0.000000;0.000000;0.000000;0.000000;2.000000;216.187088;-207.410416;2139.604492;0.000000;0.000000;0.000000;0.000000;0.000000;2.000000;211.648682;-155.305069;2058.541016;0.000000;0.000000;0.000000;0.000000;0.000000;2.000000;210.385971;-89.949234;1972.249390;0.000000;0.000000;0.000000;0.000000;0.000000;2.000000;169.705612;-118.789856;2075.242920;0.000000;0.000000;0.000000;0.000000;0.000000;2.000000;-109.221680;-624.132629;2099.087646;0.000000;0.000000;0.000000;0.000000;0.000000;2.000000;-206.653397;-566.839294;2031.383057;0.000000;0.000000;0.000000;0.000000;0.000000;2.000000;-255.185760;-291.324860;1995.142456;0.000000;0.000000;0.000000;0.000000;0.000000;2.000000;-186.931778;-84.003601;1907.223633;0.000000;0.000000;0.000000;0.000000;0.000000;2.000000;-162.069717;16.480652;1915.852417;0.000000;0.000000;0.000000;0.000000;0.000000;2.000000;-128.420731;89.069977;1986.003174;0.000000;0.000000;0.000000;0.000000;0.000000;2.000000;-99.265976;15.122864;1897.322998;0.000000;0.000000;0.000000;0.000000;0.000000;2.000000;80.098892;-150.980591;2043.912354;0.000000;0.000000;0.000000;0.000000;0.000000;2.000000;471.376923;-67.208542;2016.555054;0.000000;0.000000;0.000000;0.000000;0.000000;2.000000;449.838226;312.027771;1965.163452;0.000000;0.000000;0.000000;0.000000;0.000000;2.000000;595.578369;406.841003;1894.475098;0.000000;0.000000;0.000000;0.000000;0.000000;2.000000;-72.228683;-149.115738;1960.402466;0.000000;0.000000;0.000000;0.000000;0.000000;2.000000;85.489807;-11.058762;1618.958618;0.000000;0.000000;0.000000;0.000000;0.000000;2.000000;54.350670;374.401428;1640.945679;0.000000;0.000000;0.000000;0.000000;0.000000;2.000000;107.966873;462.282166;1502.304321;0.000000;0.000000;0.000000;0.000000;0.000000;2.000000;-84.649490;-743.681152;2110.406738;0.000000;0.000000;0.000000;0.000000;0.000000;2.000000;-12.370560;-717.098389;1969.034058;0.000000;0.000000;0.000000;0.000000;0.000000;2.000000;0.848049;-764.455811;1995.998535;0.000000;0.000000;0.000000;0.000000;0.000000;2.000000;2.585552;-801.661560;2117.421875;0.000000;0.000000;0.000000;0.000000;0.000000;2.000000;-44.420101;-757.809937;1970.495850;0.000000;0.000000;0.000000;0.000000;0.000000;2.000000;-146.138184;-797.622131;2043.288940;0.000000;0.000000;0.000000;0.000000;0.000000;2.000000;9346700288.000000
0.000000;-150.000000;2000.000000;0.000000;0.000000;0.000000;0.000000;0.000000;2.000000;-39.263054;-310.552277;2068.032715;0.000009;0.000000;0.000000;0.000000;0.000000;2.000000;-62.429367;-445.985840;2107.265137;0.000009;0.000000;0.000000;0.000000;0.000000;2.000000;-83.782593;-662.185547;2117.842041;0.000024;0.000000;0.000000;0.000000;0.000000;2.000000;-52.297890;-628.602539;2134.938965;0.000021;0.000000;0.000000;0.000000;0.000000;2.000000;73.747574;-602.543457;2197.747559;0.000024;0.000000;0.000000;0.000000;0.000000;2.000000;164.313751;-363.395905;2303.839844;0.000063;0.000000;0.000000;0.000000;0.000000;2.000000;216.185745;-207.410950;2139.605957;0.000063;0.000000;0.000000;0.000000;0.000000;2.000000;211.648254;-155.310104;2058.539551;0.000161;0.000000;0.000000;0.000000;0.000000;2.000000;210.381332;-89.961182;1972.242798;0.000440;0.000000;0.000000;0.000000;0.000000;2.000000;169.699112;-118.797211;2075.239990;0.000313;0.000000;0.000000;0.000000;0.000000;2.000000;-109.222336;-624.132690;2099.087402;0.000021;0.000000;0.000000;0.000000;0.000000;2.000000;-206.653885;-566.839050;2031.382690;0.000020;0.000000;0.000000;0.000000;0.000000;2.000000;-255.185410;-291.324432;1995.142090;0.000020;0.000000;0.000000;0.000000;0.000000;2.000000;-186.930618;-84.003403;1907.223267;0.000038;0.000000;0.000000;0.000000;0.000000;2.000000;-162.067947;16.480743;1915.852051;0.000055;0.000000;0.000000;0.000000;0.000000;2.000000;-128.418884;89.072052;1986.000854;0.000110;0.000000;0.000000;0.000000;0.000000;2.000000;-99.263840;15.122528;1897.323364;0.000067;0.000000;0.000000;0.000000;0.000000;2.000000;80.098907;-150.980713;2043.912354;0.000004;0.000000;0.000000;0.000000;0.000000;2.000000;471.377136;-67.209045;2016.555054;0.000017;0.000000;0.000000;0.000000;0.000000;2.000000;449.838867;312.027374;1965.163696;0.000024;0.000000;0.000000;0.000000;0.000000;2.000000;595.579224;406.840302;1894.475098;0.000034;0.000000;0.000000;0.000000;0.000000;2.000000;-72.228714;-149.115662;1960.402466;0.000003;0.000000;0.000000;0.000000;0.000000;2.000000;85.489334;-11.058701;1618.958374;0.000016;0.000000;0.000000;0.000000;0.000000;2.000000;54.350643;374.401520;1640.945679;0.000003;0.000000;0.000000;0.000000;0.000000;2.000000;107.966240;462.281281;1502.303589;0.000040;0.000000;0.000000;0.000000;0.000000;2.000000;-84.650391;-743.681274;2110.406250;0.000031;0.000000;0.000000;0.000000;0.000000;2.000000;-12.371983;-717.100098;1969.033081;0.000074;0.000000;0.000000;0.000000;0.000000;2.000000;0.846172;-764.457581;1995.997681;0.000083;0.000000;0.000000;0.000000;0.000000;2.000000;2.583954;-801.662842;2117.421387;0.000064;0.000000;0.000000;0.000000;0.000000;2.000000;-44.422058;-757.811157;1970.495239;0.000073;0.000000;0.000000;0.000000;0.000000;2.000000;-146.140228;-797.621704;2043.289063;0.000064;0.000000;0.000000;0.000000;0.000000;2.000000;9346733056.000000
0.000000;-150.000000;2000.000000;0.000000;0.000000;0.000000;0.000000;0.000000;2.000000;-39.263054;-310.552277;2068.032715;0.000000;0.000000;0.000000;0.000000;0.000000;2.000000;-62.429367;-445.985840;2107.265137;0.000000;0.000000;0.000000;0.000000;0.000000;2.000000;-83.782593;-662.185547;2117.842041;0.000000;0.000000;0.000000;0.000000;0.000000;2.000000;-52.297890;-628.602539;2134.938965;0.000000;0.000000;0.000000;0.000000;0.000000;2.000000;73.747574;-602.543457;2197.747559;0.000000;0.000000;0.000000;0.000000;0.000000;2.000000;164.313751;-363.395905;2303.839844;0.000000;0.000000;0.000000;0.000000;0.000000;2.000000;216.185745;-207.410950;2139.605957;0.000000;0.000000;0.000000;0.000000;0.000000;2.000000;211.648254;-155.310104;2058.539551;0.000000;0.000000;0.000000;0.000000;0.000000;2.000000;210.381332;-89.961182;1972.242798;0.000000;0.000000;0.000000;0.000000;0.000000;2.000000;169.699112;-118.797211;2075.239990;0.000000;0.000000;0.000000;0.000000;0.000000;2.000000;-109.222336;-624.132690;2099.087402;0.000000;0.000000;0.000000;0.000000;0.000000;2.000000;-206.653885;-566.839050;2031.382690;0.000000;0.000000;0.000000;0.000000;0.000000;2.000000;-255.185410;-291.324432;1995.142090;0.000000;0.000000;0.000000;0.000000;0.000000;2.000000;-186.930618;-84.003403;1907.223267;0.000000;0.000000;0.000000;0.000000;0.000000;2.000000;-162.067947;16.480743;1915.852051;0.000000;0.000000;0.000000;0.000000;0.000000;2.000000;-128.418884;89.072052;1986.000854;0.000000;0.000000;0.000000;0.000000;0.000000;2.000000;-99.263840;15.122528;1897.323364;0.000000;0.000000;0.000000;0.000000;0.000000;2.000000;80.098907;-150.980713;2043.912354;0.000000;0.000000;0.000000;0.000000;0.000000;2.000000;471.377136;-67.209045;2016.555054;0.000000;0.000000;0.000000;0.000000;0.000000;2.000000;449.838867;312.027374;1965.163696;0.000000;0.000000;0.000000;0.000000;0.000000;2.000000;595.579224;406.840302;1894.475098;0.000000;0.000000;0.000000;0.000000;0.000000;2.000000;-72.228714;-149.115662;1960.402466;0.000000;0.000000;0.000000;0.000000;0.000000;2.000000;85.489334;-11.058701;1618.958374;0.000000;0.000000;0.000000;0.000000;0.000000;2.000000;54.350643;374.401520;1640.945679;0.000000;0.000000;0.000000;0.000000;0.000000;2.000000;107.966240;462.281281;1502.303589;0.000000;0.000000;0.000000;0.000000;0.000000;2.000000;-84.650391;-743.681274;2110.406250;0.000000;0.000000;0.000000;0.000000;0.000000;2.000000;-12.371983;-717.100098;1969.033081;0.000000;0.000000;0.000000;0.000000;0.000000;2.000000;0.846172;-764.457581;1995.997681;0.000000;0.000000;0.000000;0.000000;0.000000;2.000000;2.583954;-801.662842;2117.421387;0.000000;0.000000;0.000000;0.000000;0.000000;2.000000;-44.422058;-757.811157;1970.495239;0.000000;0.000000;0.000000;0.000000;0.000000;2.000000;-146.140228;-797.621704;2043.289063;0.000000;0.000000;0.000000;0.000000;0.000000;2.000000;9346766848.000000
0.000000;-150.000000;2000.000000;0.000000;0.000000;0.000000;0.000000;0.000000;2.000000;-39.263145;-310.552307;2068.032715;0.000003;0.000000;0.000000;0.000000;0.000000;2.000000;-62.429565;-445.985901;2107.265137;0.000006;0.000000;0.000000;0.000000;0.000000;2.000000;-83.783134;-662.185669;2117.842285;0.000019;0.000000;0.000000;0.000000;0.000000;2.000000;-52.298386;-628.602661;2134.938965;0.000016;0.000000;0.000000;0.000000;0.000000;2.000000;73.746948;-602.544006;2197.748291;0.000034;0.000000;0.000000;0.000000;0.000000;2.000000;164.313263;-363.397522;2303.843262;0.000116;0.000000;0.000000;0.000000;0.000000;2.000000;216.186981;-207.409622;2139.612305;0.000201;0.000000;0.000000;0.000000;0.000000;2.000000;211.653931;-155.308197;2058.546143;0.000272;0.000000;0.000000;0.000000;0.000000;2.000000;210.395691;-89.956558;1972.251221;0.000527;0.000000;0.000000;0.000000;0.000000;2.000000;169.705872;-118.795258;2075.242188;0.000225;0.000000;0.000000;0.000000;0.000000;2.000000;-109.222816;-624.132690;2099.087402;0.000015;0.000000;0.000000;0.000000;0.000000;2.000000;-206.654236;-566.838989;2031.382690;0.000011;0.000000;0.000000;0.000000;0.000000;2.000000;-255.185181;-291.324249;1995.141602;0.000017;0.000000;0.000000;0.000000;0.000000;2.000000;-186.929749;-84.003464;1907.222412;0.000037;0.000000;0.000000;0.000000;0.000000;2.000000;-162.066742;16.480652;1915.850830;0.000052;0.000000;0.000000;0.000000;0.000000;2.000000;-128.417603;89.073181;1985.998291;0.000094;0.000000;0.000000;0.000000;0.000000;2.000000;-99.262535;15.122162;1897.322144;0.000056;0.000000;0.000000;0.000000;0.000000;2.000000;80.098938;-150.980743;2043.912354;0.000001;0.000000;0.000000;0.000000;0.000000;2.000000;471.377350;-67.209152;2016.554932;0.000008;0.000000;0.000000;0.000000;0.000000;2.000000;449.839142;312.027344;1965.163452;0.000011;0.000000;0.000000;0.000000;0.000000;2.000000;595.579346;406.840576;1894.475098;0.000009;0.000000;0.000000;0.000000;0.000000;2.000000;-72.228729;-149.115646;1960.402466;0.000001;0.000000;0.000000;0.000000;0.000000;2.000000;85.489471;-11.059113;1618.958130;0.000015;0.000000;0.000000;0.000000;0.000000;2.000000;54.351135;374.401367;1640.944824;0.000030;0.000000;0.000000;0.000000;0.000000;2.000000;107.966736;462.280334;1502.302002;0.000058;0.000000;0.000000;0.000000;0.000000;2.000000;-84.651054;-743.681396;2110.406250;0.000021;0.000000;0.000000;0.000000;0.000000;2.000000;-12.373283;-717.101074;1969.032593;0.000052;0.000000;0.000000;0.000000;0.000000;2.000000;0.844948;-764.458496;1995.997437;0.000047;0.000000;0.000000;0.000000;0.000000;2.000000;2.583282;-801.663086;2117.421387;0.000022;0.000000;0.000000;0.000000;0.000000;2.000000;-44.423424;-757.812012;1970.495117;0.000049;0.000000;0.000000;0.000000;0.000000;2.000000;-146.141327;-797.622070;2043.289795;0.000042;0.000000;0.000000;0.000000;0.000000;2.000000;9346799616.000000
0.000000;-150.000000;2000.000000;0.000000;0.000000;0.000000;0.000000;0.000000;2.000000;-39.263145;-310.552307;2068.032715;0.000000;0.000000;0.000000;0.000000;0.000000;2.000000;-62.429565;-445.985901;2107.265137;0.000000;0.000000;0.000000;0.000000;0.000000;2.000000;-83.783134;-662.185669;2117.842285;0.000000;0.000000;0.000000;0.000000;0.000000;2.000000;-52.298386;-628.602661;2134.938965;0.000000;0.000000;0.000000;0.000000;0.000000;2.000000;73.746948;-602.544006;2197.748291;0.000000;0.000000;0.000000;0.000000;0.000000;2.000000;164.313263;-363.397522;2303.843262;0.000000;0.000000;0.000000;0.000000;0.000000;2.000000;216.186981;-207.409622;2139.612305;0.000000;0.000000;0.000000;0.000000;0.000000;2.000000;211.653931;-155.308197;2058.546143;0.000000;0.000000;0.000000;0.000000;0.000000;2.000000;210.395691;-89.956558;1972.251221;0.000000;0.000000;0.000000;0.000000;0.000000;2.000000;169.705872;-118.795258;2075.242188;0.000000;0.000000;0.000000;0.000000;0.000000;2.000000;-109.222816;-624.132690;2099.087402;0.000000;0.000000;0.000000;0.000000;0.000000;2.000000;-206.654236;-566.838989;2031.382690;0.000000;0.000000;0.000000;0.000000;0.000000;2.000000;-255.185181;-291.324249;1995.141602;0.000000;0.000000;0.000000;0.000000;0.000000;2.000000;-186.929749;-84.003464;1907.222412;0.000000;0.000000;0.000000;0.000000;0.000000;2.000000;-162.066742;16.480652;1915.850830;0.000000;0.000000;0.000000;0.000000;0.000000;2.000000;-128.417603;89.073181;1985.998291;0.000000;0.000000;0.000000;0.000000;0.000000;2.000000;-99.262535;15.122162;1897.322144;0.000000;0.000000;0.000000;0.000000;0.000000;2.000000;80.098938;-150.980743;2043.912354;0.000000;0.000000;0.000000;0.000000;0.000000;2.000000;471.377350;-67.209152;2016.554932;0.000000;0.000000;0.000000;0.000000;0.000000;2.000000;449.839142;312.027344;1965.163452;0.000000;0.000000;0.000000;0.000000;0.000000;2.000000;595.579346;406.840576;1894.475098;0.000000;0.000000;0.000000;0.000000;0.000000;2.000000;-72.228729;-149.115646;1960.402466;0.000000;0.000000;0.000000;0.000000;0.000000;2.000000;85.489471;-11.059113;1618.958130;0.000000;0.000000;0.000000;0.000000;0.000000;2.000000;54.351135;374.401367;1640.944824;0.000000;0.000000;0.000000;0.000000;0.000000;2.000000;107.966736;462.280334;1502.302002;0.000000;0.000000;0.000000;0.000000;0.000000;2.000000;-84.651054;-743.681396;2110.406250;0.000000;0.000000;0.000000;0.000000;0.000000;2.000000;-12.373283;-717.101074;1969.032593;0.000000;0.000000;0.000000;0.000000;0.000000;2.000000;0.844948;-764.458496;1995.997437;0.000000;0.000000;0.000000;0.000000;0.000000;2.000000;2.583282;-801.663086;2117.421387;0.000000;0.000000;0.000000;0.000000;0.000000;2.000000;-44.423424;-757.812012;1970.495117;0.000000;0.000000;0.000000;0.000000;0.000000;2.000000;-146.141327;-797.622070;2043.289795;0.000000;0.000000;0.000000;0.000000;0.000000;2.000000;9346833408.000000
0.000000;-150.000000;2000.000000;0.000000;0.000000;0.000000;0.000000;0.000000;2.000000;-39.263145;-310.552307;2068.032715;0.000000;0.000000;0.000000;0.000000;0.000000;2.000000;-62.429565;-445.985901;2107.265137;0.000000;0.000000;0.000000;0.000000;0.000000;2.000000;-83.783134;-662.185669;2117.842285;0.000000;0.000000;0.000000;0.000000;0.000000;2.000000;-52.298386;-628.602661;2134.938965;0.000000;0.000000;0.000000;0.000000;0.000000;2.000000;73.746948;-602.544006;2197.748291;0.000000;0.000000;0.000000;0.000000;0.000000;2.000000;164.313263;-363.397522;2303.843262;0.000000;0.000000;0.000000;0.000000;0.000000;2.000000;216.186981;-207.409622;2139.612305;0.000000;0.000000;0.000000;0.000000;0.000000;2.000000;211.653931;-155.308197;2058.546143;0.000000;0.000000;0.000000;0.000000;0.000000;2.000000;210.395691;-89.956558;1972.251221;0.000000;0.000000;0.000000;0.000000;0.000000;2.000000;169.705872;-118.795258;2075.242188;0.000000;0.000000;0.000000;0.000000;0.000000;2.000000;-109.222816;-624.132690;2099.087402;0.000000;0.000000;0.000000;0.000000;0.000000;2.000000;-206.654236;-566.838989;2031.382690;0.000000;0.000000;0.000000;0.000000;0.000000;2.000000;-255.185181;-291.324249;1995.141602;0.000000;0.000000;0.000000;0.000000;0.000000;2.000000;-186.929749;-84.003464;1907.222412;0.000000;0.000000;0.000000;0.000000;0.000000;2.000000;-162.066742;16.480652;1915.850830;0.000000;0.000000;0.000000;0.000000;0.000000;2.000000;-128.417603;89.073181;1985.998291;0.000000;0.000000;0.000000;0.000000;0.000000;2.000000;-99.262535;15.122162;1897.322144;0.000000;0.000000;0.000000;0.000000;0.000000;2.000000;80.098938;-150.980743;2043.912354;0.000000;0.000000;0.000000;0.000000;0.000000;2.000000;471.377350;-67.209152;2016.554932;0.000000;0.000000;0.000000;0.000000;0.000000;2.000000;449.839142;312.027344;1965.163452;0.000000;0.000000;0.000000;0.000000;0.000000;2.000000;595.579346;406.840576;1894.475098;0.000000;0.000000;0.000000;0.000000;0.000000;2.000000;-72.228729;-149.115646;1960.402466;0.000000;0.000000;0.000000;0.000000;0.000000;2.000000;85.489471;-11.059113;1618.958130;0.000000;0.000000;0.000000;0.000000;0.000000;2.000000;54.351135;374.401367;1640.944824;0.000000;0.000000;0.000000;0.000000;0.000000;2.000000;107.966736;462.280334;1502.302002;0.000000;0.000000;0.000000;0.000000;0.000000;2.000000;-84.651054;-743.681396;2110.406250;0.000000;0.000000;0.000000;0.000000;0.000000;2.000000;-12.373283;-717.101074;1969.032593;0.000000;0.000000;0.000000;0.000000;0.000000;2.000000;0.844948;-764.458496;1995.997437;0.000000;0.000000;0.000000;0.000000;0.000000;2.000000;2.583282;-801.663086;2117.421387;0.000000;0.000000;0.000000;0.000000;0.000000;2.000000;-44.423424;-757.812012;1970.495117;0.000000;0.000000;0.000000;0.000000;0.000000;2.000000;-146.141327;-797.622070;2043.289795;0.000000;0.000000;0.000000;0.000000;0.000000;2.000000;9346866176.000000
0.000000;-150.000000;2000.000000;0.000000;0.000000;0.000000;0.000000;0.000000;2.000000;-39.263145;-310.552307;2068.032715;0.000000;0.000000;0.000000;0.000000;0.000000;2.000000;-62.429565;-445.985901;2107.265137;0.000000;0.000000;0.000000;0.000000;0.000000;2.000000;-83.783134;-662.185669;2117.842285;0.000000;0.000000;0.000000;0.000000;0.000000;2.000000;-52.298386;-628.602661;2134.938965;0.000000;0.000000;0.000000;0.000000;0.000000;2.000000;73.746948;-602.544006;2197.748291;0.000000;0.000000;0.000000;0.000000;0.000000;2.000000;164.313263;-363.397522;2303.843262;0.000000;0.000000;0.000000;0.000000;0.000000;2.000000;216.186981;-207.409622;2139.612305;0.000000;0.000000;0.000000;0.000000;0.000000;2.000000;211.653931;-155.308197;2058.546143;0.000000;0.000000;0.000000;0.000000;0.000000;2.000000;210.395691;-89.956558;1972.251221;0.000000;0.000000;0.000000;0.000000;0.000000;2.000000;169.705872;-118.795258;2075.242188;0.000000;0.000000;0.000000;0.000000;0.000000;2.000000;-109.222816;-624.132690;2099.087402;0.000000;0.000000;0.000000;0.000000;0.000000;2.000000;-206.654236;-566.838989;2031.382690;0.000000;0.000000;0.000000;0.000000;0.000000;2.000000;-255.185181;-291.324249;1995.141602;0.000000;0.000000;0.000000;0.000000;0.000000;2.000000;-186.929749;-84.003464;1907.222412;0.000000;0.000000;0.000000;0.000000;0.000000;2.000000;-162.066742;16.480652;1915.850830;0.000000;0.000000;0.000000;0.000000;0.000000;2.000000;-128.417603;89.073181;1985.998291;0.000000;0.000000;0.000000;0.000000;0.000000;2.000000;-99.262535;15.122162;1897.322144;0.000000;0.000000;0.000000;0.000000;0.000000;2.000000;80.098938;-150.980743;2043.912354;0.000000;0.000000;0.000000;0.000000;0.000000;2.000000;471.377350;-67.209152;2016.554932;0.000000;0.000000;0.000000;0.000000;0.000000;2.000000;449.839142;312.027344;1965.163452;0.000000;0.000000;0.000000;0.000000;0.000000;2.000000;595.579346;406.840576;1894.475098;0.000000;0.000000;0.000000;0.000000;0.000000;2.000000;-72.228729;-149.115646;1960.402466;0.000000;0.000000;0.000000;0.000000;0.000000;2.000000;85.489471;-11.059113;1618.958130;0.000000;0.000000;0.000000;0.000000;0.000000;2.000000;54.351135;374.401367;1640.944824;0.000000;0.000000;0.000000;0.000000;0.000000;2.000000;107.966736;462.280334;1502.302002;0.000000;0.000000;0.000000;0.000000;0.000000;2.000000;-84.651054;-743.681396;2110.406250;0.000000;0.000000;0.000000;0.000000;0.000000;2.000000;-12.373283;-717.101074;1969.032593;0.000000;0.000000;0.000000;0.000000;0.000000;2.000000;0.844948;-764.458496;1995.997437;0.000000;0.000000;0.000000;0.000000;0.000000;2.000000;2.583282;-801.663086;2117.421387;0.000000;0.000000;0.000000;0.000000;0.000000;2.000000;-44.423424;-757.812012;1970.495117;0.000000;0.000000;0.000000;0.000000;0.000000;2.000000;-146.141327;-797.622070;2043.289795;0.000000;0.000000;0.000000;0.000000;0.000000;2.000000;9346899968.000000
0.000000;-150.000000;2000.000000;0.000000;0.000000;0.000000;0.000000;0.000000;2.000000;-39.263145;-310.552307;2068.032715;0.000000;0.000000;0.000000;0.000000;0.000000;2.000000;-62.429565;-445.985901;2107.265137;0.000000;0.000000;0.000000;0.000000;0.000000;2.000000;-83.783134;-662.185669;2117.842285;0.000000;0.000000;0.000000;0.000000;0.000000;2.000000;-52.298386;-628.602661;2134.938965;0.000000;0.000000;0.000000;0.000000;0.000000;2.000000;73.746948;-602.544006;2197.748291;0.000000;0.000000;0.000000;0.000000;0.000000;2.000000;164.313263;-363.397522;2303.843262;0.000000;0.000000;0.000000;0.000000;0.000000;2.000000;216.186981;-207.409622;2139.612305;0.000000;0.000000;0.000000;0.000000;0.000000;2.000000;211.653931;-155.308197;2058.546143;0.000000;0.000000;0.000000;0.000000;0.000000;2.000000;210.395691;-89.956558;1972.251221;0.000000;0.000000;0.000000;0.000000;0.000000;2.000000;169.705872;-118.795258;2075.242188;0.000000;0.000000;0.000000;0.000000;0.000000;2.000000;-109.222816;-624.132690;2099.087402;0.000000;0.000000;0.000000;0.000000;0.000000;2.000000;-206.654236;-566.838989;2031.382690;0.000000;0.000000;0.000000;0.000000;0.000000;2.000000;-255.185181;-291.324249;1995.141602;0.000000;0.000000;0.000000;0.000000;0.000000;2.000000;-186.929749;-84.003464;1907.222412;0.000000;0.000000;0.000000;0.000000;0.000000;2.000000;-162.066742;16.480652;1915.850830;0.000000;0.000000;0.000000;0.000000;0.000000;2.000000;-128.417603;89.073181;1985.998291;0.000000;0.000000;0.000000;0.000000;0.000000;2.000000;-99.262535;15.122162;1897.322144;0.000000;0.000000;0.000000;0.000000;0.000000;2.000000;80.098938;-150.980743;2043.912354;0.000000;0.000000;0.000000;0.000000;0.000000;2.000000;471.377350;-67.209152;2016.554932;0.000000;0.000000;0.000000;0.000000;0.000000;2.000000;449.839142;312.027344;1965.163452;0.000000;0.000000;0.000000;0.000000;0.000000;2.000000;595.579346;406.840576;1894.475098;0.000000;0.000000;0.000000;0.000000;0.000000;2.000000;-72.228729;-149.115646;1960.402466;0.000000;0.000000;0.000000;0.000000;0.000000;2.000000;85.489471;-11.059113;1618.958130;0.000000;0.000000;0.000000;0.000000;0.000000;2.000000;54.351135;374.401367;1640.944824;0.000000;0.000000;0.000000;0.000000;0.000000;2.000000;107.966736;462.280334;1502.302002;0.000000;0.000000;0.000000;0.000000;0.000000;2.000000;-84.651054;-743.681396;2110.406250;0.000000;0.000000;0.000000;0.000000;0.000000;2.000000;-12.373283;-717.101074;1969.032593;0.000000;0.000000;0.000000;0.000000;0.000000;2.000000;0.844948;-764.458496;1995.997437;0.000000;0.000000;0.000000;0.000000;0.000000;2.000000;2.583282;-801.663086;2117.421387;0.000000;0.000000;0.000000;0.000000;0.000000;2.000000;-44.423424;-757.812012;1970.495117;0.000000;0.000000;0.000000;0.000000;0.000000;2.000000;-146.141327;-797.622070;2043.289795;0.000000;0.000000;0.000000;0.000000;0.000000;2.000000;9346933760.000000
0.000000;-150.000000;2000.000000;0.000000;0.000000;0.000000;0.000000;0.000000;2.000000;-39.263145;-310.552307;2068.032715;0.000000;0.000000;0.000000;0.000000;0.000000;2.000000;-62.429565;-445.985901;2107.265137;0.000000;0.000000;0.000000;0.000000;0.000000;2.000000;-83.783134;-662.185669;2117.842285;0.000000;0.000000;0.000000;0.000000;0.000000;2.000000;-52.298386;-628.602661;2134.938965;0.000000;0.000000;0.000000;0.000000;0.000000;2.000000;73.746948;-602.544006;2197.748291;0.000000;0.000000;0.000000;0.000000;0.000000;2.000000;164.313263;-363.397522;2303.843262;0.000000;0.000000;0.000000;0.000000;0.000000;2.000000;216.186981;-207.409622;2139.612305;0.000000;0.000000;0.000000;0.000000;0.000000;2.000000;211.653931;-155.308197;2058.546143;0.000000;0.000000;0.000000;0.000000;0.000000;2.000000;210.395691;-89.956558;1972.251221;0.000000;0.000000;0.000000;0.000000;0.000000;2.000000;169.705872;-118.795258;2075.242188;0.000000;0.000000;0.000000;0.000000;0.000000;2.000000;-109.222816;-624.132690;2099.087402;0.000000;0.000000;0.000000;0.000000;0.000000;2.000000;-206.654236;-566.838989;2031.382690;0.000000;0.000000;0.000000;0.000000;0.000000;2.000000;-255.185181;-291.324249;1995.141602;0.000000;0.000000;0.000000;0.000000;0.000000;2.000000;-186.929749;-84.003464;1907.222412;0.000000;0.000000;0.000000;0.000000;0.000000;2.000000;-162.066742;16.480652;1915.850830;0.000000;0.000000;0.000000;0.000000;0.000000;2.000000;-128.417603;89.073181;1985.998291;0.000000;0.000000;0.000000;0.000000;0.000000;2.000000;-99.262535;15.122162;1897.322144;0.000000;0.000000;0.000000;0.000000;0.000000;2.000000;80.098938;-150.980743;2043.912354;0.000000;0.000000;0.000000;0.000000;0.000000;2.000000;471.377350;-67.209152;2016.554932;0.000000;0.000000;0.000000;0.000000;0.000000;2.000000;449.839142;312.027344;1965.163452;0.000000;0.000000;0.000000;0.000000;0.000000;2.000000;595.579346;406.840576;1894.475098;0.000000;0.000000;0.000000;0.000000;0.000000;2.000000;-72.228729;-149.115646;1960.402466;0.000000;0.000000;0.000000;0.000000;0.000000;2.000000;85.489471;-11.059113;1618.958130;0.000000;0.000000;0.000000;0.000000;0.000000;2.000000;54.351135;374.401367;1640.944824;0.000000;0.000000;0.000000;0.000000;0.000000;2.000000;107.966736;462.280334;1502.302002;0.000000;0.000000;0.000000;0.000000;0.000000;2.000000;-84.651054;-743.681396;2110.406250;0.000000;0.000000;0.000000;0.000000;0.000000;2.000000;-12.373283;-717.101074;1969.032593;0.000000;0.000000;0.000000;0.000000;0.000000;2.000000;0.844948;-764.458496;1995.997437;0.000000;0.000000;0.000000;0.000000;0.000000;2.000000;2.583282;-801.663086;2117.421387;0.000000;0.000000;0.000000;0.000000;0.000000;2.000000;-44.423424;-757.812012;1970.495117;0.000000;0.000000;0.000000;0.000000;0.000000;2.000000;-146.141327;-797.622070;2043.289795;0.000000;0.000000;0.000000;0.000000;0.000000;2.000000;9346966528.000000
0.000000;-150.000000;2000.000000;0.000000;0.000000;0.000000;0.000000;0.000000;2.000000;-39.263145;-310.552307;2068.032715;0.000000;0.000000;0.000000;0.000000;0.000000;2.000000;-62.429565;-445.985901;2107.265137;0.000000;0.000000;0.000000;0.000000;0.000000;2.000000;-83.783134;-662.185669;2117.842285;0.000000;0.000000;0.000000;0.000000;0.000000;2.000000;-52.298386;-628.602661;2134.938965;0.000000;0.000000;0.000000;0.000000;0.000000;2.000000;73.746948;-602.544006;2197.748291;0.000000;0.000000;0.000000;0.000000;0.000000;2.000000;164.313263;-363.397522;2303.843262;0.000000;0.000000;0.000000;0.000000;0.000000;2.000000;216.186981;-207.409622;2139.612305;0.000000;0.000000;0.000000;0.000000;0.000000;2.000000;211.653931;-155.308197;2058.546143;0.000000;0.000000;0.000000;0.000000;0.000000;2.000000;210.395691;-89.956558;1972.251221;0.000000;0.000000;0.000000;0.000000;0.000000;2.000000;169.705872;-118.795258;2075.242188;0.000000;0.000000;0.000000;0.000000;0.000000;2.000000;-109.222816;-624.132690;2099.087402;0.000000;0.000000;0.000000;0.000000;0.000000;2.000000;-206.654236;-566.838989;2031.382690;0.000000;0.000000;0.000000;0.000000;0.000000;2.000000;-255.185181;-291.324249;1995.141602;0.000000;0.000000;0.000000;0.000000;0.000000;2.000000;-186.929749;-84.003464;1907.222412;0.000000;0.000000;0.000000;0.000000;0.000000;2.000000;-162.066742;16.480652;1915.850830;0.000000;0.000000;0.000000;0.000000;0.000000;2.000000;-128.417603;89.073181;1985.998291;0.000000;0.000000;0.000000;0.000000;0.000000;2.000000;-99.262535;15.122162;1897.322144;0.000000;0.000000;0.000000;0.000000;0.000000;2.000000;80.098938;-150.980743;2043.912354;0.000000;0.000000;0.000000;0.000000;0.000000;2.000000;471.377350;-67.209152;2016.554932;0.000000;0.000000;0.000000;0.000000;0.000000;2.000000;449.839142;312.027344;1965.163452;0.000000;0.000000;0.000000;0.000000;0.000000;2.000000;595.579346;406.840576;1894.475098;0.000000;0.000000;0.000000;0.000000;0.000000;2.000000;-72.228729;-149.115646;1960.402466;0.000000;0.000000;0.000000;0.000000;0.000000;2.000000;85.489471;-11.059113;1618.958130;0.000000;0.000000;0.000000;0.000000;0.000000;2.000000;54.351135;374.401367;1640.944824;0.000000;0.000000;0.000000;0.000000;0.000000;2.000000;107.966736;462.280334;1502.302002;0.000000;0.000000;0.000000;0.000000;0.000000;2.000000;-84.651054;-743.681396;2110.406250;0.000000;0.000000;0.000000;0.000000;0.000000;2.000000;-12.373283;-717.101074;1969.032593;0.000000;0.000000;0.000000;0.000000;0.000000;2.000000;0.844948;-764.458496;1995.997437;0.000000;0.000000;0.000000;0.000000;0.000000;2.000000;2.583282;-801.663086;2117.421387;0.000000;0.000000;0.000000;0.000000;0.000000;2.000000;-44.423424;-757.812012;1970.495117;0.000000;0.000000;0.000000;0.000000;0.000000;2.000000;-146.141327;-797.622070;2043.289795;0.000000;0.000000;0.000000;0.000000;0.000000;2.000000;9347000320.000000
0.000000;-150.000000;2000.000000;0.000000;0.000000;0.000000;0.000000;0.000000;2.000000;-39.263145;-310.552307;2068.032715;0.000000;0.000000;0.000000;0.000000;0.000000;2.000000;-62.429565;-445.985901;2107.265137;0.000000;0.000000;0.000000;0.000000;0.000000;2.000000;-83.783134;-662.185669;2117.842285;0.000000;0.000000;0.000000;0.000000;0.000000;2.000000;-52.298386;-628.602661;2134.938965;0.000000;0.000000;0.000000;0.000000;0.000000;2.000000;73.746948;-602.544006;2197.748291;0.000000;0.000000;0.000000;0.000000;0.000000;2.000000;164.313263;-363.397522;2303.843262;0.000000;0.000000;0.000000;0.000000;0.000000;2.000000;216.186981;-207.409622;2139.612305;0.000000;0.000000;0.000000;0.000000;0.000000;2.000000;211.653931;-155.308197;2058.546143;0.000000;0.000000;0.000000;0.000000;0.000000;2.000000;210.395691;-89.956558;1972.251221;0.000000;0.000000;0.000000;0.000000;0.000000;2.000000;169.705872;-118.795258;2075.242188;0.000000;0.000000;0.000000;0.000000;0.000000;2.000000;-109.222816;-624.132690;2099.087402;0.000000;0.000000;0.000000;0.000000;0.000000;2.000000;-206.654236;-566.838989;2031.382690;0.000000;0.000000;0.000000;0.000000;0.000000;2.000000;-255.185181;-291.324249;1995.141602;0.000000;0.000000;0.000000;0.000000;0.000000;2.000000;-186.929749;-84.003464;1907.222412;0.000000;0.000000;0.000000;0.000000;0.000000;2.000000;-162.066742;16.480652;1915.850830;0.000000;0.000000;0.000000;0.000000;0.000000;2.000000;-128.417603;89.073181;1985.998291;0.000000;0.000000;0.000000;0.000000;0.000000;2.000000;-99.262535;15.122162;1897.322144;0.000000;0.000000;0.000000;0.000000;0.000000;2.000000;80.098938;-150.980743;2043.912354;0.000000;0.000000;0.000000;0.000000;0.000000;2.000000;471.377350;-67.209152;2016.554932;0.000000;0.000000;0.000000;0.000000;0.000000;2.000000;449.839142;312.027344;1965.163452;0.000000;0.000000;0.000000;0.000000;0.000000;2.000000;595.579346;406.840576;1894.475098;0.000000;0.000000;0.000000;0.000000;0.000000;2.000000;-72.228729;-149.115646;1960.402466;0.000000;0.000000;0.000000;0.000000;0.000000;2.000000;85.489471;-11.059113;1618.958130;0.000000;0.000000;0.000000;0.000000;0.000000;2.000000;54.351135;374.401367;1640.944824;0.000000;0.000000;0.000000;0.000000;0.000000;2.000000;107.966736;462.280334;1502.302002;0.000000;0.000000;0.000000;0.000000;0.000000;2.000000;-84.651054;-743.681396;2110.406250;0.000000;0.000000;0.000000;0.000000;0.000000;2.000000;-12.373283;-717.101074;1969.032593;0.000000;0.000000;0.000000;0.000000;0.000000;2.000000;0.844948;-764.458496;1995.997437;0.000000;0.000000;0.000000;0.000000;0.000000;2.000000;2.583282;-801.663086;2117.421387;0.000000;0.000000;0.000000;0.000000;0.000000;2.000000;-44.423424;-757.812012;1970.495117;0.000000;0.000000;0.000000;0.000000;0.000000;2.000000;-146.141327;-797.622070;2043.289795;0.000000;0.000000;0.000000;0.000000;0.000000;2.000000;9347033088.000000
0.000000;-150.000000;2000.000000;0.000000;0.000000;0.000000;0.000000;0.000000;2.000000;-39.263145;-310.552307;2068.032715;0.000000;0.000000;0.000000;0.000000;0.000000;2.000000;-62.429565;-445.985901;2107.265137;0.000000;0.000000;0.000000;0.000000;0.000000;2.000000;-83.783134;-662.185669;2117.842285;0.000000;0.000000;0.000000;0.000000;0.000000;2.000000;-52.298386;-628.602661;2134.938965;0.000000;0.000000;0.000000;0.000000;0.000000;2.000000;73.746948;-602.544006;2197.748291;0.000000;0.000000;0.000000;0.000000;0.000000;2.000000;164.313263;-363.397522;2303.843262;0.000000;0.000000;0.000000;0.000000;0.000000;2.000000;216.186981;-207.409622;2139.612305;0.000000;0.000000;0.000000;0.000000;0.000000;2.000000;211.653931;-155.308197;2058.546143;0.000000;0.000000;0.000000;0.000000;0.000000;2.000000;210.395691;-89.956558;1972.251221;0.000000;0.000000;0.000000;0.000000;0.000000;2.000000;169.705872;-118.795258;2075.242188;0.000000;0.000000;0.000000;0.000000;0.000000;2.000000;-109.222816;-624.132690;2099.087402;0.000000;0.000000;0.000000;0.000000;0.000000;2.000000;-206.654236;-566.838989;2031.382690;0.000000;0.000000;0.000000;0.000000;0.000000;2.000000;-255.185181;-291.324249;1995.141602;0.000000;0.000000;0.000000;0.000000;0.000000;2.000000;-186.929749;-84.003464;1907.222412;0.000000;0.000000;0.000000;0.000000;0.000000;2.000000;-162.066742;16.480652;1915.850830;0.000000;0.000000;0.000000;0.000000;0.000000;2.000000;-128.417603;89.073181;1985.998291;0.000000;0.000000;0.000000;0.000000;0.000000;2.000000;-99.262535;15.122162;1897.322144;0.000000;0.000000;0.000000;0.000000;0.000000;2.000000;80.098938;-150.980743;2043.912354;0.000000;0.000000;0.000000;0.000000;0.000000;2.000000;471.377350;-67.209152;2016.554932;0.000000;0.000000;0.000000;0.000000;0.000000;2.000000;449.839142;312.027344;1965.163452;0.000000;0.000000;0.000000;0.000000;0.000000;2.000000;595.579346;406.840576;1894.475098;0.000000;0.000000;0.000000;0.000000;0.000000;2.000000;-72.228729;-149.115646;1960.402466;0.000000;0.000000;0.000000;0.000000;0.000000;2.000000;85.489471;-11.059113;1618.958130;0.000000;0.000000;0.000000;0.000000;0.000000;2.000000;54.351135;374.401367;1640.944824;0.000000;0.000000;0.000000;0.000000;0.000000;2.000000;107.966736;462.280334;1502.302002;0.000000;0.000000;0.000000;0.000000;0.000000;2.000000;-84.651054;-743.681396;2110.406250;0.000000;0.000000;0.000000;0.000000;0.000000;2.000000;-12.373283;-717.101074;1969.032593;0.000000;0.000000;0.000000;0.000000;0.000000;2.000000;0.844948;-764.458496;1995.997437;0.000000;0.000000;0.000000;0.000000;0.000000;2.000000;2.583282;-801.663086;2117.421387;0.000000;0.000000;0.000000;0.000000;0.000000;2.000000;-44.423424;-757.812012;1970.495117;0.000000;0.000000;0.000000;0.000000;0.000000;2.000000;-146.141327;-797.622070;2043.289795;0.000000;0.000000;0.000000;0.000000;0.000000;2.000000;9347066880.000000
0.000000;-150.000000;2000.000000;0.000000;0.000000;0.000000;0.000000;0.000000;2.000000;-39.263145;-310.552307;2068.032715;0.000000;0.000000;0.000000;0.000000;0.000000;2.000000;-62.429565;-445.985901;2107.265137;0.000000;0.000000;0.000000;0.000000;0.000000;2.000000;-83.783134;-662.185669;2117.842285;0.000000;0.000000;0.000000;0.000000;0.000000;2.000000;-52.298386;-628.602661;2134.938965;0.000000;0.000000;0.000000;0.000000;0.000000;2.000000;73.746948;-602.544006;2197.748291;0.000000;0.000000;0.000000;0.000000;0.000000;2.000000;164.313263;-363.397522;2303.843262;0.000000;0.000000;0.000000;0.000000;0.000000;2.000000;216.186981;-207.409622;2139.612305;0.000000;0.000000;0.000000;0.000000;0.000000;2.000000;211.653931;-155.308197;2058.546143;0.000000;0.000000;0.000000;0.000000;0.000000;2.000000;210.395691;-89.956558;1972.251221;0.000000;0.000000;0.000000;0.000000;0.000000;2.000000;169.705872;-118.795258;2075.242188;0.000000;0.000000;0.000000;0.000000;0.000000;2.000000;-109.222816;-624.132690;2099.087402;0.000000;0.000000;0.000000;0.000000;0.000000;2.000000;-206.654236;-566.838989;2031.382690;0.000000;0.000000;0.000000;0.000000;0.000000;2.000000;-255.185181;-291.324249;1995.141602;0.000000;0.000000;0.000000;0.000000;0.000000;2.000000;-186.929749;-84.003464;1907.222412;0.000000;0.000000;0.000000;0.000000;0.000000;2.000000;-162.066742;16.480652;1915.850830;0.000000;0.000000;0.000000;0.000000;0.000000;2.000000;-128.417603;89.073181;1985.998291;0.000000;0.000000;0.000000;0.000000;0.000000;2.000000;-99.262535;15.122162;1897.322144;0.000000;0.000000;0.000000;0.000000;0.000000;2.000000;80.098938;-150.980743;2043.912354;0.000000;0.000000;0.000000;0.000000;0.000000;2.000000;471.377350;-67.209152;2016.554932;0.000000;0.000000;0.000000;0.000000;0.000000;2.000000;449.839142;312.027344;1965.163452;0.000000;0.000000;0.000000;0.000000;0.000000;2.000000;595.579346;406.840576;1894.475098;0.000000;0.000000;0.000000;0.000000;0.000000;2.000000;-72.228729;-149.115646;1960.402466;0.000000;0.000000;0.000000;0.000000;0.000000;2.000000;85.489471;-11.059113;1618.958130;0.000000;0.000000;0.000000;0.000000;0.000000;2.000000;54.351135;374.401367;1640.944824;0.000000;0.000000;0.000000;0.000000;0.000000;2.000000;107.966736;462.280334;1502.302002;0.000000;0.000000;0.000000;0.000000;0.000000;2.000000;-84.651054;-743.681396;2110.406250;0.000000;0.000000;0.000000;0.000000;0.000000;2.000000;-12.373283;-717.101074;1969.032593;0.000000;0.000000;0.000000;0.000000;0.000000;2.000000;0.844948;-764.458496;1995.997437;0.000000;0.000000;0.000000;0.000000;0.000000;2.000000;2.583282;-801.663086;2117.421387;0.000000;0.000000;0.000000;0.000000;0.000000;2.000000;-44.423424;-757.812012;1970.495117;0.000000;0.000000;0.000000;0.000000;0.000000;2.000000;-146.141327;-797.622070;2043.289795;0.000000;0.000000;0.000000;0.000000;0.000000;2.000000;9347099648.000000
0.000000;-150.000000;2000.000000;0.000000;0.000000;0.000000;0.000000;0.000000;2.000000;-42.170193;-308.743103;2068.735596;0.103440;0.000000;0.000000;0.000000;0.000000;2.000000;-69.854065;-441.628387;2111.592773;0.285136;0.000000;0.000000;0.000000;0.000000;2.000000;-88.551117;-657.397461;2118.054199;0.200065;0.000000;0.000000;0.000000;0.000000;2.000000;-57.102856;-623.963562;2134.968750;0.197642;0.000000;0.000000;0.000000;0.000000;2.000000;69.790878;-588.456299;2189.663574;0.494719;0.000000;0.000000;0.000000;0.000000;2.000000;165.904648;-354.568451;2299.757324;0.291725;0.000000;0.000000;0.000000;0.000000;2.000000;219.438049;-178.484741;2159.365723;1.040984;0.000000;0.000000;0.000000;0.000000;2.000000;222.603195;-134.262054;2074.102539;0.839533;0.000000;0.000000;0.000000;0.000000;2.000000;208.054489;-89.229965;1977.201050;0.163458;0.000000;0.000000;0.000000;0.000000;2.000000;176.224075;-109.132568;2059.861084;0.571097;0.000000;0.000000;0.000000;0.000000;2.000000;-114.781296;-619.388672;2100.864258;0.222556;0.000000;0.000000;0.000000;0.000000;2.000000;-211.149597;-558.025391;2036.257202;0.326392;0.000000;0.000000;0.000000;0.000000;2.000000;-262.310516;-284.912354;1994.316162;0.284713;0.000000;0.000000;0.000000;0.000000;2.000000;-198.509247;-76.796844;1907.347778;0.403631;0.000000;0.000000;0.000000;0.000000;2.000000;-172.208664;22.879883;1916.281860;0.355107;0.000000;0.000000;0.000000;0.000000;2.000000;-110.218216;87.967682;1972.465576;0.671942;0.000000;0.000000;0.000000;0.000000;2.000000;-98.970856;17.451752;1877.336060;0.595511;0.000000;0.000000;0.000000;0.000000;2.000000;80.723129;-153.310013;2041.880249;0.093321;0.000000;0.000000;0.000000;0.000000;2.000000;468.595795;-60.493210;2017.963501;0.219117;0.000000;0.000000;0.000000;0.000000;2.000000;445.217194;315.477386;1955.522461;0.332460;0.000000;0.000000;0.000000;0.000000;2.000000;585.320801;420.083588;1889.301758;0.518827;0.000000;0.000000;0.000000;0.000000;2.000000;-72.791595;-147.015228;1962.234741;0.084149;0.000000;0.000000;0.000000;0.000000;2.000000;76.020439;-0.175903;1622.261230;0.437951;0.000000;0.000000;0.000000;0.000000;2.000000;38.854584;383.803741;1630.092285;0.625190;0.000000;0.000000;0.000000;0.000000;2.000000;93.853912;468.119354;1490.605225;0.569291;0.000000;0.000000;0.000000;0.000000;2.000000;-88.750351;-738.409546;2108.929199;0.202399;0.000000;0.000000;0.000000;0.000000;2.000000;-23.898067;-711.458984;1964.754272;0.400278;0.000000;0.000000;0.000000;0.000000;2.000000;-11.471668;-759.916260;1989.612305;0.431995;0.000000;0.000000;0.000000;0.000000;2.000000;-4.471939;-800.324585;2109.301514;0.320778;0.000000;0.000000;0.000000;0.000000;2.000000;-57.600552;-750.506836;1967.110474;0.456975;0.000000;0.000000;0.000000;0.000000;2.000000;-156.315811;-787.375610;2044.533936;0.428900;0.000000;0.000000;0.000000;0.000000;2.000000;9347133440.000000
0.000000;-150.000000;2000.000000;0.000000;0.000000;0.000000;0.000000;0.000000;2.000000;-41.659149;-307.422546;2072.397461;0.119815;0.000000;0.000000;0.000000;0.000000;2.000000;-69.766441;-438.848328;2119.672852;0.260785;0.000000;0.000000;0.000000;0.000000;2.000000;-86.488617;-654.963379;2126.445313;0.273961;0.000000;0.000000;0.000000;0.000000;2.000000;-55.229721;-621.198975;2143.179443;0.270502;0.000000;0.000000;0.000000;0.000000;2.000000;73.162949;-585.942932;2194.782715;0.202185;0.000000;0.000000;0.000000;0.000000;2.000000;172.032074;-354.425507;2308.016846;0.313880;0.000000;0.000000;0.000000;0.000000;2.000000;229.305008;-168.304108;2182.497559;0.827968;0.000000;0.000000;0.000000;0.000000;2.000000;226.831726;-130.076904;2094.267578;0.641613;0.000000;0.000000;0.000000;0.000000;2.000000;206.773987;-88.744263;1996.597656;0.593411;0.000000;0.000000;0.000000;0.000000;2.000000;181.435867;-111.175171;2071.312012;0.388975;0.000000;0.000000;0.000000;0.000000;2.000000;-113.174500;-617.177551;2109.339844;0.271772;0.000000;0.000000;0.000000;0.000000;2.000000;-210.349594;-559.616943;2042.251587;0.190840;0.000000;0.000000;0.000000;0.000000;2.000000;-266.143768;-286.768250;2002.900757;0.292449;0.000000;0.000000;0.000000;0.000000;2.000000;-198.930740;-79.642868;1915.576660;0.266032;0.000000;0.000000;0.000000;0.000000;2.000000;-187.946640;22.436218;1929.188110;0.621280;0.000000;0.000000;0.000000;0.000000;2.000000;-95.066612;71.678802;1914.893555;1.883564;0.000000;0.000000;0.000000;0.000000;2.000000;-95.724068;5.181366;1865.783447;0.523772;0.000000;0.000000;0.000000;0.000000;2.000000;81.212585;-152.564102;2041.156250;0.035064;0.000000;0.000000;0.000000;0.000000;2.000000;469.652618;-57.727081;2035.101929;0.530773;0.000000;0.000000;0.000000;0.000000;2.000000;443.907623;317.272369;1966.024780;0.327600;0.000000;0.000000;0.000000;0.000000;2.000000;583.933655;416.140656;1890.946899;0.137083;0.000000;0.000000;0.000000;0.000000;2.000000;-73.232964;-147.687836;1962.887695;0.031620;0.000000;0.000000;0.000000;0.000000;2.000000;60.072735;-6.377609;1613.841309;0.581987;0.000000;0.000000;0.000000;0.000000;2.000000;37.518509;378.742035;1631.793823;0.167989;0.000000;0.000000;0.000000;0.000000;2.000000;92.633804;466.681366;1494.417114;0.129788;0.000000;0.000000;0.000000;0.000000;2.000000;-86.000519;-736.055298;2117.391602;0.280888;0.000000;0.000000;0.000000;0.000000;2.000000;-31.742342;-711.865112;1968.276978;0.262712;0.000000;0.000000;0.000000;0.000000;2.000000;-13.897581;-757.757446;1994.762085;0.185796;0.000000;0.000000;0.000000;0.000000;2.000000;3.159502;-790.863037;2115.794678;0.420568;0.000000;0.000000;0.000000;0.000000;2.000000;-61.880585;-753.367188;1974.614136;0.277702;0.000000;0.000000;0.000000;0.000000;2.000000;-152.749496;-793.854004;2059.658203;0.513776;0.000000;0.000000;0.000000;0.000000;2.000000;9347166208.000000
0.000000;-150.000000;2000.000000;0.000000;0.000000;0.000000;0.000000;0.000000;2.000000;-41.204193;-306.930145;2070.563477;0.057785;0.000000;0.000000;0.000000;0.000000;2.000000;-69.913666;-436.780273;2118.749023;0.067170;0.000000;0.000000;0.000000;0.000000;2.000000;-87.141624;-651.357056;2122.985840;0.149143;0.000000;0.000000;0.000000;0.000000;2.000000;-56.147217;-618.105225;2140.206055;0.129852;0.000000;0.000000;0.000000;0.000000;2.000000;70.578636;-583.825073;2193.723145;0.103730;0.000000;0.000000;0.000000;0.000000;2.000000;171.389282;-356.443115;2308.793945;0.066750;0.000000;0.000000;0.000000;0.000000;2.000000;233.238785;-174.186646;2182.836426;0.209658;0.000000;0.000000;0.000000;0.000000;2.000000;234.543365;-133.558350;2096.423828;0.258390;0.000000;0.000000;0.000000;0.000000;2.000000;213.567886;-84.600769;2003.437012;0.310516;0.000000;0.000000;0.000000;0.000000;2.000000;179.936798;-102.555984;2082.749023;0.426119;0.000000;0.000000;0.000000;0.000000;2.000000;-113.402977;-613.585510;2106.212891;0.141095;0.000000;0.000000;0.000000;0.000000;2.000000;-209.947220;-554.549744;2041.374756;0.152646;0.000000;0.000000;0.000000;0.000000;2.000000;-265.867889;-284.020721;2000.604248;0.106283;0.000000;0.000000;0.000000;0.000000;2.000000;-200.392868;-76.766418;1916.850586;0.102660;0.000000;0.000000;0.000000;0.000000;2.000000;-176.060562;22.704254;1926.125366;0.363319;0.000000;0.000000;0.000000;0.000000;2.000000;-92.731186;82.631592;1949.782227;1.084340;0.000000;0.000000;0.000000;0.000000;2.000000;-93.378151;9.003510;1864.301514;0.139772;0.000000;0.000000;0.000000;0.000000;2.000000;79.951683;-152.017532;2042.199341;0.051056;0.000000;0.000000;0.000000;0.000000;2.000000;464.529144;-55.056442;2024.151855;0.366385;0.000000;0.000000;0.000000;0.000000;2.000000;444.174561;318.648956;1961.717896;0.134038;0.000000;0.000000;0.000000;0.000000;2.000000;583.899170;421.107635;1894.659424;0.183511;0.000000;0.000000;0.000000;0.000000;2.000000;-72.095947;-148.180695;1961.947144;0.046039;0.000000;0.000000;0.000000;0.000000;2.000000;63.885452;-2.140640;1619.209229;0.231701;0.000000;0.000000;0.000000;0.000000;2.000000;36.648979;380.042206;1633.608887;0.070905;0.000000;0.000000;0.000000;0.000000;2.000000;94.053085;466.491791;1497.777222;0.108087;0.000000;0.000000;0.000000;0.000000;2.000000;-86.802971;-731.764038;2113.116699;0.180816;0.000000;0.000000;0.000000;0.000000;2.000000;-25.462496;-709.955566;1967.661743;0.195091;0.000000;0.000000;0.000000;0.000000;2.000000;-12.640966;-757.272888;1993.698853;0.050779;0.000000;0.000000;0.000000;0.000000;2.000000;-3.146639;-793.410645;2113.741211;0.210243;0.000000;0.000000;0.000000;0.000000;2.000000;-58.943565;-748.588745;1972.037964;0.182653;0.000000;0.000000;0.000000;0.000000;2.000000;-155.383942;-782.414063;2052.279541;0.410324;0.000000;0.000000;0.000000;0.000000;2.000000;9347200000.000000
0.000000;-150.000000;2000.000000;0.000000;0.000000;0.000000;0.000000;0.000000;2.000000;-38.338028;-306.676697;2071.223389;0.087360;0.000000;0.000000;0.000000;0.000000;2.000000;-65.163422;-436.464203;2119.244141;0.141644;0.000000;0.000000;0.000000;0.000000;2.000000;-81.050812;-650.393188;2124.051514;0.185192;0.000000;0.000000;0.000000;0.000000;2.000000;-50.046623;-617.058716;2140.612793;0.183566;0.000000;0.000000;0.000000;0.000000;2.000000;77.204453;-581.986572;2190.995361;0.218911;0.000000;0.000000;0.000000;0.000000;2.000000;176.942200;-356.104004;2307.712402;0.167715;0.000000;0.000000;0.000000;0.000000;2.000000;239.567230;-164.898224;2197.871826;0.555516;0.000000;0.000000;0.000000;0.000000;2.000000;238.712463;-125.083000;2111.435547;0.524857;0.000000;0.000000;0.000000;0.000000;2.000000;230.111359;-77.761673;2016.085693;0.648649;0.000000;0.000000;0.000000;0.000000;2.000000;191.182465;-110.406128;2084.005371;0.407552;0.000000;0.000000;0.000000;0.000000;2.000000;-107.729149;-612.921570;2107.759277;0.175135;0.000000;0.000000;0.000000;0.000000;2.000000;-205.694855;-555.287231;2044.713501;0.161474;0.000000;0.000000;0.000000;0.000000;2.000000;-262.439697;-285.954376;2003.697266;0.148136;0.000000;0.000000;0.000000;0.000000;2.000000;-197.866302;-79.204437;1920.210938;0.143821;0.000000;0.000000;0.000000;0.000000;2.000000;-173.950592;20.348694;1924.390137;0.106746;0.000000;0.000000;0.000000;0.000000;2.000000;-85.199463;74.633484;1938.365356;0.468877;0.000000;0.000000;0.000000;0.000000;2.000000;-90.996689;1.564087;1860.855835;0.252649;0.000000;0.000000;0.000000;0.000000;2.000000;82.145569;-153.322006;2036.909424;0.173813;0.000000;0.000000;0.000000;0.000000;2.000000;465.321899;-57.063324;2015.463013;0.264937;0.000000;0.000000;0.000000;0.000000;2.000000;446.127808;316.021301;1956.951050;0.171134;0.000000;0.000000;0.000000;0.000000;2.000000;586.240234;419.399963;1893.998169;0.087956;0.000000;0.000000;0.000000;0.000000;2.000000;-74.074280;-147.004410;1966.717163;0.156732;0.000000;0.000000;0.000000;0.000000;2.000000;61.682114;-5.273178;1623.649170;0.173517;0.000000;0.000000;0.000000;0.000000;2.000000;42.003605;376.226685;1632.532104;0.197164;0.000000;0.000000;0.000000;0.000000;2.000000;95.247681;466.388672;1498.162354;0.037268;0.000000;0.000000;0.000000;0.000000;2.000000;-80.439003;-730.535522;2114.315918;0.195060;0.000000;0.000000;0.000000;0.000000;2.000000;-21.384018;-710.656677;1968.236328;0.123639;0.000000;0.000000;0.000000;0.000000;2.000000;-7.180325;-756.878906;1995.105713;0.167279;0.000000;0.000000;0.000000;0.000000;2.000000;4.417206;-789.894653;2115.412354;0.251742;0.000000;0.000000;0.000000;0.000000;2.000000;-53.746941;-749.847534;1973.838867;0.166964;0.000000;0.000000;0.000000;0.000000;2.000000;-148.156342;-784.038940;2055.606934;0.240322;0.000000;0.000000;0.000000;0.000000;2.000000;9347233792.000000
0.000000;-150.000000;2000.000000;0.000000;0.000000;0.000000;0.000000;0.000000;2.000000;-37.895500;-307.007019;2071.470703;0.018465;0.000000;0.000000;0.000000;0.000000;2.000000;-63.587059;-437.776001;2118.129639;0.071230;0.000000;0.000000;0.000000;0.000000;2.000000;-81.948982;-651.805115;2125.291504;0.063560;0.000000;0.000000;0.000000;0.000000;2.000000;-50.465187;-618.598267;2141.438965;0.054830;0.000000;0.000000;0.000000;0.000000;2.000000;78.613365;-585.746094;2189.274902;0.133299;0.000000;0.000000;0.000000;0.000000;2.000000;179.452759;-364.091248;2313.959473;0.318795;0.000000;0.000000;0.000000;0.000000;2.000000;242.166855;-169.742950;2208.983398;0.378340;0.000000;0.000000;0.000000;0.000000;2.000000;238.223526;-137.519943;2119.351074;0.450144;0.000000;0.000000;0.000000;0.000000;2.000000;233.688553;-96.719864;2020.567261;0.604444;0.000000;0.000000;0.000000;0.000000;2.000000;186.854446;-120.186050;2095.171387;0.471848;0.000000;0.000000;0.000000;0.000000;2.000000;-108.284271;-614.142029;2108.639160;0.048941;0.000000;0.000000;0.000000;0.000000;2.000000;-205.444458;-556.008179;2044.364014;0.025617;0.000000;0.000000;0.000000;0.000000;2.000000;-261.204712;-285.704987;2005.229614;0.060541;0.000000;0.000000;0.000000;0.000000;2.000000;-195.103607;-78.837799;1922.138184;0.103405;0.000000;0.000000;0.000000;0.000000;2.000000;-184.194672;22.620178;1933.231323;0.418733;0.000000;0.000000;0.000000;0.000000;2.000000;-98.813690;62.501129;1886.586060;1.675311;0.000000;0.000000;0.000000;0.000000;2.000000;-104.299728;6.281418;1883.715942;0.819900;0.000000;0.000000;0.000000;0.000000;2.000000;82.087692;-152.764130;2037.452515;0.023826;0.000000;0.000000;0.000000;0.000000;2.000000;465.669006;-55.135117;2017.118164;0.078270;0.000000;0.000000;0.000000;0.000000;2.000000;450.576599;319.816315;1965.624023;0.319218;0.000000;0.000000;0.000000;0.000000;2.000000;586.994080;419.844513;1889.582397;0.137380;0.000000;0.000000;0.000000;0.000000;2.000000;-74.022079;-147.507446;1966.227417;0.021485;0.000000;0.000000;0.000000;0.000000;2.000000;62.905663;-9.046021;1621.523315;0.137331;0.000000;0.000000;0.000000;0.000000;2.000000;42.136448;373.020233;1631.339478;0.104481;0.000000;0.000000;0.000000;0.000000;2.000000;98.200401;467.083771;1500.471680;0.116346;0.000000;0.000000;0.000000;0.000000;2.000000;-82.285393;-732.184570;2116.401611;0.098788;0.000000;0.000000;0.000000;0.000000;2.000000;-20.224422;-711.430603;1971.401855;0.105558;0.000000;0.000000;0.000000;0.000000;2.000000;-7.390404;-758.379761;1997.889893;0.096738;0.000000;0.000000;0.000000;0.000000;2.000000;1.479759;-793.357422;2118.094727;0.160948;0.000000;0.000000;0.000000;0.000000;2.000000;-53.510742;-750.099731;1975.899902;0.063776;0.000000;0.000000;0.000000;0.000000;2.000000;-150.145828;-783.572510;2055.688477;0.062410;0.000000;0.000000;0.000000;0.000000;2.000000;9347266560.000000
0.000000;-150.000000;2000.000000;0.000000;0.000000;0.000000;0.000000;0.000000;2.000000;-40.708801;-305.744324;2073.064941;0.102729;0.000000;0.000000;0.000000;0.000000;2.000000;-69.047928;-435.278015;2121.970215;0.210943;0.000000;0.000000;0.000000;0.000000;2.000000;-86.143456;-649.704468;2125.103027;0.138934;0.000000;0.000000;0.000000;0.000000;2.000000;-54.654488;-616.607910;2141.595703;0.137332;0.000000;0.000000;0.000000;0.000000;2.000000;75.522659;-584.826233;2187.519531;0.108650;0.000000;0.000000;0.000000;0.000000;2.000000;174.361008;-360.208496;2309.008301;0.239530;0.000000;0.000000;0.000000;0.000000;2.000000;242.087509;-162.563843;2213.249756;0.247145;0.000000;0.000000;0.000000;0.000000;2.000000;250.345718;-129.483124;2124.132813;0.453073;0.000000;0.000000;0.000000;0.000000;2.000000;241.696396;-90.642258;2024.730591;0.321999;0.000000;0.000000;0.000000;0.000000;2.000000;204.557236;-105.707672;2098.285889;0.683019;0.000000;0.000000;0.000000;0.000000;2.000000;-112.884789;-611.841675;2109.450684;0.154096;0.000000;0.000000;0.000000;0.000000;2.000000;-210.456940;-552.911560;2046.295288;0.183485;0.000000;0.000000;0.000000;0.000000;2.000000;-267.158173;-282.319366;2008.739624;0.227742;0.000000;0.000000;0.000000;0.000000;2.000000;-201.111984;-75.530258;1924.823853;0.217971;0.000000;0.000000;0.000000;0.000000;2.000000;-182.518845;25.473389;1927.556030;0.194410;0.000000;0.000000;0.000000;0.000000;2.000000;-99.877647;55.881470;1869.918945;0.531637;0.000000;0.000000;0.000000;0.000000;2.000000;-116.478523;10.846588;1894.073975;0.492036;0.000000;0.000000;0.000000;0.000000;2.000000;81.858902;-153.531403;2038.081055;0.030122;0.000000;0.000000;0.000000;0.000000;2.000000;465.018463;-54.987076;2009.056519;0.239382;0.000000;0.000000;0.000000;0.000000;2.000000;445.651855;320.560516;1960.917236;0.202793;0.000000;0.000000;0.000000;0.000000;2.000000;581.737732;423.528900;1887.853638;0.196725;0.000000;0.000000;0.000000;0.000000;2.000000;-73.815773;-146.815582;1965.660645;0.027162;0.000000;0.000000;0.000000;0.000000;2.000000;50.813469;-3.472061;1617.887207;0.408457;0.000000;0.000000;0.000000;0.000000;2.000000;36.129704;379.075348;1632.380493;0.254273;0.000000;0.000000;0.000000;0.000000;2.000000;92.411186;469.480804;1498.852783;0.191513;0.000000;0.000000;0.000000;0.000000;2.000000;-86.117958;-729.967163;2114.625977;0.141175;0.000000;0.000000;0.000000;0.000000;2.000000;-31.869387;-706.248291;1966.816162;0.400860;0.000000;0.000000;0.000000;0.000000;2.000000;-14.014845;-751.571228;1993.333618;0.311778;0.000000;0.000000;0.000000;0.000000;2.000000;2.633360;-783.848877;2113.587402;0.313264;0.000000;0.000000;0.000000;0.000000;2.000000;-61.560982;-747.558777;1973.151123;0.262724;0.000000;0.000000;0.000000;0.000000;2.000000;-151.796249;-787.892822;2057.331055;0.145237;0.000000;0.000000;0.000000;0.000000;2.000000;9347300352.000000
0.000000;-150.000000;2000.000000;0.000000;0.000000;0.000000;0.000000;0.000000;2.000000;-38.866314;-305.977600;2071.992676;0.065445;0.000000;0.000000;0.000000;0.000000;2.000000;-66.151901;-435.463379;2120.118896;0.105047;0.000000;0.000000;0.000000;0.000000;2.000000;-83.489594;-649.095520;2121.434570;0.139420;0.000000;0.000000;0.000000;0.000000;2.000000;-51.904270;-616.320679;2137.860352;0.141830;0.000000;0.000000;0.000000;0.000000;2.000000;77.908508;-582.398987;2181.630371;0.207578;0.000000;0.000000;0.000000;0.000000;2.000000;177.222626;-356.807373;2298.575928;0.346063;0.000000;0.000000;0.000000;0.000000;2.000000;244.463730;-157.763489;2207.513672;0.239505;0.000000;0.000000;0.000000;0.000000;2.000000;253.721481;-120.313004;2120.627441;0.316817;0.000000;0.000000;0.000000;0.000000;2.000000;248.402924;-76.015930;2023.727661;0.491999;0.000000;0.000000;0.000000;0.000000;2.000000;231.051773;-83.867584;2104.464600;1.064677;0.000000;0.000000;0.000000;0.000000;2.000000;-110.225357;-611.189758;2106.452148;0.123921;0.000000;0.000000;0.000000;0.000000;2.000000;-207.517532;-551.127930;2044.939331;0.112792;0.000000;0.000000;0.000000;0.000000;2.000000;-261.254944;-281.512329;2003.784180;0.236498;0.000000;0.000000;0.000000;0.000000;2.000000;-198.089386;-73.697647;1922.598022;0.127478;0.000000;0.000000;0.000000;0.000000;2.000000;-176.148453;26.246613;1925.273926;0.207851;0.000000;0.000000;0.000000;0.000000;2.000000;-96.844681;55.350739;1863.154663;0.226810;0.000000;0.000000;0.000000;0.000000;2.000000;-114.329620;11.476273;1888.599121;0.180514;0.000000;0.000000;0.000000;0.000000;2.000000;82.670090;-154.274826;2035.368896;0.089321;0.000000;0.000000;0.000000;0.000000;2.000000;462.729065;-50.573044;2003.581177;0.225715;0.000000;0.000000;0.000000;0.000000;2.000000;447.365845;323.209442;1951.390137;0.306273;0.000000;0.000000;0.000000;0.000000;2.000000;583.344971;426.310638;1880.067261;0.257053;0.000000;0.000000;0.000000;0.000000;2.000000;-74.547256;-146.145203;1968.106323;0.080545;0.000000;0.000000;0.000000;0.000000;2.000000;59.728649;3.698624;1628.415039;0.474482;0.000000;0.000000;0.000000;0.000000;2.000000;38.981857;384.821320;1630.829346;0.201409;0.000000;0.000000;0.000000;0.000000;2.000000;95.272339;470.301117;1494.885254;0.151363;0.000000;0.000000;0.000000;0.000000;2.000000;-83.692932;-728.962952;2110.257813;0.155520;0.000000;0.000000;0.000000;0.000000;2.000000;-23.193825;-705.369690;1965.515747;0.269054;0.000000;0.000000;0.000000;0.000000;2.000000;-8.543945;-751.782349;1991.684326;0.174499;0.000000;0.000000;0.000000;0.000000;2.000000;2.075836;-786.794067;2111.373535;0.113721;0.000000;0.000000;0.000000;0.000000;2.000000;-54.899723;-745.168213;1969.964233;0.236867;0.000000;0.000000;0.000000;0.000000;2.000000;-149.632614;-782.465332;2049.753906;0.292001;0.000000;0.000000;0.000000;0.000000;2.000000;9347333120.000000
0.000000;-150.000000;2000.000000;0.000000;0.000000;0.000000;0.000000;0.000000;2.000000;-38.862858;-305.991913;2071.977539;0.000625;0.000000;0.000000;0.000000;0.000000;2.000000;-66.138031;-435.498077;2120.067871;0.001872;0.000000;0.000000;0.000000;0.000000;2.000000;-83.549911;-649.131897;2121.242432;0.006056;0.000000;0.000000;0.000000;0.000000;2.000000;-51.931767;-616.379700;2137.654297;0.006395;0.000000;0.000000;0.000000;0.000000;2.000000;77.974487;-582.683960;2181.336426;0.012272;0.000000;0.000000;0.000000;0.000000;2.000000;177.884171;-357.536865;2298.651367;0.029228;0.000000;0.000000;0.000000;0.000000;2.000000;244.723129;-159.388580;2205.348633;0.080477;0.000000;0.000000;0.000000;0.000000;2.000000;249.783615;-126.901802;2116.146240;0.263027;0.000000;0.000000;0.000000;0.000000;2.000000;232.690826;-90.280045;2017.416992;0.655171;0.000000;0.000000;0.000000;0.000000;2.000000;221.119370;-103.603577;2087.813721;0.818718;0.000000;0.000000;0.000000;0.000000;2.000000;-110.291641;-611.204163;2106.321289;0.004362;0.000000;0.000000;0.000000;0.000000;2.000000;-207.685608;-551.065308;2045.036499;0.006037;0.000000;0.000000;0.000000;0.000000;2.000000;-261.531952;-281.385559;2004.386230;0.019967;0.000000;0.000000;0.000000;0.000000;2.000000;-198.595581;-73.409470;1923.414185;0.029673;0.000000;0.000000;0.000000;0.000000;2.000000;-176.599152;26.528595;1925.990723;0.026410;0.000000;0.000000;0.000000;0.000000;2.000000;-97.621674;54.524750;1862.947754;0.034113;0.000000;0.000000;0.000000;0.000000;2.000000;-115.115479;11.825439;1889.190674;0.030888;0.000000;0.000000;0.000000;0.000000;2.000000;82.677078;-154.282349;2035.359253;0.000417;0.000000;0.000000;0.000000;0.000000;2.000000;462.726685;-50.367462;2003.999390;0.013791;0.000000;0.000000;0.000000;0.000000;2.000000;447.192749;323.444702;1951.983398;0.019569;0.000000;0.000000;0.000000;0.000000;2.000000;583.242004;426.665405;1880.951904;0.028370;0.000000;0.000000;0.000000;0.000000;2.000000;-74.553558;-146.138412;1968.115112;0.000378;0.000000;0.000000;0.000000;0.000000;2.000000;59.383087;3.681259;1628.264526;0.011166;0.000000;0.000000;0.000000;0.000000;2.000000;38.851311;384.828430;1630.594238;0.007961;0.000000;0.000000;0.000000;0.000000;2.000000;94.716629;470.187134;1494.391968;0.022247;0.000000;0.000000;0.000000;0.000000;2.000000;-83.795212;-728.993286;2110.004883;0.008123;0.000000;0.000000;0.000000;0.000000;2.000000;-24.323357;-705.427368;1964.827515;0.039179;0.000000;0.000000;0.000000;0.000000;2.000000;-9.425926;-751.799133;1990.932495;0.034300;0.000000;0.000000;0.000000;0.000000;2.000000;2.066452;-786.700378;2110.577637;0.023717;0.000000;0.000000;0.000000;0.000000;2.000000;-55.940784;-745.269775;1969.525269;0.033569;0.000000;0.000000;0.000000;0.000000;2.000000;-150.072342;-782.642029;2049.995117;0.015736;0.000000;0.000000;0.000000;0.000000;2.000000;9347366912.000000
0.000000;-150.000000;2000.000000;0.000000;0.000000;0.000000;0.000000;0.000000;2.000000;-40.562801;-307.089294;2069.625000;0.094695;0.000000;0.000000;0.000000;0.000000;2.000000;-69.488586;-436.576904;2117.768066;0.128316;0.000000;0.000000;0.000000;0.000000;2.000000;-85.971497;-650.771484;2120.672363;0.090927;0.000000;0.000000;0.000000;0.000000;2.000000;-54.483532;-617.662231;2136.952637;0.089748;0.000000;0.000000;0.000000;0.000000;2.000000;75.414505;-584.292358;2181.958252;0.094196;0.000000;0.000000;0.000000;0.000000;2.000000;177.900574;-359.085388;2298.420410;0.047783;0.000000;0.000000;0.000000;0.000000;2.000000;235.223969;-169.882904;2181.810303;0.838216;0.000000;0.000000;0.000000;0.000000;2.000000;252.076202;-140.128296;2092.865723;0.820110;0.000000;0.000000;0.000000;0.000000;2.000000;247.017456;-103.249207;1992.623535;0.959324;0.000000;0.000000;0.000000;0.000000;2.000000;208.465591;-116.023666;2060.848145;0.984881;0.000000;0.000000;0.000000;0.000000;2.000000;-112.898727;-613.003540;2105.312256;0.101458;0.000000;0.000000;0.000000;0.000000;2.000000;-210.540176;-551.833801;2044.801392;0.090501;0.000000;0.000000;0.000000;0.000000;2.000000;-264.394287;-280.774750;2009.189941;0.171664;0.000000;0.000000;0.000000;0.000000;2.000000;-203.226547;-71.744080;1928.021118;0.205724;0.000000;0.000000;0.000000;0.000000;2.000000;-184.091568;29.033859;1925.808716;0.241158;0.000000;0.000000;0.000000;0.000000;2.000000;-108.372437;51.499374;1856.460938;0.394150;0.000000;0.000000;0.000000;0.000000;2.000000;-120.727386;10.593155;1886.282104;0.196529;0.000000;0.000000;0.000000;0.000000;2.000000;81.047104;-153.411469;2039.520142;0.138941;0.000000;0.000000;0.000000;0.000000;2.000000;461.619019;-54.055328;1992.133789;0.380700;0.000000;0.000000;0.000000;0.000000;2.000000;439.072083;321.017883;1945.622314;0.323397;0.000000;0.000000;0.000000;0.000000;2.000000;576.815369;424.950989;1877.839722;0.224105;0.000000;0.000000;0.000000;0.000000;2.000000;-73.083740;-146.923737;1964.362915;0.125293;0.000000;0.000000;0.000000;0.000000;2.000000;49.495903;-2.240082;1617.008179;0.491631;0.000000;0.000000;0.000000;0.000000;2.000000;31.270861;379.881409;1622.880005;0.362948;0.000000;0.000000;0.000000;0.000000;2.000000;88.445572;466.855469;1487.748901;0.296753;0.000000;0.000000;0.000000;0.000000;2.000000;-85.816177;-730.911133;2110.075195;0.085053;0.000000;0.000000;0.000000;0.000000;2.000000;-35.973011;-708.056091;1960.810425;0.384523;0.000000;0.000000;0.000000;0.000000;2.000000;-17.600910;-753.322632;1986.915405;0.281835;0.000000;0.000000;0.000000;0.000000;2.000000;2.452606;-785.218018;2106.578125;0.130701;0.000000;0.000000;0.000000;0.000000;2.000000;-65.646637;-749.123718;1968.180420;0.321327;0.000000;0.000000;0.000000;0.000000;2.000000;-153.413589;-788.600159;2055.070313;0.259706;0.000000;0.000000;0.000000;0.000000;2.000000;9347399680.000000
0.000000;-150.000000;2000.000000;0.000000;0.000000;0.000000;0.000000;0.000000;2.000000;-37.316437;-306.400391;2071.781250;0.117118;0.000000;0.000000;0.000000;0.000000;2.000000;-65.336380;-433.724304;2124.887207;0.258086;0.000000;0.000000;0.000000;0.000000;2.000000;-80.751999;-647.450928;2125.067383;0.224565;0.000000;0.000000;0.000000;0.000000;2.000000;-49.309944;-614.502197;2141.381836;0.222182;0.000000;0.000000;0.000000;0.000000;2.000000;80.962334;-578.114746;2181.537109;0.246028;0.000000;0.000000;0.000000;0.000000;2.000000;183.898285;-355.230865;2300.359863;0.218649;0.000000;0.000000;0.000000;0.000000;2.000000;251.556076;-154.486618;2213.591797;1.151402;0.000000;0.000000;0.000000;0.000000;2.000000;261.376709;-124.689034;2123.878906;1.061507;0.000000;0.000000;0.000000;0.000000;2.000000;259.450104;-90.260208;2022.958130;1.043528;0.000000;0.000000;0.000000;0.000000;2.000000;224.689301;-113.527954;2088.001465;0.938955;0.000000;0.000000;0.000000;0.000000;2.000000;-107.961853;-609.707153;2110.579590;0.234855;0.000000;0.000000;0.000000;0.000000;2.000000;-203.877869;-547.168335;2049.447754;0.277197;0.000000;0.000000;0.000000;0.000000;2.000000;-259.527466;-277.068146;2015.063721;0.250974;0.000000;0.000000;0.000000;0.000000;2.000000;-198.710602;-69.443985;1931.798096;0.187044;0.000000;0.000000;0.000000;0.000000;2.000000;-183.531479;31.747803;1933.103760;0.230932;0.000000;0.000000;0.000000;0.000000;2.000000;-104.346146;58.802765;1869.962280;0.469619;0.000000;0.000000;0.000000;0.000000;2.000000;-117.691971;16.964569;1877.614380;0.330776;0.000000;0.000000;0.000000;0.000000;2.000000;82.254463;-152.919281;2036.400269;0.100064;0.000000;0.000000;0.000000;0.000000;2.000000;461.777039;-45.756226;2011.792114;0.631479;0.000000;0.000000;0.000000;0.000000;2.000000;445.936676;327.626465;1957.641357;0.453894;0.000000;0.000000;0.000000;0.000000;2.000000;581.009033;428.046875;1881.088745;0.181767;0.000000;0.000000;0.000000;0.000000;2.000000;-74.172470;-147.367554;1967.176147;0.090229;0.000000;0.000000;0.000000;0.000000;2.000000;54.509575;2.260635;1625.352539;0.317377;0.000000;0.000000;0.000000;0.000000;2.000000;36.883633;383.447083;1625.565796;0.212225;0.000000;0.000000;0.000000;0.000000;2.000000;93.551918;470.826172;1491.049927;0.214906;0.000000;0.000000;0.000000;0.000000;2.000000;-80.352516;-727.227295;2113.409180;0.218542;0.000000;0.000000;0.000000;0.000000;2.000000;-31.369032;-703.358032;1964.464233;0.222672;0.000000;0.000000;0.000000;0.000000;2.000000;-11.636396;-747.822754;1990.645264;0.264249;0.000000;0.000000;0.000000;0.000000;2.000000;9.344589;-778.605774;2110.094238;0.301185;0.000000;0.000000;0.000000;0.000000;2.000000;-59.662041;-745.204468;1971.946655;0.239245;0.000000;0.000000;0.000000;0.000000;2.000000;-145.923721;-787.032776;2058.735352;0.251081;0.000000;0.000000;0.000000;0.000000;2.000000;9347433472.000000
0.000000;-150.000000;2000.000000;0.000000;0.000000;0.000000;0.000000;0.000000;2.000000;-38.894508;-306.342407;2073.683594;0.075451;0.000000;0.000000;0.000000;0.000000;2.000000;-66.805351;-434.904266;2126.140137;0.069054;0.000000;0.000000;0.000000;0.000000;2.000000;-81.917648;-649.945374;2128.732422;0.139894;0.000000;0.000000;0.000000;0.000000;2.000000;-50.750771;-616.518677;2145.473633;0.145991;0.000000;0.000000;0.000000;0.000000;2.000000;79.960846;-583.488037;2189.903809;0.304988;0.000000;0.000000;0.000000;0.000000;2.000000;182.122787;-357.870209;2308.057617;0.254184;0.000000;0.000000;0.000000;0.000000;2.000000;249.483948;-160.189758;2210.950928;0.201956;0.000000;0.000000;0.000000;0.000000;2.000000;254.548508;-136.256668;2118.513672;0.441420;0.000000;0.000000;0.000000;0.000000;2.000000;246.750320;-109.161224;2014.985718;0.736285;0.000000;0.000000;0.000000;0.000000;2.000000;205.416122;-118.590118;2093.641602;0.632010;0.000000;0.000000;0.000000;0.000000;2.000000;-109.003448;-612.222046;2113.010254;0.111369;0.000000;0.000000;0.000000;0.000000;2.000000;-205.802856;-550.970703;2050.303711;0.132659;0.000000;0.000000;0.000000;0.000000;2.000000;-262.594696;-279.086182;2018.203491;0.147430;0.000000;0.000000;0.000000;0.000000;2.000000;-197.684601;-70.716965;1935.952515;0.136248;0.000000;0.000000;0.000000;0.000000;2.000000;-181.501053;30.957886;1935.557495;0.100140;0.000000;0.000000;0.000000;0.000000;2.000000;-105.378815;51.907257;1865.629395;0.250520;0.000000;0.000000;0.000000;0.000000;2.000000;-118.428665;16.027435;1882.892334;0.165127;0.000000;0.000000;0.000000;0.000000;2.000000;80.958504;-151.037720;2040.532837;0.144106;0.000000;0.000000;0.000000;0.000000;2.000000;464.695190;-53.703079;2004.385498;0.343273;0.000000;0.000000;0.000000;0.000000;2.000000;441.953583;320.986084;1945.809814;0.431525;0.000000;0.000000;0.000000;0.000000;2.000000;580.856445;430.017761;1887.287109;0.198546;0.000000;0.000000;0.000000;0.000000;2.000000;-73.003845;-149.064270;1963.449829;0.129942;0.000000;0.000000;0.000000;0.000000;2.000000;47.917114;-5.770493;1613.393311;0.483473;0.000000;0.000000;0.000000;0.000000;2.000000;34.764267;377.597229;1629.179443;0.219580;0.000000;0.000000;0.000000;0.000000;2.000000;92.077202;471.743103;1498.235596;0.225602;0.000000;0.000000;0.000000;0.000000;2.000000;-81.084511;-730.351196;2118.057129;0.172358;0.000000;0.000000;0.000000;0.000000;2.000000;-33.299004;-706.366577;1967.716187;0.147471;0.000000;0.000000;0.000000;0.000000;2.000000;-14.592897;-752.044067;1993.267700;0.176469;0.000000;0.000000;0.000000;0.000000;2.000000;7.271435;-785.052368;2112.764648;0.222145;0.000000;0.000000;0.000000;0.000000;2.000000;-63.073532;-747.552979;1975.241333;0.161509;0.000000;0.000000;0.000000;0.000000;2.000000;-149.911270;-787.618347;2063.452637;0.189347;0.000000;0.000000;0.000000;0.000000;2.000000;9347466240.000000
0.000000;-150.000000;2000.000000;0.000000;0.000000;0.000000;0.000000;0.000000;2.000000;-37.089657;-306.750244;2074.474854;0.059554;0.000000;0.000000;0.000000;0.000000;2.000000;-64.499588;-434.804688;2129.050537;0.109920;0.000000;0.000000;0.000000;0.000000;2.000000;-78.123932;-650.316772;2131.558594;0.140425;0.000000;0.000000;0.000000;0.000000;2.000000;-47.036686;-616.629639;2148.168457;0.135833;0.000000;0.000000;0.000000;0.000000;2.000000;83.720383;-581.360168;2191.509277;0.136382;0.000000;0.000000;0.000000;0.000000;2.000000;192.059189;-357.442871;2308.483887;0.294588;0.000000;0.000000;0.000000;0.000000;2.000000;264.171631;-156.973175;2219.947754;0.518522;0.000000;0.000000;0.000000;0.000000;2.000000;259.424652;-135.368469;2126.753418;0.284552;0.000000;0.000000;0.000000;0.000000;2.000000;252.235764;-106.665680;2023.423584;0.306847;0.000000;0.000000;0.000000;0.000000;2.000000;217.992325;-110.862320;2107.846436;0.606224;0.000000;0.000000;0.000000;0.000000;2.000000;-105.612656;-612.706055;2116.004395;0.134628;0.000000;0.000000;0.000000;0.000000;2.000000;-202.136627;-552.204224;2051.698975;0.121689;0.000000;0.000000;0.000000;0.000000;2.000000;-260.863586;-280.454590;2017.807251;0.066345;0.000000;0.000000;0.000000;0.000000;2.000000;-199.941727;-70.795273;1934.653442;0.077102;0.000000;0.000000;0.000000;0.000000;2.000000;-181.712280;30.679108;1937.275146;0.051873;0.000000;0.000000;0.000000;0.000000;2.000000;-101.866074;55.774261;1872.804932;0.262662;0.000000;0.000000;0.000000;0.000000;2.000000;-116.664734;15.999207;1887.489624;0.145720;0.000000;0.000000;0.000000;0.000000;2.000000;82.350357;-151.438721;2037.983765;0.086762;0.000000;0.000000;0.000000;0.000000;2.000000;467.314667;-50.900284;2021.501465;0.519076;0.000000;0.000000;0.000000;0.000000;2.000000;446.647705;324.298523;1961.213623;0.486515;0.000000;0.000000;0.000000;0.000000;2.000000;578.305176;428.058838;1879.814819;0.240743;0.000000;0.000000;0.000000;0.000000;2.000000;-74.258942;-148.702667;1965.748413;0.078237;0.000000;0.000000;0.000000;0.000000;2.000000;49.552864;-4.585266;1616.267456;0.103959;0.000000;0.000000;0.000000;0.000000;2.000000;35.832291;379.517761;1629.523804;0.065825;0.000000;0.000000;0.000000;0.000000;2.000000;93.992012;470.143616;1496.108887;0.097016;0.000000;0.000000;0.000000;0.000000;2.000000;-76.793854;-730.844360;2120.792969;0.151294;0.000000;0.000000;0.000000;0.000000;2.000000;-27.203243;-703.468872;1971.327637;0.226530;0.000000;0.000000;0.000000;0.000000;2.000000;-9.461082;-750.228699;1995.793213;0.177580;0.000000;0.000000;0.000000;0.000000;2.000000;10.826311;-786.967773;2114.706055;0.132591;0.000000;0.000000;0.000000;0.000000;2.000000;-57.781422;-744.406128;1977.463257;0.193705;0.000000;0.000000;0.000000;0.000000;2.000000;-146.204956;-785.490723;2063.942871;0.127297;0.000000;0.000000;0.000000;0.000000;2.000000;9347500032.000000
0.000000;-150.000000;2000.000000;0.000000;0.000000;0.000000;0.000000;0.000000;2.000000;-36.493587;-306.603912;2073.173340;0.042583;0.000000;0.000000;0.000000;0.000000;2.000000;-63.498432;-434.569000;2126.495361;0.081511;0.000000;0.000000;0.000000;0.000000;2.000000;-79.258667;-648.974670;2127.813965;0.122412;0.000000;0.000000;0.000000;0.000000;2.000000;-47.820179;-615.861328;2144.274902;0.119710;0.000000;0.000000;0.000000;0.000000;2.000000;82.345856;-581.430176;2187.979492;0.112116;0.000000;0.000000;0.000000;0.000000;2.000000;189.576584;-359.802917;2307.419922;0.106144;0.000000;0.000000;0.000000;0.000000;2.000000;259.152069;-157.024261;2225.014648;0.211070;0.000000;0.000000;0.000000;0.000000;2.000000;261.168091;-134.318512;2132.425293;0.178325;0.000000;0.000000;0.000000;0.000000;2.000000;258.756378;-105.522842;2029.400513;0.263938;0.000000;0.000000;0.000000;0.000000;2.000000;214.030762;-115.502289;2109.808105;0.189651;0.000000;0.000000;0.000000;0.000000;2.000000;-106.371216;-611.158325;2112.801270;0.107642;0.000000;0.000000;0.000000;0.000000;2.000000;-202.570618;-550.427734;2049.422852;0.086404;0.000000;0.000000;0.000000;0.000000;2.000000;-261.500671;-279.979462;2015.834351;0.062943;0.000000;0.000000;0.000000;0.000000;2.000000;-198.542465;-73.442245;1929.387085;0.179272;0.000000;0.000000;0.000000;0.000000;2.000000;-180.429626;27.473083;1934.776733;0.126129;0.000000;0.000000;0.000000;0.000000;2.000000;-102.212067;54.289581;1869.779907;0.100244;0.000000;0.000000;0.000000;0.000000;2.000000;-117.868179;16.026154;1893.063110;0.168738;0.000000;0.000000;0.000000;0.000000;2.000000;82.763824;-152.459839;2036.012207;0.066834;0.000000;0.000000;0.000000;0.000000;2.000000;465.190643;-51.827820;2008.070313;0.403340;0.000000;0.000000;0.000000;0.000000;2.000000;444.398895;322.977997;1956.808594;0.151489;0.000000;0.000000;0.000000;0.000000;2.000000;576.252441;428.325470;1879.793213;0.061260;0.000000;0.000000;0.000000;0.000000;2.000000;-74.631775;-147.781860;1967.526245;0.060268;0.000000;0.000000;0.000000;0.000000;2.000000;49.823151;-0.899490;1621.468140;0.188804;0.000000;0.000000;0.000000;0.000000;2.000000;37.091148;381.647308;1629.903809;0.074065;0.000000;0.000000;0.000000;0.000000;2.000000;92.712448;469.679352;1494.668213;0.058653;0.000000;0.000000;0.000000;0.000000;2.000000;-78.859283;-729.083008;2116.599609;0.147824;0.000000;0.000000;0.000000;0.000000;2.000000;-24.978531;-707.034912;1968.509766;0.149748;0.000000;0.000000;0.000000;0.000000;2.000000;-8.958557;-753.232178;1994.610718;0.096673;0.000000;0.000000;0.000000;0.000000;2.000000;7.298712;-786.868408;2114.458496;0.104690;0.000000;0.000000;0.000000;0.000000;2.000000;-56.425579;-746.972046;1974.907227;0.114442;0.000000;0.000000;0.000000;0.000000;2.000000;-147.559906;-783.634399;2059.664307;0.143725;0.000000;0.000000;0.000000;0.000000;2.000000;9347533824.000000
0.000000;-150.000000;2000.000000;0.000000;0.000000;0.000000;0.000000;0.000000;2.000000;-36.837654;-308.098083;2070.831787;0.085415;0.000000;0.000000;0.000000;0.000000;2.000000;-61.758987;-439.491699;2117.343750;0.321538;0.000000;0.000000;0.000000;0.000000;2.000000;-79.408195;-654.173218;2124.737793;0.184398;0.000000;0.000000;0.000000;0.000000;2.000000;-47.726486;-620.777954;2140.511475;0.188976;0.000000;0.000000;0.000000;0.000000;2.000000;81.421280;-584.884155;2187.125977;0.112184;0.000000;0.000000;0.000000;0.000000;2.000000;189.271973;-361.015503;2303.375000;0.129203;0.000000;0.000000;0.000000;0.000000;2.000000;263.811646;-157.610641;2225.347168;0.143679;0.000000;0.000000;0.000000;0.000000;2.000000;267.697723;-124.755180;2135.659424;0.366913;0.000000;0.000000;0.000000;0.000000;2.000000;262.630920;-85.583801;2035.923950;0.651057;0.000000;0.000000;0.000000;0.000000;2.000000;234.519989;-96.400146;2114.231934;0.865468;0.000000;0.000000;0.000000;0.000000;2.000000;-106.154831;-616.485596;2108.399658;0.210993;0.000000;0.000000;0.000000;0.000000;2.000000;-204.155304;-555.230286;2047.662109;0.163421;0.000000;0.000000;0.000000;0.000000;2.000000;-261.223785;-284.105927;2010.618408;0.203144;0.000000;0.000000;0.000000;0.000000;2.000000;-201.915054;-75.799850;1924.247925;0.200915;0.000000;0.000000;0.000000;0.000000;2.000000;-174.602661;23.232819;1930.654785;0.253358;0.000000;0.000000;0.000000;0.000000;2.000000;-99.358414;51.177612;1862.279541;0.262670;0.000000;0.000000;0.000000;0.000000;2.000000;-117.235367;8.511368;1887.335327;0.289000;0.000000;0.000000;0.000000;0.000000;2.000000;82.187325;-152.180557;2037.876221;0.060151;0.000000;0.000000;0.000000;0.000000;2.000000;466.014618;-53.970367;2006.473999;0.085327;0.000000;0.000000;0.000000;0.000000;2.000000;441.803406;320.468811;1947.512573;0.304333;0.000000;0.000000;0.000000;0.000000;2.000000;578.942017;428.356262;1883.149048;0.131248;0.000000;0.000000;0.000000;0.000000;2.000000;-74.111923;-148.033676;1965.845337;0.054242;0.000000;0.000000;0.000000;0.000000;2.000000;54.488213;-2.057419;1619.770386;0.155568;0.000000;0.000000;0.000000;0.000000;2.000000;37.007149;381.285217;1627.605957;0.071036;0.000000;0.000000;0.000000;0.000000;2.000000;93.259781;467.856323;1491.147827;0.122132;0.000000;0.000000;0.000000;0.000000;2.000000;-79.614670;-734.775940;2115.815918;0.176882;0.000000;0.000000;0.000000;0.000000;2.000000;-31.813911;-707.998413;1965.994995;0.224205;0.000000;0.000000;0.000000;0.000000;2.000000;-11.946579;-753.360535;1991.198730;0.138465;0.000000;0.000000;0.000000;0.000000;2.000000;10.261768;-786.881836;2110.455566;0.151987;0.000000;0.000000;0.000000;0.000000;2.000000;-60.435059;-750.073059;1972.972656;0.165570;0.000000;0.000000;0.000000;0.000000;2.000000;-146.504120;-793.426392;2060.330078;0.301246;0.000000;0.000000;0.000000;0.000000;2.000000;9347566592.000000
0.000000;-150.000000;2000.000000;0.000000;0.000000;0.000000;0.000000;0.000000;2.000000;-37.480370;-307.758209;2072.034912;0.041600;0.000000;0.000000;0.000000;0.000000;2.000000;-63.267967;-438.425446;2120.836426;0.116930;0.000000;0.000000;0.000000;0.000000;2.000000;-78.325195;-653.743774;2126.485840;0.062166;0.000000;0.000000;0.000000;0.000000;2.000000;-46.907616;-620.044800;2142.409668;0.064910;0.000000;0.000000;0.000000;0.000000;2.000000;83.127487;-583.724304;2186.954102;0.061265;0.000000;0.000000;0.000000;0.000000;2.000000;189.904083;-360.667023;2306.855713;0.105196;0.000000;0.000000;0.000000;0.000000;2.000000;260.448883;-157.588593;2223.247070;0.117327;0.000000;0.000000;0.000000;0.000000;2.000000;258.085602;-127.946243;2132.214355;0.316580;0.000000;0.000000;0.000000;0.000000;2.000000;248.300751;-91.914276;2031.445557;0.482176;0.000000;0.000000;0.000000;0.000000;2.000000;228.258987;-96.340317;2115.358887;0.188266;0.000000;0.000000;0.000000;0.000000;2.000000;-105.657501;-616.176208;2110.583008;0.066896;0.000000;0.000000;0.000000;0.000000;2.000000;-203.906006;-556.051636;2048.626465;0.038205;0.000000;0.000000;0.000000;0.000000;2.000000;-262.576385;-284.880981;2010.659546;0.046149;0.000000;0.000000;0.000000;0.000000;2.000000;-200.747131;-77.846725;1921.904663;0.098347;0.000000;0.000000;0.000000;0.000000;2.000000;-177.067017;22.362671;1927.358643;0.124483;0.000000;0.000000;0.000000;0.000000;2.000000;-100.273041;49.868591;1860.249023;0.076445;0.000000;0.000000;0.000000;0.000000;2.000000;-117.337906;8.141983;1888.927734;0.048470;0.000000;0.000000;0.000000;0.000000;2.000000;81.619972;-151.357651;2039.494263;0.056282;0.000000;0.000000;0.000000;0.000000;2.000000;466.373169;-54.712494;2005.657837;0.034325;0.000000;0.000000;0.000000;0.000000;2.000000;444.023926;321.327454;1952.007690;0.150528;0.000000;0.000000;0.000000;0.000000;2.000000;580.776550;425.883667;1880.734375;0.115790;0.000000;0.000000;0.000000;0.000000;2.000000;-73.600319;-148.775742;1964.386230;0.050753;0.000000;0.000000;0.000000;0.000000;2.000000;47.894749;-5.610718;1613.783936;0.283747;0.000000;0.000000;0.000000;0.000000;2.000000;36.385952;378.424011;1628.977539;0.095680;0.000000;0.000000;0.000000;0.000000;2.000000;92.916687;467.026672;1493.558105;0.076114;0.000000;0.000000;0.000000;0.000000;2.000000;-77.609650;-734.408081;2116.855225;0.067712;0.000000;0.000000;0.000000;0.000000;2.000000;-25.728983;-708.420166;1967.951294;0.189559;0.000000;0.000000;0.000000;0.000000;2.000000;-6.617109;-753.793152;1993.927124;0.177642;0.000000;0.000000;0.000000;0.000000;2.000000;12.397747;-786.861328;2114.096924;0.124930;0.000000;0.000000;0.000000;0.000000;2.000000;-54.687363;-750.463135;1974.383911;0.175523;0.000000;0.000000;0.000000;0.000000;2.000000;-143.293335;-793.256836;2059.806152;0.096403;0.000000;0.000000;0.000000;0.000000;2.000000;9347600384.000000
0.000000;-150.000000;2000.000000;0.000000;0.000000;0.000000;0.000000;0.000000;2.000000;-37.341805;-307.599457;2068.767578;0.099918;0.000000;0.000000;0.000000;0.000000;2.000000;-64.678169;-436.769440;2117.303223;0.126619;0.000000;0.000000;0.000000;0.000000;2.000000;-80.194679;-650.302490;2120.871826;0.208894;0.000000;0.000000;0.000000;0.000000;2.000000;-48.992615;-617.115845;2137.060059;0.196701;0.000000;0.000000;0.000000;0.000000;2.000000;79.618217;-582.870728;2183.588135;0.150663;0.000000;0.000000;0.000000;0.000000;2.000000;186.957230;-361.417664;2300.721924;0.208930;0.000000;0.000000;0.000000;0.000000;2.000000;257.170593;-162.071564;2213.204102;0.350229;0.000000;0.000000;0.000000;0.000000;2.000000;260.439697;-129.020813;2124.229004;0.256170;0.000000;0.000000;0.000000;0.000000;2.000000;257.747437;-88.532928;2025.684814;0.353081;0.000000;0.000000;0.000000;0.000000;2.000000;240.854141;-88.965225;2114.710938;0.445859;0.000000;0.000000;0.000000;0.000000;2.000000;-107.157150;-612.828491;2105.375488;0.194391;0.000000;0.000000;0.000000;0.000000;2.000000;-204.961304;-554.990540;2042.824097;0.182869;0.000000;0.000000;0.000000;0.000000;2.000000;-264.908569;-286.448517;2005.243774;0.186199;0.000000;0.000000;0.000000;0.000000;2.000000;-201.270706;-81.656891;1917.653931;0.174938;0.000000;0.000000;0.000000;0.000000;2.000000;-182.350174;18.834320;1917.250366;0.364348;0.000000;0.000000;0.000000;0.000000;2.000000;-101.536041;49.809357;1858.235474;0.072559;0.000000;0.000000;0.000000;0.000000;2.000000;-118.974960;5.416290;1869.596313;0.597874;0.000000;0.000000;0.000000;0.000000;2.000000;82.877007;-154.531830;2034.617432;0.181673;0.000000;0.000000;0.000000;0.000000;2.000000;462.252594;-51.087967;1998.938110;0.264767;0.000000;0.000000;0.000000;0.000000;2.000000;444.967834;323.566254;1957.397461;0.180423;0.000000;0.000000;0.000000;0.000000;2.000000;575.723206;426.226898;1876.755493;0.196562;0.000000;0.000000;0.000000;0.000000;2.000000;-74.733849;-145.913452;1968.783936;0.163824;0.000000;0.000000;0.000000;0.000000;2.000000;47.917133;-2.238892;1622.549072;0.286601;0.000000;0.000000;0.000000;0.000000;2.000000;34.694019;378.841949;1624.614746;0.143372;0.000000;0.000000;0.000000;0.000000;2.000000;90.735191;468.194916;1491.294922;0.102340;0.000000;0.000000;0.000000;0.000000;2.000000;-79.671883;-730.206299;2110.577148;0.238978;0.000000;0.000000;0.000000;0.000000;2.000000;-25.728567;-708.411621;1963.158569;0.146263;0.000000;0.000000;0.000000;0.000000;2.000000;-8.183775;-753.353271;1989.989624;0.130020;0.000000;0.000000;0.000000;0.000000;2.000000;8.353724;-784.353027;2109.983887;0.191952;0.000000;0.000000;0.000000;0.000000;2.000000;-55.509781;-749.291626;1969.919067;0.143087;0.000000;0.000000;0.000000;0.000000;2.000000;-145.446976;-788.062012;2054.220459;0.241888;0.000000;0.000000;0.000000;0.000000;2.000000;9347633152.000000
0.000000;-150.000000;2000.000000;0.000000;0.000000;0.000000;0.000000;0.000000;2.000000;-36.439617;-307.429688;2071.084473;0.073749;0.000000;0.000000;0.000000;0.000000;2.000000;-63.109791;-436.347351;2121.948730;0.145634;0.000000;0.000000;0.000000;0.000000;2.000000;-78.039154;-650.632446;2125.264893;0.145138;0.000000;0.000000;0.000000;0.000000;2.000000;-46.806355;-617.266174;2141.500000;0.146523;0.000000;0.000000;0.000000;0.000000;2.000000;82.502594;-581.243896;2186.119873;0.123356;0.000000;0.000000;0.000000;0.000000;2.000000;188.944458;-361.239777;2308.762451;0.245158;0.000000;0.000000;0.000000;0.000000;2.000000;248.418884;-159.519073;2216.868164;0.290753;0.000000;0.000000;0.000000;0.000000;2.000000;252.508331;-126.235588;2127.680176;0.268912;0.000000;0.000000;0.000000;0.000000;2.000000;252.632370;-85.994720;2028.619873;0.189996;0.000000;0.000000;0.000000;0.000000;2.000000;212.883987;-99.709671;2111.564941;0.891559;0.000000;0.000000;0.000000;0.000000;2.000000;-105.226532;-613.094299;2109.812744;0.143417;0.000000;0.000000;0.000000;0.000000;2.000000;-202.378418;-553.359131;2047.141968;0.156526;0.000000;0.000000;0.000000;0.000000;2.000000;-259.740326;-283.598358;2007.549072;0.187509;0.000000;0.000000;0.000000;0.000000;2.000000;-195.909241;-78.933868;1917.810669;0.178012;0.000000;0.000000;0.000000;0.000000;2.000000;-171.572159;20.722382;1919.176514;0.328787;0.000000;0.000000;0.000000;0.000000;2.000000;-91.972031;44.003754;1854.622559;0.347924;0.000000;0.000000;0.000000;0.000000;2.000000;-111.450287;5.030228;1865.050293;0.260410;0.000000;0.000000;0.000000;0.000000;2.000000;82.796318;-153.032990;2035.726196;0.055224;0.000000;0.000000;0.000000;0.000000;2.000000;464.460327;-49.912170;2010.721802;0.356482;0.000000;0.000000;0.000000;0.000000;2.000000;447.022766;324.526642;1957.619385;0.067445;0.000000;0.000000;0.000000;0.000000;2.000000;579.625671;428.946259;1880.956299;0.187794;0.000000;0.000000;0.000000;0.000000;2.000000;-74.661087;-147.264999;1967.784180;0.049796;0.000000;0.000000;0.000000;0.000000;2.000000;61.131748;-0.628937;1626.247681;0.408871;0.000000;0.000000;0.000000;0.000000;2.000000;37.708305;381.223053;1626.487549;0.126465;0.000000;0.000000;0.000000;0.000000;2.000000;93.786690;468.568939;1491.154297;0.091073;0.000000;0.000000;0.000000;0.000000;2.000000;-77.294968;-730.783081;2114.827148;0.145110;0.000000;0.000000;0.000000;0.000000;2.000000;-25.018414;-708.274353;1966.357910;0.097067;0.000000;0.000000;0.000000;0.000000;2.000000;-7.387245;-753.678955;1992.723267;0.084810;0.000000;0.000000;0.000000;0.000000;2.000000;10.600264;-785.745117;2112.657715;0.111256;0.000000;0.000000;0.000000;0.000000;2.000000;-55.105358;-749.116455;1973.261475;0.099767;0.000000;0.000000;0.000000;0.000000;2.000000;-144.471725;-787.947998;2058.785645;0.138186;0.000000;0.000000;0.000000;0.000000;2.000000;9347666944.000000
0.000000;-150.000000;2000.000000;0.000000;0.000000;0.000000;0.000000;0.000000;2.000000;-38.193157;-305.763611;2072.333740;0.083081;0.000000;0.000000;0.000000;0.000000;2.000000;-65.926147;-433.593506;2124.037109;0.136058;0.000000;0.000000;0.000000;0.000000;2.000000;-78.467880;-647.323792;2124.647705;0.103544;0.000000;0.000000;0.000000;0.000000;2.000000;-48.090939;-613.914917;2141.895264;0.110191;0.000000;0.000000;0.000000;0.000000;2.000000;80.826546;-580.045044;2187.791260;0.080972;0.000000;0.000000;0.000000;0.000000;2.000000;182.902832;-358.939301;2310.091797;0.201417;0.000000;0.000000;0.000000;0.000000;2.000000;252.376099;-161.893005;2217.026123;0.140911;0.000000;0.000000;0.000000;0.000000;2.000000;250.186600;-130.766739;2127.339844;0.155722;0.000000;0.000000;0.000000;0.000000;2.000000;253.319122;-88.129761;2029.733887;0.076422;0.000000;0.000000;0.000000;0.000000;2.000000;207.037460;-110.442673;2107.548340;0.392613;0.000000;0.000000;0.000000;0.000000;2.000000;-105.628357;-610.042847;2109.051270;0.096759;0.000000;0.000000;0.000000;0.000000;2.000000;-201.165512;-550.623657;2044.542969;0.120954;0.000000;0.000000;0.000000;0.000000;2.000000;-260.538147;-281.581360;2010.011719;0.100149;0.000000;0.000000;0.000000;0.000000;2.000000;-191.429276;-76.639389;1927.122803;0.323041;0.000000;0.000000;0.000000;0.000000;2.000000;-170.671158;23.337860;1921.865234;0.117727;0.000000;0.000000;0.000000;0.000000;2.000000;-92.123154;39.668060;1854.531006;0.132425;0.000000;0.000000;0.000000;0.000000;2.000000;-110.588058;6.922607;1870.226563;0.170239;0.000000;0.000000;0.000000;0.000000;2.000000;81.309059;-152.133835;2038.337280;0.095721;0.000000;0.000000;0.000000;0.000000;2.000000;461.165466;-50.236679;2003.896118;0.231514;0.000000;0.000000;0.000000;0.000000;2.000000;445.175629;322.546570;1947.938843;0.306767;0.000000;0.000000;0.000000;0.000000;2.000000;580.305359;430.872192;1883.625732;0.102573;0.000000;0.000000;0.000000;0.000000;2.000000;-73.319946;-148.075806;1965.429688;0.086315;0.000000;0.000000;0.000000;0.000000;2.000000;52.059288;-0.148804;1622.031250;0.305661;0.000000;0.000000;0.000000;0.000000;2.000000;37.957569;380.820435;1627.378662;0.030796;0.000000;0.000000;0.000000;0.000000;2.000000;94.833069;471.895020;1495.613403;0.172745;0.000000;0.000000;0.000000;0.000000;2.000000;-76.591660;-727.066162;2113.384521;0.123554;0.000000;0.000000;0.000000;0.000000;2.000000;-22.430485;-703.945313;1966.269653;0.153942;0.000000;0.000000;0.000000;0.000000;2.000000;-3.878910;-748.401917;1993.217163;0.193972;0.000000;0.000000;0.000000;0.000000;2.000000;12.795340;-778.911987;2113.301270;0.219905;0.000000;0.000000;0.000000;0.000000;2.000000;-51.177540;-745.573914;1972.888672;0.161819;0.000000;0.000000;0.000000;0.000000;2.000000;-140.531036;-786.618591;2056.708008;0.141875;0.000000;0.000000;0.000000;0.000000;2.000000;9347699712.000000
0.000000;-150.000000;2000.000000;0.000000;0.000000;0.000000;0.000000;0.000000;2.000000;-40.393265;-305.821625;2073.646729;0.075839;0.000000;0.000000;0.000000;0.000000;2.000000;-69.178818;-434.376404;2125.342773;0.106277;0.000000;0.000000;0.000000;0.000000;2.000000;-82.267082;-649.388184;2127.230957;0.149052;0.000000;0.000000;0.000000;0.000000;2.000000;-51.742668;-615.729614;2144.569336;0.144305;0.000000;0.000000;0.000000;0.000000;2.000000;78.313507;-582.324768;2190.269775;0.124345;0.000000;0.000000;0.000000;0.000000;2.000000;181.690338;-358.757416;2310.742676;0.041078;0.000000;0.000000;0.000000;0.000000;2.000000;250.283203;-159.544968;2218.162109;0.098966;0.000000;0.000000;0.000000;0.000000;2.000000;253.137909;-125.987343;2128.750000;0.171387;0.000000;0.000000;0.000000;0.000000;2.000000;244.919037;-88.037689;2028.813843;0.250084;0.000000;0.000000;0.000000;0.000000;2.000000;207.589325;-101.972885;2110.249512;0.263589;0.000000;0.000000;0.000000;0.000000;2.000000;-109.412010;-611.919434;2111.125977;0.139250;0.000000;0.000000;0.000000;0.000000;2.000000;-204.924988;-552.912537;2044.622681;0.130272;0.000000;0.000000;0.000000;0.000000;2.000000;-264.154755;-282.063599;2010.168091;0.108072;0.000000;0.000000;0.000000;0.000000;2.000000;-195.264771;-76.432922;1924.838013;0.132257;0.000000;0.000000;0.000000;0.000000;2.000000;-174.753296;24.372101;1923.916382;0.138615;0.000000;0.000000;0.000000;0.000000;2.000000;-95.088272;39.068420;1856.511230;0.106997;0.000000;0.000000;0.000000;0.000000;2.000000;-111.961174;7.719376;1870.449219;0.047440;0.000000;0.000000;0.000000;0.000000;2.000000;80.877617;-151.820145;2040.508301;0.066157;0.000000;0.000000;0.000000;0.000000;2.000000;464.133514;-49.330048;2020.569946;0.501899;0.000000;0.000000;0.000000;0.000000;2.000000;442.713135;324.379333;1957.351807;0.292994;0.000000;0.000000;0.000000;0.000000;2.000000;577.195557;429.979309;1884.442871;0.098752;0.000000;0.000000;0.000000;0.000000;2.000000;-72.930901;-148.358704;1963.471924;0.059659;0.000000;0.000000;0.000000;0.000000;2.000000;51.822906;-2.878906;1616.024658;0.195376;0.000000;0.000000;0.000000;0.000000;2.000000;34.484898;380.060303;1630.823853;0.146497;0.000000;0.000000;0.000000;0.000000;2.000000;91.644455;472.532959;1498.800293;0.134738;0.000000;0.000000;0.000000;0.000000;2.000000;-80.480072;-729.695801;2116.416504;0.165370;0.000000;0.000000;0.000000;0.000000;2.000000;-26.233799;-704.914551;1968.550049;0.134329;0.000000;0.000000;0.000000;0.000000;2.000000;-7.183823;-749.680298;1995.336426;0.122186;0.000000;0.000000;0.000000;0.000000;2.000000;9.892235;-781.102478;2115.932129;0.132831;0.000000;0.000000;0.000000;0.000000;2.000000;-54.803246;-747.087708;1974.917480;0.130857;0.000000;0.000000;0.000000;0.000000;2.000000;-144.328308;-789.742310;2058.980469;0.160296;0.000000;0.000000;0.000000;0.000000;2.000000;9347733504.000000
0.000000;-150.000000;2000.000000;0.000000;0.000000;0.000000;0.000000;0.000000;2.000000;-36.936348;-306.617950;2070.367676;0.147424;0.000000;0.000000;0.000000;0.000000;2.000000;-63.769127;-435.112061;2120.197754;0.228937;0.000000;0.000000;0.000000;0.000000;2.000000;-77.736076;-648.353271;2123.559570;0.180751;0.000000;0.000000;0.000000;0.000000;2.000000;-47.084068;-614.999268;2140.178711;0.196628;0.000000;0.000000;0.000000;0.000000;2.000000;81.800766;-581.537781;2185.708252;0.176865;0.000000;0.000000;0.000000;0.000000;2.000000;182.430969;-360.744904;2308.709961;0.089654;0.000000;0.000000;0.000000;0.000000;2.000000;238.290863;-165.661987;2204.045898;0.595290;0.000000;0.000000;0.000000;0.000000;2.000000;235.761627;-136.843140;2113.774902;0.774472;0.000000;0.000000;0.000000;0.000000;2.000000;236.252991;-91.803253;2017.410278;0.451950;0.000000;0.000000;0.000000;0.000000;2.000000;197.752563;-112.158371;2104.588379;0.465385;0.000000;0.000000;0.000000;0.000000;2.000000;-104.687538;-611.149719;2107.683838;0.179928;0.000000;0.000000;0.000000;0.000000;2.000000;-200.105713;-552.692017;2042.578979;0.159892;0.000000;0.000000;0.000000;0.000000;2.000000;-258.634735;-284.620544;2003.284424;0.280353;0.000000;0.000000;0.000000;0.000000;2.000000;-192.101746;-78.385193;1922.656860;0.131522;0.000000;0.000000;0.000000;0.000000;2.000000;-171.916351;21.641190;1920.477783;0.159540;0.000000;0.000000;0.000000;0.000000;2.000000;-90.601982;38.973221;1857.077271;0.138027;0.000000;0.000000;0.000000;0.000000;2.000000;-108.964485;5.967651;1870.745483;0.106315;0.000000;0.000000;0.000000;0.000000;2.000000;82.131607;-153.159927;2036.078247;0.146335;0.000000;0.000000;0.000000;0.000000;2.000000;460.985382;-52.168304;1996.250244;0.753367;0.000000;0.000000;0.000000;0.000000;2.000000;445.709198;321.268005;1949.677856;0.268739;0.000000;0.000000;0.000000;0.000000;2.000000;579.887268;427.084229;1880.319092;0.174331;0.000000;0.000000;0.000000;0.000000;2.000000;-74.061684;-147.150558;1967.466675;0.131956;0.000000;0.000000;0.000000;0.000000;2.000000;62.198929;5.722504;1631.245728;0.620436;0.000000;0.000000;0.000000;0.000000;2.000000;38.798187;385.596680;1628.944946;0.221723;0.000000;0.000000;0.000000;0.000000;2.000000;95.509659;468.858948;1492.410034;0.254000;0.000000;0.000000;0.000000;0.000000;2.000000;-76.471642;-728.101807;2113.305664;0.162305;0.000000;0.000000;0.000000;0.000000;2.000000;-22.181526;-702.885620;1966.882202;0.147369;0.000000;0.000000;0.000000;0.000000;2.000000;-4.059925;-747.899475;1992.986572;0.131090;0.000000;0.000000;0.000000;0.000000;2.000000;12.297443;-780.635437;2112.298340;0.133748;0.000000;0.000000;0.000000;0.000000;2.000000;-51.246101;-744.296997;1972.747925;0.153040;0.000000;0.000000;0.000000;0.000000;2.000000;-140.814850;-785.964172;2055.677734;0.186948;0.000000;0.000000;0.000000;0.000000;2.000000;9347766272.000000
0.000000;-150.000000;2000.000000;0.000000;0.000000;0.000000;0.000000;0.000000;2.000000;-34.762257;-307.518127;2068.816895;0.083397;0.000000;0.000000;0.000000;0.000000;2.000000;-59.964718;-436.442291;2117.810547;0.138619;0.000000;0.000000;0.000000;0.000000;2.000000;-76.081345;-649.234802;2120.283203;0.111710;0.000000;0.000000;0.000000;0.000000;2.000000;-45.334843;-616.292969;2137.342285;0.105787;0.000000;0.000000;0.000000;0.000000;2.000000;81.107117;-584.972290;2190.051270;0.165134;0.000000;0.000000;0.000000;0.000000;2.000000;184.488144;-361.793762;2305.358398;0.120443;0.000000;0.000000;0.000000;0.000000;2.000000;240.994537;-162.319885;2210.494629;0.229350;0.000000;0.000000;0.000000;0.000000;2.000000;231.748352;-129.528259;2122.181885;0.350511;0.000000;0.000000;0.000000;0.000000;2.000000;218.625000;-87.946411;2025.326050;0.583121;0.000000;0.000000;0.000000;0.000000;2.000000;188.440262;-110.271881;2116.803223;0.457953;0.000000;0.000000;0.000000;0.000000;2.000000;-102.435959;-611.764404;2104.248535;0.122904;0.000000;0.000000;0.000000;0.000000;2.000000;-198.314636;-552.795654;2040.669922;0.077526;0.000000;0.000000;0.000000;0.000000;2.000000;-254.450119;-285.029999;1998.706909;0.183934;0.000000;0.000000;0.000000;0.000000;2.000000;-189.619705;-79.814407;1915.101196;0.239119;0.000000;0.000000;0.000000;0.000000;2.000000;-170.284424;20.066650;1921.213989;0.070555;0.000000;0.000000;0.000000;0.000000;2.000000;-87.820663;39.577301;1860.225586;0.125595;0.000000;0.000000;0.000000;0.000000;2.000000;-104.813751;6.748871;1868.737061;0.138400;0.000000;0.000000;0.000000;0.000000;2.000000;81.919235;-152.215881;2036.308716;0.029436;0.000000;0.000000;0.000000;0.000000;2.000000;460.043976;-52.949829;1991.187256;0.154141;0.000000;0.000000;0.000000;0.000000;2.000000;446.992218;320.197418;1946.032715;0.118664;0.000000;0.000000;0.000000;0.000000;2.000000;582.360962;428.243317;1883.464355;0.123283;0.000000;0.000000;0.000000;0.000000;2.000000;-73.870178;-148.001862;1967.258789;0.026545;0.000000;0.000000;0.000000;0.000000;2.000000;65.469597;5.062592;1633.057373;0.112355;0.000000;0.000000;0.000000;0.000000;2.000000;41.637089;384.314423;1626.750610;0.112758;0.000000;0.000000;0.000000;0.000000;2.000000;97.839584;467.889923;1490.500977;0.093637;0.000000;0.000000;0.000000;0.000000;2.000000;-75.498474;-728.842896;2109.788574;0.110196;0.000000;0.000000;0.000000;0.000000;2.000000;-19.269840;-707.530579;1963.723267;0.187237;0.000000;0.000000;0.000000;0.000000;2.000000;-3.000957;-752.751587;1990.513428;0.164182;0.000000;0.000000;0.000000;0.000000;2.000000;11.213058;-784.439697;2110.193848;0.132598;0.000000;0.000000;0.000000;0.000000;2.000000;-49.799412;-747.739746;1969.867188;0.139570;0.000000;0.000000;0.000000;0.000000;2.000000;-141.320679;-785.040161;2052.454102;0.100360;0.000000;0.000000;0.000000;0.000000;2.000000;9347800064.000000
0.000000;-150.000000;2000.000000;0.000000;0.000000;0.000000;0.000000;0.000000;2.000000;-39.783890;-308.837555;2066.231934;0.171638;0.000000;0.000000;0.000000;0.000000;2.000000;-67.896584;-439.601288;2111.513184;0.313950;0.000000;0.000000;0.000000;0.000000;2.000000;-84.986298;-653.683350;2120.393311;0.294593;0.000000;0.000000;0.000000;0.000000;2.000000;-53.942749;-620.123535;2136.670898;0.279523;0.000000;0.000000;0.000000;0.000000;2.000000;74.252686;-587.979614;2187.304443;0.235950;0.000000;0.000000;0.000000;0.000000;2.000000;174.624176;-366.027191;2311.870605;0.371538;0.000000;0.000000;0.000000;0.000000;2.000000;231.042084;-169.234314;2207.853027;0.367045;0.000000;0.000000;0.000000;0.000000;2.000000;219.329559;-140.113968;2117.832520;0.499760;0.000000;0.000000;0.000000;0.000000;2.000000;217.188934;-83.062775;2027.359741;0.162216;0.000000;0.000000;0.000000;0.000000;2.000000;177.231781;-118.575226;2112.843018;0.429105;0.000000;0.000000;0.000000;0.000000;2.000000;-111.328590;-616.344727;2103.028564;0.298208;0.000000;0.000000;0.000000;0.000000;2.000000;-208.973358;-559.417725;2038.394165;0.377397;0.000000;0.000000;0.000000;0.000000;2.000000;-266.580109;-289.422424;1999.701782;0.382904;0.000000;0.000000;0.000000;0.000000;2.000000;-197.430786;-83.281006;1917.254028;0.260795;0.000000;0.000000;0.000000;0.000000;2.000000;-176.268341;17.163483;1917.287842;0.228556;0.000000;0.000000;0.000000;0.000000;2.000000;-94.231377;30.306946;1852.831787;0.398905;0.000000;0.000000;0.000000;0.000000;2.000000;-113.281120;2.745819;1873.037354;0.304983;0.000000;0.000000;0.000000;0.000000;2.000000;80.629654;-153.321960;2040.465454;0.132888;0.000000;0.000000;0.000000;0.000000;2.000000;464.173584;-59.456482;2006.110107;0.497020;0.000000;0.000000;0.000000;0.000000;2.000000;435.859161;314.580658;1953.399292;0.428595;0.000000;0.000000;0.000000;0.000000;2.000000;569.121399;422.811005;1883.193115;0.423570;0.000000;0.000000;0.000000;0.000000;2.000000;-72.707291;-147.004425;1963.510498;0.119830;0.000000;0.000000;0.000000;0.000000;2.000000;62.351391;-2.910172;1620.355957;0.453276;0.000000;0.000000;0.000000;0.000000;2.000000;31.488689;378.502838;1629.853638;0.358052;0.000000;0.000000;0.000000;0.000000;2.000000;87.506027;463.974335;1493.188354;0.336547;0.000000;0.000000;0.000000;0.000000;2.000000;-84.683594;-734.145569;2112.241211;0.322141;0.000000;0.000000;0.000000;0.000000;2.000000;-30.283504;-713.324219;1964.196777;0.368536;0.000000;0.000000;0.000000;0.000000;2.000000;-13.256088;-758.600708;1991.233887;0.350020;0.000000;0.000000;0.000000;0.000000;2.000000;2.962439;-789.649658;2111.757813;0.292449;0.000000;0.000000;0.000000;0.000000;2.000000;-60.710457;-753.951294;1971.085205;0.373289;0.000000;0.000000;0.000000;0.000000;2.000000;-151.474945;-791.489502;2055.817383;0.369631;0.000000;0.000000;0.000000;0.000000;2.000000;9347833856.000000
0.000000;-150.000000;2000.000000;0.000000;0.000000;0.000000;0.000000;0.000000;2.000000;-39.935059;-309.083221;2065.848389;0.014646;0.000000;0.000000;0.000000;0.000000;2.000000;-68.216431;-439.972748;2110.939453;0.023029;0.000000;0.000000;0.000000;0.000000;2.000000;-85.529381;-654.164551;2120.030762;0.024754;0.000000;0.000000;0.000000;0.000000;2.000000;-54.534256;-620.583618;2136.447998;0.023859;0.000000;0.000000;0.000000;0.000000;2.000000;73.255035;-587.046143;2187.453125;0.041941;0.000000;0.000000;0.000000;0.000000;2.000000;170.962250;-361.284821;2307.594238;0.224646;0.000000;0.000000;0.000000;0.000000;2.000000;222.297791;-170.622299;2190.081543;0.605922;0.000000;0.000000;0.000000;0.000000;2.000000;205.463837;-143.644867;2100.141357;0.694369;0.000000;0.000000;0.000000;0.000000;2.000000;195.090393;-91.842468;2007.038696;0.954558;0.000000;0.000000;0.000000;0.000000;2.000000;152.121902;-127.191284;2105.947754;0.837032;0.000000;0.000000;0.000000;0.000000;2.000000;-111.760498;-616.807312;2102.451904;0.026129;0.000000;0.000000;0.000000;0.000000;2.000000;-208.646851;-559.653503;2036.719727;0.052557;0.000000;0.000000;0.000000;0.000000;2.000000;-263.684875;-289.263550;1995.834473;0.147510;0.000000;0.000000;0.000000;0.000000;2.000000;-193.482071;-83.462769;1913.011719;0.176956;0.000000;0.000000;0.000000;0.000000;2.000000;-173.868561;17.349670;1914.575195;0.110674;0.000000;0.000000;0.000000;0.000000;2.000000;-89.401619;29.964813;1853.113037;0.148011;0.000000;0.000000;0.000000;0.000000;2.000000;-108.006714;3.001068;1875.141113;0.173469;0.000000;0.000000;0.000000;0.000000;2.000000;80.621811;-153.433838;2040.598999;0.005322;0.000000;0.000000;0.000000;0.000000;2.000000;464.794739;-59.674957;2010.329712;0.130331;0.000000;0.000000;0.000000;0.000000;2.000000;441.581390;315.269714;1959.900146;0.265134;0.000000;0.000000;0.000000;0.000000;2.000000;574.572205;418.738525;1882.100952;0.210304;0.000000;0.000000;0.000000;0.000000;2.000000;-72.700241;-146.903564;1963.390137;0.004797;0.000000;0.000000;0.000000;0.000000;2.000000;60.255943;-0.467667;1620.116821;0.098482;0.000000;0.000000;0.000000;0.000000;2.000000;34.723915;381.589783;1629.291626;0.137538;0.000000;0.000000;0.000000;0.000000;2.000000;90.622414;464.009033;1490.583252;0.123962;0.000000;0.000000;0.000000;0.000000;2.000000;-85.240829;-734.689453;2111.989258;0.024976;0.000000;0.000000;0.000000;0.000000;2.000000;-26.396593;-710.376221;1966.083984;0.159629;0.000000;0.000000;0.000000;0.000000;2.000000;-9.551729;-755.912048;1992.870605;0.148348;0.000000;0.000000;0.000000;0.000000;2.000000;3.262669;-788.926208;2113.364990;0.054562;0.000000;0.000000;0.000000;0.000000;2.000000;-56.428841;-751.587036;1971.266846;0.149365;0.000000;0.000000;0.000000;0.000000;2.000000;-149.348358;-792.002869;2052.388184;0.124133;0.000000;0.000000;0.000000;0.000000;2.000000;9347866624.000000
0.000000;-150.000000;2000.000000;0.000000;0.000000;0.000000;0.000000;0.000000;2.000000;-38.643883;-309.322998;2066.396973;0.042117;0.000000;0.000000;0.000000;0.000000;2.000000;-65.501022;-440.775085;2111.056641;0.083863;0.000000;0.000000;0.000000;0.000000;2.000000;-82.273026;-655.204163;2119.403320;0.102846;0.000000;0.000000;0.000000;0.000000;2.000000;-51.243782;-621.589172;2135.795654;0.103634;0.000000;0.000000;0.000000;0.000000;2.000000;75.969467;-587.964539;2188.455322;0.089837;0.000000;0.000000;0.000000;0.000000;2.000000;174.613892;-362.172394;2308.246094;0.112869;0.000000;0.000000;0.000000;0.000000;2.000000;228.595398;-171.605209;2191.424805;0.192763;0.000000;0.000000;0.000000;0.000000;2.000000;219.073853;-137.894455;2102.615723;0.443322;0.000000;0.000000;0.000000;0.000000;2.000000;207.415543;-93.753006;2005.702026;0.371205;0.000000;0.000000;0.000000;0.000000;2.000000;176.121735;-112.769043;2101.077148;0.841038;0.000000;0.000000;0.000000;0.000000;2.000000;-108.707993;-617.812012;2102.103027;0.095658;0.000000;0.000000;0.000000;0.000000;2.000000;-206.164139;-560.599731;2037.071655;0.079312;0.000000;0.000000;0.000000;0.000000;2.000000;-257.019684;-289.249603;1995.688965;0.197289;0.000000;0.000000;0.000000;0.000000;2.000000;-188.939743;-82.678238;1912.516724;0.137195;0.000000;0.000000;0.000000;0.000000;2.000000;-170.119019;18.025131;1920.938721;0.219486;0.000000;0.000000;0.000000;0.000000;2.000000;-85.294930;30.749405;1859.855225;0.234769;0.000000;0.000000;0.000000;0.000000;2.000000;-101.088348;3.811935;1876.042114;0.207852;0.000000;0.000000;0.000000;0.000000;2.000000;80.926628;-152.881439;2040.186035;0.022315;0.000000;0.000000;0.000000;0.000000;2.000000;466.073303;-63.600433;2005.175903;0.195415;0.000000;0.000000;0.000000;0.000000;2.000000;445.301880;312.377136;1959.423950;0.140171;0.000000;0.000000;0.000000;0.000000;2.000000;578.187622;419.364502;1885.990356;0.158233;0.000000;0.000000;0.000000;0.000000;2.000000;-72.975098;-147.401688;1963.762451;0.020121;0.000000;0.000000;0.000000;0.000000;2.000000;71.919922;0.966415;1625.845093;0.386883;0.000000;0.000000;0.000000;0.000000;2.000000;39.846012;382.925964;1628.092529;0.160619;0.000000;0.000000;0.000000;0.000000;2.000000;96.119751;463.176392;1488.110107;0.180080;0.000000;0.000000;0.000000;0.000000;2.000000;-81.838997;-735.757019;2111.036377;0.109214;0.000000;0.000000;0.000000;0.000000;2.000000;-19.955425;-714.720215;1965.748901;0.230123;0.000000;0.000000;0.000000;0.000000;2.000000;-4.457645;-760.205505;1993.504150;0.198039;0.000000;0.000000;0.000000;0.000000;2.000000;5.620268;-791.701355;2114.762207;0.115419;0.000000;0.000000;0.000000;0.000000;2.000000;-50.893837;-755.295837;1970.997803;0.197328;0.000000;0.000000;0.000000;0.000000;2.000000;-146.052673;-792.744446;2051.098633;0.107003;0.000000;0.000000;0.000000;0.000000;2.000000;9347900416.000000
0.000000;-150.000000;2000.000000;0.000000;0.000000;0.000000;0.000000;0.000000;2.000000;-32.360435;-309.367798;2063.410645;0.212315;0.000000;0.000000;0.000000;0.000000;2.000000;-55.897804;-439.602905;2107.642578;0.313087;0.000000;0.000000;0.000000;0.000000;2.000000;-72.868645;-651.287781;2111.963623;0.384969;0.000000;0.000000;0.000000;0.000000;2.000000;-42.206985;-618.479004;2128.788574;0.361651;0.000000;0.000000;0.000000;0.000000;2.000000;82.113632;-584.982788;2183.406006;0.259197;0.000000;0.000000;0.000000;0.000000;2.000000;183.196747;-364.731201;2303.271973;0.312645;0.000000;0.000000;0.000000;0.000000;2.000000;238.182037;-172.790894;2195.440918;0.319253;0.000000;0.000000;0.000000;0.000000;2.000000;219.532990;-146.059845;2107.049316;0.283897;0.000000;0.000000;0.000000;0.000000;2.000000;203.972595;-96.835388;2014.795166;0.311280;0.000000;0.000000;0.000000;0.000000;2.000000;171.288879;-130.893066;2107.928711;0.609421;0.000000;0.000000;0.000000;0.000000;2.000000;-98.860092;-614.029907;2095.537598;0.379193;0.000000;0.000000;0.000000;0.000000;2.000000;-194.848389;-555.983643;2032.517090;0.398016;0.000000;0.000000;0.000000;0.000000;2.000000;-244.505844;-288.782349;1987.506470;0.456508;0.000000;0.000000;0.000000;0.000000;2.000000;-177.587051;-83.401474;1909.120239;0.362303;0.000000;0.000000;0.000000;0.000000;2.000000;-160.978943;16.340027;1917.202515;0.305694;0.000000;0.000000;0.000000;0.000000;2.000000;-75.479347;33.167755;1860.595093;0.309331;0.000000;0.000000;0.000000;0.000000;2.000000;-94.246475;7.042084;1875.064209;0.232818;0.000000;0.000000;0.000000;0.000000;2.000000;83.209358;-154.208771;2031.886597;0.265789;0.000000;0.000000;0.000000;0.000000;2.000000;460.519226;-58.117249;1989.321411;0.539288;0.000000;0.000000;0.000000;0.000000;2.000000;456.733154;314.175964;1950.615356;0.443820;0.000000;0.000000;0.000000;0.000000;2.000000;591.178406;417.000000;1880.291748;0.438886;0.000000;0.000000;0.000000;0.000000;2.000000;-75.033531;-146.204803;1971.246460;0.239675;0.000000;0.000000;0.000000;0.000000;2.000000;95.885330;16.571747;1659.206787;1.340993;0.000000;0.000000;0.000000;0.000000;2.000000;56.905579;391.690796;1630.148560;0.588664;0.000000;0.000000;0.000000;0.000000;2.000000;110.670395;463.441650;1487.326660;0.444767;0.000000;0.000000;0.000000;0.000000;2.000000;-72.582375;-730.613892;2102.246582;0.419988;0.000000;0.000000;0.000000;0.000000;2.000000;-10.682407;-711.984009;1958.939209;0.360892;0.000000;0.000000;0.000000;0.000000;2.000000;5.148846;-755.979370;1987.444702;0.369832;0.000000;0.000000;0.000000;0.000000;2.000000;14.624020;-784.221497;2107.843262;0.414958;0.000000;0.000000;0.000000;0.000000;2.000000;-40.564056;-752.423035;1964.767334;0.378438;0.000000;0.000000;0.000000;0.000000;2.000000;-134.478714;-789.237610;2043.864990;0.430049;0.000000;0.000000;0.000000;0.000000;2.000000;9347933184.000000
0.000000;-150.000000;2000.000000;0.000000;0.000000;0.000000;0.000000;0.000000;2.000000;-36.003407;-309.618317;2067.383789;0.159691;0.000000;0.000000;0.000000;0.000000;2.000000;-60.917202;-441.463989;2112.217041;0.208380;0.000000;0.000000;0.000000;0.000000;2.000000;-79.464035;-655.773254;2122.287842;0.386079;0.000000;0.000000;0.000000;0.000000;2.000000;-48.413670;-622.225708;2138.844482;0.366858;0.000000;0.000000;0.000000;0.000000;2.000000;78.573013;-593.290527;2194.903809;0.432656;0.000000;0.000000;0.000000;0.000000;2.000000;176.058990;-370.477112;2321.328369;0.599206;0.000000;0.000000;0.000000;0.000000;2.000000;232.666901;-177.544403;2209.530762;0.469339;0.000000;0.000000;0.000000;0.000000;2.000000;224.795609;-139.247559;2122.386719;0.520479;0.000000;0.000000;0.000000;0.000000;2.000000;213.061325;-92.656250;2026.580566;0.457461;0.000000;0.000000;0.000000;0.000000;2.000000;176.570618;-114.577896;2122.766602;0.671075;0.000000;0.000000;0.000000;0.000000;2.000000;-105.360611;-618.328735;2104.238281;0.345664;0.000000;0.000000;0.000000;0.000000;2.000000;-202.767960;-562.675903;2037.677002;0.342728;0.000000;0.000000;0.000000;0.000000;2.000000;-253.169083;-291.253510;1995.348267;0.353448;0.000000;0.000000;0.000000;0.000000;2.000000;-186.645142;-83.918976;1912.513550;0.286655;0.000000;0.000000;0.000000;0.000000;2.000000;-167.928741;16.567749;1923.838379;0.284439;0.000000;0.000000;0.000000;0.000000;2.000000;-81.698761;29.145081;1864.637573;0.249713;0.000000;0.000000;0.000000;0.000000;2.000000;-104.130722;7.219482;1896.489258;0.698266;0.000000;0.000000;0.000000;0.000000;2.000000;82.561020;-153.088043;2036.797729;0.150300;0.000000;0.000000;0.000000;0.000000;2.000000;468.928741;-65.819138;2008.774780;0.667298;0.000000;0.000000;0.000000;0.000000;2.000000;450.845551;310.725006;1965.128418;0.474595;0.000000;0.000000;0.000000;0.000000;2.000000;585.740540;416.712677;1893.718384;0.428766;0.000000;0.000000;0.000000;0.000000;2.000000;-74.448914;-147.215393;1966.817871;0.135532;0.000000;0.000000;0.000000;0.000000;2.000000;83.008408;-5.986008;1631.253662;1.129207;0.000000;0.000000;0.000000;0.000000;2.000000;50.960938;376.152008;1633.878296;0.504558;0.000000;0.000000;0.000000;0.000000;2.000000;100.521683;463.130768;1495.287476;0.381813;0.000000;0.000000;0.000000;0.000000;2.000000;-79.521530;-736.438965;2114.666748;0.454944;0.000000;0.000000;0.000000;0.000000;2.000000;-18.687656;-716.308228;1968.727783;0.395481;0.000000;0.000000;0.000000;0.000000;2.000000;-2.052753;-761.012573;1997.137695;0.387146;0.000000;0.000000;0.000000;0.000000;2.000000;9.226799;-790.371582;2118.885254;0.406704;0.000000;0.000000;0.000000;0.000000;2.000000;-48.700069;-757.497192;1974.751587;0.409652;0.000000;0.000000;0.000000;0.000000;2.000000;-142.712265;-795.814941;2055.886230;0.473080;0.000000;0.000000;0.000000;0.000000;2.000000;9347966976.000000
0.000000;-150.000000;2000.000000;0.000000;0.000000;0.000000;0.000000;0.000000;2.000000;-36.050095;-309.678619;2067.285156;0.003805;0.000000;0.000000;0.000000;0.000000;2.000000;-60.970421;-441.594666;2111.974365;0.008567;0.000000;0.000000;0.000000;0.000000;2.000000;-79.430099;-655.956909;2121.760254;0.017080;0.000000;0.000000;0.000000;0.000000;2.000000;-48.406067;-622.410889;2138.390625;0.014961;0.000000;0.000000;0.000000;0.000000;2.000000;78.464279;-593.231567;2194.640137;0.008888;0.000000;0.000000;0.000000;0.000000;2.000000;174.630554;-369.639862;2320.789307;0.053139;0.000000;0.000000;0.000000;0.000000;2.000000;230.561035;-176.814301;2208.396729;0.076317;0.000000;0.000000;0.000000;0.000000;2.000000;220.968109;-137.315247;2121.949219;0.131527;0.000000;0.000000;0.000000;0.000000;2.000000;209.012054;-87.841690;2027.608521;0.194532;0.000000;0.000000;0.000000;0.000000;2.000000;176.334076;-109.526505;2125.062500;0.169486;0.000000;0.000000;0.000000;0.000000;2.000000;-105.331093;-618.496094;2103.730957;0.016328;0.000000;0.000000;0.000000;0.000000;2.000000;-202.719849;-562.801880;2037.138916;0.016929;0.000000;0.000000;0.000000;0.000000;2.000000;-253.290649;-291.308716;1995.193237;0.006244;0.000000;0.000000;0.000000;0.000000;2.000000;-186.877045;-83.740219;1912.759277;0.011665;0.000000;0.000000;0.000000;0.000000;2.000000;-168.554810;16.791779;1924.459717;0.027773;0.000000;0.000000;0.000000;0.000000;2.000000;-81.922249;29.829651;1865.922119;0.044941;0.000000;0.000000;0.000000;0.000000;2.000000;-104.735039;7.748932;1898.076538;0.054292;0.000000;0.000000;0.000000;0.000000;2.000000;82.558716;-153.118134;2036.833618;0.001431;0.000000;0.000000;0.000000;0.000000;2.000000;469.003815;-65.713333;2009.469482;0.021567;0.000000;0.000000;0.000000;0.000000;2.000000;450.973114;310.931549;1966.179810;0.032930;0.000000;0.000000;0.000000;0.000000;2.000000;585.895752;416.908417;1894.733765;0.031911;0.000000;0.000000;0.000000;0.000000;2.000000;-74.446831;-147.188248;1966.785645;0.001287;0.000000;0.000000;0.000000;0.000000;2.000000;83.372429;-5.733765;1631.416260;0.014398;0.000000;0.000000;0.000000;0.000000;2.000000;51.238064;376.452301;1634.325195;0.018480;0.000000;0.000000;0.000000;0.000000;2.000000;100.973404;463.501617;1495.809570;0.023916;0.000000;0.000000;0.000000;0.000000;2.000000;-79.443146;-736.625000;2114.036621;0.020193;0.000000;0.000000;0.000000;0.000000;2.000000;-18.384190;-716.502563;1968.164673;0.020402;0.000000;0.000000;0.000000;0.000000;2.000000;-1.706631;-761.153748;1996.649170;0.018772;0.000000;0.000000;0.000000;0.000000;2.000000;9.419537;-790.382446;2118.461914;0.014199;0.000000;0.000000;0.000000;0.000000;2.000000;-48.328438;-757.752686;1974.174683;0.022347;0.000000;0.000000;0.000000;0.000000;2.000000;-142.419769;-796.191406;2055.191406;0.025716;0.000000;0.000000;0.000000;0.000000;2.000000;9347999744.000000
0.000000;-150.000000;2000.000000;0.000000;0.000000;0.000000;0.000000;0.000000;2.000000;-33.422558;-309.658447;2063.170898;0.144465;0.000000;0.000000;0.000000;0.000000;2.000000;-56.207531;-441.376740;2104.247559;0.268686;0.000000;0.000000;0.000000;0.000000;2.000000;-77.873581;-653.034546;2110.921875;0.335371;0.000000;0.000000;0.000000;0.000000;2.000000;-46.838406;-620.591309;2128.064453;0.313737;0.000000;0.000000;0.000000;0.000000;2.000000;77.413651;-597.335510;2188.613281;0.218003;0.000000;0.000000;0.000000;0.000000;2.000000;165.889343;-373.019745;2312.177734;0.376645;0.000000;0.000000;0.000000;0.000000;2.000000;223.187180;-186.796143;2194.903809;0.542501;0.000000;0.000000;0.000000;0.000000;2.000000;214.970154;-146.523743;2109.906250;0.482467;0.000000;0.000000;0.000000;0.000000;2.000000;213.472794;-90.584122;2019.945190;0.274665;0.000000;0.000000;0.000000;0.000000;2.000000;162.850571;-116.599915;2125.081543;0.450587;0.000000;0.000000;0.000000;0.000000;2.000000;-102.727936;-615.375366;2093.380859;0.329053;0.000000;0.000000;0.000000;0.000000;2.000000;-196.641205;-557.214294;2026.866333;0.390016;0.000000;0.000000;0.000000;0.000000;2.000000;-244.406372;-289.139893;1981.343628;0.491139;0.000000;0.000000;0.000000;0.000000;2.000000;-178.848221;-83.380035;1901.355835;0.412849;0.000000;0.000000;0.000000;0.000000;2.000000;-166.107300;17.084534;1910.228638;0.427408;0.000000;0.000000;0.000000;0.000000;2.000000;-75.703995;42.247650;1865.076782;0.411742;0.000000;0.000000;0.000000;0.000000;2.000000;-100.619919;10.917877;1890.872314;0.262822;0.000000;0.000000;0.000000;0.000000;2.000000;81.969406;-153.090866;2035.556519;0.041630;0.000000;0.000000;0.000000;0.000000;2.000000;462.279266;-60.742691;2005.387329;0.275373;0.000000;0.000000;0.000000;0.000000;2.000000;459.562653;312.612946;1969.040161;0.272493;0.000000;0.000000;0.000000;0.000000;2.000000;589.869324;413.251495;1887.605591;0.264642;0.000000;0.000000;0.000000;0.000000;2.000000;-73.915405;-147.212799;1967.937134;0.037537;0.000000;0.000000;0.000000;0.000000;2.000000;103.610031;11.481750;1656.419312;1.079666;0.000000;0.000000;0.000000;0.000000;2.000000;55.974121;386.796234;1632.565063;0.340671;0.000000;0.000000;0.000000;0.000000;2.000000;108.352570;465.058441;1492.237183;0.246950;0.000000;0.000000;0.000000;0.000000;2.000000;-79.075745;-732.644226;2102.220703;0.369137;0.000000;0.000000;0.000000;0.000000;2.000000;-12.307392;-711.687256;1961.061768;0.311169;0.000000;0.000000;0.000000;0.000000;2.000000;2.127987;-756.569641;1989.150757;0.283759;0.000000;0.000000;0.000000;0.000000;2.000000;7.463524;-787.552979;2109.406738;0.286650;0.000000;0.000000;0.000000;0.000000;2.000000;-42.895985;-751.955444;1965.078125;0.357408;0.000000;0.000000;0.000000;0.000000;2.000000;-139.904190;-789.362671;2040.531006;0.484353;0.000000;0.000000;0.000000;0.000000;2.000000;9348033536.000000
0.000000;-150.000000;2000.000000;0.000000;0.000000;0.000000;0.000000;0.000000;2.000000;-33.411339;-311.409760;2056.995605;0.195887;0.000000;0.000000;0.000000;0.000000;2.000000;-55.493080;-445.208618;2089.415039;0.468022;0.000000;0.000000;0.000000;0.000000;2.000000;-80.711899;-655.781433;2097.704590;0.420986;0.000000;0.000000;0.000000;0.000000;2.000000;-49.579132;-623.773438;2115.089355;0.416194;0.000000;0.000000;0.000000;0.000000;2.000000;72.110138;-599.375488;2179.324219;0.332313;0.000000;0.000000;0.000000;0.000000;2.000000;164.461838;-372.375977;2293.002930;0.587117;0.000000;0.000000;0.000000;0.000000;2.000000;221.287201;-190.225937;2170.518311;0.753745;0.000000;0.000000;0.000000;0.000000;2.000000;228.811539;-139.155487;2091.800049;0.730964;0.000000;0.000000;0.000000;0.000000;2.000000;213.873825;-85.057007;2002.309937;0.564131;0.000000;0.000000;0.000000;0.000000;2.000000;186.189255;-96.952652;2109.525391;1.045067;0.000000;0.000000;0.000000;0.000000;2.000000;-104.519394;-618.011963;2079.361328;0.438762;0.000000;0.000000;0.000000;0.000000;2.000000;-199.140884;-562.301147;2012.491577;0.471551;0.000000;0.000000;0.000000;0.000000;2.000000;-242.444366;-294.820557;1964.046143;0.558832;0.000000;0.000000;0.000000;0.000000;2.000000;-178.636169;-89.201080;1884.238525;0.551796;0.000000;0.000000;0.000000;0.000000;2.000000;-160.052887;10.013641;1893.420776;0.586349;0.000000;0.000000;0.000000;0.000000;2.000000;-68.460297;33.887085;1850.741699;0.552583;0.000000;0.000000;0.000000;0.000000;2.000000;-99.735214;3.417908;1877.934448;0.457174;0.000000;0.000000;0.000000;0.000000;2.000000;83.166733;-156.094864;2031.492676;0.158493;0.000000;0.000000;0.000000;0.000000;2.000000;462.919495;-69.224716;1993.992798;0.433940;0.000000;0.000000;0.000000;0.000000;2.000000;459.596832;303.201782;1959.641479;0.405903;0.000000;0.000000;0.000000;0.000000;2.000000;590.421509;401.986389;1877.989990;0.452306;0.000000;0.000000;0.000000;0.000000;2.000000;-74.995102;-144.503998;1971.601563;0.142917;0.000000;0.000000;0.000000;0.000000;2.000000;116.711823;13.810974;1669.906006;0.578204;0.000000;0.000000;0.000000;0.000000;2.000000;56.363407;383.926880;1622.751465;0.312252;0.000000;0.000000;0.000000;0.000000;2.000000;108.265656;457.170715;1480.156494;0.440307;0.000000;0.000000;0.000000;0.000000;2.000000;-83.053459;-735.209351;2089.784180;0.406089;0.000000;0.000000;0.000000;0.000000;2.000000;-12.943848;-719.866882;1950.049438;0.419084;0.000000;0.000000;0.000000;0.000000;2.000000;1.018021;-763.248291;1980.333984;0.339242;0.000000;0.000000;0.000000;0.000000;2.000000;3.391624;-788.893555;2101.559082;0.272895;0.000000;0.000000;0.000000;0.000000;2.000000;-43.255814;-760.052124;1954.995361;0.394785;0.000000;0.000000;0.000000;0.000000;2.000000;-141.663605;-794.852051;2029.228394;0.387198;0.000000;0.000000;0.000000;0.000000;2.000000;9348066304.000000
0.000000;-150.000015;2000.000000;0.000000;0.000000;0.000000;0.000000;0.000000;2.000000;-33.504822;-311.980560;2056.880859;0.017450;0.000000;0.000000;0.000000;0.000000;2.000000;-55.542007;-446.305481;2088.905273;0.035823;0.000000;0.000000;0.000000;0.000000;2.000000;-80.904419;-657.499756;2096.818848;0.057491;0.000000;0.000000;0.000000;0.000000;2.000000;-49.727158;-625.431763;2114.397949;0.053349;0.000000;0.000000;0.000000;0.000000;2.000000;73.158669;-600.085205;2176.851563;0.082208;0.000000;0.000000;0.000000;0.000000;2.000000;163.668289;-366.614624;2280.323975;0.412794;0.000000;0.000000;0.000000;0.000000;2.000000;215.014069;-194.241257;2141.177002;0.895830;0.000000;0.000000;0.000000;0.000000;2.000000;216.285828;-148.713699;2058.479980;1.090718;0.000000;0.000000;0.000000;0.000000;2.000000;209.583710;-95.837189;1966.923340;1.102040;0.000000;0.000000;0.000000;0.000000;2.000000;178.233826;-104.429672;2079.507324;0.945248;0.000000;0.000000;0.000000;0.000000;2.000000;-104.717293;-619.586792;2078.407471;0.054799;0.000000;0.000000;0.000000;0.000000;2.000000;-198.812012;-563.075439;2010.748657;0.057271;0.000000;0.000000;0.000000;0.000000;2.000000;-240.365570;-294.470673;1962.420044;0.078786;0.000000;0.000000;0.000000;0.000000;2.000000;-175.557312;-88.021851;1883.635498;0.099185;0.000000;0.000000;0.000000;0.000000;2.000000;-154.639374;10.939423;1893.753052;0.162824;0.000000;0.000000;0.000000;0.000000;2.000000;-62.985748;32.197571;1849.128418;0.176140;0.000000;0.000000;0.000000;0.000000;2.000000;-95.673378;4.138611;1877.458374;0.122889;0.000000;0.000000;0.000000;0.000000;2.000000;83.385361;-156.135925;2031.643677;0.007956;0.000000;0.000000;0.000000;0.000000;2.000000;464.665039;-71.093018;1993.517334;0.076961;0.000000;0.000000;0.000000;0.000000;2.000000;460.195190;302.350586;1958.445923;0.046902;0.000000;0.000000;0.000000;0.000000;2.000000;590.991333;402.512512;1877.227417;0.032187;0.000000;0.000000;0.000000;0.000000;2.000000;-75.192245;-144.466995;1971.465576;0.007171;0.000000;0.000000;0.000000;0.000000;2.000000;122.231926;14.968964;1672.579956;0.184718;0.000000;0.000000;0.000000;0.000000;2.000000;58.613045;385.303711;1622.670288;0.078089;0.000000;0.000000;0.000000;0.000000;2.000000;108.381233;458.196289;1478.560669;0.056240;0.000000;0.000000;0.000000;0.000000;2.000000;-83.245552;-737.146667;2088.746094;0.065290;0.000000;0.000000;0.000000;0.000000;2.000000;-7.993290;-722.178040;1951.145874;0.164903;0.000000;0.000000;0.000000;0.000000;2.000000;6.056858;-764.712524;1982.846680;0.172167;0.000000;0.000000;0.000000;0.000000;2.000000;4.433975;-788.199890;2104.888916;0.105275;0.000000;0.000000;0.000000;0.000000;2.000000;-37.395714;-763.262451;1955.690308;0.198801;0.000000;0.000000;0.000000;0.000000;2.000000;-137.875702;-799.728149;2026.933472;0.194934;0.000000;0.000000;0.000000;0.000000;2.000000;9348100096.000000
0.000000;-150.000000;2000.000000;0.000000;0.000000;0.000000;0.000000;0.000000;2.000000;-31.489117;-311.568207;2056.138184;0.066754;0.000000;0.000000;0.000000;0.000000;2.000000;-50.130657;-446.761597;2082.727539;0.251015;0.000000;0.000000;0.000000;0.000000;2.000000;-78.217041;-655.989685;2097.820313;0.098913;0.000000;0.000000;0.000000;0.000000;2.000000;-46.964764;-623.904785;2114.462402;0.096344;0.000000;0.000000;0.000000;0.000000;2.000000;74.623459;-603.994873;2179.577881;0.152172;0.000000;0.000000;0.000000;0.000000;2.000000;157.248322;-375.965820;2296.826172;0.611101;0.000000;0.000000;0.000000;0.000000;2.000000;226.722122;-182.910385;2201.825928;1.916484;0.000000;0.000000;0.000000;0.000000;2.000000;220.858917;-144.652527;2116.306152;1.774558;0.000000;0.000000;0.000000;0.000000;2.000000;209.814743;-99.952774;2021.566406;1.672312;0.000000;0.000000;0.000000;0.000000;2.000000;186.462021;-118.408585;2109.828125;1.049407;0.000000;0.000000;0.000000;0.000000;2.000000;-101.213303;-618.668213;2077.944824;0.111445;0.000000;0.000000;0.000000;0.000000;2.000000;-195.088898;-562.837524;2010.817505;0.113872;0.000000;0.000000;0.000000;0.000000;2.000000;-229.501404;-295.457397;1959.176880;0.347313;0.000000;0.000000;0.000000;0.000000;2.000000;-166.848572;-87.723465;1886.062378;0.276047;0.000000;0.000000;0.000000;0.000000;2.000000;-133.089355;7.417725;1890.969116;0.671772;0.000000;0.000000;0.000000;0.000000;2.000000;-49.274006;26.109070;1833.126221;0.669409;0.000000;0.000000;0.000000;0.000000;2.000000;-90.341599;0.619812;1878.489014;0.197475;0.000000;0.000000;0.000000;0.000000;2.000000;82.997322;-155.272552;2031.380371;0.029984;0.000000;0.000000;0.000000;0.000000;2.000000;463.642761;-77.994125;1993.393188;0.212937;0.000000;0.000000;0.000000;0.000000;2.000000;463.569641;292.941254;1954.470337;0.328298;0.000000;0.000000;0.000000;0.000000;2.000000;594.667114;398.994781;1884.338623;0.266841;0.000000;0.000000;0.000000;0.000000;2.000000;-74.842331;-145.245514;1971.702881;0.027036;0.000000;0.000000;0.000000;0.000000;2.000000;138.830811;34.866272;1699.890747;1.148899;0.000000;0.000000;0.000000;0.000000;2.000000;59.149593;395.035858;1622.567017;0.297469;0.000000;0.000000;0.000000;0.000000;2.000000;114.878036;450.957245;1474.243896;0.324760;0.000000;0.000000;0.000000;0.000000;2.000000;-81.522324;-735.381470;2092.597656;0.139582;0.000000;0.000000;0.000000;0.000000;2.000000;-2.615593;-726.111755;1957.593994;0.282962;0.000000;0.000000;0.000000;0.000000;2.000000;9.769302;-767.559814;1990.849243;0.282894;0.000000;0.000000;0.000000;0.000000;2.000000;4.334862;-786.913086;2112.786133;0.244201;0.000000;0.000000;0.000000;0.000000;2.000000;-32.622364;-766.342896;1962.578247;0.272476;0.000000;0.000000;0.000000;0.000000;2.000000;-135.071594;-798.744629;2031.628540;0.169569;0.000000;0.000000;0.000000;0.000000;2.000000;9348132864.000000
0.000000;-150.000000;2000.000000;0.000000;0.000000;0.000000;0.000000;0.000000;2.000000;-36.164299;-310.843567;2056.841797;0.141544;0.000000;0.000000;0.000000;0.000000;2.000000;-57.648109;-445.877319;2084.039307;0.227335;0.000000;0.000000;0.000000;0.000000;2.000000;-88.539978;-655.441162;2096.760742;0.307518;0.000000;0.000000;0.000000;0.000000;2.000000;-56.824867;-623.866760;2113.864990;0.292325;0.000000;0.000000;0.000000;0.000000;2.000000;65.294640;-605.459473;2179.227539;0.279640;0.000000;0.000000;0.000000;0.000000;2.000000;148.801468;-372.673431;2287.843750;0.377668;0.000000;0.000000;0.000000;0.000000;2.000000;213.401611;-213.295715;2140.122314;2.073195;0.000000;0.000000;0.000000;0.000000;2.000000;219.726074;-161.959885;2061.486816;1.701519;0.000000;0.000000;0.000000;0.000000;2.000000;218.391724;-104.038330;1973.177856;1.459291;0.000000;0.000000;0.000000;0.000000;2.000000;189.036102;-123.932037;2066.695801;1.289082;0.000000;0.000000;0.000000;0.000000;2.000000;-111.074646;-617.504028;2077.212891;0.294649;0.000000;0.000000;0.000000;0.000000;2.000000;-203.042877;-558.091553;2009.863647;0.275547;0.000000;0.000000;0.000000;0.000000;2.000000;-235.697342;-289.894623;1957.412720;0.251880;0.000000;0.000000;0.000000;0.000000;2.000000;-171.782318;-81.998444;1883.930908;0.232376;0.000000;0.000000;0.000000;0.000000;2.000000;-127.119583;8.005707;1897.154419;0.254983;0.000000;0.000000;0.000000;0.000000;2.000000;-48.102699;25.218781;1832.056763;0.053826;0.000000;0.000000;0.000000;0.000000;2.000000;-89.613007;1.430206;1881.258789;0.088081;0.000000;0.000000;0.000000;0.000000;2.000000;81.623276;-155.874969;2035.306885;0.124390;0.000000;0.000000;0.000000;0.000000;2.000000;464.132629;-77.224869;2010.343384;0.502329;0.000000;0.000000;0.000000;0.000000;2.000000;458.025879;293.243042;1959.648071;0.224659;0.000000;0.000000;0.000000;0.000000;2.000000;589.138733;400.312866;1889.815186;0.233564;0.000000;0.000000;0.000000;0.000000;2.000000;-73.603294;-144.702271;1968.162354;0.112163;0.000000;0.000000;0.000000;0.000000;2.000000;134.923294;36.337372;1691.513794;0.276983;0.000000;0.000000;0.000000;0.000000;2.000000;51.797245;398.329041;1621.773315;0.239559;0.000000;0.000000;0.000000;0.000000;2.000000;107.218102;455.668152;1473.365967;0.267382;0.000000;0.000000;0.000000;0.000000;2.000000;-92.869263;-734.932251;2090.623291;0.341092;0.000000;0.000000;0.000000;0.000000;2.000000;-9.863583;-725.553345;1957.612671;0.215125;0.000000;0.000000;0.000000;0.000000;2.000000;-0.267464;-768.575562;1990.019653;0.299541;0.000000;0.000000;0.000000;0.000000;2.000000;-9.831684;-791.146667;2111.484131;0.439241;0.000000;0.000000;0.000000;0.000000;2.000000;-41.908142;-764.556458;1960.666504;0.285493;0.000000;0.000000;0.000000;0.000000;2.000000;-147.816208;-794.116516;2026.323242;0.430868;0.000000;0.000000;0.000000;0.000000;2.000000;9348166656.000000
0.000000;-150.000015;2000.000000;0.000000;0.000000;0.000000;0.000000;0.000000;2.000000;-36.430611;-312.407776;2058.422607;0.066281;0.000000;0.000000;0.000000;0.000000;2.000000;-57.529472;-449.302185;2084.920410;0.104711;0.000000;0.000000;0.000000;0.000000;2.000000;-85.112595;-662.042114;2092.750488;0.250058;0.000000;0.000000;0.000000;0.000000;2.000000;-53.651672;-629.960815;2110.908691;0.221346;0.000000;0.000000;0.000000;0.000000;2.000000;70.081947;-608.287964;2175.705078;0.194788;0.000000;0.000000;0.000000;0.000000;2.000000;147.778595;-363.991760;2270.254883;0.581245;0.000000;0.000000;0.000000;0.000000;2.000000;194.865479;-221.439316;2096.896973;1.412521;0.000000;0.000000;0.000000;0.000000;2.000000;197.819489;-189.798279;2007.146973;1.919589;0.000000;0.000000;0.000000;0.000000;2.000000;203.538712;-150.191284;1908.085571;2.401892;0.000000;0.000000;0.000000;0.000000;2.000000;185.677139;-128.451233;2021.406250;1.350564;0.000000;0.000000;0.000000;0.000000;2.000000;-108.508713;-623.619019;2073.786621;0.220891;0.000000;0.000000;0.000000;0.000000;2.000000;-198.076935;-562.364441;2002.137695;0.299763;0.000000;0.000000;0.000000;0.000000;2.000000;-229.576279;-290.939392;1948.800903;0.314189;0.000000;0.000000;0.000000;0.000000;2.000000;-163.167587;-81.936172;1872.389160;0.426208;0.000000;0.000000;0.000000;0.000000;2.000000;-123.077774;9.902649;1894.014404;0.161530;0.000000;0.000000;0.000000;0.000000;2.000000;-41.061760;25.021118;1830.193481;0.215613;0.000000;0.000000;0.000000;0.000000;2.000000;-79.776527;5.743195;1873.312866;0.395367;0.000000;0.000000;0.000000;0.000000;2.000000;82.866882;-155.996353;2035.004150;0.038046;0.000000;0.000000;0.000000;0.000000;2.000000;470.755371;-82.084274;2007.383423;0.258384;0.000000;0.000000;0.000000;0.000000;2.000000;462.197998;292.835449;1957.702881;0.136757;0.000000;0.000000;0.000000;0.000000;2.000000;594.513550;398.442017;1882.531250;0.273545;0.000000;0.000000;0.000000;0.000000;2.000000;-74.724724;-144.592865;1968.435059;0.034306;0.000000;0.000000;0.000000;0.000000;2.000000;149.871719;18.236816;1686.673950;0.709308;0.000000;0.000000;0.000000;0.000000;2.000000;63.246300;384.396484;1619.175659;0.539162;0.000000;0.000000;0.000000;0.000000;2.000000;112.800026;452.323364;1470.937866;0.205539;0.000000;0.000000;0.000000;0.000000;2.000000;-88.065567;-742.350037;2084.661621;0.315466;0.000000;0.000000;0.000000;0.000000;2.000000;-3.730225;-725.509399;1951.067749;0.265439;0.000000;0.000000;0.000000;0.000000;2.000000;7.172916;-769.828125;1982.369263;0.317977;0.000000;0.000000;0.000000;0.000000;2.000000;-2.426605;-797.256775;2104.300293;0.354838;0.000000;0.000000;0.000000;0.000000;2.000000;-34.898689;-766.045471;1952.567993;0.320007;0.000000;0.000000;0.000000;0.000000;2.000000;-141.383499;-801.610413;2017.210571;0.397667;0.000000;0.000000;0.000000;0.000000;2.000000;9348200448.000000
0.000000;-150.000000;2000.000000;0.000000;0.000000;0.000000;0.000000;0.000000;2.000000;-36.684250;-311.650177;2057.065430;0.048061;0.000000;0.000000;0.000000;0.000000;2.000000;-58.017624;-447.544525;2083.894043;0.063877;0.000000;0.000000;0.000000;0.000000;2.000000;-87.636589;-658.649231;2092.246338;0.129965;0.000000;0.000000;0.000000;0.000000;2.000000;-56.164742;-627.021179;2110.383301;0.119109;0.000000;0.000000;0.000000;0.000000;2.000000;64.329636;-610.740967;2180.725586;0.244735;0.000000;0.000000;0.000000;0.000000;2.000000;140.607483;-356.090790;2236.145996;1.090664;0.000000;0.000000;0.000000;0.000000;2.000000;202.312439;-215.299759;2067.880615;0.933210;0.000000;0.000000;0.000000;0.000000;2.000000;194.611481;-176.793610;1981.792725;0.875089;0.000000;0.000000;0.000000;0.000000;2.000000;199.520721;-133.567551;1884.935791;0.878358;0.000000;0.000000;0.000000;0.000000;2.000000;165.560059;-115.268875;2007.072632;0.854451;0.000000;0.000000;0.000000;0.000000;2.000000;-110.373787;-620.297363;2073.112549;0.118061;0.000000;0.000000;0.000000;0.000000;2.000000;-200.747437;-563.023315;2000.642090;0.095547;0.000000;0.000000;0.000000;0.000000;2.000000;-231.149292;-293.454224;1946.226440;0.119863;0.000000;0.000000;0.000000;0.000000;2.000000;-167.051117;-85.154037;1870.274658;0.166894;0.000000;0.000000;0.000000;0.000000;2.000000;-121.641838;4.120667;1888.920044;0.239219;0.000000;0.000000;0.000000;0.000000;2.000000;-37.202934;22.750122;1830.479126;0.136920;0.000000;0.000000;0.000000;0.000000;2.000000;-83.804131;1.382874;1871.285278;0.191424;0.000000;0.000000;0.000000;0.000000;2.000000;81.562782;-155.565277;2036.667358;0.065827;0.000000;0.000000;0.000000;0.000000;2.000000;468.698944;-88.575317;2016.934448;0.357960;0.000000;0.000000;0.000000;0.000000;2.000000;458.027466;283.372314;1963.243774;0.358040;0.000000;0.000000;0.000000;0.000000;2.000000;588.204041;391.312134;1890.504761;0.378986;0.000000;0.000000;0.000000;0.000000;2.000000;-73.548752;-144.981537;1966.935547;0.059353;0.000000;0.000000;0.000000;0.000000;2.000000;144.812103;9.175964;1678.885986;0.395966;0.000000;0.000000;0.000000;0.000000;2.000000;65.319382;375.912537;1619.588867;0.266825;0.000000;0.000000;0.000000;0.000000;2.000000;113.330452;448.602173;1474.340576;0.154731;0.000000;0.000000;0.000000;0.000000;2.000000;-91.333229;-738.455017;2084.472168;0.155264;0.000000;0.000000;0.000000;0.000000;2.000000;-9.036243;-728.878540;1950.056030;0.194281;0.000000;0.000000;0.000000;0.000000;2.000000;3.243107;-770.313843;1984.076294;0.131592;0.000000;0.000000;0.000000;0.000000;2.000000;-4.611134;-789.208008;2106.955078;0.267099;0.000000;0.000000;0.000000;0.000000;2.000000;-38.882813;-769.774780;1954.672119;0.178491;0.000000;0.000000;0.000000;0.000000;2.000000;-143.201263;-803.328247;2022.254883;0.171823;0.000000;0.000000;0.000000;0.000000;2.000000;9348233216.000000
0.000000;-150.000000;2000.000000;0.000000;0.000000;0.000000;0.000000;0.000000;2.000000;-36.837898;-311.913605;2056.828857;0.011422;0.000000;0.000000;0.000000;0.000000;2.000000;-58.074539;-448.100037;2083.075195;0.029330;0.000000;0.000000;0.000000;0.000000;2.000000;-87.107681;-659.577087;2090.130859;0.070129;0.000000;0.000000;0.000000;0.000000;2.000000;-55.874992;-627.900513;2108.735596;0.055931;0.000000;0.000000;0.000000;0.000000;2.000000;64.140068;-610.798767;2180.013672;0.021869;0.000000;0.000000;0.000000;0.000000;2.000000;136.208893;-355.889893;2241.094238;0.196013;0.000000;0.000000;0.000000;0.000000;2.000000;197.368317;-210.971039;2075.811523;0.304794;0.000000;0.000000;0.000000;0.000000;2.000000;186.330109;-164.986420;1993.732056;0.554056;0.000000;0.000000;0.000000;0.000000;2.000000;192.217087;-115.390015;1899.897583;0.729462;0.000000;0.000000;0.000000;0.000000;2.000000;151.008179;-106.356949;2026.468628;0.764494;0.000000;0.000000;0.000000;0.000000;2.000000;-109.817627;-621.162537;2070.951416;0.070827;0.000000;0.000000;0.000000;0.000000;2.000000;-199.630997;-563.793457;1997.604126;0.098455;0.000000;0.000000;0.000000;0.000000;2.000000;-230.078979;-293.985779;1942.805786;0.107226;0.000000;0.000000;0.000000;0.000000;2.000000;-165.596603;-85.215073;1867.681885;0.087995;0.000000;0.000000;0.000000;0.000000;2.000000;-123.022491;5.312531;1887.564575;0.067248;0.000000;0.000000;0.000000;0.000000;2.000000;-36.537315;26.388733;1832.855469;0.130106;0.000000;0.000000;0.000000;0.000000;2.000000;-84.998184;3.476746;1872.304199;0.077442;0.000000;0.000000;0.000000;0.000000;2.000000;81.569656;-155.609833;2036.892334;0.006790;0.000000;0.000000;0.000000;0.000000;2.000000;452.487305;-47.642014;1960.310303;2.122579;0.000000;0.000000;0.000000;0.000000;2.000000;420.282410;319.509155;1883.992432;2.809187;0.000000;0.000000;0.000000;0.000000;1.000000;544.510315;421.814209;1794.182983;3.257548;0.000000;0.000000;0.000000;0.000000;1.000000;-73.554947;-144.941360;1966.732544;0.006127;0.000000;0.000000;0.000000;0.000000;2.000000;148.252121;8.625519;1680.398926;0.112397;0.000000;0.000000;0.000000;0.000000;2.000000;67.436935;375.617798;1621.719116;0.089314;0.000000;0.000000;0.000000;0.000000;2.000000;116.312668;449.147034;1476.958984;0.118543;0.000000;0.000000;0.000000;0.000000;2.000000;-90.472885;-739.445679;2081.924805;0.084796;0.000000;0.000000;0.000000;0.000000;2.000000;-3.891441;-731.219482;1949.922607;0.167315;0.000000;0.000000;0.000000;0.000000;2.000000;5.055252;-774.187012;1983.173828;0.129330;0.000000;0.000000;0.000000;0.000000;2.000000;-7.352295;-795.718994;2105.384521;0.214162;0.000000;0.000000;0.000000;0.000000;2.000000;-36.168472;-770.478760;1952.639893;0.102483;0.000000;0.000000;0.000000;0.000000;2.000000;-144.219727;-799.703735;2016.545776;0.202377;0.000000;0.000000;0.000000;0.000000;2.000000;9348267008.000000
0.000000;-150.000000;2000.000000;0.000000;0.000000;0.000000;0.000000;0.000000;2.000000;-36.874821;-311.931396;2056.756348;0.002542;0.000000;0.000000;0.000000;0.000000;2.000000;-58.153812;-448.117218;2082.975098;0.003932;0.000000;0.000000;0.000000;0.000000;2.000000;-87.343246;-659.572510;2090.065430;0.007462;0.000000;0.000000;0.000000;0.000000;2.000000;-56.090946;-627.915039;2108.670410;0.006898;0.000000;0.000000;0.000000;0.000000;2.000000;63.970917;-610.920166;2179.896240;0.007295;0.000000;0.000000;0.000000;0.000000;2.000000;136.384079;-355.994965;2240.505859;0.019007;0.000000;0.000000;0.000000;0.000000;2.000000;197.587509;-211.828201;2074.581299;0.046244;0.000000;0.000000;0.000000;0.000000;2.000000;186.887497;-167.341919;1991.635498;0.097726;0.000000;0.000000;0.000000;0.000000;2.000000;195.632156;-120.285950;1896.721191;0.206355;0.000000;0.000000;0.000000;0.000000;2.000000;156.669113;-109.442795;2015.743652;0.381889;0.000000;0.000000;0.000000;0.000000;2.000000;-110.021347;-621.144897;2070.874023;0.006672;0.000000;0.000000;0.000000;0.000000;2.000000;-199.740021;-563.742371;1997.436035;0.006310;0.000000;0.000000;0.000000;0.000000;2.000000;-229.827957;-293.984406;1942.189819;0.020299;0.000000;0.000000;0.000000;0.000000;2.000000;-164.954193;-85.438263;1866.776611;0.034554;0.000000;0.000000;0.000000;0.000000;2.000000;-122.062744;5.019379;1886.294678;0.049394;0.000000;0.000000;0.000000;0.000000;2.000000;-35.690655;25.623047;1831.227295;0.060684;0.000000;0.000000;0.000000;0.000000;2.000000;-83.875427;3.088898;1870.492310;0.066118;0.000000;0.000000;0.000000;0.000000;2.000000;81.564529;-155.640457;2036.899902;0.000975;0.000000;0.000000;0.000000;0.000000;2.000000;451.208557;-46.849670;1955.468994;0.154713;0.000000;0.000000;0.000000;0.000000;2.000000;417.471680;320.231476;1879.468872;0.164015;0.000000;0.000000;0.000000;0.000000;1.000000;540.555359;422.618683;1788.188354;0.220540;0.000000;0.000000;0.000000;0.000000;1.000000;-73.550323;-144.913773;1966.725708;0.000879;0.000000;0.000000;0.000000;0.000000;2.000000;148.420059;8.930756;1680.665527;0.013388;0.000000;0.000000;0.000000;0.000000;2.000000;67.481522;375.957733;1622.363770;0.022282;0.000000;0.000000;0.000000;0.000000;2.000000;116.309845;449.868500;1477.781250;0.033384;0.000000;0.000000;0.000000;0.000000;2.000000;-90.765289;-739.440552;2081.874023;0.009058;0.000000;0.000000;0.000000;0.000000;2.000000;-4.201561;-731.274536;1949.855591;0.009827;0.000000;0.000000;0.000000;0.000000;2.000000;4.762508;-774.217407;1983.134155;0.009063;0.000000;0.000000;0.000000;0.000000;2.000000;-7.623981;-795.672607;2105.361084;0.008442;0.000000;0.000000;0.000000;0.000000;2.000000;-36.466160;-770.542236;1952.602661;0.009358;0.000000;0.000000;0.000000;0.000000;2.000000;-144.501236;-799.758789;2016.540771;0.008755;0.000000;0.000000;0.000000;0.000000;2.000000;9348299776.000000
0.000000;-150.000000;2000.000000;0.000000;0.000000;0.000000;0.000000;0.000000;2.000000;-36.924709;-311.937714;2056.671387;0.002922;0.000000;0.000000;0.000000;0.000000;2.000000;-58.239132;-448.122955;2082.816406;0.005335;0.000000;0.000000;0.000000;0.000000;2.000000;-87.563660;-659.549927;2089.784668;0.010584;0.000000;0.000000;0.000000;0.000000;2.000000;-56.309254;-627.922485;2108.429199;0.009630;0.000000;0.000000;0.000000;0.000000;2.000000;63.661568;-611.175964;2179.849121;0.011960;0.000000;0.000000;0.000000;0.000000;2.000000;136.704590;-356.466858;2240.533691;0.016901;0.000000;0.000000;0.000000;0.000000;2.000000;198.317017;-212.819672;2074.330078;0.037178;0.000000;0.000000;0.000000;0.000000;2.000000;188.511765;-169.838623;1990.491821;0.094418;0.000000;0.000000;0.000000;0.000000;2.000000;201.146317;-125.474518;1894.730591;0.231675;0.000000;0.000000;0.000000;0.000000;2.000000;162.504593;-115.234131;2002.505493;0.461155;0.000000;0.000000;0.000000;0.000000;2.000000;-110.200516;-621.101807;2070.593262;0.009938;0.000000;0.000000;0.000000;0.000000;2.000000;-199.785446;-563.616821;1997.071167;0.011498;0.000000;0.000000;0.000000;0.000000;2.000000;-229.583191;-293.855316;1941.773071;0.014804;0.000000;0.000000;0.000000;0.000000;2.000000;-164.450027;-85.377502;1866.439453;0.018038;0.000000;0.000000;0.000000;0.000000;2.000000;-121.644562;5.085205;1886.088623;0.013933;0.000000;0.000000;0.000000;0.000000;2.000000;-35.063389;25.820526;1831.412842;0.020221;0.000000;0.000000;0.000000;0.000000;2.000000;-83.277618;3.320770;1869.982910;0.024234;0.000000;0.000000;0.000000;0.000000;2.000000;81.549820;-155.676788;2036.912964;0.001223;0.000000;0.000000;0.000000;0.000000;2.000000;450.311249;-46.837372;1951.751953;0.113158;0.000000;0.000000;0.000000;0.000000;2.000000;415.996674;320.211487;1875.972778;0.112292;0.000000;0.000000;0.000000;0.000000;1.000000;538.372742;422.452209;1783.606567;0.150267;0.000000;0.000000;0.000000;0.000000;1.000000;-73.537064;-144.880966;1966.713867;0.001104;0.000000;0.000000;0.000000;0.000000;2.000000;148.667831;9.104370;1680.945923;0.012207;0.000000;0.000000;0.000000;0.000000;2.000000;67.735474;376.143188;1622.868286;0.017593;0.000000;0.000000;0.000000;0.000000;2.000000;116.599091;450.239258;1478.405151;0.023120;0.000000;0.000000;0.000000;0.000000;2.000000;-91.028168;-739.406921;2081.554199;0.012292;0.000000;0.000000;0.000000;0.000000;2.000000;-4.346996;-731.296692;1949.621460;0.008183;0.000000;0.000000;0.000000;0.000000;2.000000;4.527184;-774.266846;1982.883301;0.010283;0.000000;0.000000;0.000000;0.000000;2.000000;-7.992256;-795.766113;2105.080811;0.013972;0.000000;0.000000;0.000000;0.000000;2.000000;-36.667789;-770.517334;1952.320679;0.010285;0.000000;0.000000;0.000000;0.000000;2.000000;-144.791458;-799.611084;2016.148560;0.015086;0.000000;0.000000;0.000000;0.000000;2.000000;9348333568.000000
0.000000;-149.999985;2000.000000;0.000000;0.000000;0.000000;0.000000;0.000000;2.000000;-36.925415;-311.937958;2056.670410;0.000038;0.000000;0.000000;0.000000;0.000000;2.000000;-58.240356;-448.123291;2082.814697;0.000065;0.000000;0.000000;0.000000;0.000000;2.000000;-87.566071;-659.550171;2089.782227;0.000105;0.000000;0.000000;0.000000;0.000000;2.000000;-56.311966;-627.922852;2108.427246;0.000103;0.000000;0.000000;0.000000;0.000000;2.000000;63.656040;-611.178406;2179.852539;0.000212;0.000000;0.000000;0.000000;0.000000;2.000000;136.703796;-356.471313;2240.540039;0.000238;0.000000;0.000000;0.000000;0.000000;2.000000;198.324875;-212.827728;2074.336426;0.000394;0.000000;0.000000;0.000000;0.000000;2.000000;188.532288;-169.859116;1990.490601;0.000886;0.000000;0.000000;0.000000;0.000000;2.000000;201.216675;-125.522049;1894.723267;0.002601;0.000000;0.000000;0.000000;0.000000;2.000000;162.568497;-115.302643;2002.372437;0.004966;0.000000;0.000000;0.000000;0.000000;2.000000;-110.202255;-621.101929;2070.590088;0.000111;0.000000;0.000000;0.000000;0.000000;2.000000;-199.784195;-563.616577;1997.064453;0.000209;0.000000;0.000000;0.000000;0.000000;2.000000;-229.576492;-293.855438;1941.761353;0.000412;0.000000;0.000000;0.000000;0.000000;2.000000;-164.436707;-85.379959;1866.427002;0.000561;0.000000;0.000000;0.000000;0.000000;2.000000;-121.630219;5.082184;1886.076538;0.000580;0.000000;0.000000;0.000000;0.000000;2.000000;-35.045891;25.815857;1831.405273;0.000599;0.000000;0.000000;0.000000;0.000000;2.000000;-83.261086;3.316101;1869.971069;0.000637;0.000000;0.000000;0.000000;0.000000;2.000000;81.549637;-155.677185;2036.913452;0.000020;0.000000;0.000000;0.000000;0.000000;2.000000;450.290588;-46.822418;1951.683105;0.002241;0.000000;0.000000;0.000000;0.000000;2.000000;415.950806;320.225525;1875.910400;0.002401;0.000000;0.000000;0.000000;0.000000;1.000000;538.309448;422.469055;1783.524170;0.003212;0.000000;0.000000;0.000000;0.000000;1.000000;-73.536896;-144.880615;1966.713501;0.000016;0.000000;0.000000;0.000000;0.000000;2.000000;148.671387;9.106964;1680.949341;0.000170;0.000000;0.000000;0.000000;0.000000;2.000000;67.738724;376.146240;1622.874634;0.000237;0.000000;0.000000;0.000000;0.000000;2.000000;116.602379;450.244568;1478.412720;0.000299;0.000000;0.000000;0.000000;0.000000;2.000000;-91.030746;-739.407227;2081.551270;0.000119;0.000000;0.000000;0.000000;0.000000;2.000000;-4.346043;-731.291870;1949.621094;0.000150;0.000000;0.000000;0.000000;0.000000;2.000000;4.529499;-774.261597;1982.883057;0.000175;0.000000;0.000000;0.000000;0.000000;2.000000;-7.992420;-795.761902;2105.080078;0.000131;0.000000;0.000000;0.000000;0.000000;2.000000;-36.664764;-770.514282;1952.319336;0.000137;0.000000;0.000000;0.000000;0.000000;2.000000;-144.788788;-799.614075;2016.143921;0.000187;0.000000;0.000000;0.000000;0.000000;2.000000;9348366336.000000
0.000000;-150.000000;2000.000000;0.000000;0.000000;0.000000;0.000000;0.000000;2.000000;-36.925617;-311.937988;2056.669922;0.000016;0.000000;0.000000;0.000000;0.000000;2.000000;-58.240673;-448.123352;2082.813965;0.000024;0.000000;0.000000;0.000000;0.000000;2.000000;-87.566818;-659.550110;2089.780518;0.000055;0.000000;0.000000;0.000000;0.000000;2.000000;-56.312748;-627.922974;2108.425781;0.000049;0.000000;0.000000;0.000000;0.000000;2.000000;63.654381;-611.179565;2179.853027;0.000062;0.000000;0.000000;0.000000;0.000000;2.000000;136.703705;-356.473785;2240.543457;0.000125;0.000000;0.000000;0.000000;0.000000;2.000000;198.327621;-212.829605;2074.341553;0.000181;0.000000;0.000000;0.000000;0.000000;2.000000;188.538254;-169.862183;1990.494507;0.000230;0.000000;0.000000;0.000000;0.000000;2.000000;201.230087;-125.527893;1894.727051;0.000447;0.000000;0.000000;0.000000;0.000000;2.000000;162.578857;-115.314117;2002.354248;0.000706;0.000000;0.000000;0.000000;0.000000;2.000000;-110.202820;-621.101807;2070.588379;0.000053;0.000000;0.000000;0.000000;0.000000;2.000000;-199.784058;-563.615967;1997.062500;0.000061;0.000000;0.000000;0.000000;0.000000;2.000000;-229.574814;-293.854675;1941.759766;0.000072;0.000000;0.000000;0.000000;0.000000;2.000000;-164.433441;-85.379486;1866.426147;0.000101;0.000000;0.000000;0.000000;0.000000;2.000000;-121.626572;5.082275;1886.076294;0.000108;0.000000;0.000000;0.000000;0.000000;2.000000;-35.041439;25.815948;1831.406372;0.000136;0.000000;0.000000;0.000000;0.000000;2.000000;-83.256607;3.316040;1869.970093;0.000136;0.000000;0.000000;0.000000;0.000000;2.000000;81.549561;-155.677368;2036.913574;0.000007;0.000000;0.000000;0.000000;0.000000;2.000000;450.287537;-46.819901;1951.673950;0.000295;0.000000;0.000000;0.000000;0.000000;2.000000;415.943756;320.227814;1875.902954;0.000311;0.000000;0.000000;0.000000;0.000000;1.000000;538.299805;422.472076;1783.514160;0.000421;0.000000;0.000000;0.000000;0.000000;1.000000;-73.536819;-144.880463;1966.713623;0.000006;0.000000;0.000000;0.000000;0.000000;2.000000;148.672562;9.107483;1680.950562;0.000052;0.000000;0.000000;0.000000;0.000000;2.000000;67.740173;376.146820;1622.876343;0.000069;0.000000;0.000000;0.000000;0.000000;2.000000;116.604279;450.245453;1478.414673;0.000085;0.000000;0.000000;0.000000;0.000000;2.000000;-91.031601;-739.407043;2081.549316;0.000063;0.000000;0.000000;0.000000;0.000000;2.000000;-4.346851;-731.290649;1949.619263;0.000069;0.000000;0.000000;0.000000;0.000000;2.000000;4.528839;-774.260559;1982.881104;0.000068;0.000000;0.000000;0.000000;0.000000;2.000000;-7.993076;-795.761475;2105.078125;0.000062;0.000000;0.000000;0.000000;0.000000;2.000000;-36.665401;-770.513184;1952.317261;0.000072;0.000000;0.000000;0.000000;0.000000;2.000000;-144.789322;-799.613770;2016.141479;0.000075;0.000000;0.000000;0.000000;0.000000;2.000000;9348400128.000000
0.000000;-150.000000;2000.000000;0.000000;0.000000;0.000000;0.000000;0.000000;2.000000;-36.925617;-311.937988;2056.669922;0.000000;0.000000;0.000000;0.000000;0.000000;2.000000;-58.240673;-448.123352;2082.813965;0.000000;0.000000;0.000000;0.000000;0.000000;2.000000;-87.566818;-659.550110;2089.780518;0.000000;0.000000;0.000000;0.000000;0.000000;2.000000;-56.312748;-627.922974;2108.425781;0.000000;0.000000;0.000000;0.000000;0.000000;2.000000;63.654381;-611.179565;2179.853027;0.000000;0.000000;0.000000;0.000000;0.000000;2.000000;136.703705;-356.473785;2240.543457;0.000000;0.000000;0.000000;0.000000;0.000000;2.000000;198.327621;-212.829605;2074.341553;0.000000;0.000000;0.000000;0.000000;0.000000;2.000000;188.538254;-169.862183;1990.494507;0.000000;0.000000;0.000000;0.000000;0.000000;2.000000;201.230087;-125.527893;1894.727051;0.000000;0.000000;0.000000;0.000000;0.000000;2.000000;162.578857;-115.314117;2002.354248;0.000000;0.000000;0.000000;0.000000;0.000000;2.000000;-110.202820;-621.101807;2070.588379;0.000000;0.000000;0.000000;0.000000;0.000000;2.000000;-199.784058;-563.615967;1997.062500;0.000000;0.000000;0.000000;0.000000;0.000000;2.000000;-229.574814;-293.854675;1941.759766;0.000000;0.000000;0.000000;0.000000;0.000000;2.000000;-164.433441;-85.379486;1866.426147;0.000000;0.000000;0.000000;0.000000;0.000000;2.000000;-121.626572;5.082275;1886.076294;0.000000;0.000000;0.000000;0.000000;0.000000;2.000000;-35.041439;25.815948;1831.406372;0.000000;0.000000;0.000000;0.000000;0.000000;2.000000;-83.256607;3.316040;1869.970093;0.000000;0.000000;0.000000;0.000000;0.000000;2.000000;81.549561;-155.677368;2036.913574;0.000000;0.000000;0.000000;0.000000;0.000000;2.000000;450.287537;-46.819901;1951.673950;0.000000;0.000000;0.000000;0.000000;0.000000;2.000000;415.943756;320.227814;1875.902954;0.000000;0.000000;0.000000;0.000000;0.000000;1.000000;538.299805;422.472076;1783.514160;0.000000;0.000000;0.000000;0.000000;0.000000;1.000000;-73.536819;-144.880463;1966.713623;0.000000;0.000000;0.000000;0.000000;0.000000;2.000000;148.672562;9.107483;1680.950562;0.000000;0.000000;0.000000;0.000000;0.000000;2.000000;67.740173;376.146820;1622.876343;0.000000;0.000000;0.000000;0.000000;0.000000;2.000000;116.604279;450.245453;1478.414673;0.000000;0.000000;0.000000;0.000000;0.000000;2.000000;-91.031601;-739.407043;2081.549316;0.000000;0.000000;0.000000;0.000000;0.000000;2.000000;-4.346851;-731.290649;1949.619263;0.000000;0.000000;0.000000;0.000000;0.000000;2.000000;4.528839;-774.260559;1982.881104;0.000000;0.000000;0.000000;0.000000;0.000000;2.000000;-7.993076;-795.761475;2105.078125;0.000000;0.000000;0.000000;0.000000;0.000000;2.000000;-36.665401;-770.513184;1952.317261;0.000000;0.000000;0.000000;0.000000;0.000000;2.000000;-144.789322;-799.613770;2016.141479;0.000000;0.000000;0.000000;0.000000;0.000000;2.000000;9348432896.000000
0.000000;-150.000000;2000.000000;0.000000;0.000000;0.000000;0.000000;0.000000;2.000000;-36.925617;-311.937988;2056.669922;0.000000;0.000000;0.000000;0.000000;0.000000;2.000000;-58.240673;-448.123352;2082.813965;0.000000;0.000000;0.000000;0.000000;0.000000;2.000000;-87.566818;-659.550110;2089.780518;0.000000;0.000000;0.000000;0.000000;0.000000;2.000000;-56.312748;-627.922974;2108.425781;0.000000;0.000000;0.000000;0.000000;0.000000;2.000000;63.654381;-611.179565;2179.853027;0.000000;0.000000;0.000000;0.000000;0.000000;2.000000;136.703705;-356.473785;2240.543457;0.000000;0.000000;0.000000;0.000000;0.000000;2.000000;198.327621;-212.829605;2074.341553;0.000000;0.000000;0.000000;0.000000;0.000000;2.000000;188.538254;-169.862183;1990.494507;0.000000;0.000000;0.000000;0.000000;0.000000;2.000000;201.230087;-125.527893;1894.727051;0.000000;0.000000;0.000000;0.000000;0.000000;2.000000;162.578857;-115.314117;2002.354248;0.000000;0.000000;0.000000;0.000000;0.000000;2.000000;-110.202820;-621.101807;2070.588379;0.000000;0.000000;0.000000;0.000000;0.000000;2.000000;-199.784058;-563.615967;1997.062500;0.000000;0.000000;0.000000;0.000000;0.000000;2.000000;-229.574814;-293.854675;1941.759766;0.000000;0.000000;0.000000;0.000000;0.000000;2.000000;-164.433441;-85.379486;1866.426147;0.000000;0.000000;0.000000;0.000000;0.000000;2.000000;-121.626572;5.082275;1886.076294;0.000000;0.000000;0.000000;0.000000;0.000000;2.000000;-35.041439;25.815948;1831.406372;0.000000;0.000000;0.000000;0.000000;0.000000;2.000000;-83.256607;3.316040;1869.970093;0.000000;0.000000;0.000000;0.000000;0.000000;2.000000;81.549561;-155.677368;2036.913574;0.000000;0.000000;0.000000;0.000000;0.000000;2.000000;450.287537;-46.819901;1951.673950;0.000000;0.000000;0.000000;0.000000;0.000000;2.000000;415.943756;320.227814;1875.902954;0.000000;0.000000;0.000000;0.000000;0.000000;1.000000;538.299805;422.472076;1783.514160;0.000000;0.000000;0.000000;0.000000;0.000000;1.000000;-73.536819;-144.880463;1966.713623;0.000000;0.000000;0.000000;0.000000;0.000000;2.000000;148.672562;9.107483;1680.950562;0.000000;0.000000;0.000000;0.000000;0.000000;2.000000;67.740173;376.146820;1622.876343;0.000000;0.000000;0.000000;0.000000;0.000000;2.000000;116.604279;450.245453;1478.414673;0.000000;0.000000;0.000000;0.000000;0.000000;2.000000;-91.031601;-739.407043;2081.549316;0.000000;0.000000;0.000000;0.000000;0.000000;2.000000;-4.346851;-731.290649;1949.619263;0.000000;0.000000;0.000000;0.000000;0.000000;2.000000;4.528839;-774.260559;1982.881104;0.000000;0.000000;0.000000;0.000000;0.000000;2.000000;-7.993076;-795.761475;2105.078125;0.000000;0.000000;0.000000;0.000000;0.000000;2.000000;-36.665401;-770.513184;1952.317261;0.000000;0.000000;0.000000;0.000000;0.000000;2.000000;-144.789322;-799.613770;2016.141479;0.000000;0.000000;0.000000;0.000000;0.000000;2.000000;9348466688.000000
0.000000;-150.000000;2000.000000;0.000000;0.000000;0.000000;0.000000;0.000000;2.000000;-39.347431;-311.944336;2053.227783;0.124549;0.000000;0.000000;0.000000;0.000000;2.000000;-61.529743;-448.076050;2076.421875;0.212737;0.000000;0.000000;0.000000;0.000000;2.000000;-91.847931;-658.772461;2080.168701;0.312228;0.000000;0.000000;0.000000;0.000000;2.000000;-61.922115;-627.458252;2101.004883;0.275628;0.000000;0.000000;0.000000;0.000000;2.000000;50.670532;-611.676331;2183.011963;0.395710;0.000000;0.000000;0.000000;0.000000;2.000000;117.488953;-363.151917;2267.899902;1.008841;0.000000;0.000000;0.000000;0.000000;2.000000;194.181519;-229.415329;2100.677734;0.929172;0.000000;0.000000;0.000000;0.000000;2.000000;200.210983;-208.744202;2008.737915;1.317091;0.000000;0.000000;0.000000;0.000000;2.000000;231.082642;-171.760590;1914.361450;1.729128;0.000000;0.000000;0.000000;0.000000;2.000000;185.528229;-169.923264;1996.398560;1.761779;0.000000;0.000000;0.000000;0.000000;2.000000;-112.940094;-620.258911;2059.769043;0.331203;0.000000;0.000000;0.000000;0.000000;2.000000;-198.023621;-562.258423;1982.127686;0.446832;0.000000;0.000000;0.000000;0.000000;2.000000;-220.960999;-293.402954;1923.556763;0.596096;0.000000;0.000000;0.000000;0.000000;2.000000;-153.732330;-84.699051;1853.047852;0.507372;0.000000;0.000000;0.000000;0.000000;2.000000;-114.808121;7.040466;1873.196655;0.435136;0.000000;0.000000;0.000000;0.000000;2.000000;-22.581348;34.363129;1833.253052;0.450470;0.000000;0.000000;0.000000;0.000000;2.000000;-71.849930;4.382446;1858.878662;0.471882;0.000000;0.000000;0.000000;0.000000;2.000000;79.612259;-156.115738;2040.244629;0.114770;0.000000;0.000000;0.000000;0.000000;2.000000;365.958221;20.429626;1837.867065;4.640123;0.000000;0.000000;0.000000;0.000000;2.000000;352.618805;392.332581;1790.178467;3.807920;0.000000;0.000000;0.000000;0.000000;1.000000;471.596741;483.762878;1684.187256;3.978190;0.000000;0.000000;0.000000;0.000000;1.000000;-71.789871;-144.485153;1963.709717;0.103497;0.000000;0.000000;0.000000;0.000000;2.000000;169.174362;17.714813;1700.242798;0.871155;0.000000;0.000000;0.000000;0.000000;2.000000;75.559357;377.250305;1624.668213;0.239625;0.000000;0.000000;0.000000;0.000000;2.000000;120.817459;452.952881;1480.482544;0.160340;0.000000;0.000000;0.000000;0.000000;2.000000;-94.994171;-738.321716;2071.294922;0.326907;0.000000;0.000000;0.000000;0.000000;2.000000;-2.361389;-726.609741;1944.360596;0.216466;0.000000;0.000000;0.000000;0.000000;2.000000;7.888157;-767.852356;1979.097900;0.241617;0.000000;0.000000;0.000000;0.000000;2.000000;-9.591236;-787.361938;2100.623047;0.285312;0.000000;0.000000;0.000000;0.000000;2.000000;-31.609585;-768.015259;1946.408447;0.241712;0.000000;0.000000;0.000000;0.000000;2.000000;-140.204376;-803.805359;2005.009521;0.377249;0.000000;0.000000;0.000000;0.000000;2.000000;9348500480.000000
0.000000;-150.000000;2000.000000;0.000000;0.000000;0.000000;0.000000;0.000000;2.000000;-46.910244;-309.434662;2048.761230;0.278772;0.000000;0.000000;0.000000;0.000000;2.000000;-71.477036;-443.628845;2072.437012;0.354064;0.000000;0.000000;0.000000;0.000000;2.000000;-99.932495;-652.354614;2079.297363;0.316131;0.000000;0.000000;0.000000;0.000000;2.000000;-71.492493;-620.660156;2100.531494;0.358540;0.000000;0.000000;0.000000;0.000000;2.000000;45.079529;-600.443481;2173.071777;0.488513;0.000000;0.000000;0.000000;0.000000;2.000000;108.366074;-354.180786;2258.638184;0.482030;0.000000;0.000000;0.000000;0.000000;2.000000;189.654190;-216.925278;2099.725586;0.406474;0.000000;0.000000;0.000000;0.000000;2.000000;182.865479;-204.015442;2007.388428;0.550205;0.000000;0.000000;0.000000;0.000000;2.000000;200.183182;-176.089783;1907.767456;0.973219;0.000000;0.000000;0.000000;0.000000;2.000000;181.069168;-176.254242;1985.131104;0.417232;0.000000;0.000000;0.000000;0.000000;2.000000;-120.215729;-614.850342;2057.396729;0.285980;0.000000;0.000000;0.000000;0.000000;2.000000;-204.697998;-554.060364;1983.454712;0.325147;0.000000;0.000000;0.000000;0.000000;2.000000;-222.703995;-287.026855;1927.866821;0.240817;0.000000;0.000000;0.000000;0.000000;2.000000;-151.947159;-81.381271;1859.346313;0.223977;0.000000;0.000000;0.000000;0.000000;2.000000;-119.411896;13.406616;1868.726318;0.275853;0.000000;0.000000;0.000000;0.000000;2.000000;-26.410984;47.932892;1840.611206;0.485361;0.000000;0.000000;0.000000;0.000000;2.000000;-78.165558;11.420471;1863.532959;0.321643;0.000000;0.000000;0.000000;0.000000;2.000000;67.129036;-152.115601;2057.663574;0.665291;0.000000;0.000000;0.000000;0.000000;2.000000;362.761993;61.157745;1922.888306;2.878635;0.000000;0.000000;0.000000;0.000000;2.000000;331.554810;423.009003;1845.109985;2.024815;0.000000;0.000000;0.000000;0.000000;1.000000;460.523773;521.476685;1762.962646;2.686674;0.000000;0.000000;0.000000;0.000000;1.000000;-60.533215;-148.092255;1948.002319;0.599921;0.000000;0.000000;0.000000;0.000000;2.000000;174.342758;33.445679;1697.800415;0.510782;0.000000;0.000000;0.000000;0.000000;2.000000;56.724659;382.687775;1626.572510;0.601079;0.000000;0.000000;0.000000;0.000000;2.000000;116.117126;458.694305;1489.842529;0.364511;0.000000;0.000000;0.000000;0.000000;2.000000;-102.019760;-731.299927;2072.073242;0.304060;0.000000;0.000000;0.000000;0.000000;2.000000;-9.024986;-721.057373;1947.242676;0.278929;0.000000;0.000000;0.000000;0.000000;2.000000;0.728443;-761.547852;1982.143433;0.305608;0.000000;0.000000;0.000000;0.000000;2.000000;-17.822498;-779.632568;2102.457275;0.349105;0.000000;0.000000;0.000000;0.000000;2.000000;-38.041798;-761.999023;1949.386719;0.283729;0.000000;0.000000;0.000000;0.000000;2.000000;-146.172272;-796.744507;2006.654175;0.286567;0.000000;0.000000;0.000000;0.000000;2.000000;9348533248.000000
0.000000;-150.000000;2000.000000;0.000000;0.000000;0.000000;0.000000;0.000000;2.000000;-40.275631;-311.869995;2047.223267;0.214041;0.000000;0.000000;0.000000;0.000000;2.000000;-61.644642;-447.168640;2068.338623;0.332182;0.000000;0.000000;0.000000;0.000000;2.000000;-92.227249;-655.868591;2072.318604;0.324742;0.000000;0.000000;0.000000;0.000000;2.000000;-63.095692;-624.787476;2093.622070;0.344195;0.000000;0.000000;0.000000;0.000000;2.000000;52.632736;-606.072632;2168.138672;0.314679;0.000000;0.000000;0.000000;0.000000;2.000000;113.117767;-358.754822;2253.479004;0.247799;0.000000;0.000000;0.000000;0.000000;2.000000;195.592529;-226.241943;2090.895020;0.418550;0.000000;0.000000;0.000000;0.000000;2.000000;198.040924;-204.582336;1999.899292;0.501074;0.000000;0.000000;0.000000;0.000000;2.000000;213.238083;-156.549377;1907.776123;0.695436;0.000000;0.000000;0.000000;0.000000;2.000000;186.857803;-178.426849;1978.949951;0.258722;0.000000;0.000000;0.000000;0.000000;2.000000;-112.472504;-617.772217;2051.324707;0.303762;0.000000;0.000000;0.000000;0.000000;2.000000;-197.567841;-557.673828;1977.313110;0.298309;0.000000;0.000000;0.000000;0.000000;2.000000;-215.401245;-290.823242;1919.568726;0.345870;0.000000;0.000000;0.000000;0.000000;2.000000;-143.802444;-85.403931;1850.532349;0.374561;0.000000;0.000000;0.000000;0.000000;2.000000;-110.393341;9.166992;1860.045776;0.391096;0.000000;0.000000;0.000000;0.000000;2.000000;-20.147617;51.915710;1833.969971;0.294740;0.000000;0.000000;0.000000;0.000000;2.000000;-70.394226;7.892090;1853.864258;0.381652;0.000000;0.000000;0.000000;0.000000;2.000000;73.542900;-153.927460;2049.260742;0.317386;0.000000;0.000000;0.000000;0.000000;2.000000;372.337830;61.217346;1923.693604;0.284382;0.000000;0.000000;0.000000;0.000000;2.000000;340.935150;426.091156;1859.660767;0.520376;0.000000;0.000000;0.000000;0.000000;1.000000;463.492432;526.503052;1770.014648;0.270912;0.000000;0.000000;0.000000;0.000000;1.000000;-66.316864;-146.458435;1955.579468;0.286200;0.000000;0.000000;0.000000;0.000000;2.000000;175.871445;25.552521;1705.051392;0.320390;0.000000;0.000000;0.000000;0.000000;2.000000;68.304337;375.782318;1621.919556;0.422073;0.000000;0.000000;0.000000;0.000000;2.000000;122.579514;451.905487;1482.953125;0.344237;0.000000;0.000000;0.000000;0.000000;2.000000;-95.266815;-734.735291;2063.860352;0.330666;0.000000;0.000000;0.000000;0.000000;2.000000;-1.101143;-719.931458;1940.187256;0.315734;0.000000;0.000000;0.000000;0.000000;2.000000;8.360321;-761.715698;1973.695068;0.336954;0.000000;0.000000;0.000000;0.000000;2.000000;-11.254360;-784.215576;2093.211426;0.361989;0.000000;0.000000;0.000000;0.000000;2.000000;-30.159374;-760.955872;1940.576538;0.351196;0.000000;0.000000;0.000000;0.000000;2.000000;-138.883545;-797.786499;1995.639893;0.392064;0.000000;0.000000;0.000000;0.000000;2.000000;9348567040.000000
0.000000;-150.000000;2000.000000;0.000000;0.000000;0.000000;0.000000;0.000000;2.000000;-43.511307;-311.829742;2046.977417;0.099037;0.000000;0.000000;0.000000;0.000000;2.000000;-65.420097;-447.822449;2066.582275;0.128632;0.000000;0.000000;0.000000;0.000000;2.000000;-97.058167;-657.075623;2074.758301;0.169219;0.000000;0.000000;0.000000;0.000000;2.000000;-68.024406;-625.515320;2095.906250;0.167262;0.000000;0.000000;0.000000;0.000000;2.000000;46.937744;-606.231262;2172.448486;0.218009;0.000000;0.000000;0.000000;0.000000;2.000000;104.621964;-357.051880;2257.614746;0.293005;0.000000;0.000000;0.000000;0.000000;2.000000;192.427277;-216.469788;2103.604004;0.498691;0.000000;0.000000;0.000000;0.000000;2.000000;195.133163;-201.453934;2010.916382;0.360596;0.000000;0.000000;0.000000;0.000000;2.000000;217.835037;-164.979828;1914.660278;0.360568;0.000000;0.000000;0.000000;0.000000;2.000000;183.076218;-173.970337;1989.076904;0.356829;0.000000;0.000000;0.000000;0.000000;2.000000;-116.886337;-619.233704;2052.514648;0.146465;0.000000;0.000000;0.000000;0.000000;2.000000;-202.113876;-559.616150;1977.412109;0.150897;0.000000;0.000000;0.000000;0.000000;2.000000;-220.625778;-291.851654;1919.048462;0.163273;0.000000;0.000000;0.000000;0.000000;2.000000;-149.315674;-85.560822;1849.366333;0.172039;0.000000;0.000000;0.000000;0.000000;2.000000;-114.979965;9.155182;1858.288818;0.149891;0.000000;0.000000;0.000000;0.000000;2.000000;-24.612953;47.955994;1825.681274;0.311699;0.000000;0.000000;0.000000;0.000000;2.000000;-74.918777;5.968353;1852.572266;0.155135;0.000000;0.000000;0.000000;0.000000;2.000000;71.517342;-153.918045;2052.743652;0.122958;0.000000;0.000000;0.000000;0.000000;2.000000;370.209045;62.635406;1924.667236;0.083523;0.000000;0.000000;0.000000;0.000000;2.000000;337.318848;428.670929;1859.584351;0.135584;0.000000;0.000000;0.000000;0.000000;1.000000;462.917175;528.481689;1772.056152;0.088520;0.000000;0.000000;0.000000;0.000000;1.000000;-64.490334;-146.466919;1952.438843;0.110875;0.000000;0.000000;0.000000;0.000000;2.000000;172.694794;24.936920;1694.463013;0.337883;0.000000;0.000000;0.000000;0.000000;2.000000;59.301125;376.663727;1619.124512;0.288947;0.000000;0.000000;0.000000;0.000000;2.000000;115.245415;453.144989;1480.227539;0.241753;0.000000;0.000000;0.000000;0.000000;2.000000;-100.306381;-736.407715;2067.986328;0.205213;0.000000;0.000000;0.000000;0.000000;2.000000;-7.516254;-722.442139;1942.420044;0.221000;0.000000;0.000000;0.000000;0.000000;2.000000;3.099117;-763.537720;1976.768311;0.194080;0.000000;0.000000;0.000000;0.000000;2.000000;-14.781883;-784.040771;2097.406738;0.167359;0.000000;0.000000;0.000000;0.000000;2.000000;-35.968269;-764.099365;1943.984497;0.226816;0.000000;0.000000;0.000000;0.000000;2.000000;-143.803650;-801.802002;2001.309692;0.259809;0.000000;0.000000;0.000000;0.000000;2.000000;9348599808.000000
0.000000;-150.000000;2000.000000;0.000000;0.000000;0.000000;0.000000;0.000000;2.000000;-43.975681;-311.580200;2047.288208;0.018110;0.000000;0.000000;0.000000;0.000000;2.000000;-66.188293;-447.475098;2067.053223;0.028578;0.000000;0.000000;0.000000;0.000000;2.000000;-97.297485;-656.781860;2074.902344;0.011996;0.000000;0.000000;0.000000;0.000000;2.000000;-68.169998;-625.221313;2095.901611;0.009710;0.000000;0.000000;0.000000;0.000000;2.000000;47.548008;-604.582764;2170.890625;0.069508;0.000000;0.000000;0.000000;0.000000;2.000000;104.023407;-350.423218;2240.595215;0.540797;0.000000;0.000000;0.000000;0.000000;2.000000;189.424515;-218.310699;2078.031250;0.763914;0.000000;0.000000;0.000000;0.000000;2.000000;190.642044;-192.892395;1987.625977;0.746251;0.000000;0.000000;0.000000;0.000000;2.000000;211.634308;-147.077484;1895.066040;0.806575;0.000000;0.000000;0.000000;0.000000;2.000000;178.922073;-161.494476;1970.652710;0.669841;0.000000;0.000000;0.000000;0.000000;2.000000;-117.381638;-618.929688;2052.926270;0.021075;0.000000;0.000000;0.000000;0.000000;2.000000;-203.339249;-559.091919;1978.877075;0.058609;0.000000;0.000000;0.000000;0.000000;2.000000;-222.497238;-291.140564;1921.824097;0.101276;0.000000;0.000000;0.000000;0.000000;2.000000;-152.725327;-84.255569;1852.481201;0.142020;0.000000;0.000000;0.000000;0.000000;2.000000;-118.843445;10.305298;1864.155396;0.210642;0.000000;0.000000;0.000000;0.000000;2.000000;-29.161037;50.096710;1830.916138;0.214770;0.000000;0.000000;0.000000;0.000000;2.000000;-77.679901;6.688660;1857.393799;0.165798;0.000000;0.000000;0.000000;0.000000;2.000000;71.470306;-154.006470;2052.773926;0.003096;0.000000;0.000000;0.000000;0.000000;2.000000;375.517670;62.600159;1938.326416;0.433669;0.000000;0.000000;0.000000;0.000000;2.000000;343.496704;429.289124;1876.975342;0.546462;0.000000;0.000000;0.000000;0.000000;1.000000;470.850708;529.494324;1792.558105;0.651241;0.000000;0.000000;0.000000;0.000000;1.000000;-64.447922;-146.387177;1952.411377;0.002794;0.000000;0.000000;0.000000;0.000000;2.000000;170.181564;22.394348;1690.504395;0.157848;0.000000;0.000000;0.000000;0.000000;2.000000;60.582062;377.257568;1625.272705;0.186678;0.000000;0.000000;0.000000;0.000000;2.000000;114.772171;453.678162;1485.684814;0.162868;0.000000;0.000000;0.000000;0.000000;2.000000;-100.425842;-736.087891;2067.939453;0.010198;0.000000;0.000000;0.000000;0.000000;2.000000;-12.311947;-718.356323;1939.546509;0.204918;0.000000;0.000000;0.000000;0.000000;2.000000;-0.037594;-760.040222;1972.592896;0.186001;0.000000;0.000000;0.000000;0.000000;2.000000;-13.409393;-783.318359;2093.289063;0.130211;0.000000;0.000000;0.000000;0.000000;2.000000;-40.224766;-760.362427;1941.203247;0.186735;0.000000;0.000000;0.000000;0.000000;2.000000;-145.523315;-800.541016;2001.437866;0.063219;0.000000;0.000000;0.000000;0.000000;2.000000;9348633600.000000
0.000000;-149.999985;2000.000000;0.000000;0.000000;0.000000;0.000000;0.000000;2.000000;-44.936726;-310.925385;2045.018799;0.077820;0.000000;0.000000;0.000000;0.000000;2.000000;-68.935715;-445.764343;2064.505371;0.125703;0.000000;0.000000;0.000000;0.000000;2.000000;-99.174072;-654.092041;2069.750000;0.186391;0.000000;0.000000;0.000000;0.000000;2.000000;-70.313095;-622.869019;2091.017578;0.177894;0.000000;0.000000;0.000000;0.000000;2.000000;46.213310;-601.930542;2163.183594;0.252050;0.000000;0.000000;0.000000;0.000000;2.000000;110.391464;-357.029236;2251.191895;0.427770;0.000000;0.000000;0.000000;0.000000;2.000000;190.791977;-221.764923;2090.422363;0.394777;0.000000;0.000000;0.000000;0.000000;2.000000;192.547745;-196.524353;2000.517578;0.412852;0.000000;0.000000;0.000000;0.000000;2.000000;218.458771;-154.974701;1907.855347;0.503776;0.000000;0.000000;0.000000;0.000000;2.000000;169.117767;-168.179672;1980.073975;0.462396;0.000000;0.000000;0.000000;0.000000;2.000000;-119.273361;-616.251221;2048.360352;0.171552;0.000000;0.000000;0.000000;0.000000;2.000000;-203.152634;-554.875000;1974.416870;0.187405;0.000000;0.000000;0.000000;0.000000;2.000000;-221.596054;-288.737274;1915.974243;0.194952;0.000000;0.000000;0.000000;0.000000;2.000000;-149.261612;-83.091064;1849.835449;0.137679;0.000000;0.000000;0.000000;0.000000;2.000000;-118.137085;12.201355;1857.799805;0.203549;0.000000;0.000000;0.000000;0.000000;2.000000;-33.182774;58.687744;1822.670044;0.383574;0.000000;0.000000;0.000000;0.000000;2.000000;-78.222672;8.687836;1852.236572;0.169608;0.000000;0.000000;0.000000;0.000000;2.000000;70.683342;-154.931625;2052.925781;0.037355;0.000000;0.000000;0.000000;0.000000;2.000000;355.923187;65.789246;1909.071533;1.078943;0.000000;0.000000;0.000000;0.000000;2.000000;331.697876;431.022095;1848.027100;0.955457;0.000000;0.000000;0.000000;0.000000;1.000000;455.209686;528.799255;1757.466431;1.172666;0.000000;0.000000;0.000000;0.000000;1.000000;-63.738293;-145.552917;1952.274536;0.033684;0.000000;0.000000;0.000000;0.000000;2.000000;170.791794;33.830872;1700.746704;0.468891;0.000000;0.000000;0.000000;0.000000;2.000000;60.207703;382.935364;1620.011963;0.236492;0.000000;0.000000;0.000000;0.000000;2.000000;114.173462;457.015076;1480.196289;0.196874;0.000000;0.000000;0.000000;0.000000;2.000000;-102.020844;-732.876770;2061.855957;0.215499;0.000000;0.000000;0.000000;0.000000;2.000000;-8.703712;-718.092407;1937.902100;0.121278;0.000000;0.000000;0.000000;0.000000;2.000000;1.189075;-759.553345;1971.523682;0.051835;0.000000;0.000000;0.000000;0.000000;2.000000;-17.682163;-781.515320;2091.024902;0.157495;0.000000;0.000000;0.000000;0.000000;2.000000;-37.415020;-759.242249;1938.640869;0.120979;0.000000;0.000000;0.000000;0.000000;2.000000;-145.421402;-796.478271;1994.297119;0.250740;0.000000;0.000000;0.000000;0.000000;2.000000;9348666368.000000
0.000000;-149.999985;2000.000000;0.000000;0.000000;0.000000;0.000000;0.000000;2.000000;-44.909538;-311.028473;2045.131470;0.004590;0.000000;0.000000;0.000000;0.000000;2.000000;-68.895622;-445.952545;2064.715820;0.008439;0.000000;0.000000;0.000000;0.000000;2.000000;-99.098999;-654.423279;2070.245605;0.017780;0.000000;0.000000;0.000000;0.000000;2.000000;-70.191757;-623.148560;2091.446533;0.015571;0.000000;0.000000;0.000000;0.000000;2.000000;46.607548;-601.722717;2163.208984;0.013210;0.000000;0.000000;0.000000;0.000000;2.000000;109.839424;-355.722107;2249.375000;0.068220;0.000000;0.000000;0.000000;0.000000;2.000000;189.514755;-221.042969;2087.541504;0.095672;0.000000;0.000000;0.000000;0.000000;2.000000;191.568176;-195.877014;1997.556152;0.094274;0.000000;0.000000;0.000000;0.000000;2.000000;217.736969;-154.285828;1904.904053;0.092193;0.000000;0.000000;0.000000;0.000000;2.000000;168.842941;-168.670135;1975.866455;0.125619;0.000000;0.000000;0.000000;0.000000;2.000000;-119.254471;-616.585205;2048.830322;0.017071;0.000000;0.000000;0.000000;0.000000;2.000000;-203.339523;-555.254150;1974.932861;0.019739;0.000000;0.000000;0.000000;0.000000;2.000000;-221.914154;-288.987335;1916.248535;0.014466;0.000000;0.000000;0.000000;0.000000;2.000000;-149.626923;-83.275742;1849.726685;0.012534;0.000000;0.000000;0.000000;0.000000;2.000000;-118.029480;11.975494;1857.172119;0.019996;0.000000;0.000000;0.000000;0.000000;2.000000;-33.162956;57.804535;1820.782593;0.061670;0.000000;0.000000;0.000000;0.000000;2.000000;-77.896538;8.493225;1850.442871;0.054257;0.000000;0.000000;0.000000;0.000000;2.000000;70.747856;-154.892365;2052.944092;0.002300;0.000000;0.000000;0.000000;0.000000;2.000000;355.816254;65.212708;1907.104370;0.060745;0.000000;0.000000;0.000000;0.000000;2.000000;331.173706;430.558289;1845.364258;0.081478;0.000000;0.000000;0.000000;0.000000;1.000000;454.210785;528.151978;1753.716797;0.116419;0.000000;0.000000;0.000000;0.000000;1.000000;-63.796455;-145.588318;1952.258057;0.002073;0.000000;0.000000;0.000000;0.000000;2.000000;171.165512;33.795563;1700.724854;0.011127;0.000000;0.000000;0.000000;0.000000;2.000000;60.435535;382.982849;1619.361572;0.020442;0.000000;0.000000;0.000000;0.000000;2.000000;114.446915;456.576660;1479.170898;0.033979;0.000000;0.000000;0.000000;0.000000;2.000000;-101.942322;-733.271179;2062.438965;0.020959;0.000000;0.000000;0.000000;0.000000;2.000000;-9.093372;-720.563232;1937.771240;0.074124;0.000000;0.000000;0.000000;0.000000;2.000000;0.958801;-761.475525;1972.070679;0.059532;0.000000;0.000000;0.000000;0.000000;2.000000;-17.411385;-781.428528;2092.087402;0.032549;0.000000;0.000000;0.000000;0.000000;2.000000;-37.811340;-761.727356;1939.329834;0.077211;0.000000;0.000000;0.000000;0.000000;2.000000;-145.644989;-798.058044;1996.106201;0.071382;0.000000;0.000000;0.000000;0.000000;2.000000;9348700160.000000
0.000000;-150.000000;2000.000000;0.000000;0.000000;0.000000;0.000000;0.000000;2.000000;-45.669350;-312.007172;2047.792847;0.089589;0.000000;0.000000;0.000000;0.000000;2.000000;-69.662201;-447.861755;2070.930664;0.199784;0.000000;0.000000;0.000000;0.000000;2.000000;-98.160439;-658.783203;2077.190430;0.251877;0.000000;0.000000;0.000000;0.000000;2.000000;-69.039299;-626.869873;2098.271973;0.239836;0.000000;0.000000;0.000000;0.000000;2.000000;49.043171;-604.585388;2170.500244;0.250336;0.000000;0.000000;0.000000;0.000000;2.000000;105.453239;-346.115784;2229.385498;0.689927;0.000000;0.000000;0.000000;0.000000;2.000000;191.311981;-207.147232;2071.077637;0.659759;0.000000;0.000000;0.000000;0.000000;2.000000;187.929657;-180.136765;1980.644897;0.713736;0.000000;0.000000;0.000000;0.000000;2.000000;208.060608;-135.573654;1886.624390;0.851174;0.000000;0.000000;0.000000;0.000000;2.000000;168.848145;-140.654373;1973.684204;0.857563;0.000000;0.000000;0.000000;0.000000;2.000000;-119.092308;-620.780090;2055.681885;0.245220;0.000000;0.000000;0.000000;0.000000;2.000000;-207.737762;-562.075317;1982.661743;0.342026;0.000000;0.000000;0.000000;0.000000;2.000000;-225.765076;-291.299805;1931.500732;0.485226;0.000000;0.000000;0.000000;0.000000;2.000000;-155.512726;-84.377258;1858.621582;0.327229;0.000000;0.000000;0.000000;0.000000;2.000000;-113.941643;7.268219;1873.220093;0.525405;0.000000;0.000000;0.000000;0.000000;2.000000;-31.172264;53.340637;1829.890381;0.315442;0.000000;0.000000;0.000000;0.000000;2.000000;-79.343124;3.683502;1863.300537;0.421259;0.000000;0.000000;0.000000;0.000000;2.000000;68.305954;-152.240112;2057.677734;0.181585;0.000000;0.000000;0.000000;0.000000;2.000000;378.958740;62.623352;1950.478271;1.502375;0.000000;0.000000;0.000000;0.000000;2.000000;332.384186;429.449432;1886.652588;1.261015;0.000000;0.000000;0.000000;0.000000;1.000000;460.260132;534.654053;1807.036133;1.649594;0.000000;0.000000;0.000000;0.000000;1.000000;-61.594482;-147.979996;1947.989624;0.163741;0.000000;0.000000;0.000000;0.000000;2.000000;164.599396;10.773315;1669.663818;1.196789;0.000000;0.000000;0.000000;0.000000;2.000000;59.222996;372.683929;1628.446899;0.420746;0.000000;0.000000;0.000000;0.000000;2.000000;111.736862;452.049713;1488.732056;0.333262;0.000000;0.000000;0.000000;0.000000;2.000000;-100.366814;-738.496094;2069.472168;0.271671;0.000000;0.000000;0.000000;0.000000;2.000000;-15.396282;-726.119751;1937.320068;0.256793;0.000000;0.000000;0.000000;0.000000;2.000000;-2.861221;-767.317749;1971.366333;0.214103;0.000000;0.000000;0.000000;0.000000;2.000000;-13.064949;-787.001953;2093.707520;0.221288;0.000000;0.000000;0.000000;0.000000;2.000000;-44.210609;-767.721252;1941.042603;0.272635;0.000000;0.000000;0.000000;0.000000;2.000000;-148.966888;-804.249146;2005.884155;0.367446;0.000000;0.000000;0.000000;0.000000;2.000000;9348732928.000000
0.000000;-150.000000;2000.000000;0.000000;0.000000;0.000000;0.000000;0.000000;2.000000;-39.807133;-312.908234;2047.511841;0.175714;0.000000;0.000000;0.000000;0.000000;2.000000;-61.040859;-448.835999;2069.647949;0.259544;0.000000;0.000000;0.000000;0.000000;2.000000;-90.779129;-658.786499;2074.890137;0.228795;0.000000;0.000000;0.000000;0.000000;2.000000;-60.843342;-627.406250;2095.195801;0.259548;0.000000;0.000000;0.000000;0.000000;2.000000;57.183697;-607.101929;2167.052490;0.272009;0.000000;0.000000;0.000000;0.000000;2.000000;115.160004;-352.736389;2236.543457;0.407146;0.000000;0.000000;0.000000;0.000000;2.000000;195.129333;-204.277863;2085.173340;0.440420;0.000000;0.000000;0.000000;0.000000;2.000000;189.821213;-181.243576;1994.113525;0.403816;0.000000;0.000000;0.000000;0.000000;2.000000;211.720917;-162.238495;1892.605103;0.815914;0.000000;0.000000;0.000000;0.000000;2.000000;172.677887;-145.765869;1971.568481;0.199111;0.000000;0.000000;0.000000;0.000000;2.000000;-112.053879;-620.578735;2054.529785;0.211143;0.000000;0.000000;0.000000;0.000000;2.000000;-201.038712;-561.096680;1983.452026;0.201708;0.000000;0.000000;0.000000;0.000000;2.000000;-216.152847;-291.758453;1929.556396;0.290531;0.000000;0.000000;0.000000;0.000000;2.000000;-149.602051;-84.989380;1855.571289;0.197664;0.000000;0.000000;0.000000;0.000000;2.000000;-113.451050;8.436951;1870.584473;0.086546;0.000000;0.000000;0.000000;0.000000;2.000000;-27.405910;55.778076;1837.078613;0.250749;0.000000;0.000000;0.000000;0.000000;2.000000;-71.559006;4.186981;1859.329834;0.259022;0.000000;0.000000;0.000000;0.000000;2.000000;73.467484;-153.288986;2050.276611;0.268820;0.000000;0.000000;0.000000;0.000000;2.000000;386.684235;51.838318;1937.150757;0.556489;0.000000;0.000000;0.000000;0.000000;2.000000;341.875977;418.964264;1882.985352;0.432381;0.000000;0.000000;0.000000;0.000000;1.000000;463.447968;526.368042;1798.223877;0.370178;0.000000;0.000000;0.000000;0.000000;1.000000;-66.248856;-147.034180;1954.663452;0.242404;0.000000;0.000000;0.000000;0.000000;2.000000;171.028854;14.789429;1689.781006;0.636189;0.000000;0.000000;0.000000;0.000000;2.000000;72.083603;373.602264;1625.427124;0.391876;0.000000;0.000000;0.000000;0.000000;2.000000;121.460861;451.136261;1484.332153;0.317002;0.000000;0.000000;0.000000;0.000000;2.000000;-93.829559;-738.098267;2066.545166;0.212289;0.000000;0.000000;0.000000;0.000000;2.000000;-0.161301;-729.541260;1940.848267;0.473725;0.000000;0.000000;0.000000;0.000000;2.000000;8.607838;-770.746277;1975.714355;0.376887;0.000000;0.000000;0.000000;0.000000;2.000000;-10.385612;-789.164673;2096.711182;0.135217;0.000000;0.000000;0.000000;0.000000;2.000000;-30.449757;-769.961792;1942.803101;0.415861;0.000000;0.000000;0.000000;0.000000;2.000000;-140.090012;-802.355713;2000.382935;0.314085;0.000000;0.000000;0.000000;0.000000;2.000000;9348766720.000000
0.000000;-150.000000;2000.000000;0.000000;0.000000;0.000000;0.000000;0.000000;2.000000;-42.314472;-310.139404;2049.209961;0.121427;0.000000;0.000000;0.000000;0.000000;2.000000;-66.156219;-443.785095;2074.754395;0.260945;0.000000;0.000000;0.000000;0.000000;2.000000;-97.466400;-651.562683;2082.674805;0.371392;0.000000;0.000000;0.000000;0.000000;2.000000;-67.655670;-620.428345;2102.564453;0.361706;0.000000;0.000000;0.000000;0.000000;2.000000;50.214699;-602.976013;2173.072266;0.298620;0.000000;0.000000;0.000000;0.000000;2.000000;115.883835;-352.858215;2242.084961;0.165421;0.000000;0.000000;0.000000;0.000000;2.000000;198.201904;-210.447357;2089.099121;0.234727;0.000000;0.000000;0.000000;0.000000;2.000000;191.133179;-176.160950;2002.656250;0.296715;0.000000;0.000000;0.000000;0.000000;2.000000;211.304794;-142.580597;1905.610474;0.697628;0.000000;0.000000;0.000000;0.000000;2.000000;173.403259;-139.429184;1985.296143;0.447946;0.000000;0.000000;0.000000;0.000000;2.000000;-118.095627;-613.795654;2061.820313;0.344683;0.000000;0.000000;0.000000;0.000000;2.000000;-206.679199;-554.734497;1991.904053;0.354780;0.000000;0.000000;0.000000;0.000000;2.000000;-223.166672;-287.158569;1941.889160;0.441369;0.000000;0.000000;0.000000;0.000000;2.000000;-156.023651;-82.194901;1869.575684;0.463360;0.000000;0.000000;0.000000;0.000000;2.000000;-122.196396;11.549255;1881.881714;0.432698;0.000000;0.000000;0.000000;0.000000;2.000000;-39.793003;54.960052;1838.213135;0.368898;0.000000;0.000000;0.000000;0.000000;2.000000;-80.174942;6.802979;1868.399414;0.378204;0.000000;0.000000;0.000000;0.000000;2.000000;70.991699;-152.637192;2052.462158;0.099614;0.000000;0.000000;0.000000;0.000000;2.000000;379.886047;57.861450;1949.438477;0.452181;0.000000;0.000000;0.000000;0.000000;2.000000;333.814606;420.494110;1888.719971;0.296242;0.000000;0.000000;0.000000;0.000000;1.000000;456.951660;528.028442;1810.009521;0.401264;0.000000;0.000000;0.000000;0.000000;1.000000;-64.016342;-147.621948;1952.692505;0.089829;0.000000;0.000000;0.000000;0.000000;2.000000;158.584534;18.320313;1682.640869;0.437243;0.000000;0.000000;0.000000;0.000000;2.000000;60.590424;376.338654;1633.285278;0.419896;0.000000;0.000000;0.000000;0.000000;2.000000;112.355972;455.292328;1495.609131;0.446196;0.000000;0.000000;0.000000;0.000000;2.000000;-101.114670;-730.267090;2075.486816;0.412555;0.000000;0.000000;0.000000;0.000000;2.000000;-15.321686;-722.863647;1945.848633;0.512076;0.000000;0.000000;0.000000;0.000000;2.000000;-3.930302;-762.723877;1980.779907;0.465298;0.000000;0.000000;0.000000;0.000000;2.000000;-15.869057;-778.565430;2101.949219;0.385672;0.000000;0.000000;0.000000;0.000000;2.000000;-44.363384;-763.455322;1950.302612;0.505826;0.000000;0.000000;0.000000;0.000000;2.000000;-149.122742;-796.349121;2013.914551;0.513223;0.000000;0.000000;0.000000;0.000000;2.000000;9348800512.000000
0.000000;-149.999985;2000.000000;0.000000;0.000000;0.000000;0.000000;0.000000;2.000000;-39.658024;-311.358185;2052.362793;0.131199;0.000000;0.000000;0.000000;0.000000;2.000000;-63.136692;-445.394226;2082.047363;0.245840;0.000000;0.000000;0.000000;0.000000;2.000000;-94.674652;-654.953125;2088.141602;0.214004;0.000000;0.000000;0.000000;0.000000;2.000000;-64.506744;-623.761475;2108.338379;0.225011;0.000000;0.000000;0.000000;0.000000;2.000000;52.035225;-605.616394;2183.007813;0.318614;0.000000;0.000000;0.000000;0.000000;2.000000;113.353729;-353.297241;2256.460693;0.445657;0.000000;0.000000;0.000000;0.000000;2.000000;192.349716;-212.369049;2097.727295;0.323524;0.000000;0.000000;0.000000;0.000000;2.000000;193.575943;-180.345947;2009.325317;0.251576;0.000000;0.000000;0.000000;0.000000;2.000000;210.729156;-143.759918;1911.852295;0.194650;0.000000;0.000000;0.000000;0.000000;2.000000;167.178070;-152.802383;1981.550171;0.464457;0.000000;0.000000;0.000000;0.000000;2.000000;-115.586227;-616.669067;2067.605469;0.211480;0.000000;0.000000;0.000000;0.000000;2.000000;-205.172195;-558.235474;1996.527710;0.182867;0.000000;0.000000;0.000000;0.000000;2.000000;-221.827438;-287.949127;1948.888184;0.218802;0.000000;0.000000;0.000000;0.000000;2.000000;-154.314590;-82.200287;1873.298828;0.125021;0.000000;0.000000;0.000000;0.000000;2.000000;-123.999435;13.817200;1883.895020;0.107671;0.000000;0.000000;0.000000;0.000000;2.000000;-36.990650;47.352142;1838.487549;0.247567;0.000000;0.000000;0.000000;0.000000;2.000000;-76.797638;5.670990;1874.219971;0.208251;0.000000;0.000000;0.000000;0.000000;2.000000;73.437683;-151.719574;2050.320313;0.103095;0.000000;0.000000;0.000000;0.000000;2.000000;392.784515;54.823059;1959.842285;0.514148;0.000000;0.000000;0.000000;0.000000;2.000000;333.562256;419.328735;1903.152832;0.441957;0.000000;0.000000;0.000000;0.000000;1.000000;454.699951;532.792847;1826.222046;0.520247;0.000000;0.000000;0.000000;0.000000;1.000000;-66.221985;-148.449341;1954.623901;0.092965;0.000000;0.000000;0.000000;0.000000;2.000000;152.413574;4.592957;1669.533936;0.609063;0.000000;0.000000;0.000000;0.000000;2.000000;62.755142;369.460388;1632.511475;0.221322;0.000000;0.000000;0.000000;0.000000;2.000000;114.959351;453.919006;1496.603638;0.094814;0.000000;0.000000;0.000000;0.000000;2.000000;-98.397858;-734.231201;2080.133057;0.203995;0.000000;0.000000;0.000000;0.000000;2.000000;-11.589119;-720.772461;1950.112061;0.184327;0.000000;0.000000;0.000000;0.000000;2.000000;-0.281590;-762.622681;1983.401123;0.137139;0.000000;0.000000;0.000000;0.000000;2.000000;-12.629700;-784.364685;2104.644287;0.218767;0.000000;0.000000;0.000000;0.000000;2.000000;-40.981350;-761.790649;1952.586548;0.134505;0.000000;0.000000;0.000000;0.000000;2.000000;-146.828461;-797.700439;2014.848267;0.086109;0.000000;0.000000;0.000000;0.000000;2.000000;9348833280.000000
0.000000;-150.000000;2000.000000;0.000000;0.000000;0.000000;0.000000;0.000000;2.000000;-39.902504;-310.166016;2052.810059;0.038369;0.000000;0.000000;0.000000;0.000000;2.000000;-62.228073;-444.340790;2079.159180;0.094868;0.000000;0.000000;0.000000;0.000000;2.000000;-93.192017;-652.904785;2083.606934;0.153647;0.000000;0.000000;0.000000;0.000000;2.000000;-63.068443;-622.004517;2103.726074;0.152134;0.000000;0.000000;0.000000;0.000000;2.000000;54.439835;-603.638550;2175.404785;0.243130;0.000000;0.000000;0.000000;0.000000;2.000000;115.701012;-355.701477;2258.074707;0.110311;0.000000;0.000000;0.000000;0.000000;2.000000;196.583939;-207.727112;2108.664551;0.373268;0.000000;0.000000;0.000000;0.000000;2.000000;193.838043;-176.080444;2020.684082;0.359141;0.000000;0.000000;0.000000;0.000000;2.000000;205.314102;-139.847031;1922.842407;0.380605;0.000000;0.000000;0.000000;0.000000;2.000000;169.774200;-149.656342;1993.178955;0.364684;0.000000;0.000000;0.000000;0.000000;2.000000;-114.229294;-614.676392;2063.696045;0.135920;0.000000;0.000000;0.000000;0.000000;2.000000;-203.975449;-554.625366;1995.435547;0.117099;0.000000;0.000000;0.000000;0.000000;2.000000;-222.241653;-285.877258;1947.967651;0.068202;0.000000;0.000000;0.000000;0.000000;2.000000;-155.296753;-80.105453;1875.638306;0.097369;0.000000;0.000000;0.000000;0.000000;2.000000;-126.104279;15.941559;1883.787598;0.088555;0.000000;0.000000;0.000000;0.000000;2.000000;-39.818863;52.413940;1840.552612;0.182146;0.000000;0.000000;0.000000;0.000000;2.000000;-78.556122;8.974731;1872.755493;0.118931;0.000000;0.000000;0.000000;0.000000;2.000000;75.208649;-153.349579;2046.667725;0.129448;0.000000;0.000000;0.000000;0.000000;2.000000;389.949402;56.296783;1956.004639;0.147778;0.000000;0.000000;0.000000;0.000000;2.000000;339.087769;419.280792;1894.490967;0.304046;0.000000;0.000000;0.000000;0.000000;1.000000;459.627930;528.364136;1812.708862;0.445374;0.000000;0.000000;0.000000;0.000000;1.000000;-67.818932;-146.979523;1957.917725;0.116732;0.000000;0.000000;0.000000;0.000000;2.000000;161.257523;20.623047;1692.698608;0.873755;0.000000;0.000000;0.000000;0.000000;2.000000;60.217751;376.926727;1630.343262;0.242021;0.000000;0.000000;0.000000;0.000000;2.000000;114.653801;454.510712;1492.317139;0.128371;0.000000;0.000000;0.000000;0.000000;2.000000;-96.827011;-731.699707;2074.962402;0.176597;0.000000;0.000000;0.000000;0.000000;2.000000;-12.373436;-721.531738;1944.082642;0.181328;0.000000;0.000000;0.000000;0.000000;2.000000;-1.644871;-763.193604;1977.330933;0.184882;0.000000;0.000000;0.000000;0.000000;2.000000;-12.425735;-783.593628;2098.296875;0.189315;0.000000;0.000000;0.000000;0.000000;2.000000;-42.613579;-761.540100;1947.359131;0.162229;0.000000;0.000000;0.000000;0.000000;2.000000;-147.725540;-794.043213;2011.341675;0.152270;0.000000;0.000000;0.000000;0.000000;2.000000;9348867072.000000
0.000000;-150.000000;2000.000000;0.000000;0.000000;0.000000;0.000000;0.000000;2.000000;-41.622883;-309.400024;2054.987305;0.087851;0.000000;0.000000;0.000000;0.000000;2.000000;-65.016113;-443.247009;2083.562012;0.162503;0.000000;0.000000;0.000000;0.000000;2.000000;-95.707977;-652.309387;2088.165527;0.159935;0.000000;0.000000;0.000000;0.000000;2.000000;-65.573792;-621.278320;2108.311523;0.160994;0.000000;0.000000;0.000000;0.000000;2.000000;53.297310;-605.171326;2178.860352;0.120518;0.000000;0.000000;0.000000;0.000000;2.000000;119.128555;-353.016937;2245.619385;0.402658;0.000000;0.000000;0.000000;0.000000;2.000000;198.945831;-213.011566;2087.475098;0.670343;0.000000;0.000000;0.000000;0.000000;2.000000;189.314468;-178.061768;2001.027100;0.618525;0.000000;0.000000;0.000000;0.000000;2.000000;201.565186;-142.247345;1902.881592;0.624120;0.000000;0.000000;0.000000;0.000000;2.000000;159.814224;-144.416870;1981.518188;0.494561;0.000000;0.000000;0.000000;0.000000;2.000000;-116.848923;-614.047180;2068.179199;0.159619;0.000000;0.000000;0.000000;0.000000;2.000000;-206.946594;-554.238892;1999.650879;0.157827;0.000000;0.000000;0.000000;0.000000;2.000000;-226.600052;-284.618927;1954.313965;0.238066;0.000000;0.000000;0.000000;0.000000;2.000000;-158.958923;-78.463135;1882.166504;0.233865;0.000000;0.000000;0.000000;0.000000;2.000000;-128.178162;17.282288;1890.708374;0.224249;0.000000;0.000000;0.000000;0.000000;2.000000;-43.973988;50.072876;1840.456543;0.145575;0.000000;0.000000;0.000000;0.000000;2.000000;-79.988220;7.910217;1877.258545;0.147818;0.000000;0.000000;0.000000;0.000000;2.000000;74.164902;-152.563751;2048.707520;0.073924;0.000000;0.000000;0.000000;0.000000;2.000000;392.148895;57.508636;1967.194458;0.349980;0.000000;0.000000;0.000000;0.000000;2.000000;338.877502;420.862122;1905.039795;0.325585;0.000000;0.000000;0.000000;0.000000;1.000000;460.340942;533.509583;1828.762939;0.514941;0.000000;0.000000;0.000000;0.000000;1.000000;-66.877762;-147.688141;1956.078247;0.066663;0.000000;0.000000;0.000000;0.000000;2.000000;139.672043;7.206360;1664.690674;1.154188;0.000000;0.000000;0.000000;0.000000;2.000000;59.604782;373.453369;1631.325928;0.111736;0.000000;0.000000;0.000000;0.000000;2.000000;111.963684;457.820496;1496.063354;0.173241;0.000000;0.000000;0.000000;0.000000;2.000000;-99.220581;-731.286987;2079.559082;0.158659;0.000000;0.000000;0.000000;0.000000;2.000000;-14.757145;-724.573853;1948.060913;0.169264;0.000000;0.000000;0.000000;0.000000;2.000000;-3.785244;-765.281006;1982.580933;0.184375;0.000000;0.000000;0.000000;0.000000;2.000000;-14.380619;-782.204895;2104.368164;0.199209;0.000000;0.000000;0.000000;0.000000;2.000000;-44.878544;-764.690369;1952.553345;0.197857;0.000000;0.000000;0.000000;0.000000;2.000000;-150.008453;-795.838257;2017.718262;0.213829;0.000000;0.000000;0.000000;0.000000;2.000000;9348899840.000000
0.000000;-150.000000;2000.000000;0.000000;0.000000;0.000000;0.000000;0.000000;2.000000;-41.336048;-309.131165;2055.347168;0.015772;0.000000;0.000000;0.000000;0.000000;2.000000;-64.439285;-442.825134;2084.093750;0.026360;0.000000;0.000000;0.000000;0.000000;2.000000;-94.563065;-651.723694;2088.672363;0.040906;0.000000;0.000000;0.000000;0.000000;2.000000;-64.477936;-620.664917;2108.718262;0.039065;0.000000;0.000000;0.000000;0.000000;2.000000;54.357662;-604.590271;2179.016602;0.036079;0.000000;0.000000;0.000000;0.000000;2.000000;119.811066;-353.602234;2249.201172;0.109284;0.000000;0.000000;0.000000;0.000000;2.000000;198.829544;-211.005798;2093.360352;0.184030;0.000000;0.000000;0.000000;0.000000;2.000000;188.837296;-175.900085;2007.134399;0.192239;0.000000;0.000000;0.000000;0.000000;2.000000;195.998886;-137.899445;1909.439087;0.285212;0.000000;0.000000;0.000000;0.000000;2.000000;153.853226;-145.137177;1986.347168;0.228021;0.000000;0.000000;0.000000;0.000000;2.000000;-115.836624;-613.547363;2068.796387;0.038076;0.000000;0.000000;0.000000;0.000000;2.000000;-206.197098;-553.849365;2000.796387;0.042118;0.000000;0.000000;0.000000;0.000000;2.000000;-226.521561;-284.407379;1956.627319;0.068784;0.000000;0.000000;0.000000;0.000000;2.000000;-159.620590;-78.110138;1885.033691;0.087702;0.000000;0.000000;0.000000;0.000000;2.000000;-128.856445;17.433472;1894.470093;0.113203;0.000000;0.000000;0.000000;0.000000;2.000000;-44.124790;50.295898;1845.411865;0.146858;0.000000;0.000000;0.000000;0.000000;2.000000;-79.747375;8.205627;1879.709473;0.073402;0.000000;0.000000;0.000000;0.000000;2.000000;74.149033;-152.373444;2048.554199;0.007247;0.000000;0.000000;0.000000;0.000000;2.000000;390.805634;55.525543;1958.865723;0.256460;0.000000;0.000000;0.000000;0.000000;2.000000;336.717133;418.247040;1896.305786;0.277272;0.000000;0.000000;0.000000;0.000000;1.000000;457.123566;531.071777;1819.124512;0.309232;0.000000;0.000000;0.000000;0.000000;1.000000;-66.863449;-147.859772;1956.216553;0.006537;0.000000;0.000000;0.000000;0.000000;2.000000;135.924911;5.728394;1662.109375;0.141578;0.000000;0.000000;0.000000;0.000000;2.000000;56.999020;371.898224;1630.112671;0.096712;0.000000;0.000000;0.000000;0.000000;2.000000;107.244583;457.574921;1495.112427;0.142644;0.000000;0.000000;0.000000;0.000000;2.000000;-97.902786;-730.613770;2080.043457;0.046078;0.000000;0.000000;0.000000;0.000000;2.000000;-13.322556;-723.267456;1948.869507;0.062205;0.000000;0.000000;0.000000;0.000000;2.000000;-3.222370;-764.758789;1982.613770;0.022743;0.000000;0.000000;0.000000;0.000000;2.000000;-14.237034;-783.635376;2103.931396;0.044465;0.000000;0.000000;0.000000;0.000000;2.000000;-44.225803;-762.787842;1952.621826;0.059557;0.000000;0.000000;0.000000;0.000000;2.000000;-149.895676;-792.913452;2017.101807;0.088518;0.000000;0.000000;0.000000;0.000000;2.000000;9348933632.000000
0.000000;-150.000000;2000.000000;0.000000;0.000000;0.000000;0.000000;0.000000;2.000000;-41.911392;-310.632843;2049.617432;0.181614;0.000000;0.000000;0.000000;0.000000;2.000000;-67.209999;-444.696472;2073.581299;0.336650;0.000000;0.000000;0.000000;0.000000;2.000000;-98.300888;-653.241455;2074.427734;0.451809;0.000000;0.000000;0.000000;0.000000;2.000000;-66.352448;-622.999023;2092.614258;0.499875;0.000000;0.000000;0.000000;0.000000;2.000000;54.984329;-603.122559;2157.091797;0.670862;0.000000;0.000000;0.000000;0.000000;2.000000;126.772942;-345.006012;2141.239258;3.311985;0.000000;0.000000;0.000000;0.000000;2.000000;187.623352;-203.811234;1976.614136;3.585915;0.000000;0.000000;0.000000;0.000000;2.000000;173.753159;-170.331299;1890.401855;3.596031;0.000000;0.000000;0.000000;0.000000;2.000000;183.518509;-120.544067;1798.539673;3.446683;0.000000;0.000000;0.000000;0.000000;2.000000;138.306519;-124.642090;1911.257935;2.422285;0.000000;0.000000;0.000000;0.000000;2.000000;-120.960114;-614.413330;2057.743164;0.372732;0.000000;0.000000;0.000000;0.000000;2.000000;-210.008026;-552.603271;1990.193481;0.345937;0.000000;0.000000;0.000000;0.000000;2.000000;-225.629211;-282.515686;1950.332031;0.202443;0.000000;0.000000;0.000000;0.000000;2.000000;-162.396988;-77.316940;1873.338379;0.367630;0.000000;0.000000;0.000000;0.000000;2.000000;-129.742111;17.769653;1878.949097;0.474545;0.000000;0.000000;0.000000;0.000000;2.000000;-45.567833;46.778809;1826.860107;0.577919;0.000000;0.000000;0.000000;0.000000;2.000000;-81.324226;6.549683;1864.890137;0.457602;0.000000;0.000000;0.000000;0.000000;2.000000;77.198082;-156.911194;2042.833984;0.241472;0.000000;0.000000;0.000000;0.000000;2.000000;451.537750;-67.404266;1987.820313;4.276655;0.000000;0.000000;0.000000;0.000000;2.000000;444.063873;303.359283;1964.423706;5.229343;0.000000;0.000000;0.000000;0.000000;2.000000;569.700500;398.993317;1874.020386;5.554857;0.000000;0.000000;0.000000;0.000000;2.000000;-69.612907;-143.767868;1961.374634;0.217745;0.000000;0.000000;0.000000;0.000000;2.000000;135.937195;5.754913;1667.716431;0.171116;0.000000;0.000000;0.000000;0.000000;2.000000;59.958122;371.454315;1629.244629;0.095080;0.000000;0.000000;0.000000;0.000000;2.000000;108.592621;450.991058;1490.211182;0.253841;0.000000;0.000000;0.000000;0.000000;2.000000;-102.974777;-731.711548;2063.728027;0.522487;0.000000;0.000000;0.000000;0.000000;2.000000;-14.578938;-724.810181;1935.301392;0.418494;0.000000;0.000000;0.000000;0.000000;2.000000;-5.673042;-766.265991;1969.317383;0.415164;0.000000;0.000000;0.000000;0.000000;2.000000;-20.377899;-784.985229;2090.114502;0.463263;0.000000;0.000000;0.000000;0.000000;2.000000;-45.701744;-764.155518;1938.146484;0.446000;0.000000;0.000000;0.000000;0.000000;2.000000;-153.246475;-793.773315;1999.373291;0.551235;0.000000;0.000000;0.000000;0.000000;2.000000;9348966400.000000
0.000000;-150.000000;2000.000000;0.000000;0.000000;0.000000;0.000000;0.000000;2.000000;-42.578159;-310.033264;2051.762939;0.068814;0.000000;0.000000;0.000000;0.000000;2.000000;-68.697388;-443.723480;2077.919922;0.138748;0.000000;0.000000;0.000000;0.000000;2.000000;-99.834503;-652.515381;2081.869629;0.225879;0.000000;0.000000;0.000000;0.000000;2.000000;-67.716003;-621.987732;2099.438965;0.208117;0.000000;0.000000;0.000000;0.000000;2.000000;54.160030;-602.217834;2163.335938;0.188298;0.000000;0.000000;0.000000;0.000000;2.000000;126.016968;-343.842590;2145.911621;0.144236;0.000000;0.000000;0.000000;0.000000;2.000000;186.210388;-200.391815;1982.582031;0.207793;0.000000;0.000000;0.000000;0.000000;2.000000;175.186157;-172.719177;1893.799683;0.130009;0.000000;0.000000;0.000000;0.000000;2.000000;179.642120;-133.387817;1796.455444;0.401779;0.000000;0.000000;0.000000;0.000000;2.000000;170.250916;-139.209045;1878.342407;1.424171;0.000000;0.000000;0.000000;0.000000;2.000000;-122.637512;-613.865845;2064.783936;0.214799;0.000000;0.000000;0.000000;0.000000;2.000000;-212.572495;-552.380249;1997.787354;0.237284;0.000000;0.000000;0.000000;0.000000;2.000000;-228.468430;-281.552795;1960.595459;0.316417;0.000000;0.000000;0.000000;0.000000;2.000000;-166.987579;-74.995804;1884.908447;0.374706;0.000000;0.000000;0.000000;0.000000;2.000000;-131.870316;19.390320;1889.896240;0.333488;0.000000;0.000000;0.000000;0.000000;2.000000;-54.473682;48.084351;1827.804077;0.267827;0.000000;0.000000;0.000000;0.000000;2.000000;-88.610321;10.236481;1872.082886;0.322025;0.000000;0.000000;0.000000;0.000000;2.000000;77.371979;-156.743103;2042.795776;0.007246;0.000000;0.000000;0.000000;0.000000;2.000000;452.970428;-70.695068;1987.113647;0.108252;0.000000;0.000000;0.000000;0.000000;2.000000;445.481903;300.223877;1958.703979;0.197535;0.000000;0.000000;0.000000;0.000000;2.000000;577.423584;400.533875;1883.057007;0.354719;0.000000;0.000000;0.000000;0.000000;2.000000;-69.769714;-143.919464;1961.409302;0.006535;0.000000;0.000000;0.000000;0.000000;2.000000;116.308075;-3.740967;1649.996582;0.831483;0.000000;0.000000;0.000000;0.000000;2.000000;56.029392;366.432495;1623.347046;0.257023;0.000000;0.000000;0.000000;0.000000;2.000000;106.433014;452.216248;1488.445313;0.090165;0.000000;0.000000;0.000000;0.000000;2.000000;-104.592712;-731.231934;2072.275391;0.257823;0.000000;0.000000;0.000000;0.000000;2.000000;-19.294178;-723.790649;1941.547363;0.233549;0.000000;0.000000;0.000000;0.000000;2.000000;-7.725163;-763.904419;1976.476807;0.231214;0.000000;0.000000;0.000000;0.000000;2.000000;-18.945496;-779.991577;2098.194092;0.284258;0.000000;0.000000;0.000000;0.000000;2.000000;-48.528599;-764.483032;1946.143188;0.251183;0.000000;0.000000;0.000000;0.000000;2.000000;-153.376312;-797.356323;2010.657593;0.350385;0.000000;0.000000;0.000000;0.000000;2.000000;9349000192.000000
0.000000;-150.000015;2000.000000;0.000000;0.000000;0.000000;0.000000;0.000000;2.000000;-42.880688;-310.311310;2049.570801;0.068064;0.000000;0.000000;0.000000;0.000000;2.000000;-69.370956;-444.048981;2073.725586;0.130021;0.000000;0.000000;0.000000;0.000000;2.000000;-100.092194;-652.523926;2077.576172;0.131262;0.000000;0.000000;0.000000;0.000000;2.000000;-68.074966;-622.004578;2095.114258;0.132434;0.000000;0.000000;0.000000;0.000000;2.000000;52.844513;-604.915649;2161.031250;0.115485;0.000000;0.000000;0.000000;0.000000;2.000000;126.467743;-347.672577;2141.712891;0.173981;0.000000;0.000000;0.000000;0.000000;2.000000;179.551041;-201.129456;1979.219849;0.228771;0.000000;0.000000;0.000000;0.000000;2.000000;178.869064;-164.591141;1893.179932;0.272979;0.000000;0.000000;0.000000;0.000000;2.000000;178.408356;-118.874130;1798.770508;0.450099;0.000000;0.000000;0.000000;0.000000;2.000000;152.787445;-133.030624;1877.450439;0.565968;0.000000;0.000000;0.000000;0.000000;2.000000;-122.929047;-613.973755;2060.551270;0.129519;0.000000;0.000000;0.000000;0.000000;2.000000;-213.506897;-552.649902;1994.717651;0.098269;0.000000;0.000000;0.000000;0.000000;2.000000;-228.436874;-282.209198;1957.902588;0.084592;0.000000;0.000000;0.000000;0.000000;2.000000;-167.086380;-74.688812;1886.070679;0.036809;0.000000;0.000000;0.000000;0.000000;2.000000;-130.223541;18.956055;1887.619141;0.086777;0.000000;0.000000;0.000000;0.000000;2.000000;-53.815769;47.340149;1824.474731;0.106029;0.000000;0.000000;0.000000;0.000000;2.000000;-88.206070;8.948151;1869.837769;0.079952;0.000000;0.000000;0.000000;0.000000;2.000000;77.593338;-157.805862;2041.877319;0.043395;0.000000;0.000000;0.000000;0.000000;2.000000;452.397949;-68.364548;1991.272339;0.146528;0.000000;0.000000;0.000000;0.000000;2.000000;445.549377;301.181458;1954.668823;0.126580;0.000000;0.000000;0.000000;0.000000;2.000000;579.414307;399.122498;1880.085571;0.117342;0.000000;0.000000;0.000000;0.000000;2.000000;-69.969330;-142.961151;1962.237427;0.039129;0.000000;0.000000;0.000000;0.000000;2.000000;130.969025;20.301758;1672.956909;1.108831;0.000000;0.000000;0.000000;0.000000;2.000000;52.078056;384.426636;1627.592773;0.576959;0.000000;0.000000;0.000000;0.000000;2.000000;106.681198;449.343994;1483.363770;0.178296;0.000000;0.000000;0.000000;0.000000;2.000000;-104.711365;-731.103333;2067.960938;0.131775;0.000000;0.000000;0.000000;0.000000;2.000000;-20.200245;-726.861572;1936.911377;0.171941;0.000000;0.000000;0.000000;0.000000;2.000000;-8.602642;-766.154785;1972.604736;0.139272;0.000000;0.000000;0.000000;0.000000;2.000000;-19.241421;-779.466492;2094.486816;0.114623;0.000000;0.000000;0.000000;0.000000;2.000000;-49.486973;-767.273682;1942.548218;0.141931;0.000000;0.000000;0.000000;0.000000;2.000000;-153.925018;-798.304138;2008.181885;0.082615;0.000000;0.000000;0.000000;0.000000;2.000000;9349032960.000000
0.000000;-150.000000;2000.000000;0.000000;0.000000;0.000000;0.000000;0.000000;2.000000;-40.772446;-309.915985;2053.588867;0.134788;0.000000;0.000000;0.000000;0.000000;2.000000;-64.160629;-444.453949;2077.977051;0.199365;0.000000;0.000000;0.000000;0.000000;2.000000;-92.022087;-653.671997;2084.073486;0.308475;0.000000;0.000000;0.000000;0.000000;2.000000;-60.544975;-622.435181;2101.565918;0.293715;0.000000;0.000000;0.000000;0.000000;2.000000;59.999081;-600.366821;2167.234619;0.310881;0.000000;0.000000;0.000000;0.000000;2.000000;141.027191;-344.367188;2155.665527;0.604722;0.000000;0.000000;0.000000;0.000000;2.000000;186.813385;-202.756195;1986.150635;0.300951;0.000000;0.000000;0.000000;0.000000;2.000000;195.365479;-163.489105;1901.558472;0.548503;0.000000;0.000000;0.000000;0.000000;2.000000;191.992096;-115.014694;1808.375000;0.505387;0.000000;0.000000;0.000000;0.000000;2.000000;170.488922;-122.397354;1890.694824;0.725973;0.000000;0.000000;0.000000;0.000000;2.000000;-115.284691;-615.585999;2066.344238;0.287818;0.000000;0.000000;0.000000;0.000000;2.000000;-207.165161;-554.547729;2001.598633;0.282557;0.000000;0.000000;0.000000;0.000000;2.000000;-226.624786;-283.245117;1969.809814;0.357741;0.000000;0.000000;0.000000;0.000000;2.000000;-163.359406;-76.213608;1896.890625;0.341648;0.000000;0.000000;0.000000;0.000000;2.000000;-127.944618;18.157288;1894.020386;0.202462;0.000000;0.000000;0.000000;0.000000;2.000000;-50.267570;47.671173;1832.654541;0.264038;0.000000;0.000000;0.000000;0.000000;2.000000;-85.288216;8.568695;1876.142090;0.205882;0.000000;0.000000;0.000000;0.000000;2.000000;78.256462;-156.123657;2041.266479;0.056480;0.000000;0.000000;0.000000;0.000000;2.000000;436.173431;-40.679611;1940.425293;1.779291;0.000000;0.000000;0.000000;0.000000;2.000000;423.764252;323.018768;1862.749512;2.869223;0.000000;0.000000;0.000000;0.000000;1.000000;569.673035;399.830475;1785.234497;2.821751;0.000000;0.000000;0.000000;0.000000;1.000000;-70.567299;-144.478027;1962.788086;0.050928;0.000000;0.000000;0.000000;0.000000;2.000000;136.418304;37.278320;1688.204102;0.694249;0.000000;0.000000;0.000000;0.000000;2.000000;51.852875;399.714203;1634.524658;0.496781;0.000000;0.000000;0.000000;0.000000;2.000000;112.808762;453.058868;1487.757446;0.248741;0.000000;0.000000;0.000000;0.000000;2.000000;-95.448311;-732.564575;2075.349121;0.353290;0.000000;0.000000;0.000000;0.000000;2.000000;-14.912304;-726.983582;1941.530640;0.207814;0.000000;0.000000;0.000000;0.000000;2.000000;-2.870121;-767.291992;1976.080322;0.201220;0.000000;0.000000;0.000000;0.000000;2.000000;-9.897301;-783.028809;2098.166016;0.315325;0.000000;0.000000;0.000000;0.000000;2.000000;-44.775658;-767.073120;1947.276855;0.197623;0.000000;0.000000;0.000000;0.000000;2.000000;-147.812347;-797.751831;2015.690308;0.286983;0.000000;0.000000;0.000000;0.000000;2.000000;9349066752.000000
0.000000;-149.999985;2000.000000;0.000000;0.000000;0.000000;0.000000;0.000000;2.000000;-37.336266;-312.084961;2055.913574;0.142867;0.000000;0.000000;0.000000;0.000000;2.000000;-59.482559;-448.185028;2081.722656;0.215435;0.000000;0.000000;0.000000;0.000000;2.000000;-89.751190;-659.567566;2082.525391;0.198508;0.000000;0.000000;0.000000;0.000000;2.000000;-57.545700;-628.762207;2100.911133;0.214614;0.000000;0.000000;0.000000;0.000000;2.000000;62.439621;-608.143311;2171.254395;0.277339;0.000000;0.000000;0.000000;0.000000;2.000000;150.658844;-354.432831;2212.800781;1.794715;0.000000;0.000000;0.000000;0.000000;2.000000;187.777557;-226.075119;2027.898315;1.459612;0.000000;0.000000;0.000000;0.000000;2.000000;206.429108;-182.630188;1945.831543;1.510201;0.000000;0.000000;0.000000;0.000000;2.000000;190.424683;-120.967010;1860.761230;1.609699;0.000000;0.000000;0.000000;0.000000;2.000000;160.082916;-141.252838;1925.528564;1.249807;0.000000;0.000000;0.000000;0.000000;2.000000;-112.950043;-620.369385;2065.680176;0.163696;0.000000;0.000000;0.000000;0.000000;2.000000;-204.619125;-556.702942;2000.296265;0.109283;0.000000;0.000000;0.000000;0.000000;2.000000;-231.591385;-284.011536;1960.154175;0.332188;0.000000;0.000000;0.000000;0.000000;2.000000;-166.435257;-77.216187;1880.413208;0.512451;0.000000;0.000000;0.000000;0.000000;2.000000;-128.021805;16.735321;1890.263428;0.122613;0.000000;0.000000;0.000000;0.000000;2.000000;-52.325600;45.305847;1824.180298;0.275746;0.000000;0.000000;0.000000;0.000000;2.000000;-85.479279;8.083160;1868.708862;0.227402;0.000000;0.000000;0.000000;0.000000;2.000000;82.007843;-156.573578;2035.704712;0.205192;0.000000;0.000000;0.000000;0.000000;2.000000;463.591003;-71.549835;1988.660400;1.937643;0.000000;0.000000;0.000000;0.000000;2.000000;453.958008;302.652893;1950.034180;2.886299;0.000000;0.000000;0.000000;0.000000;2.000000;583.567871;405.455566;1868.881836;2.593381;0.000000;0.000000;0.000000;0.000000;2.000000;-73.950073;-144.072296;1967.803345;0.185030;0.000000;0.000000;0.000000;0.000000;2.000000;132.997437;31.748779;1683.243896;0.249577;0.000000;0.000000;0.000000;0.000000;2.000000;58.234722;397.709045;1611.891602;0.720243;0.000000;0.000000;0.000000;0.000000;2.000000;113.150185;456.306091;1462.588135;0.774543;0.000000;0.000000;0.000000;0.000000;2.000000;-94.042419;-739.059143;2071.658691;0.231964;0.000000;0.000000;0.000000;0.000000;2.000000;-13.127155;-724.029053;1936.726074;0.180544;0.000000;0.000000;0.000000;0.000000;2.000000;-2.394032;-768.309143;1967.627808;0.260217;0.000000;0.000000;0.000000;0.000000;2.000000;-9.495705;-795.348755;2089.143555;0.466178;0.000000;0.000000;0.000000;0.000000;2.000000;-44.879234;-763.729675;1939.016724;0.271965;0.000000;0.000000;0.000000;0.000000;2.000000;-149.873215;-796.974304;2005.937744;0.305121;0.000000;0.000000;0.000000;0.000000;2.000000;9349099520.000000
0.000000;-150.000000;2000.000000;0.000000;0.000000;0.000000;0.000000;0.000000;2.000000;-34.794758;-313.142975;2057.280273;0.090954;0.000000;0.000000;0.000000;0.000000;2.000000;-54.991329;-449.810364;2085.485596;0.179939;0.000000;0.000000;0.000000;0.000000;2.000000;-82.415909;-662.612427;2090.942383;0.342463;0.000000;0.000000;0.000000;0.000000;2.000000;-50.342098;-630.824097;2108.515137;0.315915;0.000000;0.000000;0.000000;0.000000;2.000000;70.817993;-611.871948;2178.752930;0.350557;0.000000;0.000000;0.000000;0.000000;2.000000;157.503235;-355.029999;2212.701172;0.203336;0.000000;0.000000;0.000000;0.000000;2.000000;205.021576;-218.992432;2034.343872;0.583711;0.000000;0.000000;0.000000;0.000000;2.000000;219.773529;-172.366623;1952.670044;0.537726;0.000000;0.000000;0.000000;0.000000;2.000000;212.504364;-111.706055;1865.042236;0.719784;0.000000;0.000000;0.000000;0.000000;2.000000;180.763916;-130.159836;1937.287842;0.776798;0.000000;0.000000;0.000000;0.000000;2.000000;-106.415955;-623.903320;2073.386230;0.316748;0.000000;0.000000;0.000000;0.000000;2.000000;-200.014877;-562.342285;2007.412109;0.301261;0.000000;0.000000;0.000000;0.000000;2.000000;-227.491608;-288.185120;1967.811646;0.285174;0.000000;0.000000;0.000000;0.000000;2.000000;-165.913391;-79.478607;1886.788452;0.200784;0.000000;0.000000;0.000000;0.000000;2.000000;-131.160858;15.239227;1904.867554;0.444259;0.000000;0.000000;0.000000;0.000000;2.000000;-56.166080;41.963684;1836.409058;0.391992;0.000000;0.000000;0.000000;0.000000;2.000000;-81.253616;6.318634;1872.361084;0.173335;0.000000;0.000000;0.000000;0.000000;2.000000;82.023537;-154.460342;2037.121094;0.075285;0.000000;0.000000;0.000000;0.000000;2.000000;467.315186;-75.022720;1993.803223;0.214173;0.000000;0.000000;0.000000;0.000000;2.000000;454.708069;301.063019;1955.541992;0.171092;0.000000;0.000000;0.000000;0.000000;2.000000;590.346802;401.427582;1879.189209;0.384046;0.000000;0.000000;0.000000;0.000000;2.000000;-73.964233;-145.977905;1966.526245;0.067887;0.000000;0.000000;0.000000;0.000000;2.000000;128.005234;15.618988;1667.537476;0.682423;0.000000;0.000000;0.000000;0.000000;2.000000;63.123653;388.963348;1617.603027;0.341293;0.000000;0.000000;0.000000;0.000000;2.000000;116.837158;452.735199;1468.998291;0.243013;0.000000;0.000000;0.000000;0.000000;2.000000;-85.689499;-742.772705;2081.713867;0.402145;0.000000;0.000000;0.000000;0.000000;2.000000;-7.545879;-726.974670;1944.309937;0.291969;0.000000;0.000000;0.000000;0.000000;2.000000;2.830441;-772.401917;1974.152588;0.275418;0.000000;0.000000;0.000000;0.000000;2.000000;-1.856647;-801.961670;2095.854004;0.358935;0.000000;0.000000;0.000000;0.000000;2.000000;-40.466267;-766.050415;1946.644653;0.269677;0.000000;0.000000;0.000000;0.000000;2.000000;-145.077927;-798.049316;2015.998535;0.331347;0.000000;0.000000;0.000000;0.000000;2.000000;9349133312.000000
0.000000;-150.000000;2000.000000;0.000000;0.000000;0.000000;0.000000;0.000000;2.000000;-31.960335;-313.075989;2056.109375;0.090775;0.000000;0.000000;0.000000;0.000000;2.000000;-50.924675;-449.209290;2083.853027;0.130893;0.000000;0.000000;0.000000;0.000000;2.000000;-77.928017;-660.830933;2090.522705;0.143429;0.000000;0.000000;0.000000;0.000000;2.000000;-46.024719;-629.084473;2107.739258;0.139646;0.000000;0.000000;0.000000;0.000000;2.000000;73.934853;-612.761841;2179.117432;0.096527;0.000000;0.000000;0.000000;0.000000;2.000000;160.317780;-357.317017;2212.216553;0.108275;0.000000;0.000000;0.000000;0.000000;2.000000;211.747375;-204.954422;2050.553223;0.665045;0.000000;0.000000;0.000000;0.000000;2.000000;214.168182;-156.516449;1969.251831;0.698794;0.000000;0.000000;0.000000;0.000000;2.000000;219.168243;-98.073196;1880.683105;0.644892;0.000000;0.000000;0.000000;0.000000;2.000000;183.449280;-119.702057;1955.841187;0.635249;0.000000;0.000000;0.000000;0.000000;2.000000;-101.886742;-622.462158;2072.913086;0.141349;0.000000;0.000000;0.000000;0.000000;2.000000;-195.483093;-562.587036;2006.800171;0.135519;0.000000;0.000000;0.000000;0.000000;2.000000;-222.777924;-289.580566;1970.040039;0.159724;0.000000;0.000000;0.000000;0.000000;2.000000;-163.034760;-80.752594;1891.677368;0.172074;0.000000;0.000000;0.000000;0.000000;2.000000;-131.583862;15.981903;1898.250488;0.197444;0.000000;0.000000;0.000000;0.000000;2.000000;-52.670624;41.433044;1834.783569;0.115154;0.000000;0.000000;0.000000;0.000000;2.000000;-78.738670;4.856995;1863.398315;0.278852;0.000000;0.000000;0.000000;0.000000;2.000000;82.999130;-154.727600;2033.536621;0.110217;0.000000;0.000000;0.000000;0.000000;2.000000;465.129211;-74.871536;1983.490845;0.311985;0.000000;0.000000;0.000000;0.000000;2.000000;457.930359;299.602753;1948.863525;0.223651;0.000000;0.000000;0.000000;0.000000;2.000000;595.834839;398.400177;1877.149170;0.195056;0.000000;0.000000;0.000000;0.000000;2.000000;-74.843964;-145.736908;1969.758423;0.099385;0.000000;0.000000;0.000000;0.000000;2.000000;128.935608;12.997284;1673.364990;0.191095;0.000000;0.000000;0.000000;0.000000;2.000000;68.920868;383.896515;1615.865112;0.233579;0.000000;0.000000;0.000000;0.000000;2.000000;120.229836;452.449127;1469.638062;0.102518;0.000000;0.000000;0.000000;0.000000;2.000000;-81.111244;-740.600403;2081.795410;0.149980;0.000000;0.000000;0.000000;0.000000;2.000000;-8.033188;-722.279541;1942.940063;0.145452;0.000000;0.000000;0.000000;0.000000;2.000000;6.371368;-765.845642;1973.313477;0.221901;0.000000;0.000000;0.000000;0.000000;2.000000;6.784447;-792.677002;2095.022949;0.376148;0.000000;0.000000;0.000000;0.000000;2.000000;-37.668442;-763.427185;1946.917480;0.113783;0.000000;0.000000;0.000000;0.000000;2.000000;-137.347107;-801.368652;2019.143921;0.265804;0.000000;0.000000;0.000000;0.000000;2.000000;9349167104.000000
0.000000;-150.000015;2000.000000;0.000000;0.000000;0.000000;0.000000;0.000000;2.000000;-43.088531;-309.471405;2069.831543;0.550272;0.000000;0.000000;0.000000;0.000000;2.000000;-67.736893;-445.618713;2107.424316;0.890334;0.000000;0.000000;0.000000;0.000000;2.000000;-91.429489;-662.340515;2117.523926;0.922436;0.000000;0.000000;0.000000;0.000000;2.000000;-59.884377;-628.945801;2135.342285;0.942611;0.000000;0.000000;0.000000;0.000000;2.000000;65.383575;-603.321777;2200.933594;0.770944;0.000000;0.000000;0.000000;0.000000;2.000000;149.065552;-355.839966;2295.381104;2.561502;0.000000;0.000000;0.000000;0.000000;2.000000;200.012695;-212.050705;2119.055176;2.131993;0.000000;0.000000;0.000000;0.000000;2.000000;202.907898;-148.166290;2046.388306;2.392577;0.000000;0.000000;0.000000;0.000000;2.000000;234.352814;-77.875931;1969.776733;2.826161;0.000000;0.000000;0.000000;0.000000;2.000000;171.886444;-115.815750;2024.437378;2.126232;0.000000;0.000000;0.000000;0.000000;2.000000;-116.196281;-623.916748;2098.190430;0.887544;0.000000;0.000000;0.000000;0.000000;2.000000;-209.313812;-564.493774;2025.558472;0.713614;0.000000;0.000000;0.000000;0.000000;2.000000;-246.138306;-286.957977;1983.897217;0.832748;0.000000;0.000000;0.000000;0.000000;2.000000;-180.800842;-74.074890;1905.420654;0.715117;0.000000;0.000000;0.000000;0.000000;2.000000;-152.303650;23.321167;1929.188477;1.158195;0.000000;0.000000;0.000000;0.000000;2.000000;-73.659805;44.784973;1860.239136;1.012046;0.000000;0.000000;0.000000;0.000000;2.000000;-90.253548;11.346771;1885.706787;0.791328;0.000000;0.000000;0.000000;0.000000;2.000000;80.252106;-152.317047;2044.227051;0.344784;0.000000;0.000000;0.000000;0.000000;2.000000;474.878174;-73.758377;2036.691772;1.650947;0.000000;0.000000;0.000000;0.000000;2.000000;442.987854;304.374084;1974.061401;0.905800;0.000000;0.000000;0.000000;0.000000;2.000000;583.851807;404.918335;1899.803589;0.807017;0.000000;0.000000;0.000000;0.000000;2.000000;-72.366852;-147.910645;1960.118530;0.310903;0.000000;0.000000;0.000000;0.000000;2.000000;88.700981;-18.547379;1615.253418;2.362077;0.000000;0.000000;0.000000;0.000000;2.000000;59.956161;368.173462;1641.195557;0.950078;0.000000;0.000000;0.000000;0.000000;2.000000;102.194672;460.345764;1500.689331;1.122037;0.000000;0.000000;0.000000;0.000000;2.000000;-92.918205;-744.099976;2110.021484;0.939804;0.000000;0.000000;0.000000;0.000000;2.000000;-19.133270;-718.680420;1968.590210;0.859976;0.000000;0.000000;0.000000;0.000000;2.000000;-9.014015;-767.663208;1994.362427;0.797597;0.000000;0.000000;0.000000;0.000000;2.000000;-9.463871;-808.165955;2115.192383;0.920964;0.000000;0.000000;0.000000;0.000000;2.000000;-53.952248;-757.311035;1969.147339;0.861405;0.000000;0.000000;0.000000;0.000000;2.000000;-158.275177;-792.214966;2041.576172;0.977030;0.000000;0.000000;0.000000;0.000000;2.000000;9349199872.000000
0.000000;-150.000000;2000.000000;0.000000;0.000000;0.000000;0.000000;0.000000;2.000000;-42.216743;-309.520905;2070.087158;0.026925;0.000000;0.000000;0.000000;0.000000;2.000000;-66.100021;-445.728241;2107.762451;0.049568;0.000000;0.000000;0.000000;0.000000;2.000000;-88.173874;-662.530884;2118.117676;0.098094;0.000000;0.000000;0.000000;0.000000;2.000000;-56.663918;-628.931946;2135.562012;0.095525;0.000000;0.000000;0.000000;0.000000;2.000000;68.844025;-602.409485;2200.219238;0.107993;0.000000;0.000000;0.000000;0.000000;2.000000;153.078842;-356.006042;2296.683594;0.124959;0.000000;0.000000;0.000000;0.000000;2.000000;203.387177;-203.948792;2127.358887;0.357546;0.000000;0.000000;0.000000;0.000000;2.000000;210.557053;-152.493866;2045.722900;0.260820;0.000000;0.000000;0.000000;0.000000;2.000000;229.791809;-91.391418;1958.047363;0.546506;0.000000;0.000000;0.000000;0.000000;2.000000;167.424530;-110.645233;2040.527222;0.517262;0.000000;0.000000;0.000000;0.000000;2.000000;-113.420044;-624.291992;2099.085205;0.087030;0.000000;0.000000;0.000000;0.000000;2.000000;-208.418365;-565.765625;2028.268921;0.092479;0.000000;0.000000;0.000000;0.000000;2.000000;-247.926575;-288.611450;1987.212402;0.121735;0.000000;0.000000;0.000000;0.000000;2.000000;-182.689758;-76.772812;1906.121338;0.099644;0.000000;0.000000;0.000000;0.000000;2.000000;-161.372482;22.196838;1930.735840;0.274276;0.000000;0.000000;0.000000;0.000000;2.000000;-75.709755;50.078827;1873.499756;0.426867;0.000000;0.000000;0.000000;0.000000;2.000000;-92.350052;12.646301;1887.736938;0.094538;0.000000;0.000000;0.000000;0.000000;2.000000;80.314148;-151.893661;2044.066895;0.013521;0.000000;0.000000;0.000000;0.000000;2.000000;474.538696;-72.187057;2035.290771;0.063103;0.000000;0.000000;0.000000;0.000000;2.000000;444.259399;305.856506;1972.163574;0.080589;0.000000;0.000000;0.000000;0.000000;2.000000;582.908386;407.967834;1896.067627;0.145418;0.000000;0.000000;0.000000;0.000000;2.000000;-72.422798;-148.292419;1960.262939;0.012192;0.000000;0.000000;0.000000;0.000000;2.000000;89.215073;-17.769043;1616.268921;0.040805;0.000000;0.000000;0.000000;0.000000;2.000000;57.473724;368.741516;1639.660889;0.087988;0.000000;0.000000;0.000000;0.000000;2.000000;104.857552;457.252136;1498.518677;0.136811;0.000000;0.000000;0.000000;0.000000;2.000000;-89.187622;-744.269714;2110.629883;0.111970;0.000000;0.000000;0.000000;0.000000;2.000000;-19.062935;-723.537598;1966.659424;0.154692;0.000000;0.000000;0.000000;0.000000;2.000000;-8.962105;-772.001221;1993.360107;0.131765;0.000000;0.000000;0.000000;0.000000;2.000000;-6.620602;-809.466858;2115.097168;0.092572;0.000000;0.000000;0.000000;0.000000;2.000000;-54.415512;-761.577515;1969.157104;0.127000;0.000000;0.000000;0.000000;0.000000;2.000000;-157.134766;-793.019470;2045.284424;0.117252;0.000000;0.000000;0.000000;0.000000;2.000000;9349233664.000000
0.000000;-150.000000;2000.000000;0.000000;0.000000;0.000000;0.000000;0.000000;2.000000;-42.152836;-309.972778;2070.064941;0.013944;0.000000;0.000000;0.000000;0.000000;2.000000;-65.775925;-446.680756;2107.240234;0.034595;0.000000;0.000000;0.000000;0.000000;2.000000;-87.195969;-664.081116;2116.036133;0.084641;0.000000;0.000000;0.000000;0.000000;2.000000;-55.598301;-630.458252;2133.569580;0.083213;0.000000;0.000000;0.000000;0.000000;2.000000;70.038544;-603.540527;2198.486816;0.072907;0.000000;0.000000;0.000000;0.000000;2.000000;154.711563;-358.222595;2298.941406;0.108655;0.000000;0.000000;0.000000;0.000000;2.000000;205.995300;-197.469742;2137.444336;0.374381;0.000000;0.000000;0.000000;0.000000;2.000000;210.301727;-147.479919;2054.465332;0.307660;0.000000;0.000000;0.000000;0.000000;2.000000;205.050644;-87.227768;1964.008667;0.786974;0.000000;0.000000;0.000000;0.000000;2.000000;176.711472;-103.447540;2052.294922;0.507485;0.000000;0.000000;0.000000;0.000000;2.000000;-112.736053;-625.685852;2097.442383;0.068983;0.000000;0.000000;0.000000;0.000000;2.000000;-208.838837;-566.957275;2027.771606;0.041443;0.000000;0.000000;0.000000;0.000000;2.000000;-249.292404;-289.373230;1986.418335;0.053526;0.000000;0.000000;0.000000;0.000000;2.000000;-182.717056;-78.222824;1903.196045;0.099642;0.000000;0.000000;0.000000;0.000000;2.000000;-159.900940;21.431488;1924.400391;0.199859;0.000000;0.000000;0.000000;0.000000;2.000000;-76.819489;44.862091;1861.248901;0.407760;0.000000;0.000000;0.000000;0.000000;2.000000;-98.870163;14.204895;1892.548096;0.251818;0.000000;0.000000;0.000000;0.000000;2.000000;80.565918;-151.954742;2044.007324;0.008113;0.000000;0.000000;0.000000;0.000000;2.000000;475.902985;-73.449493;2035.473389;0.056998;0.000000;0.000000;0.000000;0.000000;2.000000;447.371979;305.792572;1973.787720;0.107160;0.000000;0.000000;0.000000;0.000000;2.000000;583.004089;408.911713;1892.787720;0.104198;0.000000;0.000000;0.000000;0.000000;2.000000;-72.649841;-148.237305;1960.316650;0.007316;0.000000;0.000000;0.000000;0.000000;2.000000;88.787018;-16.217316;1615.807495;0.051102;0.000000;0.000000;0.000000;0.000000;2.000000;52.994007;370.682526;1640.517822;0.151269;0.000000;0.000000;0.000000;0.000000;2.000000;101.220917;458.442352;1498.744385;0.116977;0.000000;0.000000;0.000000;0.000000;2.000000;-88.026047;-745.932922;2107.886719;0.104120;0.000000;0.000000;0.000000;0.000000;2.000000;-24.105076;-724.264893;1960.816895;0.236560;0.000000;0.000000;0.000000;0.000000;2.000000;-9.046009;-770.834229;1988.773560;0.144453;0.000000;0.000000;0.000000;0.000000;2.000000;0.136673;-803.786987;2111.767090;0.287920;0.000000;0.000000;0.000000;0.000000;2.000000;-56.023861;-765.154541;1965.687866;0.159795;0.000000;0.000000;0.000000;0.000000;2.000000;-153.557968;-802.651001;2046.245850;0.314914;0.000000;0.000000;0.000000;0.000000;2.000000;9349266432.000000
0.000000;-150.000000;2000.000000;0.000000;0.000000;0.000000;0.000000;0.000000;2.000000;-38.186401;-309.677368;2069.323486;0.119731;0.000000;0.000000;0.000000;0.000000;2.000000;-60.984367;-444.638062;2108.882324;0.161621;0.000000;0.000000;0.000000;0.000000;2.000000;-81.981392;-660.421997;2114.423828;0.194460;0.000000;0.000000;0.000000;0.000000;2.000000;-50.810516;-627.274902;2132.506836;0.173026;0.000000;0.000000;0.000000;0.000000;2.000000;73.074165;-598.334961;2197.367676;0.181376;0.000000;0.000000;0.000000;0.000000;2.000000;166.230255;-360.380188;2301.779785;0.356826;0.000000;0.000000;0.000000;0.000000;2.000000;219.396423;-199.022003;2144.246094;0.447100;0.000000;0.000000;0.000000;0.000000;2.000000;219.465347;-149.492096;2061.787842;0.352192;0.000000;0.000000;0.000000;0.000000;2.000000;217.003601;-89.234818;1972.267578;0.434028;0.000000;0.000000;0.000000;0.000000;2.000000;183.270615;-107.881805;2053.435547;0.236717;0.000000;0.000000;0.000000;0.000000;2.000000;-107.239517;-622.113708;2096.335938;0.196734;0.000000;0.000000;0.000000;0.000000;2.000000;-201.531342;-560.485229;2028.740601;0.290290;0.000000;0.000000;0.000000;0.000000;2.000000;-246.311356;-286.225891;1985.271606;0.132698;0.000000;0.000000;0.000000;0.000000;2.000000;-177.493088;-77.801697;1902.380127;0.156962;0.000000;0.000000;0.000000;0.000000;2.000000;-162.608429;22.841675;1921.773682;0.119178;0.000000;0.000000;0.000000;0.000000;2.000000;-76.292686;54.970825;1869.105957;0.379201;0.000000;0.000000;0.000000;0.000000;2.000000;-100.933044;20.035889;1897.237549;0.229696;0.000000;0.000000;0.000000;0.000000;2.000000;81.518936;-151.872833;2040.590454;0.105002;0.000000;0.000000;0.000000;0.000000;2.000000;472.166016;-70.673386;2013.604126;0.661673;0.000000;0.000000;0.000000;0.000000;2.000000;451.311707;307.450714;1962.070923;0.369085;0.000000;0.000000;0.000000;0.000000;2.000000;587.275269;413.615326;1889.516357;0.211477;0.000000;0.000000;0.000000;0.000000;2.000000;-73.509209;-148.311188;1963.397949;0.094689;0.000000;0.000000;0.000000;0.000000;2.000000;90.194679;-10.001968;1626.271362;0.362563;0.000000;0.000000;0.000000;0.000000;2.000000;60.479004;374.966583;1634.873901;0.305010;0.000000;0.000000;0.000000;0.000000;2.000000;106.724007;463.424347;1494.581665;0.251856;0.000000;0.000000;0.000000;0.000000;2.000000;-82.629562;-741.495605;2105.194092;0.221575;0.000000;0.000000;0.000000;0.000000;2.000000;-11.708187;-714.273071;1963.790405;0.479331;0.000000;0.000000;0.000000;0.000000;2.000000;1.506191;-761.742676;1990.214355;0.414385;0.000000;0.000000;0.000000;0.000000;2.000000;4.158047;-799.727539;2110.991211;0.170647;0.000000;0.000000;0.000000;0.000000;2.000000;-43.825752;-754.738159;1965.239990;0.474866;0.000000;0.000000;0.000000;0.000000;2.000000;-144.766403;-794.527710;2038.436523;0.422944;0.000000;0.000000;0.000000;0.000000;2.000000;9349300224.000000
0.000000;-150.000000;2000.000000;0.000000;0.000000;0.000000;0.000000;0.000000;2.000000;-37.978233;-308.522675;2068.938477;0.037685;0.000000;0.000000;0.000000;0.000000;2.000000;-61.548439;-442.019592;2109.473633;0.083711;0.000000;0.000000;0.000000;0.000000;2.000000;-83.426025;-656.198853;2115.518066;0.140246;0.000000;0.000000;0.000000;0.000000;2.000000;-52.169266;-623.404175;2133.179688;0.126865;0.000000;0.000000;0.000000;0.000000;2.000000;72.846893;-596.149658;2194.333252;0.114329;0.000000;0.000000;0.000000;0.000000;2.000000;167.436188;-365.022095;2307.417480;0.225882;0.000000;0.000000;0.000000;0.000000;2.000000;225.796722;-190.781967;2168.937744;0.818042;0.000000;0.000000;0.000000;0.000000;2.000000;221.078583;-144.661041;2085.415039;0.737608;0.000000;0.000000;0.000000;0.000000;2.000000;214.234344;-88.227463;1994.535278;0.685481;0.000000;0.000000;0.000000;0.000000;2.000000;181.416046;-110.214706;2069.267578;0.491641;0.000000;0.000000;0.000000;0.000000;2.000000;-108.457283;-618.061035;2097.680664;0.135504;0.000000;0.000000;0.000000;0.000000;2.000000;-201.776154;-556.210938;2030.694458;0.143618;0.000000;0.000000;0.000000;0.000000;2.000000;-247.601593;-283.888092;1988.670532;0.131908;0.000000;0.000000;0.000000;0.000000;2.000000;-180.812866;-76.216187;1906.800415;0.175506;0.000000;0.000000;0.000000;0.000000;2.000000;-161.314819;24.402557;1915.462036;0.202308;0.000000;0.000000;0.000000;0.000000;2.000000;-101.133812;110.878387;1916.895142;2.369104;0.000000;0.000000;0.000000;0.000000;2.000000;-99.415840;25.040375;1897.503296;0.159795;0.000000;0.000000;0.000000;0.000000;2.000000;81.512497;-152.507797;2039.138672;0.048358;0.000000;0.000000;0.000000;0.000000;2.000000;467.718201;-64.939636;2009.041138;0.261598;0.000000;0.000000;0.000000;0.000000;2.000000;450.298096;311.507385;1963.817139;0.138286;0.000000;0.000000;0.000000;0.000000;2.000000;585.238342;415.740845;1889.882202;0.090534;0.000000;0.000000;0.000000;0.000000;2.000000;-73.503403;-147.738586;1964.707031;0.043605;0.000000;0.000000;0.000000;0.000000;2.000000;87.576195;-1.375412;1633.013306;0.343547;0.000000;0.000000;0.000000;0.000000;2.000000;59.460468;381.132202;1635.328979;0.191215;0.000000;0.000000;0.000000;0.000000;2.000000;106.080475;466.129456;1494.474731;0.084920;0.000000;0.000000;0.000000;0.000000;2.000000;-84.541588;-736.724976;2106.500488;0.161834;0.000000;0.000000;0.000000;0.000000;2.000000;-13.719231;-712.189392;1965.809082;0.107728;0.000000;0.000000;0.000000;0.000000;2.000000;-3.319374;-760.401123;1991.318115;0.156517;0.000000;0.000000;0.000000;0.000000;2.000000;-2.044525;-799.831116;2110.733887;0.189477;0.000000;0.000000;0.000000;0.000000;2.000000;-48.023552;-750.348633;1967.012573;0.193086;0.000000;0.000000;0.000000;0.000000;2.000000;-149.922333;-784.586975;2040.080322;0.345407;0.000000;0.000000;0.000000;0.000000;2.000000;9349332992.000000
0.000000;-150.000000;2000.000000;0.000000;0.000000;0.000000;0.000000;0.000000;2.000000;-37.612911;-308.535309;2069.659180;0.023914;0.000000;0.000000;0.000000;0.000000;2.000000;-60.706570;-442.357513;2109.996826;0.030990;0.000000;0.000000;0.000000;0.000000;2.000000;-80.876205;-656.955505;2116.458252;0.083481;0.000000;0.000000;0.000000;0.000000;2.000000;-49.596577;-623.870483;2133.695557;0.078865;0.000000;0.000000;0.000000;0.000000;2.000000;77.005020;-596.195984;2191.719238;0.145352;0.000000;0.000000;0.000000;0.000000;2.000000;166.768021;-361.756866;2302.710938;0.170665;0.000000;0.000000;0.000000;0.000000;2.000000;218.582199;-187.243286;2161.532227;0.323379;0.000000;0.000000;0.000000;0.000000;2.000000;219.494995;-145.778595;2075.349121;0.303351;0.000000;0.000000;0.000000;0.000000;2.000000;210.723358;-94.484436;1981.483887;0.440740;0.000000;0.000000;0.000000;0.000000;2.000000;171.764435;-115.320374;2056.648193;0.493828;0.000000;0.000000;0.000000;0.000000;2.000000;-106.472107;-618.976196;2098.922607;0.074400;0.000000;0.000000;0.000000;0.000000;2.000000;-200.342361;-557.338501;2032.202271;0.070033;0.000000;0.000000;0.000000;0.000000;2.000000;-249.231689;-285.125854;1990.658569;0.084438;0.000000;0.000000;0.000000;0.000000;2.000000;-182.387207;-77.367950;1908.246460;0.071857;0.000000;0.000000;0.000000;0.000000;2.000000;-161.919998;22.976227;1919.074097;0.116310;0.000000;0.000000;0.000000;0.000000;2.000000;-147.826843;126.100830;1936.267822;1.562338;0.000000;0.000000;0.000000;0.000000;2.000000;-98.037811;26.030487;1900.845947;0.110934;0.000000;0.000000;0.000000;0.000000;2.000000;81.969063;-152.561615;2038.429810;0.025003;0.000000;0.000000;0.000000;0.000000;2.000000;468.690948;-64.575058;2009.836304;0.038714;0.000000;0.000000;0.000000;0.000000;2.000000;451.420715;312.717102;1967.833496;0.128498;0.000000;0.000000;0.000000;0.000000;2.000000;584.651001;415.427307;1888.308105;0.050577;0.000000;0.000000;0.000000;0.000000;2.000000;-73.915100;-147.690063;1965.346313;0.022548;0.000000;0.000000;0.000000;0.000000;2.000000;82.914169;-4.643982;1629.615234;0.196218;0.000000;0.000000;0.000000;0.000000;2.000000;56.182228;378.405640;1634.573853;0.128145;0.000000;0.000000;0.000000;0.000000;2.000000;105.806915;465.490540;1495.783691;0.043858;0.000000;0.000000;0.000000;0.000000;2.000000;-81.496017;-737.591553;2107.487305;0.098149;0.000000;0.000000;0.000000;0.000000;2.000000;-14.376354;-712.793823;1964.820801;0.039413;0.000000;0.000000;0.000000;0.000000;2.000000;-3.037163;-760.974731;1990.134399;0.039811;0.000000;0.000000;0.000000;0.000000;2.000000;1.539162;-800.303650;2109.663818;0.111558;0.000000;0.000000;0.000000;0.000000;2.000000;-48.463428;-751.190674;1966.949097;0.028176;0.000000;0.000000;0.000000;0.000000;2.000000;-148.374100;-785.957825;2042.743408;0.099778;0.000000;0.000000;0.000000;0.000000;2.000000;9349366784.000000
0.000000;-150.000015;2000.000000;0.000000;0.000000;0.000000;0.000000;0.000000;2.000000;-35.710712;-311.401062;2065.053711;0.175420;0.000000;0.000000;0.000000;0.000000;2.000000;-58.220196;-445.927704;2104.614258;0.211212;0.000000;0.000000;0.000000;0.000000;2.000000;-77.663086;-661.086548;2112.484863;0.200530;0.000000;0.000000;0.000000;0.000000;2.000000;-46.534779;-627.678711;2129.717285;0.192294;0.000000;0.000000;0.000000;0.000000;2.000000;77.884331;-600.723267;2193.393311;0.149729;0.000000;0.000000;0.000000;0.000000;2.000000;175.554749;-370.760132;2308.685059;0.425012;0.000000;0.000000;0.000000;0.000000;2.000000;226.521683;-191.565277;2172.200684;0.426735;0.000000;0.000000;0.000000;0.000000;2.000000;230.969772;-146.252319;2087.818848;0.517351;0.000000;0.000000;0.000000;0.000000;2.000000;214.170868;-91.611237;1996.668091;0.483201;0.000000;0.000000;0.000000;0.000000;2.000000;179.830322;-128.628143;2056.549316;0.474904;0.000000;0.000000;0.000000;0.000000;2.000000;-103.361816;-623.235107;2094.486328;0.210312;0.000000;0.000000;0.000000;0.000000;2.000000;-201.519211;-566.711243;2028.775635;0.306660;0.000000;0.000000;0.000000;0.000000;2.000000;-252.245514;-293.497467;1991.522827;0.272811;0.000000;0.000000;0.000000;0.000000;2.000000;-180.671082;-87.472076;1907.107666;0.314694;0.000000;0.000000;0.000000;0.000000;2.000000;-177.702240;15.057953;1918.807373;0.538918;0.000000;0.000000;0.000000;0.000000;2.000000;-86.322281;66.984344;1907.064331;2.751734;0.000000;0.000000;0.000000;0.000000;2.000000;-97.749817;16.777435;1896.111816;0.317315;0.000000;0.000000;0.000000;0.000000;2.000000;81.358902;-151.773773;2040.260498;0.063609;0.000000;0.000000;0.000000;0.000000;2.000000;469.374054;-68.855667;2001.892456;0.276171;0.000000;0.000000;0.000000;0.000000;2.000000;449.969360;309.500183;1961.841797;0.212213;0.000000;0.000000;0.000000;0.000000;2.000000;588.930908;407.201294;1884.762329;0.302967;0.000000;0.000000;0.000000;0.000000;2.000000;-73.364899;-148.400543;1963.695313;0.057364;0.000000;0.000000;0.000000;0.000000;2.000000;84.402527;-6.385437;1626.793701;0.110913;0.000000;0.000000;0.000000;0.000000;2.000000;55.969986;377.525146;1629.533813;0.156274;0.000000;0.000000;0.000000;0.000000;2.000000;108.335876;458.929016;1487.805908;0.324542;0.000000;0.000000;0.000000;0.000000;2.000000;-77.924561;-741.986694;2104.057129;0.202059;0.000000;0.000000;0.000000;0.000000;2.000000;-19.089184;-718.417114;1957.142212;0.324109;0.000000;0.000000;0.000000;0.000000;2.000000;-2.644928;-764.386108;1984.024292;0.213895;0.000000;0.000000;0.000000;0.000000;2.000000;10.313702;-797.659302;2105.099609;0.312440;0.000000;0.000000;0.000000;0.000000;2.000000;-49.791859;-759.435791;1962.507446;0.288669;0.000000;0.000000;0.000000;0.000000;2.000000;-143.361542;-798.780579;2044.464966;0.423428;0.000000;0.000000;0.000000;0.000000;2.000000;9349399552.000000
0.000000;-150.000000;2000.000000;0.000000;0.000000;0.000000;0.000000;0.000000;2.000000;-33.666813;-309.091370;2060.749023;0.156709;0.000000;0.000000;0.000000;0.000000;2.000000;-57.023655;-440.407349;2099.087891;0.233852;0.000000;0.000000;0.000000;0.000000;2.000000;-78.000000;-650.441772;2107.493896;0.348058;0.000000;0.000000;0.000000;0.000000;2.000000;-46.589115;-618.139038;2123.128418;0.343100;0.000000;0.000000;0.000000;0.000000;2.000000;77.694519;-587.578491;2177.598633;0.608125;0.000000;0.000000;0.000000;0.000000;2.000000;172.649734;-365.045837;2294.909912;0.449623;0.000000;0.000000;0.000000;0.000000;2.000000;223.527130;-183.890442;2170.312012;0.250120;0.000000;0.000000;0.000000;0.000000;2.000000;220.930573;-138.432068;2088.425537;0.377015;0.000000;0.000000;0.000000;0.000000;2.000000;211.814301;-83.519882;1999.231079;0.260673;0.000000;0.000000;0.000000;0.000000;2.000000;174.971146;-119.171478;2062.196045;0.356253;0.000000;0.000000;0.000000;0.000000;2.000000;-103.378922;-613.172668;2090.911133;0.316013;0.000000;0.000000;0.000000;0.000000;2.000000;-199.414734;-555.840088;2028.747803;0.327681;0.000000;0.000000;0.000000;0.000000;2.000000;-248.261429;-289.733032;1985.599854;0.238815;0.000000;0.000000;0.000000;0.000000;2.000000;-188.434784;-84.666183;1904.382080;0.257265;0.000000;0.000000;0.000000;0.000000;2.000000;-177.096252;15.556824;1906.405884;0.367729;0.000000;0.000000;0.000000;0.000000;2.000000;-89.361588;69.856354;1900.557373;0.228893;0.000000;0.000000;0.000000;0.000000;2.000000;-99.721985;11.880402;1885.002686;0.363983;0.000000;0.000000;0.000000;0.000000;2.000000;82.890320;-155.656693;2031.123413;0.297269;0.000000;0.000000;0.000000;0.000000;2.000000;457.662994;-57.867920;1989.675781;0.597105;0.000000;0.000000;0.000000;0.000000;2.000000;457.509949;312.802124;1955.172974;0.313511;0.000000;0.000000;0.000000;0.000000;2.000000;586.077332;415.541687;1876.799683;0.351531;0.000000;0.000000;0.000000;0.000000;2.000000;-74.745850;-144.899094;1971.934692;0.268063;0.000000;0.000000;0.000000;0.000000;2.000000;86.952194;36.829559;1668.229004;1.773328;0.000000;0.000000;0.000000;0.000000;2.000000;53.900566;408.422974;1619.817505;0.960452;0.000000;0.000000;0.000000;0.000000;2.000000;106.524551;467.027100;1471.753052;0.534766;0.000000;0.000000;0.000000;0.000000;2.000000;-79.441910;-729.484070;2099.265137;0.398769;0.000000;0.000000;0.000000;0.000000;2.000000;-16.940033;-713.744995;1956.814941;0.152495;0.000000;0.000000;0.000000;0.000000;2.000000;-3.635181;-758.427490;1984.966919;0.180914;0.000000;0.000000;0.000000;0.000000;2.000000;4.214386;-787.525574;2104.579346;0.350353;0.000000;0.000000;0.000000;0.000000;2.000000;-48.831913;-752.287903;1962.436768;0.213435;0.000000;0.000000;0.000000;0.000000;2.000000;-144.117111;-784.043762;2040.953125;0.448873;0.000000;0.000000;0.000000;0.000000;2.000000;9349433344.000000
