posX0;posY0;posZ0;posVel0;rotX0;rotY0;rotZ0;rotVel0;confidence0;posX1;posY1;posZ1;posVel1;rotX1;rotY1;rotZ1;rotVel1;confidence1;posX2;posY2;posZ2;posVel2;rotX2;rotY2;rotZ2;rotVel2;confidence2;posX3;posY3;posZ3;posVel3;rotX3;rotY3;rotZ3;rotVel3;confidence3;posX4;posY4;posZ4;posVel4;rotX4;rotY4;rotZ4;rotVel4;confidence4;posX5;posY5;posZ5;posVel5;rotX5;rotY5;rotZ5;rotVel5;confidence5;posX6;posY6;posZ6;posVel6;rotX6;rotY6;rotZ6;rotVel6;confidence6;posX7;posY7;posZ7;posVel7;rotX7;rotY7;rotZ7;rotVel7;confidence7;posX8;posY8;posZ8;posVel8;rotX8;rotY8;rotZ8;rotVel8;confidence8;posX9;posY9;posZ9;posVel9;rotX9;rotY9;rotZ9;rotVel9;confidence9;posX10;posY10;posZ10;posVel10;rotX10;rotY10;rotZ10;rotVel10;confidence10;posX11;posY11;posZ11;posVel11;rotX11;rotY11;rotZ11;rotVel11;confidence11;posX12;posY12;posZ12;posVel12;rotX12;rotY12;rotZ12;rotVel12;confidence12;posX13;posY13;posZ13;posVel13;rotX13;rotY13;rotZ13;rotVel13;confidence13;posX14;posY14;posZ14;posVel14;rotX14;rotY14;rotZ14;rotVel14;confidence14;posX15;posY15;posZ15;posVel15;rotX15;rotY15;rotZ15;rotVel15;confidence15;posX16;posY16;posZ16;posVel16;rotX16;rotY16;rotZ16;rotVel16;confidence16;posX17;posY17;posZ17;posVel17;rotX17;rotY17;rotZ17;rotVel17;confidence17;posX18;posY18;posZ18;posVel18;rotX18;rotY18;rotZ18;rotVel18;confidence18;posX19;posY19;posZ19;posVel19;rotX19;rotY19;rotZ19;rotVel19;confidence19;posX20;posY20;posZ20;posVel20;rotX20;rotY20;rotZ20;rotVel20;confidence20;posX21;posY21;posZ21;posVel21;rotX21;rotY21;rotZ21;rotVel21;confidence21;posX22;posY22;posZ22;posVel22;rotX22;rotY22;rotZ22;rotVel22;confidence22;posX23;posY23;posZ23;posVel23;rotX23;rotY23;rotZ23;rotVel23;confidence23;posX24;posY24;posZ24;posVel24;rotX24;rotY24;rotZ24;rotVel24;confidence24;posX25;posY25;posZ25;posVel25;rotX25;rotY25;rotZ25;rotVel25;confidence25;posX26;posY26;posZ26;posVel26;rotX26;rotY26;rotZ26;rotVel26;confidence26;posX27;posY27;posZ27;posVel27;rotX27;rotY27;rotZ27;rotVel27;confidence27;posX28;posY28;posZ28;posVel28;rotX28;rotY28;rotZ28;rotVel28;confidence28;posX29;posY29;posZ29;posVel29;rotX29;rotY29;rotZ29;rotVel29;confidence29;posX30;posY30;posZ30;posVel30;rotX30;rotY30;rotZ30;rotVel30;confidence30;posX31;posY31;posZ31;posVel31;rotX31;rotY31;rotZ31;rotVel31;confidence31;TimeStamp
0.000000;-150.000000;2000.000000;0.000000;0.000000;0.000000;0.000000;0.000000;2.000000;30.938099;-306.221039;2079.089844;0.000000;0.000000;0.000000;0.000000;0.000000;2.000000;56.420094;-429.421906;2145.268555;0.000000;0.000000;0.000000;0.000000;0.000000;2.000000;70.354767;-645.301514;2150.142578;0.000000;0.000000;0.000000;0.000000;0.000000;2.000000;101.016296;-607.944580;2143.011719;0.000000;0.000000;0.000000;0.000000;0.000000;2.000000;225.361664;-583.802979;2077.779541;0.000000;0.000000;0.000000;0.000000;0.000000;2.000000;246.790833;-339.819794;1951.797852;0.000000;0.000000;0.000000;0.000000;0.000000;2.000000;42.081799;-447.014954;1945.388184;0.000000;0.000000;0.000000;0.000000;0.000000;2.000000;-30.399590;-505.066162;1969.622803;0.000000;0.000000;0.000000;0.000000;0.000000;2.000000;-81.287506;-539.305725;2058.145996;0.000000;0.000000;0.000000;0.000000;0.000000;2.000000;-59.881969;-524.204468;1969.202637;0.000000;0.000000;0.000000;0.000000;0.000000;2.000000;35.649685;-611.236450;2157.680176;0.000000;0.000000;0.000000;0.000000;0.000000;2.000000;-95.053261;-601.628479;2155.513672;0.000000;0.000000;0.000000;0.000000;0.000000;2.000000;-285.925781;-584.193237;1950.526978;0.000000;0.000000;0.000000;0.000000;0.000000;2.000000;-145.743591;-770.790771;1932.376343;0.000000;0.000000;0.000000;0.000000;0.000000;2.000000;-103.470245;-853.855408;1977.003296;0.000000;0.000000;0.000000;0.000000;0.000000;2.000000;-4.800552;-888.634155;1960.862915;0.000000;0.000000;0.000000;0.000000;0.000000;2.000000;-44.751282;-849.312012;1968.298706;0.000000;0.000000;0.000000;0.000000;0.000000;2.000000;87.289764;-145.291656;1975.154419;0.000000;0.000000;0.000000;0.000000;0.000000;2.000000;95.043976;-40.126617;1590.336060;0.000000;0.000000;0.000000;0.000000;0.000000;2.000000;83.904282;264.835266;1818.991333;0.000000;0.000000;0.000000;0.000000;0.000000;2.000000;70.381622;448.180176;1851.624023;0.000000;0.000000;0.000000;0.000000;0.000000;2.000000;-78.713020;-154.245712;2022.404419;0.000000;0.000000;0.000000;0.000000;0.000000;2.000000;-264.417145;-66.811890;1680.744263;0.000000;0.000000;0.000000;0.000000;0.000000;2.000000;-207.419815;252.252625;1889.151611;0.000000;0.000000;0.000000;0.000000;0.000000;2.000000;-189.410950;413.646912;1945.178711;0.000000;0.000000;0.000000;0.000000;0.000000;2.000000;72.625793;-725.907227;2138.915283;0.000000;0.000000;0.000000;0.000000;0.000000;2.000000;94.937149;-697.410156;1982.903198;0.000000;0.000000;0.000000;0.000000;0.000000;2.000000;121.169815;-741.556763;2004.698120;0.000000;0.000000;0.000000;0.000000;0.000000;2.000000;163.767914;-773.023926;2119.413818;0.000000;0.000000;0.000000;0.000000;0.000000;2.000000;70.123032;-741.169861;1994.232666;0.000000;0.000000;0.000000;0.000000;0.000000;2.000000;1.099930;-788.922241;2094.273438;0.000000;0.000000;0.000000;0.000000;0.000000;2.000000;5531833344.000000
0.000000;-150.000015;2000.000000;0.000000;0.000000;0.000000;0.000000;0.000000;2.000000;30.390903;-306.024170;2078.826660;0.019180;0.000000;0.000000;0.000000;0.000000;2.000000;55.395329;-429.195343;2144.581787;0.037688;0.000000;0.000000;0.000000;0.000000;2.000000;66.883606;-644.750671;2149.437988;0.107708;0.000000;0.000000;0.000000;0.000000;2.000000;97.868088;-607.824219;2142.184570;0.097875;0.000000;0.000000;0.000000;0.000000;2.000000;221.903595;-581.542908;2077.868408;0.124161;0.000000;0.000000;0.000000;0.000000;2.000000;248.163422;-334.266266;1960.841309;0.321542;0.000000;0.000000;0.000000;0.000000;2.000000;42.557316;-437.665161;1945.298828;0.281319;0.000000;0.000000;0.000000;0.000000;2.000000;-32.272091;-494.623657;1963.390259;0.369722;0.000000;0.000000;0.000000;0.000000;2.000000;-79.997612;-526.859253;2054.116699;0.395008;0.000000;0.000000;0.000000;0.000000;2.000000;-62.666676;-508.285431;1952.078369;0.707510;0.000000;0.000000;0.000000;0.000000;2.000000;32.672131;-610.368408;2157.096680;0.094829;0.000000;0.000000;0.000000;0.000000;2.000000;-97.525726;-597.956238;2156.398926;0.135657;0.000000;0.000000;0.000000;0.000000;2.000000;-290.964844;-579.191895;1954.793457;0.248889;0.000000;0.000000;0.000000;0.000000;2.000000;-146.540405;-762.685730;1948.968628;0.555386;0.000000;0.000000;0.000000;0.000000;2.000000;-103.397400;-838.483765;2003.973511;0.932791;0.000000;0.000000;0.000000;0.000000;2.000000;-4.785557;-864.467957;1976.443726;0.863989;0.000000;0.000000;0.000000;0.000000;2.000000;-43.463226;-836.633789;1987.063599;0.681580;0.000000;0.000000;0.000000;0.000000;2.000000;87.059860;-145.674377;1974.996826;0.014227;0.000000;0.000000;0.000000;0.000000;2.000000;94.843185;-40.299103;1591.131714;0.025196;0.000000;0.000000;0.000000;0.000000;2.000000;83.366043;263.156433;1820.399780;0.067804;0.000000;0.000000;0.000000;0.000000;2.000000;69.761810;445.722778;1854.996582;0.126763;0.000000;0.000000;0.000000;0.000000;2.000000;-78.505699;-153.900650;2022.546387;0.012826;0.000000;0.000000;0.000000;0.000000;2.000000;-263.598022;-65.637299;1681.773315;0.052987;0.000000;0.000000;0.000000;0.000000;2.000000;-210.256516;253.291077;1889.817261;0.092947;0.000000;0.000000;0.000000;0.000000;2.000000;-195.114700;414.606079;1945.782959;0.174739;0.000000;0.000000;0.000000;0.000000;2.000000;68.192902;-725.204590;2138.244385;0.136361;0.000000;0.000000;0.000000;0.000000;2.000000;85.099548;-690.977051;1983.062378;0.353226;0.000000;0.000000;0.000000;0.000000;2.000000;112.362762;-735.515137;2002.342529;0.328631;0.000000;0.000000;0.000000;0.000000;2.000000;158.866653;-770.574219;2114.162842;0.228041;0.000000;0.000000;0.000000;0.000000;2.000000;61.110676;-735.266479;1993.574341;0.324333;0.000000;0.000000;0.000000;0.000000;2.000000;-4.035912;-787.157959;2093.784668;0.163834;0.000000;0.000000;0.000000;0.000000;2.000000;5531866624.000000
0.000000;-150.000000;2000.000000;0.000000;0.000000;0.000000;0.000000;0.000000;2.000000;28.579296;-307.234497;2079.100830;0.065983;0.000000;0.000000;0.000000;0.000000;2.000000;51.732731;-432.258728;2143.557373;0.146739;0.000000;0.000000;0.000000;0.000000;2.000000;63.988247;-648.853149;2148.421875;0.153939;0.000000;0.000000;0.000000;0.000000;2.000000;95.055511;-611.631042;2141.395508;0.144184;0.000000;0.000000;0.000000;0.000000;2.000000;219.868195;-581.218750;2078.852539;0.068628;0.000000;0.000000;0.000000;0.000000;2.000000;241.398987;-330.025604;1966.041870;0.286304;0.000000;0.000000;0.000000;0.000000;2.000000;39.753757;-437.613312;1927.257324;0.548621;0.000000;0.000000;0.000000;0.000000;2.000000;-18.024998;-479.477539;1991.847900;1.059050;0.000000;0.000000;0.000000;0.000000;2.000000;-39.629234;-522.563538;2088.495605;1.598481;0.000000;0.000000;0.000000;0.000000;2.000000;-48.204140;-517.001038;1987.916992;1.190425;0.000000;0.000000;0.000000;0.000000;2.000000;29.427128;-614.421875;2155.865234;0.160348;0.000000;0.000000;0.000000;0.000000;2.000000;-101.394409;-601.653564;2156.322510;0.160814;0.000000;0.000000;0.000000;0.000000;2.000000;-300.157104;-578.344543;1958.454590;0.298400;0.000000;0.000000;0.000000;0.000000;2.000000;-144.531662;-753.902710;1966.783447;0.599867;0.000000;0.000000;0.000000;0.000000;2.000000;-114.300308;-832.186646;2027.582153;0.803973;0.000000;0.000000;0.000000;0.000000;2.000000;-15.470245;-861.024170;2001.693359;0.830310;0.000000;0.000000;0.000000;0.000000;2.000000;-38.450985;-829.894226;2005.711670;0.614551;0.000000;0.000000;0.000000;0.000000;2.000000;87.799973;-146.181015;1975.869019;0.037592;0.000000;0.000000;0.000000;0.000000;2.000000;94.214859;-32.978088;1592.137207;0.222849;0.000000;0.000000;0.000000;0.000000;2.000000;81.893066;270.535553;1824.429932;0.256490;0.000000;0.000000;0.000000;0.000000;2.000000;67.068878;454.141266;1858.040039;0.280890;0.000000;0.000000;0.000000;0.000000;2.000000;-79.173096;-153.443756;2021.760010;0.033897;0.000000;0.000000;0.000000;0.000000;2.000000;-265.917236;-69.276703;1678.533936;0.162142;0.000000;0.000000;0.000000;0.000000;2.000000;-210.984787;251.571320;1886.774170;0.107286;0.000000;0.000000;0.000000;0.000000;2.000000;-195.955841;414.834930;1939.666992;0.185630;0.000000;0.000000;0.000000;0.000000;2.000000;65.671783;-729.698486;2137.143066;0.158328;0.000000;0.000000;0.000000;0.000000;2.000000;70.785706;-695.158813;1980.376709;0.455291;0.000000;0.000000;0.000000;0.000000;2.000000;101.792328;-738.250977;1998.022583;0.352833;0.000000;0.000000;0.000000;0.000000;2.000000;157.454666;-770.324463;2107.237305;0.212513;0.000000;0.000000;0.000000;0.000000;2.000000;49.892895;-740.878540;1992.511963;0.378251;0.000000;0.000000;0.000000;0.000000;2.000000;-6.062302;-796.074646;2097.257080;0.293905;0.000000;0.000000;0.000000;0.000000;2.000000;5531899904.000000
0.000000;-150.000015;2000.000000;0.000000;0.000000;0.000000;0.000000;0.000000;2.000000;27.699371;-308.872467;2079.247559;0.056044;0.000000;0.000000;0.000000;0.000000;2.000000;51.124756;-433.179840;2147.327148;0.118029;0.000000;0.000000;0.000000;0.000000;2.000000;63.724701;-651.479309;2148.534424;0.079379;0.000000;0.000000;0.000000;0.000000;2.000000;94.898026;-613.828003;2141.625000;0.066542;0.000000;0.000000;0.000000;0.000000;2.000000;220.800156;-580.388000;2080.300293;0.057444;0.000000;0.000000;0.000000;0.000000;2.000000;241.922897;-325.752991;1969.928711;0.174272;0.000000;0.000000;0.000000;0.000000;2.000000;42.303421;-434.838654;1916.794800;0.334147;0.000000;0.000000;0.000000;0.000000;2.000000;-26.069298;-484.257111;1964.639526;0.864555;0.000000;0.000000;0.000000;0.000000;2.000000;-59.037342;-517.915894;2062.743652;0.978958;0.000000;0.000000;0.000000;0.000000;2.000000;-2.012905;-501.146545;2037.501465;2.091228;0.000000;0.000000;0.000000;0.000000;2.000000;28.976311;-616.945374;2157.078125;0.085214;0.000000;0.000000;0.000000;0.000000;2.000000;-102.956024;-606.803467;2163.043457;0.258712;0.000000;0.000000;0.000000;0.000000;2.000000;-302.971069;-586.205017;1963.054443;0.286426;0.000000;0.000000;0.000000;0.000000;2.000000;-134.697540;-750.590332;1988.007568;0.709889;0.000000;0.000000;0.000000;0.000000;2.000000;-76.729752;-817.605469;2043.265869;1.299431;0.000000;0.000000;0.000000;0.000000;2.000000;11.947449;-819.882813;1983.478149;1.583204;0.000000;0.000000;0.000000;0.000000;2.000000;-14.725285;-797.938843;2040.008179;1.578684;0.000000;0.000000;0.000000;0.000000;2.000000;88.200272;-147.316315;1974.551514;0.053625;0.000000;0.000000;0.000000;0.000000;2.000000;89.712952;-40.098694;1585.857422;0.315728;0.000000;0.000000;0.000000;0.000000;2.000000;88.408127;265.886597;1820.088135;0.273603;0.000000;0.000000;0.000000;0.000000;2.000000;83.372391;446.942444;1872.963867;0.698479;0.000000;0.000000;0.000000;0.000000;2.000000;-79.534073;-152.420013;2022.947998;0.048355;0.000000;0.000000;0.000000;0.000000;2.000000;-267.339691;-62.238068;1678.234497;0.215961;0.000000;0.000000;0.000000;0.000000;2.000000;-207.497131;260.881775;1887.149902;0.298959;0.000000;0.000000;0.000000;0.000000;2.000000;-190.292328;424.648682;1942.119751;0.348352;0.000000;0.000000;0.000000;0.000000;2.000000;65.330986;-732.751404;2135.833496;0.100342;0.000000;0.000000;0.000000;0.000000;2.000000;73.573380;-691.501709;1979.551147;0.140383;0.000000;0.000000;0.000000;0.000000;2.000000;102.834015;-736.891052;1995.729004;0.086018;0.000000;0.000000;0.000000;0.000000;2.000000;156.391205;-776.141968;2104.788574;0.192333;0.000000;0.000000;0.000000;0.000000;2.000000;50.532417;-737.146606;1989.604248;0.143450;0.000000;0.000000;0.000000;0.000000;2.000000;-9.188702;-794.838623;2092.167480;0.183284;0.000000;0.000000;0.000000;0.000000;2.000000;5531933184.000000
0.000000;-150.000000;2000.000000;0.000000;0.000000;0.000000;0.000000;0.000000;2.000000;28.148758;-308.599945;2082.053711;0.085786;0.000000;0.000000;0.000000;0.000000;2.000000;53.706116;-429.070129;2157.682129;0.343625;0.000000;0.000000;0.000000;0.000000;2.000000;63.862335;-648.651001;2149.005371;0.086255;0.000000;0.000000;0.000000;0.000000;2.000000;95.479553;-610.835266;2142.924072;0.099578;0.000000;0.000000;0.000000;0.000000;2.000000;217.585342;-572.056274;2075.338379;0.306981;0.000000;0.000000;0.000000;0.000000;2.000000;254.608536;-311.753723;1979.019043;0.629964;0.000000;0.000000;0.000000;0.000000;2.000000;62.258163;-431.882507;1917.355469;0.606379;0.000000;0.000000;0.000000;0.000000;2.000000;10.379265;-470.936157;1990.180420;1.395953;0.000000;0.000000;0.000000;0.000000;2.000000;-52.587509;-516.229126;2067.455566;0.245307;0.000000;0.000000;0.000000;0.000000;2.000000;15.407249;-486.496246;2040.572876;0.690143;0.000000;0.000000;0.000000;0.000000;2.000000;29.531982;-613.953735;2159.984131;0.126429;0.000000;0.000000;0.000000;0.000000;2.000000;-103.090729;-601.948364;2164.907715;0.156324;0.000000;0.000000;0.000000;0.000000;2.000000;-303.569763;-575.156860;1963.684570;0.333002;0.000000;0.000000;0.000000;0.000000;2.000000;-131.705505;-735.450562;2001.205322;0.610165;0.000000;0.000000;0.000000;0.000000;2.000000;-74.817902;-806.158081;2054.131104;0.477709;0.000000;0.000000;0.000000;0.000000;2.000000;8.570160;-811.543396;1986.311646;0.283442;0.000000;0.000000;0.000000;0.000000;2.000000;1.976173;-774.520996;2042.128418;0.866630;0.000000;0.000000;0.000000;0.000000;2.000000;88.141159;-148.672287;1972.329224;0.078245;0.000000;0.000000;0.000000;0.000000;2.000000;91.705185;-39.535828;1581.653809;0.140798;0.000000;0.000000;0.000000;0.000000;2.000000;84.503021;268.968384;1816.313232;0.187643;0.000000;0.000000;0.000000;0.000000;2.000000;65.464149;453.843933;1854.943970;0.791042;0.000000;0.000000;0.000000;0.000000;2.000000;-79.480751;-151.197235;2024.951904;0.070557;0.000000;0.000000;0.000000;0.000000;2.000000;-267.466766;-57.052307;1678.549438;0.156156;0.000000;0.000000;0.000000;0.000000;2.000000;-206.411606;266.556580;1890.728394;0.204211;0.000000;0.000000;0.000000;0.000000;2.000000;-194.066605;434.775818;1936.030884;0.372740;0.000000;0.000000;0.000000;0.000000;2.000000;64.214607;-729.787354;2132.640137;0.135148;0.000000;0.000000;0.000000;0.000000;2.000000;69.821152;-682.497314;1976.937988;0.303451;0.000000;0.000000;0.000000;0.000000;2.000000;100.042343;-728.340210;1991.140259;0.303421;0.000000;0.000000;0.000000;0.000000;2.000000;155.916946;-771.095215;2098.614014;0.240046;0.000000;0.000000;0.000000;0.000000;2.000000;47.351959;-729.049072;1985.676392;0.286819;0.000000;0.000000;0.000000;0.000000;2.000000;-10.577431;-791.569336;2087.463623;0.177113;0.000000;0.000000;0.000000;0.000000;2.000000;5531966464.000000
0.000000;-150.000000;2000.000000;0.000000;0.000000;0.000000;0.000000;0.000000;2.000000;26.600426;-307.318420;2081.999512;0.059500;0.000000;0.000000;0.000000;0.000000;2.000000;51.137505;-426.166382;2158.422363;0.116798;0.000000;0.000000;0.000000;0.000000;2.000000;62.214241;-644.086182;2151.770508;0.165296;0.000000;0.000000;0.000000;0.000000;2.000000;93.458679;-606.475830;2145.582520;0.162507;0.000000;0.000000;0.000000;0.000000;2.000000;215.850464;-569.988525;2079.625732;0.149924;0.000000;0.000000;0.000000;0.000000;2.000000;269.253937;-315.034302;1982.899292;0.458742;0.000000;0.000000;0.000000;0.000000;2.000000;74.845291;-438.148376;1944.982544;0.917354;0.000000;0.000000;0.000000;0.000000;2.000000;31.697083;-473.645966;2024.058594;1.187230;0.000000;0.000000;0.000000;0.000000;2.000000;-24.224243;-535.772156;2093.470459;1.277360;0.000000;0.000000;0.000000;0.000000;2.000000;16.408813;-491.818176;2052.317383;0.382720;0.000000;0.000000;0.000000;0.000000;2.000000;27.936508;-609.711609;2162.174805;0.148967;0.000000;0.000000;0.000000;0.000000;2.000000;-103.862961;-600.614746;2167.869141;0.098793;0.000000;0.000000;0.000000;0.000000;2.000000;-304.658997;-580.670654;1969.269287;0.234470;0.000000;0.000000;0.000000;0.000000;2.000000;-128.735718;-731.302673;2015.488525;0.448831;0.000000;0.000000;0.000000;0.000000;2.000000;-73.032738;-799.327332;2071.509277;0.555089;0.000000;0.000000;0.000000;0.000000;2.000000;5.035614;-809.893127;1999.404907;0.404296;0.000000;0.000000;0.000000;0.000000;2.000000;15.083588;-760.331787;2021.593384;0.834300;0.000000;0.000000;0.000000;0.000000;2.000000;87.648148;-149.197479;1973.106812;0.031367;0.000000;0.000000;0.000000;0.000000;2.000000;93.523544;-34.916321;1587.171631;0.219651;0.000000;0.000000;0.000000;0.000000;2.000000;85.115463;269.615417;1822.094727;0.173110;0.000000;0.000000;0.000000;0.000000;2.000000;67.314362;454.435791;1853.853638;0.065922;0.000000;0.000000;0.000000;0.000000;2.000000;-79.036179;-150.723694;2024.250732;0.028284;0.000000;0.000000;0.000000;0.000000;2.000000;-266.693298;-61.644684;1679.951782;0.143928;0.000000;0.000000;0.000000;0.000000;2.000000;-206.252502;259.272461;1890.874390;0.215652;0.000000;0.000000;0.000000;0.000000;2.000000;-191.425507;423.245544;1945.005005;0.439388;0.000000;0.000000;0.000000;0.000000;2.000000;63.005791;-724.737305;2136.235840;0.186912;0.000000;0.000000;0.000000;0.000000;2.000000;69.517853;-686.635376;1979.352539;0.142063;0.000000;0.000000;0.000000;0.000000;2.000000;100.026917;-730.780090;1996.322388;0.169502;0.000000;0.000000;0.000000;0.000000;2.000000;154.957932;-766.184326;2105.766113;0.258305;0.000000;0.000000;0.000000;0.000000;2.000000;47.816826;-732.597778;1990.438354;0.176284;0.000000;0.000000;0.000000;0.000000;2.000000;-9.815201;-789.644226;2094.268066;0.210478;0.000000;0.000000;0.000000;0.000000;2.000000;5532000256.000000
0.000000;-149.999985;2000.000000;0.000000;0.000000;0.000000;0.000000;0.000000;2.000000;26.487621;-307.873962;2081.128906;0.031217;0.000000;0.000000;0.000000;0.000000;2.000000;49.238888;-430.714142;2151.679443;0.250958;0.000000;0.000000;0.000000;0.000000;2.000000;61.439533;-648.751282;2149.020508;0.164377;0.000000;0.000000;0.000000;0.000000;2.000000;92.538208;-611.084961;2142.297119;0.172313;0.000000;0.000000;0.000000;0.000000;2.000000;214.851654;-570.447876;2078.525391;0.046738;0.000000;0.000000;0.000000;0.000000;2.000000;274.794464;-314.018005;1989.501343;0.260774;0.000000;0.000000;0.000000;0.000000;2.000000;81.846161;-437.775055;1946.021729;0.212963;0.000000;0.000000;0.000000;0.000000;2.000000;38.714199;-476.099701;2023.826782;0.223479;0.000000;0.000000;0.000000;0.000000;2.000000;-16.831276;-540.289673;2091.717773;0.265608;0.000000;0.000000;0.000000;0.000000;2.000000;21.339260;-493.082031;2051.054688;0.157576;0.000000;0.000000;0.000000;0.000000;2.000000;26.926907;-614.354370;2158.644775;0.177857;0.000000;0.000000;0.000000;0.000000;2.000000;-104.926346;-604.826782;2163.641113;0.182152;0.000000;0.000000;0.000000;0.000000;2.000000;-314.603180;-571.019653;1976.240601;0.466111;0.000000;0.000000;0.000000;0.000000;2.000000;-129.936554;-712.227051;2018.441406;0.581134;0.000000;0.000000;0.000000;0.000000;2.000000;-75.730408;-779.767456;2076.559326;0.612398;0.000000;0.000000;0.000000;0.000000;2.000000;4.582050;-804.767151;2010.681274;0.372448;0.000000;0.000000;0.000000;0.000000;2.000000;2.284786;-762.708252;2042.548218;0.741257;0.000000;0.000000;0.000000;0.000000;2.000000;88.114960;-148.277054;1974.584351;0.054155;0.000000;0.000000;0.000000;0.000000;2.000000;92.537903;-41.515930;1586.306396;0.202184;0.000000;0.000000;0.000000;0.000000;2.000000;84.653152;263.133850;1821.360229;0.196497;0.000000;0.000000;0.000000;0.000000;2.000000;65.256302;447.301758;1856.287842;0.234790;0.000000;0.000000;0.000000;0.000000;2.000000;-79.457138;-151.553635;2022.918335;0.048834;0.000000;0.000000;0.000000;0.000000;2.000000;-268.280975;-63.401886;1678.820801;0.078859;0.000000;0.000000;0.000000;0.000000;2.000000;-205.487320;255.780457;1891.978760;0.112427;0.000000;0.000000;0.000000;0.000000;2.000000;-193.245712;422.788391;1936.933716;0.248997;0.000000;0.000000;0.000000;0.000000;2.000000;62.708172;-729.698853;2134.945313;0.154305;0.000000;0.000000;0.000000;0.000000;2.000000;69.276428;-688.668518;1978.734131;0.064266;0.000000;0.000000;0.000000;0.000000;2.000000;99.359818;-733.471924;1994.791748;0.095181;0.000000;0.000000;0.000000;0.000000;2.000000;154.178101;-771.558350;2103.451416;0.177376;0.000000;0.000000;0.000000;0.000000;2.000000;47.097958;-734.618042;1989.001099;0.077568;0.000000;0.000000;0.000000;0.000000;2.000000;-10.933163;-793.036743;2091.911865;0.128579;0.000000;0.000000;0.000000;0.000000;2.000000;5532033536.000000
0.000000;-150.000015;2000.000000;0.000001;0.000000;0.000000;0.000000;0.000000;2.000000;26.901375;-307.523254;2080.255371;0.030896;0.000000;0.000000;0.000000;0.000000;2.000000;50.299774;-429.276672;2151.435303;0.054182;0.000000;0.000000;0.000000;0.000000;2.000000;62.602264;-646.541016;2150.396484;0.085679;0.000000;0.000000;0.000000;0.000000;2.000000;93.591324;-609.038208;2143.542725;0.078642;0.000000;0.000000;0.000000;0.000000;2.000000;216.272522;-572.060669;2079.406738;0.069804;0.000000;0.000000;0.000000;0.000000;2.000000;271.307526;-316.074921;1989.038818;0.122438;0.000000;0.000000;0.000000;0.000000;2.000000;80.312180;-439.644592;1941.094360;0.164929;0.000000;0.000000;0.000000;0.000000;2.000000;34.595764;-476.972839;2017.465210;0.229221;0.000000;0.000000;0.000000;0.000000;2.000000;-23.181759;-539.818176;2084.119629;0.297890;0.000000;0.000000;0.000000;0.000000;2.000000;21.985954;-493.865479;2049.957275;0.044935;0.000000;0.000000;0.000000;0.000000;2.000000;28.155838;-612.221069;2159.610840;0.079469;0.000000;0.000000;0.000000;0.000000;2.000000;-103.106522;-602.284424;2166.520020;0.127708;0.000000;0.000000;0.000000;0.000000;2.000000;-312.429779;-571.679138;1979.700317;0.124358;0.000000;0.000000;0.000000;0.000000;2.000000;-127.249290;-710.363525;2023.279663;0.175474;0.000000;0.000000;0.000000;0.000000;2.000000;-72.684814;-776.636292;2081.852783;0.206219;0.000000;0.000000;0.000000;0.000000;2.000000;4.970238;-791.143188;2010.488403;0.409581;0.000000;0.000000;0.000000;0.000000;2.000000;7.175331;-755.447021;2046.060913;0.283444;0.000000;0.000000;0.000000;0.000000;2.000000;87.873428;-147.744354;1974.972412;0.021091;0.000000;0.000000;0.000000;0.000000;2.000000;92.860443;-38.408020;1588.912720;0.122263;0.000000;0.000000;0.000000;0.000000;2.000000;83.548584;265.795105;1822.240845;0.090533;0.000000;0.000000;0.000000;0.000000;2.000000;65.853439;449.418762;1857.314087;0.072934;0.000000;0.000000;0.000000;0.000000;2.000000;-79.239334;-152.034058;2022.568481;0.019019;0.000000;0.000000;0.000000;0.000000;2.000000;-266.720642;-65.064758;1679.112427;0.069077;0.000000;0.000000;0.000000;0.000000;2.000000;-204.696487;253.346741;1891.116455;0.081141;0.000000;0.000000;0.000000;0.000000;2.000000;-192.209244;419.994202;1934.944580;0.107664;0.000000;0.000000;0.000000;0.000000;2.000000;63.969131;-727.297668;2136.957764;0.101479;0.000000;0.000000;0.000000;0.000000;2.000000;59.610443;-682.330383;1982.357544;0.363982;0.000000;0.000000;0.000000;0.000000;2.000000;92.670380;-725.726807;1995.449341;0.308147;0.000000;0.000000;0.000000;0.000000;2.000000;155.188766;-763.413574;2099.458008;0.274255;0.000000;0.000000;0.000000;0.000000;2.000000;40.477097;-729.443481;1992.536987;0.273940;0.000000;0.000000;0.000000;0.000000;2.000000;-8.422050;-793.084473;2096.488281;0.156860;0.000000;0.000000;0.000000;0.000000;2.000000;5532066816.000000
0.000000;-150.000000;2000.000000;0.000000;0.000000;0.000000;0.000000;0.000000;2.000000;26.166199;-306.332489;2081.104248;0.049182;0.000000;0.000000;0.000000;0.000000;2.000000;48.007118;-429.371582;2149.266602;0.094871;0.000000;0.000000;0.000000;0.000000;2.000000;61.535606;-645.579956;2153.598877;0.105454;0.000000;0.000000;0.000000;0.000000;2.000000;92.185249;-608.235840;2145.920898;0.086445;0.000000;0.000000;0.000000;0.000000;2.000000;213.773804;-570.473083;2081.542236;0.109683;0.000000;0.000000;0.000000;0.000000;2.000000;267.909302;-314.531708;1994.216797;0.191793;0.000000;0.000000;0.000000;0.000000;2.000000;79.567406;-430.181274;1925.414063;0.550775;0.000000;0.000000;0.000000;0.000000;2.000000;33.780067;-479.962830;1993.684692;0.720602;0.000000;0.000000;0.000000;0.000000;2.000000;-18.641983;-518.925415;2079.494629;0.657296;0.000000;0.000000;0.000000;0.000000;2.000000;26.184052;-485.779297;2041.143188;0.380910;0.000000;0.000000;0.000000;0.000000;2.000000;27.016083;-611.397339;2161.854004;0.079553;0.000000;0.000000;0.000000;0.000000;2.000000;-103.755760;-602.398926;2168.502930;0.062789;0.000000;0.000000;0.000000;0.000000;2.000000;-309.567566;-549.783569;1984.544434;0.679295;0.000000;0.000000;0.000000;0.000000;2.000000;-120.389694;-683.112244;2021.714844;0.845700;0.000000;0.000000;0.000000;0.000000;2.000000;-66.860764;-749.890747;2079.872559;0.824635;0.000000;0.000000;0.000000;0.000000;2.000000;10.117470;-771.799805;2010.372559;0.601468;0.000000;0.000000;0.000000;0.000000;2.000000;4.791267;-735.145020;2060.143066;0.745872;0.000000;0.000000;0.000000;0.000000;2.000000;87.433159;-148.430359;1974.817383;0.024932;0.000000;0.000000;0.000000;0.000000;2.000000;92.154274;-41.234070;1589.954224;0.092955;0.000000;0.000000;0.000000;0.000000;2.000000;80.290016;260.631439;1823.484985;0.187240;0.000000;0.000000;0.000000;0.000000;2.000000;59.022598;444.667389;1848.690552;0.360077;0.000000;0.000000;0.000000;0.000000;2.000000;-78.842323;-151.415390;2022.708130;0.022483;0.000000;0.000000;0.000000;0.000000;2.000000;-266.793976;-62.499847;1682.035767;0.116879;0.000000;0.000000;0.000000;0.000000;2.000000;-205.015778;253.480133;1894.694702;0.108021;0.000000;0.000000;0.000000;0.000000;2.000000;-196.090454;420.699921;1934.048096;0.121557;0.000000;0.000000;0.000000;0.000000;2.000000;63.401672;-726.283875;2142.210205;0.161641;0.000000;0.000000;0.000000;0.000000;2.000000;51.844475;-685.539429;1987.533325;0.296544;0.000000;0.000000;0.000000;0.000000;2.000000;86.374657;-727.556519;2000.288696;0.244856;0.000000;0.000000;0.000000;0.000000;2.000000;153.607117;-760.860840;2102.161133;0.121407;0.000000;0.000000;0.000000;0.000000;2.000000;34.448639;-732.645935;1999.555176;0.294184;0.000000;0.000000;0.000000;0.000000;2.000000;-8.452553;-794.590576;2106.423340;0.301942;0.000000;0.000000;0.000000;0.000000;2.000000;5532100096.000000
0.000000;-149.999985;2000.000000;0.000000;0.000000;0.000000;0.000000;0.000000;2.000000;26.538338;-306.381714;2080.730957;0.015907;0.000000;0.000000;0.000000;0.000000;2.000000;49.257286;-428.486176;2150.156006;0.053228;0.000000;0.000000;0.000000;0.000000;2.000000;62.101021;-644.685242;2151.949951;0.058876;0.000000;0.000000;0.000000;0.000000;2.000000;92.726189;-607.377625;2144.123047;0.062029;0.000000;0.000000;0.000000;0.000000;2.000000;214.701508;-569.454163;2080.704590;0.048456;0.000000;0.000000;0.000000;0.000000;2.000000;266.814117;-312.425934;1995.721191;0.084439;0.000000;0.000000;0.000000;0.000000;2.000000;76.997826;-427.150146;1929.793213;0.177684;0.000000;0.000000;0.000000;0.000000;2.000000;17.042892;-477.974487;1985.024170;0.569402;0.000000;0.000000;0.000000;0.000000;2.000000;-37.093201;-513.758667;2071.099121;0.628592;0.000000;0.000000;0.000000;0.000000;2.000000;23.194466;-492.897400;2044.437744;0.252223;0.000000;0.000000;0.000000;0.000000;2.000000;27.868141;-610.492554;2161.181641;0.042459;0.000000;0.000000;0.000000;0.000000;2.000000;-102.347198;-602.959106;2175.318848;0.209809;0.000000;0.000000;0.000000;0.000000;2.000000;-300.436798;-537.238220;1987.314453;0.473607;0.000000;0.000000;0.000000;0.000000;2.000000;-120.303505;-682.746582;2023.115723;0.043581;0.000000;0.000000;0.000000;0.000000;2.000000;-66.425064;-749.831116;2080.520020;0.023518;0.000000;0.000000;0.000000;0.000000;2.000000;7.783394;-772.262695;2008.292236;0.094972;0.000000;0.000000;0.000000;0.000000;2.000000;11.570671;-732.890137;2045.894287;0.478956;0.000000;0.000000;0.000000;0.000000;2.000000;86.817940;-149.278412;1972.858398;0.066753;0.000000;0.000000;0.000000;0.000000;2.000000;90.132774;-46.567749;1586.925171;0.194060;0.000000;0.000000;0.000000;0.000000;2.000000;79.510323;255.813049;1819.597046;0.187508;0.000000;0.000000;0.000000;0.000000;2.000000;58.526672;437.896362;1856.123047;0.302479;0.000000;0.000000;0.000000;0.000000;2.000000;-78.287560;-150.650665;2024.474731;0.060197;0.000000;0.000000;0.000000;0.000000;2.000000;-268.458099;-67.177979;1683.844238;0.158786;0.000000;0.000000;0.000000;0.000000;2.000000;-205.366608;251.318970;1892.035156;0.103511;0.000000;0.000000;0.000000;0.000000;2.000000;-197.044189;418.098755;1933.051025;0.088475;0.000000;0.000000;0.000000;0.000000;2.000000;63.480507;-725.236450;2139.678711;0.082355;0.000000;0.000000;0.000000;0.000000;2.000000;54.277390;-687.927490;1984.046631;0.146525;0.000000;0.000000;0.000000;0.000000;2.000000;87.144005;-730.847107;1998.034546;0.122060;0.000000;0.000000;0.000000;0.000000;2.000000;152.520599;-764.080444;2101.068604;0.107251;0.000000;0.000000;0.000000;0.000000;2.000000;35.090599;-734.030884;1997.099365;0.086886;0.000000;0.000000;0.000000;0.000000;2.000000;-10.633163;-791.676758;2105.131836;0.116039;0.000000;0.000000;0.000000;0.000000;2.000000;5532133376.000000
0.000000;-150.000000;2000.000000;0.000000;0.000000;0.000000;0.000000;0.000000;2.000000;27.492943;-307.807404;2081.053711;0.052460;0.000000;0.000000;0.000000;0.000000;2.000000;51.610176;-429.454346;2153.292969;0.121366;0.000000;0.000000;0.000000;0.000000;2.000000;62.559998;-647.638855;2151.583252;0.090489;0.000000;0.000000;0.000000;0.000000;2.000000;93.665970;-610.173035;2143.747559;0.089332;0.000000;0.000000;0.000000;0.000000;2.000000;215.939529;-571.374512;2078.661621;0.092097;0.000000;0.000000;0.000000;0.000000;2.000000;260.684570;-309.942871;1995.135742;0.199497;0.000000;0.000000;0.000000;0.000000;2.000000;74.600296;-432.967773;1926.517822;0.213153;0.000000;0.000000;0.000000;0.000000;2.000000;9.885826;-491.340393;1968.868530;0.665737;0.000000;0.000000;0.000000;0.000000;2.000000;-47.588821;-514.995972;2058.085449;0.503738;0.000000;0.000000;0.000000;0.000000;2.000000;17.044655;-500.879761;2042.762939;0.306937;0.000000;0.000000;0.000000;0.000000;2.000000;28.511284;-612.984497;2161.988770;0.081046;0.000000;0.000000;0.000000;0.000000;2.000000;-102.421463;-602.868408;2178.320801;0.090272;0.000000;0.000000;0.000000;0.000000;2.000000;-300.251465;-529.135681;1989.361694;0.251179;0.000000;0.000000;0.000000;0.000000;2.000000;-123.928131;-683.344177;2020.802490;0.130445;0.000000;0.000000;0.000000;0.000000;2.000000;-71.762840;-748.291016;2083.615723;0.191100;0.000000;0.000000;0.000000;0.000000;2.000000;6.509132;-766.623962;2013.189575;0.227659;0.000000;0.000000;0.000000;0.000000;2.000000;8.071182;-734.256836;2043.331665;0.136649;0.000000;0.000000;0.000000;0.000000;2.000000;87.875504;-148.215271;1973.667969;0.051206;0.000000;0.000000;0.000000;0.000000;2.000000;90.126785;-42.654480;1584.906982;0.132303;0.000000;0.000000;0.000000;0.000000;2.000000;79.002060;260.720978;1821.677490;0.160903;0.000000;0.000000;0.000000;0.000000;2.000000;57.052200;445.515533;1851.784058;0.267162;0.000000;0.000000;0.000000;0.000000;2.000000;-79.241211;-151.609375;2023.744751;0.046175;0.000000;0.000000;0.000000;0.000000;2.000000;-269.311340;-69.266479;1678.741821;0.167636;0.000000;0.000000;0.000000;0.000000;2.000000;-206.424042;250.669708;1890.971924;0.049101;0.000000;0.000000;0.000000;0.000000;2.000000;-197.629044;418.234039;1934.868774;0.057521;0.000000;0.000000;0.000000;0.000000;2.000000;62.990013;-728.698975;2137.955078;0.117151;0.000000;0.000000;0.000000;0.000000;2.000000;61.424446;-685.086182;1982.259399;0.237261;0.000000;0.000000;0.000000;0.000000;2.000000;93.380798;-729.316406;1996.214600;0.200565;0.000000;0.000000;0.000000;0.000000;2.000000;154.046677;-767.590942;2101.703369;0.116591;0.000000;0.000000;0.000000;0.000000;2.000000;40.942146;-731.786987;1992.744507;0.229313;0.000000;0.000000;0.000000;0.000000;2.000000;-10.848137;-793.354858;2097.193115;0.243900;0.000000;0.000000;0.000000;0.000000;2.000000;5532166656.000000
0.000000;-150.000015;2000.000000;0.000000;0.000000;0.000000;0.000000;0.000000;2.000000;26.234177;-307.659576;2081.165039;0.038230;0.000000;0.000000;0.000000;0.000000;2.000000;49.680855;-428.599823;2154.379395;0.071315;0.000000;0.000000;0.000000;0.000000;2.000000;59.356590;-646.505066;2151.465332;0.102169;0.000000;0.000000;0.000000;0.000000;2.000000;90.562805;-609.231812;2143.573730;0.097579;0.000000;0.000000;0.000000;0.000000;2.000000;212.926392;-569.472778;2079.722900;0.111712;0.000000;0.000000;0.000000;0.000000;2.000000;259.185608;-309.593018;1993.601440;0.065304;0.000000;0.000000;0.000000;0.000000;2.000000;72.513535;-436.130707;1934.864380;0.275434;0.000000;0.000000;0.000000;0.000000;2.000000;0.872917;-489.099426;1972.584595;0.300576;0.000000;0.000000;0.000000;0.000000;2.000000;-58.621342;-521.247437;2057.520996;0.381405;0.000000;0.000000;0.000000;0.000000;2.000000;-36.945889;-480.971008;1978.903320;2.582979;0.000000;0.000000;0.000000;0.000000;2.000000;25.644417;-611.764648;2162.315918;0.094132;0.000000;0.000000;0.000000;0.000000;2.000000;-104.722916;-602.540283;2181.795410;0.125618;0.000000;0.000000;0.000000;0.000000;2.000000;-303.009460;-521.441467;1997.013428;0.336426;0.000000;0.000000;0.000000;0.000000;2.000000;-127.504166;-677.874817;2017.469971;0.220414;0.000000;0.000000;0.000000;0.000000;2.000000;-89.779129;-748.861694;2083.727051;0.541637;0.000000;0.000000;0.000000;0.000000;2.000000;1.052330;-769.234131;2031.545044;0.580724;0.000000;0.000000;0.000000;0.000000;2.000000;-0.205250;-733.724243;2052.144775;0.363636;0.000000;0.000000;0.000000;0.000000;2.000000;87.667038;-149.103226;1973.406250;0.028513;0.000000;0.000000;0.000000;0.000000;2.000000;90.358734;-41.423279;1585.854248;0.047195;0.000000;0.000000;0.000000;0.000000;2.000000;78.947464;262.312988;1821.209961;0.049884;0.000000;0.000000;0.000000;0.000000;2.000000;60.393692;446.817200;1853.537842;0.119950;0.000000;0.000000;0.000000;0.000000;2.000000;-79.053230;-150.808701;2023.980591;0.025709;0.000000;0.000000;0.000000;0.000000;2.000000;-269.129211;-65.743378;1680.344482;0.116430;0.000000;0.000000;0.000000;0.000000;2.000000;-206.861572;255.155884;1890.225586;0.137285;0.000000;0.000000;0.000000;0.000000;2.000000;-197.771805;422.486145;1933.931885;0.130903;0.000000;0.000000;0.000000;0.000000;2.000000;59.210838;-727.373779;2137.439941;0.121328;0.000000;0.000000;0.000000;0.000000;2.000000;62.636536;-688.413879;1980.794067;0.115167;0.000000;0.000000;0.000000;0.000000;2.000000;95.123550;-731.260559;1997.273193;0.084656;0.000000;0.000000;0.000000;0.000000;2.000000;152.481262;-764.724976;2105.969238;0.161428;0.000000;0.000000;0.000000;0.000000;2.000000;43.023979;-735.266602;1991.861938;0.124693;0.000000;0.000000;0.000000;0.000000;2.000000;-11.125862;-795.090942;2095.877930;0.065975;0.000000;0.000000;0.000000;0.000000;2.000000;5532199936.000000
0.000000;-150.000015;2000.000000;0.000000;0.000000;0.000000;0.000000;0.000000;2.000000;26.239735;-307.650299;2081.176270;0.000468;0.000000;0.000000;0.000000;0.000000;2.000000;49.695087;-428.573090;2154.413086;0.001361;0.000000;0.000000;0.000000;0.000000;2.000000;59.378002;-646.476196;2151.578613;0.003571;0.000000;0.000000;0.000000;0.000000;2.000000;90.582687;-609.205200;2143.673828;0.003169;0.000000;0.000000;0.000000;0.000000;2.000000;212.964294;-569.482788;2079.839111;0.003685;0.000000;0.000000;0.000000;0.000000;2.000000;259.175751;-309.629395;1993.624268;0.001324;0.000000;0.000000;0.000000;0.000000;2.000000;72.601273;-436.265625;1934.801880;0.005188;0.000000;0.000000;0.000000;0.000000;2.000000;1.074520;-489.505249;1972.353027;0.015291;0.000000;0.000000;0.000000;0.000000;2.000000;-58.302998;-521.839600;2057.298584;0.021278;0.000000;0.000000;0.000000;0.000000;2.000000;-37.059784;-481.201324;1975.965576;0.088611;0.000000;0.000000;0.000000;0.000000;2.000000;25.664944;-611.733398;2162.415527;0.003197;0.000000;0.000000;0.000000;0.000000;2.000000;-104.692642;-602.474731;2181.932129;0.004646;0.000000;0.000000;0.000000;0.000000;2.000000;-302.990112;-521.357483;1997.175415;0.005513;0.000000;0.000000;0.000000;0.000000;2.000000;-127.542488;-677.841675;2017.701050;0.007108;0.000000;0.000000;0.000000;0.000000;2.000000;-89.967239;-748.843140;2084.025391;0.010612;0.000000;0.000000;0.000000;0.000000;2.000000;0.984608;-769.343750;2032.106934;0.017322;0.000000;0.000000;0.000000;0.000000;2.000000;-0.382492;-733.748535;2052.804688;0.020545;0.000000;0.000000;0.000000;0.000000;2.000000;87.665268;-149.103027;1973.404663;0.000072;0.000000;0.000000;0.000000;0.000000;2.000000;90.351746;-41.465271;1585.846436;0.001301;0.000000;0.000000;0.000000;0.000000;2.000000;78.920563;262.303040;1821.151489;0.001957;0.000000;0.000000;0.000000;0.000000;2.000000;60.273357;446.819153;1853.342773;0.006887;0.000000;0.000000;0.000000;0.000000;2.000000;-79.051628;-150.808853;2023.982178;0.000068;0.000000;0.000000;0.000000;0.000000;2.000000;-269.105072;-65.796417;1680.327026;0.001828;0.000000;0.000000;0.000000;0.000000;2.000000;-206.868256;255.097168;1890.216431;0.001797;0.000000;0.000000;0.000000;0.000000;2.000000;-197.786118;422.402527;1934.010254;0.003470;0.000000;0.000000;0.000000;0.000000;2.000000;59.235180;-727.348999;2137.582520;0.004410;0.000000;0.000000;0.000000;0.000000;2.000000;62.810307;-688.493042;1980.916504;0.006816;0.000000;0.000000;0.000000;0.000000;2.000000;95.261810;-731.344604;1997.450317;0.007209;0.000000;0.000000;0.000000;0.000000;2.000000;152.511810;-764.766479;2106.214111;0.007519;0.000000;0.000000;0.000000;0.000000;2.000000;43.165493;-735.328247;1991.998535;0.006193;0.000000;0.000000;0.000000;0.000000;2.000000;-11.099766;-795.057129;2096.006836;0.004080;0.000000;0.000000;0.000000;0.000000;2.000000;5532233216.000000
0.000000;-150.000015;2000.000000;0.000000;0.000000;0.000000;0.000000;0.000000;2.000000;26.276398;-307.630096;2081.274414;0.003206;0.000000;0.000000;0.000000;0.000000;2.000000;49.783127;-428.478333;2154.667480;0.008575;0.000000;0.000000;0.000000;0.000000;2.000000;59.476242;-646.425720;2152.306152;0.022112;0.000000;0.000000;0.000000;0.000000;2.000000;90.695427;-609.164063;2144.359619;0.020920;0.000000;0.000000;0.000000;0.000000;2.000000;213.433685;-569.785034;2080.940430;0.037102;0.000000;0.000000;0.000000;0.000000;2.000000;258.923798;-309.962463;1994.091431;0.018829;0.000000;0.000000;0.000000;0.000000;2.000000;74.212074;-439.033539;1934.522095;0.096596;0.000000;0.000000;0.000000;0.000000;2.000000;5.509262;-497.969299;1968.734253;0.307024;0.000000;0.000000;0.000000;0.000000;2.000000;-49.332867;-533.504883;2055.456543;0.445619;0.000000;0.000000;0.000000;0.000000;2.000000;-32.548782;-495.046509;1967.046631;0.513098;0.000000;0.000000;0.000000;0.000000;2.000000;25.742958;-611.654663;2163.029785;0.018755;0.000000;0.000000;0.000000;0.000000;2.000000;-104.543365;-601.880249;2182.926758;0.035106;0.000000;0.000000;0.000000;0.000000;2.000000;-302.845520;-518.700500;1999.016846;0.097234;0.000000;0.000000;0.000000;0.000000;2.000000;-128.566132;-676.589966;2019.215942;0.066579;0.000000;0.000000;0.000000;0.000000;2.000000;-94.424385;-749.945068;2084.861084;0.140228;0.000000;0.000000;0.000000;0.000000;2.000000;-1.203709;-769.933105;2036.876587;0.158675;0.000000;0.000000;0.000000;0.000000;2.000000;-5.067341;-735.181458;2062.195068;0.318255;0.000000;0.000000;0.000000;0.000000;2.000000;87.682594;-149.095734;1973.405640;0.000566;0.000000;0.000000;0.000000;0.000000;2.000000;90.852455;-42.041412;1585.614746;0.023969;0.000000;0.000000;0.000000;0.000000;2.000000;79.100426;262.356995;1820.201050;0.029111;0.000000;0.000000;0.000000;0.000000;2.000000;59.691521;447.129578;1850.618896;0.084212;0.000000;0.000000;0.000000;0.000000;2.000000;-79.067253;-150.815430;2023.981323;0.000510;0.000000;0.000000;0.000000;0.000000;2.000000;-268.912659;-66.110779;1680.051270;0.013832;0.000000;0.000000;0.000000;0.000000;2.000000;-206.990662;254.984741;1889.853638;0.011991;0.000000;0.000000;0.000000;0.000000;2.000000;-197.972137;422.259583;1933.899292;0.007798;0.000000;0.000000;0.000000;0.000000;2.000000;59.352570;-727.342407;2138.478760;0.027161;0.000000;0.000000;0.000000;0.000000;2.000000;66.486427;-689.354126;1981.691650;0.115816;0.000000;0.000000;0.000000;0.000000;2.000000;98.328835;-732.312134;1999.142212;0.109192;0.000000;0.000000;0.000000;0.000000;2.000000;153.065857;-765.482544;2109.294434;0.096473;0.000000;0.000000;0.000000;0.000000;2.000000;46.327797;-736.020752;1992.604126;0.098960;0.000000;0.000000;0.000000;0.000000;2.000000;-10.499393;-794.874695;2095.769531;0.020158;0.000000;0.000000;0.000000;0.000000;2.000000;5532266496.000000
0.000000;-149.999985;2000.000000;0.000001;0.000000;0.000000;0.000000;0.000000;2.000000;22.729553;-308.379791;2079.658203;0.119266;0.000000;0.000000;0.000000;0.000000;2.000000;42.663536;-429.838776;2152.238281;0.229706;0.000000;0.000000;0.000000;0.000000;2.000000;51.875473;-647.102661;2147.720703;0.267506;0.000000;0.000000;0.000000;0.000000;2.000000;83.284210;-609.952271;2141.036133;0.245206;0.000000;0.000000;0.000000;0.000000;2.000000;209.420059;-575.042236;2082.881592;0.207126;0.000000;0.000000;0.000000;0.000000;2.000000;254.002457;-316.746582;1993.758057;0.252037;0.000000;0.000000;0.000000;0.000000;2.000000;80.635849;-458.038666;1930.719238;0.613541;0.000000;0.000000;0.000000;0.000000;2.000000;3.438210;-515.889771;1930.123047;1.280576;0.000000;0.000000;0.000000;0.000000;2.000000;-44.286263;-565.664124;2013.572266;1.593959;0.000000;0.000000;0.000000;0.000000;2.000000;-26.274086;-526.443481;1913.745850;1.868332;0.000000;0.000000;0.000000;0.000000;2.000000;18.056778;-612.470093;2157.906738;0.278635;0.000000;0.000000;0.000000;0.000000;2.000000;-111.730652;-607.354004;2179.996582;0.285386;0.000000;0.000000;0.000000;0.000000;2.000000;-307.207886;-493.330872;2011.585449;0.860770;0.000000;0.000000;0.000000;0.000000;2.000000;-141.347443;-660.032532;2003.230103;0.791045;0.000000;0.000000;0.000000;0.000000;2.000000;-112.725876;-741.565125;2060.872070;0.940961;0.000000;0.000000;0.000000;0.000000;2.000000;-14.495773;-780.103455;2047.162964;0.590293;0.000000;0.000000;0.000000;0.000000;2.000000;-36.370483;-723.576050;2075.658447;1.081662;0.000000;0.000000;0.000000;0.000000;2.000000;89.208313;-146.970276;1980.569336;0.229163;0.000000;0.000000;0.000000;0.000000;2.000000;91.751022;-46.087769;1592.398315;0.238872;0.000000;0.000000;0.000000;0.000000;2.000000;82.079559;259.389099;1823.723999;0.164840;0.000000;0.000000;0.000000;0.000000;2.000000;76.597824;443.618958;1859.149414;0.578702;0.000000;0.000000;0.000000;0.000000;2.000000;-80.443054;-152.732010;2017.521606;0.206643;0.000000;0.000000;0.000000;0.000000;2.000000;-271.537476;-60.482971;1677.687500;0.199654;0.000000;0.000000;0.000000;0.000000;2.000000;-208.102036;253.841858;1894.953003;0.160539;0.000000;0.000000;0.000000;0.000000;2.000000;-199.522797;421.472046;1935.510132;0.071231;0.000000;0.000000;0.000000;0.000000;2.000000;51.926605;-727.612854;2133.040283;0.276695;0.000000;0.000000;0.000000;0.000000;2.000000;87.594223;-697.913086;1978.890625;0.689563;0.000000;0.000000;0.000000;0.000000;2.000000;111.272202;-742.990601;2002.381592;0.513509;0.000000;0.000000;0.000000;0.000000;2.000000;143.954651;-776.527710;2120.439209;0.545201;0.000000;0.000000;0.000000;0.000000;2.000000;61.005852;-741.521301;1987.724854;0.493291;0.000000;0.000000;0.000000;0.000000;2.000000;-17.214344;-789.139954;2081.767334;0.497420;0.000000;0.000000;0.000000;0.000000;2.000000;5532299776.000000
0.000000;-150.000000;2000.000000;0.000000;0.000000;0.000000;0.000000;0.000000;2.000000;22.996712;-309.330261;2080.595947;0.040295;0.000000;0.000000;0.000000;0.000000;2.000000;43.059433;-431.534729;2153.930664;0.071863;0.000000;0.000000;0.000000;0.000000;2.000000;52.807846;-650.367920;2150.224365;0.124851;0.000000;0.000000;0.000000;0.000000;2.000000;84.472298;-612.910522;2143.844482;0.125725;0.000000;0.000000;0.000000;0.000000;2.000000;212.653900;-583.336426;2084.649902;0.268592;0.000000;0.000000;0.000000;0.000000;2.000000;235.235535;-329.877075;1970.588257;0.964129;0.000000;0.000000;0.000000;0.000000;2.000000;68.356758;-485.945618;1919.869019;0.957683;0.000000;0.000000;0.000000;0.000000;2.000000;-8.178486;-545.549988;1925.488403;0.952574;0.000000;0.000000;0.000000;0.000000;2.000000;-39.089798;-595.940857;2017.110107;0.915083;0.000000;0.000000;0.000000;0.000000;2.000000;-39.009628;-552.505005;1906.171997;0.887172;0.000000;0.000000;0.000000;0.000000;2.000000;18.530457;-615.516235;2159.861328;0.108019;0.000000;0.000000;0.000000;0.000000;2.000000;-112.965668;-608.640381;2176.377441;0.119396;0.000000;0.000000;0.000000;0.000000;2.000000;-306.181091;-482.450562;2010.619507;0.324670;0.000000;0.000000;0.000000;0.000000;2.000000;-147.690552;-657.838318;1993.476807;0.350367;0.000000;0.000000;0.000000;0.000000;2.000000;-118.662415;-747.224060;2039.453003;0.678729;0.000000;0.000000;0.000000;0.000000;2.000000;-19.253616;-786.256470;2048.468750;0.233393;0.000000;0.000000;0.000000;0.000000;2.000000;-47.427559;-721.515015;2075.657227;0.332846;0.000000;0.000000;0.000000;0.000000;2.000000;89.977119;-146.593613;1981.060547;0.029209;0.000000;0.000000;0.000000;0.000000;2.000000;96.641960;-53.866547;1587.923706;0.302445;0.000000;0.000000;0.000000;0.000000;2.000000;84.375908;255.428284;1818.669556;0.201815;0.000000;0.000000;0.000000;0.000000;2.000000;74.351143;439.453979;1860.763062;0.147960;0.000000;0.000000;0.000000;0.000000;2.000000;-81.136337;-153.071701;2017.078369;0.026344;0.000000;0.000000;0.000000;0.000000;2.000000;-276.834381;-63.457336;1675.728638;0.188887;0.000000;0.000000;0.000000;0.000000;2.000000;-204.178162;255.475586;1888.361572;0.232097;0.000000;0.000000;0.000000;0.000000;2.000000;-187.300232;425.989380;1918.229492;0.640476;0.000000;0.000000;0.000000;0.000000;2.000000;53.229652;-731.507935;2135.701416;0.144827;0.000000;0.000000;0.000000;0.000000;2.000000;93.139259;-705.383911;1980.723999;0.280620;0.000000;0.000000;0.000000;0.000000;2.000000;116.146004;-750.344421;2006.010864;0.282304;0.000000;0.000000;0.000000;0.000000;2.000000;145.934723;-781.518311;2126.451172;0.238531;0.000000;0.000000;0.000000;0.000000;2.000000;65.904015;-748.956055;1989.967285;0.271700;0.000000;0.000000;0.000000;0.000000;2.000000;-15.459541;-794.315918;2083.791260;0.172468;0.000000;0.000000;0.000000;0.000000;2.000000;5532333568.000000
0.000000;-150.000000;2000.000000;0.000000;0.000000;0.000000;0.000000;0.000000;2.000000;23.093750;-308.027771;2079.205566;0.057321;0.000000;0.000000;0.000000;0.000000;2.000000;43.402588;-428.815460;2152.068359;0.099569;0.000000;0.000000;0.000000;0.000000;2.000000;52.914070;-645.507202;2148.017090;0.160441;0.000000;0.000000;0.000000;0.000000;2.000000;84.280075;-608.425049;2141.703613;0.149456;0.000000;0.000000;0.000000;0.000000;2.000000;211.733475;-584.418335;2081.843262;0.094520;0.000000;0.000000;0.000000;0.000000;2.000000;235.293808;-331.212769;1974.235352;0.116720;0.000000;0.000000;0.000000;0.000000;2.000000;81.516220;-493.572449;1913.378174;0.496904;0.000000;0.000000;0.000000;0.000000;2.000000;12.439171;-558.476257;1929.928833;0.743284;0.000000;0.000000;0.000000;0.000000;2.000000;-34.680866;-621.108704;2004.189575;0.860341;0.000000;0.000000;0.000000;0.000000;2.000000;-11.126137;-583.615723;1909.500732;1.259314;0.000000;0.000000;0.000000;0.000000;2.000000;19.011177;-610.991638;2157.680176;0.151618;0.000000;0.000000;0.000000;0.000000;2.000000;-111.356537;-604.754150;2172.969482;0.162666;0.000000;0.000000;0.000000;0.000000;2.000000;-304.742950;-480.119049;2011.019775;0.083187;0.000000;0.000000;0.000000;0.000000;2.000000;-150.429138;-656.317017;1996.127563;0.123310;0.000000;0.000000;0.000000;0.000000;2.000000;-120.312744;-748.403687;2032.817871;0.208483;0.000000;0.000000;0.000000;0.000000;2.000000;-27.649632;-788.628418;2065.356934;0.571174;0.000000;0.000000;0.000000;0.000000;2.000000;-60.623421;-723.954712;2081.970215;0.445621;0.000000;0.000000;0.000000;0.000000;2.000000;89.002808;-146.613266;1980.806885;0.030258;0.000000;0.000000;0.000000;0.000000;2.000000;95.458115;-54.268646;1591.637939;0.117759;0.000000;0.000000;0.000000;0.000000;2.000000;84.744385;251.869232;1820.373413;0.119082;0.000000;0.000000;0.000000;0.000000;2.000000;77.112152;434.675629;1859.940552;0.167657;0.000000;0.000000;0.000000;0.000000;2.000000;-80.257744;-153.053955;2017.307373;0.027287;0.000000;0.000000;0.000000;0.000000;2.000000;-273.739471;-65.399963;1678.841675;0.144241;0.000000;0.000000;0.000000;0.000000;2.000000;-207.192291;252.698090;1887.723022;0.124644;0.000000;0.000000;0.000000;0.000000;2.000000;-193.464859;419.221527;1929.488647;0.436034;0.000000;0.000000;0.000000;0.000000;2.000000;53.255203;-725.829346;2133.500488;0.183000;0.000000;0.000000;0.000000;0.000000;2.000000;101.070419;-708.659668;1981.184326;0.258214;0.000000;0.000000;0.000000;0.000000;2.000000;119.807800;-753.484863;2008.891479;0.168829;0.000000;0.000000;0.000000;0.000000;2.000000;141.979019;-781.344910;2130.458984;0.169286;0.000000;0.000000;0.000000;0.000000;2.000000;70.996490;-749.625488;1990.672119;0.155782;0.000000;0.000000;0.000000;0.000000;2.000000;-16.308994;-785.636780;2081.342285;0.272174;0.000000;0.000000;0.000000;0.000000;2.000000;5532366848.000000
0.000000;-150.000000;2000.000000;0.000000;0.000000;0.000000;0.000000;0.000000;2.000000;25.137024;-307.649170;2080.598633;0.075174;0.000000;0.000000;0.000000;0.000000;2.000000;45.813332;-431.614380;2148.753906;0.149128;0.000000;0.000000;0.000000;0.000000;2.000000;53.083565;-649.097656;2145.750244;0.127691;0.000000;0.000000;0.000000;0.000000;2.000000;85.002327;-612.262329;2139.558105;0.133873;0.000000;0.000000;0.000000;0.000000;2.000000;214.918365;-591.140015;2082.909180;0.225782;0.000000;0.000000;0.000000;0.000000;2.000000;230.516937;-344.349609;1958.078857;0.641952;0.000000;0.000000;0.000000;0.000000;2.000000;72.465004;-510.044617;1917.861816;0.580605;0.000000;0.000000;0.000000;0.000000;2.000000;8.417259;-578.576843;1940.622314;0.694728;0.000000;0.000000;0.000000;0.000000;2.000000;-61.013992;-655.026306;1973.280396;1.589772;0.000000;0.000000;0.000000;0.000000;2.000000;-21.119808;-601.190796;1905.404785;0.619846;0.000000;0.000000;0.000000;0.000000;2.000000;19.350723;-614.071045;2154.958252;0.123917;0.000000;0.000000;0.000000;0.000000;2.000000;-110.986862;-602.452637;2170.930664;0.093054;0.000000;0.000000;0.000000;0.000000;2.000000;-307.436127;-475.631775;2012.859619;0.166689;0.000000;0.000000;0.000000;0.000000;2.000000;-156.424957;-655.530273;1996.674316;0.182448;0.000000;0.000000;0.000000;0.000000;2.000000;-125.704124;-754.702637;1991.952271;1.252951;0.000000;0.000000;0.000000;0.000000;2.000000;-59.847031;-813.141846;2051.805664;1.282323;0.000000;0.000000;0.000000;0.000000;2.000000;-74.372551;-738.640869;2028.711060;1.710699;0.000000;0.000000;0.000000;0.000000;2.000000;89.619026;-144.439835;1982.925293;0.093058;0.000000;0.000000;0.000000;0.000000;2.000000;93.380501;-55.392242;1591.653564;0.070974;0.000000;0.000000;0.000000;0.000000;2.000000;90.092567;250.636261;1822.777832;0.180049;0.000000;0.000000;0.000000;0.000000;2.000000;84.592613;429.853302;1878.593018;0.621005;0.000000;0.000000;0.000000;0.000000;2.000000;-80.813416;-155.013824;2015.396973;0.083917;0.000000;0.000000;0.000000;0.000000;2.000000;-274.030182;-66.504578;1675.508545;0.105872;0.000000;0.000000;0.000000;0.000000;2.000000;-210.658173;250.553375;1889.171021;0.129969;0.000000;0.000000;0.000000;0.000000;2.000000;-194.366943;416.055573;1936.019043;0.219748;0.000000;0.000000;0.000000;0.000000;2.000000;52.710732;-729.738892;2131.550781;0.132288;0.000000;0.000000;0.000000;0.000000;2.000000;101.013176;-715.381958;1978.561646;0.216827;0.000000;0.000000;0.000000;0.000000;2.000000;119.693840;-759.855530;2007.215576;0.197969;0.000000;0.000000;0.000000;0.000000;2.000000;141.648499;-785.590332;2129.706055;0.129938;0.000000;0.000000;0.000000;0.000000;2.000000;70.770607;-756.257446;1988.769043;0.207431;0.000000;0.000000;0.000000;0.000000;2.000000;-17.045116;-790.596558;2080.191650;0.154580;0.000000;0.000000;0.000000;0.000000;2.000000;5532400128.000000
0.000000;-149.999985;2000.000000;0.000000;0.000000;0.000000;0.000000;0.000000;2.000000;25.355515;-306.377991;2080.206055;0.040512;0.000000;0.000000;0.000000;0.000000;2.000000;46.346642;-428.844116;2148.856934;0.084826;0.000000;0.000000;0.000000;0.000000;2.000000;49.192574;-644.886841;2145.702148;0.172281;0.000000;0.000000;0.000000;0.000000;2.000000;81.602585;-608.955566;2139.500977;0.142518;0.000000;0.000000;0.000000;0.000000;2.000000;212.245651;-595.075806;2084.880127;0.154736;0.000000;0.000000;0.000000;0.000000;2.000000;223.613602;-354.729645;1951.639282;0.421605;0.000000;0.000000;0.000000;0.000000;2.000000;62.343094;-518.228882;1928.192871;0.499346;0.000000;0.000000;0.000000;0.000000;2.000000;10.100403;-595.276245;1950.990601;0.592796;0.000000;0.000000;0.000000;0.000000;2.000000;-66.087364;-666.679321;1976.744141;0.395825;0.000000;0.000000;0.000000;0.000000;2.000000;-29.134987;-610.550171;1929.645752;0.817101;0.000000;0.000000;0.000000;0.000000;2.000000;16.431107;-609.445557;2154.953613;0.164359;0.000000;0.000000;0.000000;0.000000;2.000000;-113.263397;-597.730286;2168.176758;0.177937;0.000000;0.000000;0.000000;0.000000;2.000000;-308.521576;-474.080688;2009.673828;0.111354;0.000000;0.000000;0.000000;0.000000;2.000000;-159.757797;-653.232056;1989.137695;0.257065;0.000000;0.000000;0.000000;0.000000;2.000000;-126.300980;-750.132141;1977.312866;0.461175;0.000000;0.000000;0.000000;0.000000;2.000000;-60.251534;-824.407837;2013.304321;1.205463;0.000000;0.000000;0.000000;0.000000;2.000000;-72.360168;-734.096924;2022.726563;0.233741;0.000000;0.000000;0.000000;0.000000;2.000000;88.920441;-144.442215;1982.725708;0.021831;0.000000;0.000000;0.000000;0.000000;2.000000;98.568634;-59.415039;1593.570313;0.205502;0.000000;0.000000;0.000000;0.000000;2.000000;90.929413;249.464294;1816.151245;0.203764;0.000000;0.000000;0.000000;0.000000;2.000000;84.086624;422.700317;1884.774658;0.284481;0.000000;0.000000;0.000000;0.000000;2.000000;-80.183472;-155.011688;2015.577148;0.019688;0.000000;0.000000;0.000000;0.000000;2.000000;-267.081421;-67.677826;1675.187744;0.211971;0.000000;0.000000;0.000000;0.000000;2.000000;-208.010056;250.065796;1884.049927;0.173853;0.000000;0.000000;0.000000;0.000000;2.000000;-190.791840;412.580811;1936.225342;0.149933;0.000000;0.000000;0.000000;0.000000;2.000000;47.169273;-724.922363;2131.546631;0.220617;0.000000;0.000000;0.000000;0.000000;2.000000;107.177902;-711.039551;1983.949341;0.278472;0.000000;0.000000;0.000000;0.000000;2.000000;124.920441;-754.013672;2014.640137;0.324420;0.000000;0.000000;0.000000;0.000000;2.000000;137.350708;-776.897461;2138.099121;0.385367;0.000000;0.000000;0.000000;0.000000;2.000000;77.958328;-752.617065;1992.267090;0.263931;0.000000;0.000000;0.000000;0.000000;2.000000;-15.218620;-788.760986;2076.035400;0.147143;0.000000;0.000000;0.000000;0.000000;2.000000;5532433408.000000
0.000000;-150.000000;2000.000000;0.000000;0.000000;0.000000;0.000000;0.000000;2.000000;20.794426;-306.741119;2078.836426;0.143513;0.000000;0.000000;0.000000;0.000000;2.000000;38.060974;-428.394531;2148.498047;0.249568;0.000000;0.000000;0.000000;0.000000;2.000000;40.009415;-643.329224;2143.414795;0.288193;0.000000;0.000000;0.000000;0.000000;2.000000;72.556229;-607.673462;2138.360352;0.276673;0.000000;0.000000;0.000000;0.000000;2.000000;204.629257;-603.138123;2087.588135;0.343053;0.000000;0.000000;0.000000;0.000000;2.000000;209.642715;-381.266968;1927.457520;1.157601;0.000000;0.000000;0.000000;0.000000;2.000000;51.451271;-547.460510;1938.100220;0.983484;0.000000;0.000000;0.000000;0.000000;2.000000;13.089081;-630.018982;1966.492432;1.146678;0.000000;0.000000;0.000000;0.000000;2.000000;-52.079987;-707.617126;2000.877197;1.488674;0.000000;0.000000;0.000000;0.000000;2.000000;-29.210346;-649.318848;1938.252563;1.193288;0.000000;0.000000;0.000000;0.000000;2.000000;7.356201;-607.999634;2152.159912;0.288601;0.000000;0.000000;0.000000;0.000000;2.000000;-121.961182;-600.787476;2165.827148;0.285881;0.000000;0.000000;0.000000;0.000000;2.000000;-306.940765;-473.444458;2000.537354;0.279268;0.000000;0.000000;0.000000;0.000000;2.000000;-158.650848;-652.468994;1992.626465;0.112346;0.000000;0.000000;0.000000;0.000000;2.000000;-131.085205;-746.564941;1962.152954;0.489550;0.000000;0.000000;0.000000;0.000000;2.000000;-55.294144;-819.344788;1966.852783;1.411926;0.000000;0.000000;0.000000;0.000000;2.000000;-56.714916;-731.873901;2010.007324;0.609535;0.000000;0.000000;0.000000;0.000000;2.000000;89.321228;-144.125931;1988.118774;0.162776;0.000000;0.000000;0.000000;0.000000;2.000000;104.379684;-52.628265;1602.655640;0.382888;0.000000;0.000000;0.000000;0.000000;2.000000;103.011032;254.027710;1825.187256;0.473617;0.000000;0.000000;0.000000;0.000000;2.000000;100.586334;426.196228;1894.266357;0.581533;0.000000;0.000000;0.000000;0.000000;2.000000;-80.544884;-155.296906;2010.713745;0.146789;0.000000;0.000000;0.000000;0.000000;2.000000;-262.730316;-71.475922;1669.210205;0.249758;0.000000;0.000000;0.000000;0.000000;2.000000;-216.263657;242.123718;1883.901611;0.344205;0.000000;0.000000;0.000000;0.000000;2.000000;-203.302109;401.559631;1943.470093;0.546230;0.000000;0.000000;0.000000;0.000000;2.000000;37.982582;-722.820313;2128.540283;0.297236;0.000000;0.000000;0.000000;0.000000;2.000000;112.037552;-711.709106;1988.126831;0.193608;0.000000;0.000000;0.000000;0.000000;2.000000;127.077332;-753.415344;2021.397339;0.213891;0.000000;0.000000;0.000000;0.000000;2.000000;127.268600;-772.937622;2145.414795;0.392755;0.000000;0.000000;0.000000;0.000000;2.000000;82.824432;-753.313965;1994.516235;0.162436;0.000000;0.000000;0.000000;0.000000;2.000000;-17.351917;-788.658325;2069.022949;0.220267;0.000000;0.000000;0.000000;0.000000;2.000000;5532466688.000000
0.000000;-149.999985;2000.000000;0.000000;0.000000;0.000000;0.000000;0.000000;2.000000;16.462807;-305.450562;2079.266602;0.136425;0.000000;0.000000;0.000000;0.000000;2.000000;30.266022;-425.901062;2149.511719;0.247794;0.000000;0.000000;0.000000;0.000000;2.000000;31.037178;-638.993042;2140.410400;0.312745;0.000000;0.000000;0.000000;0.000000;2.000000;63.589539;-603.727051;2136.490234;0.299688;0.000000;0.000000;0.000000;0.000000;2.000000;194.622910;-601.720215;2086.000000;0.307402;0.000000;0.000000;0.000000;0.000000;2.000000;200.195450;-383.075165;1925.169800;0.297087;0.000000;0.000000;0.000000;0.000000;2.000000;48.847679;-552.184692;1945.545410;0.276258;0.000000;0.000000;0.000000;0.000000;2.000000;6.273964;-631.461914;1974.729126;0.324145;0.000000;0.000000;0.000000;0.000000;2.000000;-52.380066;-712.833679;2009.472290;0.302246;0.000000;0.000000;0.000000;0.000000;2.000000;-31.379765;-651.915405;1954.381958;0.495206;0.000000;0.000000;0.000000;0.000000;2.000000;-1.263008;-603.923584;2149.338379;0.298772;0.000000;0.000000;0.000000;0.000000;2.000000;-129.914520;-598.897583;2160.092285;0.300054;0.000000;0.000000;0.000000;0.000000;2.000000;-309.342529;-470.300720;1993.399048;0.245232;0.000000;0.000000;0.000000;0.000000;2.000000;-159.901169;-645.438660;1978.033325;0.488176;0.000000;0.000000;0.000000;0.000000;2.000000;-134.232574;-739.912598;1949.913330;0.429139;0.000000;0.000000;0.000000;0.000000;2.000000;-62.434845;-814.777100;1938.609131;0.886065;0.000000;0.000000;0.000000;0.000000;2.000000;-55.809399;-731.966553;2014.542480;0.138990;0.000000;0.000000;0.000000;0.000000;2.000000;88.864441;-145.964600;1989.457764;0.069711;0.000000;0.000000;0.000000;0.000000;2.000000;107.355942;-54.242828;1607.454468;0.176476;0.000000;0.000000;0.000000;0.000000;2.000000;103.833038;253.992004;1822.527832;0.083648;0.000000;0.000000;0.000000;0.000000;2.000000;100.367798;425.869507;1888.244263;0.181337;0.000000;0.000000;0.000000;0.000000;2.000000;-80.132973;-153.638885;2009.506470;0.062859;0.000000;0.000000;0.000000;0.000000;2.000000;-259.878906;-70.610779;1670.174316;0.094106;0.000000;0.000000;0.000000;0.000000;2.000000;-212.383240;241.685059;1881.079590;0.144774;0.000000;0.000000;0.000000;0.000000;2.000000;-198.792389;400.171448;1939.133911;0.192559;0.000000;0.000000;0.000000;0.000000;2.000000;28.764328;-717.540283;2124.121826;0.345720;0.000000;0.000000;0.000000;0.000000;2.000000;118.088791;-700.347229;1995.100830;0.439921;0.000000;0.000000;0.000000;0.000000;2.000000;128.147690;-744.056946;2026.911987;0.327974;0.000000;0.000000;0.000000;0.000000;2.000000;113.656754;-770.787598;2147.686035;0.419667;0.000000;0.000000;0.000000;0.000000;2.000000;87.643463;-741.046265;1995.469238;0.397076;0.000000;0.000000;0.000000;0.000000;2.000000;-20.388832;-777.520081;2055.191895;0.541350;0.000000;0.000000;0.000000;0.000000;2.000000;5532499968.000000
0.000000;-149.999985;2000.000000;0.000000;0.000000;0.000000;0.000000;0.000000;2.000000;17.444633;-305.358856;2078.453857;0.038397;0.000000;0.000000;0.000000;0.000000;2.000000;32.328285;-423.493317;2151.782715;0.117178;0.000000;0.000000;0.000000;0.000000;2.000000;28.061974;-635.876709;2138.217285;0.145270;0.000000;0.000000;0.000000;0.000000;2.000000;61.381714;-601.389282;2135.083740;0.105459;0.000000;0.000000;0.000000;0.000000;2.000000;192.193512;-605.834717;2084.960693;0.146933;0.000000;0.000000;0.000000;0.000000;2.000000;186.635208;-394.568146;1915.424316;0.609127;0.000000;0.000000;0.000000;0.000000;2.000000;37.185104;-561.175537;1955.641602;0.536494;0.000000;0.000000;0.000000;0.000000;2.000000;2.868073;-641.450623;1991.577759;0.597383;0.000000;0.000000;0.000000;0.000000;2.000000;-53.981979;-723.420959;2027.248779;0.623568;0.000000;0.000000;0.000000;0.000000;2.000000;-26.870407;-669.694397;1975.909424;0.849813;0.000000;0.000000;0.000000;0.000000;2.000000;-3.347221;-600.316589;2147.828125;0.133148;0.000000;0.000000;0.000000;0.000000;2.000000;-131.740417;-593.363098;2157.415527;0.192705;0.000000;0.000000;0.000000;0.000000;2.000000;-313.671143;-478.857544;1984.208740;0.399106;0.000000;0.000000;0.000000;0.000000;2.000000;-160.413864;-650.291504;1971.925049;0.234921;0.000000;0.000000;0.000000;0.000000;2.000000;-131.721985;-744.458923;1946.576660;0.185486;0.000000;0.000000;0.000000;0.000000;2.000000;-57.110779;-815.843201;1933.118530;0.232031;0.000000;0.000000;0.000000;0.000000;2.000000;-54.612385;-734.200073;2019.733765;0.173580;0.000000;0.000000;0.000000;0.000000;2.000000;88.657990;-145.345627;1989.503296;0.019654;0.000000;0.000000;0.000000;0.000000;2.000000;108.028625;-59.322754;1607.031006;0.154499;0.000000;0.000000;0.000000;0.000000;2.000000;103.906097;246.861938;1823.696899;0.217117;0.000000;0.000000;0.000000;0.000000;2.000000;101.901016;418.099976;1890.104858;0.244441;0.000000;0.000000;0.000000;0.000000;2.000000;-79.946815;-154.197021;2009.465332;0.017722;0.000000;0.000000;0.000000;0.000000;2.000000;-254.202896;-68.039154;1668.965210;0.190734;0.000000;0.000000;0.000000;0.000000;2.000000;-213.642517;241.805725;1883.528076;0.082812;0.000000;0.000000;0.000000;0.000000;2.000000;-202.750870;399.300781;1943.814697;0.186049;0.000000;0.000000;0.000000;0.000000;2.000000;23.958710;-713.830200;2120.309570;0.215409;0.000000;0.000000;0.000000;0.000000;2.000000;114.009216;-706.653625;1991.235107;0.253826;0.000000;0.000000;0.000000;0.000000;2.000000;123.637161;-747.841248;2026.198242;0.178211;0.000000;0.000000;0.000000;0.000000;2.000000;108.275192;-765.437744;2148.275879;0.228701;0.000000;0.000000;0.000000;0.000000;2.000000;83.431473;-747.002197;1994.409912;0.221494;0.000000;0.000000;0.000000;0.000000;2.000000;-24.935402;-778.421143;2055.818604;0.140540;0.000000;0.000000;0.000000;0.000000;2.000000;5532533248.000000
0.000000;-150.000000;2000.000000;0.000000;0.000000;0.000000;0.000000;0.000000;2.000000;20.279121;-305.773956;2079.449707;0.091132;0.000000;0.000000;0.000000;0.000000;2.000000;37.439644;-426.579620;2149.573242;0.191303;0.000000;0.000000;0.000000;0.000000;2.000000;33.532059;-640.441589;2137.774902;0.214493;0.000000;0.000000;0.000000;0.000000;2.000000;66.832626;-605.645752;2133.368408;0.214107;0.000000;0.000000;0.000000;0.000000;2.000000;195.773712;-603.802795;2076.209473;0.290598;0.000000;0.000000;0.000000;0.000000;2.000000;170.003143;-402.840912;1893.723755;0.858334;0.000000;0.000000;0.000000;0.000000;2.000000;35.789612;-574.974365;1962.516479;0.465133;0.000000;0.000000;0.000000;0.000000;2.000000;5.205917;-651.629761;2009.594482;0.625753;0.000000;0.000000;0.000000;0.000000;2.000000;-49.119987;-737.832825;2040.987183;0.615864;0.000000;0.000000;0.000000;0.000000;2.000000;-11.314751;-687.755371;2000.193848;1.022478;0.000000;0.000000;0.000000;0.000000;2.000000;2.085289;-604.684082;2148.073242;0.209578;0.000000;0.000000;0.000000;0.000000;2.000000;-127.064240;-593.642273;2154.180176;0.171069;0.000000;0.000000;0.000000;0.000000;2.000000;-309.060913;-482.227386;1976.262817;0.294023;0.000000;0.000000;0.000000;0.000000;2.000000;-150.661682;-651.400879;1976.403687;0.324177;0.000000;0.000000;0.000000;0.000000;2.000000;-114.649185;-744.244141;1952.965942;0.547790;0.000000;0.000000;0.000000;0.000000;2.000000;-46.759369;-820.375854;1928.924438;0.362185;0.000000;0.000000;0.000000;0.000000;2.000000;-42.279503;-738.027832;2016.106812;0.403033;0.000000;0.000000;0.000000;0.000000;2.000000;88.636337;-146.078384;1985.064941;0.135171;0.000000;0.000000;0.000000;0.000000;2.000000;112.400452;-59.253723;1600.438477;0.237701;0.000000;0.000000;0.000000;0.000000;2.000000;106.534180;247.105072;1820.958496;0.114281;0.000000;0.000000;0.000000;0.000000;2.000000;101.976913;418.720612;1889.497314;0.026196;0.000000;0.000000;0.000000;0.000000;2.000000;-79.927292;-153.536301;2013.467529;0.121888;0.000000;0.000000;0.000000;0.000000;2.000000;-247.370300;-63.880798;1667.592163;0.243856;0.000000;0.000000;0.000000;0.000000;2.000000;-209.208115;248.621674;1883.043579;0.244769;0.000000;0.000000;0.000000;0.000000;2.000000;-198.244858;407.352264;1943.121704;0.278023;0.000000;0.000000;0.000000;0.000000;2.000000;29.167526;-719.052856;2120.512939;0.221724;0.000000;0.000000;0.000000;0.000000;2.000000;117.933472;-704.411987;1989.952026;0.141165;0.000000;0.000000;0.000000;0.000000;2.000000;126.477112;-749.050354;2021.331543;0.173167;0.000000;0.000000;0.000000;0.000000;2.000000;112.264099;-776.499634;2142.541016;0.393120;0.000000;0.000000;0.000000;0.000000;2.000000;85.577698;-743.897949;1990.312622;0.167383;0.000000;0.000000;0.000000;0.000000;2.000000;-23.688229;-776.322144;2051.331787;0.153489;0.000000;0.000000;0.000000;0.000000;2.000000;5532566528.000000
0.000000;-149.999985;2000.000000;0.000000;0.000000;0.000000;0.000000;0.000000;2.000000;20.235168;-307.106506;2077.239990;0.077548;0.000000;0.000000;0.000000;0.000000;2.000000;37.749046;-427.764648;2147.842285;0.063715;0.000000;0.000000;0.000000;0.000000;2.000000;36.028671;-641.862427;2135.487793;0.110333;0.000000;0.000000;0.000000;0.000000;2.000000;68.983963;-606.670227;2131.043457;0.100034;0.000000;0.000000;0.000000;0.000000;2.000000;197.740341;-603.020752;2073.172363;0.111232;0.000000;0.000000;0.000000;0.000000;2.000000;158.900833;-407.910248;1886.251465;0.430007;0.000000;0.000000;0.000000;0.000000;2.000000;24.182739;-574.568604;1967.295166;0.377364;0.000000;0.000000;0.000000;0.000000;2.000000;-5.356159;-649.467957;2017.944336;0.409747;0.000000;0.000000;0.000000;0.000000;2.000000;-53.228615;-739.276367;2050.126953;0.304214;0.000000;0.000000;0.000000;0.000000;2.000000;-17.467419;-686.322754;2012.941528;0.427498;0.000000;0.000000;0.000000;0.000000;2.000000;4.213692;-606.422729;2146.007813;0.103302;0.000000;0.000000;0.000000;0.000000;2.000000;-125.165314;-597.156006;2153.180908;0.123712;0.000000;0.000000;0.000000;0.000000;2.000000;-307.491882;-489.134399;1973.040405;0.233821;0.000000;0.000000;0.000000;0.000000;2.000000;-145.953384;-655.619019;1968.842529;0.296140;0.000000;0.000000;0.000000;0.000000;2.000000;-114.419441;-750.971863;1948.772095;0.238316;0.000000;0.000000;0.000000;0.000000;2.000000;-35.522152;-820.024719;1944.976318;0.588867;0.000000;0.000000;0.000000;0.000000;2.000000;-57.743095;-746.714905;2042.682007;0.960048;0.000000;0.000000;0.000000;0.000000;2.000000;88.645615;-146.205048;1984.495850;0.017521;0.000000;0.000000;0.000000;0.000000;2.000000;115.701263;-59.851257;1599.530029;0.104426;0.000000;0.000000;0.000000;0.000000;2.000000;111.207718;246.721313;1820.503296;0.141566;0.000000;0.000000;0.000000;0.000000;2.000000;108.267639;418.476257;1889.334839;0.189230;0.000000;0.000000;0.000000;0.000000;2.000000;-79.935646;-153.422058;2013.980957;0.015807;0.000000;0.000000;0.000000;0.000000;2.000000;-247.604462;-59.165070;1668.938965;0.147532;0.000000;0.000000;0.000000;0.000000;2.000000;-205.894897;252.098328;1886.269043;0.173833;0.000000;0.000000;0.000000;0.000000;2.000000;-193.228790;410.709961;1946.859131;0.213327;0.000000;0.000000;0.000000;0.000000;2.000000;32.416611;-720.557739;2118.018066;0.131134;0.000000;0.000000;0.000000;0.000000;2.000000;122.070679;-704.895996;1987.969727;0.138613;0.000000;0.000000;0.000000;0.000000;2.000000;129.789063;-750.281555;2018.590088;0.134381;0.000000;0.000000;0.000000;0.000000;2.000000;114.602325;-779.758545;2139.347900;0.154050;0.000000;0.000000;0.000000;0.000000;2.000000;89.066010;-743.913940;1987.469482;0.135223;0.000000;0.000000;0.000000;0.000000;2.000000;-21.080250;-775.774231;2047.499390;0.140261;0.000000;0.000000;0.000000;0.000000;2.000000;5532599808.000000
0.000000;-150.000000;2000.000000;0.000000;0.000000;0.000000;0.000000;0.000000;2.000000;21.533573;-307.414612;2077.216064;0.040104;0.000000;0.000000;0.000000;0.000000;2.000000;39.619221;-429.652008;2145.589844;0.104666;0.000000;0.000000;0.000000;0.000000;2.000000;37.738880;-644.225952;2132.695801;0.121337;0.000000;0.000000;0.000000;0.000000;2.000000;70.870590;-608.987183;2128.703125;0.114043;0.000000;0.000000;0.000000;0.000000;2.000000;202.525986;-605.311768;2076.851563;0.194008;0.000000;0.000000;0.000000;0.000000;2.000000;158.560760;-405.683228;1894.957642;0.270220;0.000000;0.000000;0.000000;0.000000;2.000000;26.397106;-576.432251;1973.180298;0.197064;0.000000;0.000000;0.000000;0.000000;2.000000;-4.265484;-649.267334;2026.524780;0.259970;0.000000;0.000000;0.000000;0.000000;2.000000;-50.526150;-739.449158;2060.793213;0.330669;0.000000;0.000000;0.000000;0.000000;2.000000;-20.230038;-682.012817;2026.718750;0.441635;0.000000;0.000000;0.000000;0.000000;2.000000;5.778431;-608.681030;2142.953613;0.123440;0.000000;0.000000;0.000000;0.000000;2.000000;-123.942268;-598.647034;2148.265625;0.158656;0.000000;0.000000;0.000000;0.000000;2.000000;-304.928223;-488.207214;1967.222412;0.193060;0.000000;0.000000;0.000000;0.000000;2.000000;-143.505569;-655.606262;1969.507813;0.076221;0.000000;0.000000;0.000000;0.000000;2.000000;-111.711212;-751.825073;1953.069214;0.154763;0.000000;0.000000;0.000000;0.000000;2.000000;-34.442307;-823.123169;1955.483765;0.330765;0.000000;0.000000;0.000000;0.000000;2.000000;-51.678368;-747.553223;2031.666504;0.378683;0.000000;0.000000;0.000000;0.000000;2.000000;88.978836;-144.905167;1985.572632;0.051698;0.000000;0.000000;0.000000;0.000000;2.000000;117.847443;-58.897552;1599.697754;0.070749;0.000000;0.000000;0.000000;0.000000;2.000000;114.866272;247.867279;1821.960083;0.123236;0.000000;0.000000;0.000000;0.000000;2.000000;113.342133;419.892975;1891.340454;0.169392;0.000000;0.000000;0.000000;0.000000;2.000000;-80.236130;-154.594238;2013.009888;0.046621;0.000000;0.000000;0.000000;0.000000;2.000000;-243.192215;-63.977112;1663.687988;0.251753;0.000000;0.000000;0.000000;0.000000;2.000000;-206.292068;250.328705;1879.093506;0.222392;0.000000;0.000000;0.000000;0.000000;2.000000;-195.576935;409.876556;1938.730103;0.255478;0.000000;0.000000;0.000000;0.000000;2.000000;34.210712;-723.062561;2114.963623;0.130363;0.000000;0.000000;0.000000;0.000000;2.000000;124.219025;-705.190491;1984.984741;0.110862;0.000000;0.000000;0.000000;0.000000;2.000000;131.856720;-751.234497;2014.870728;0.131035;0.000000;0.000000;0.000000;0.000000;2.000000;116.478790;-782.904907;2135.356934;0.162783;0.000000;0.000000;0.000000;0.000000;2.000000;91.075241;-744.233398;1983.759155;0.127148;0.000000;0.000000;0.000000;0.000000;2.000000;-19.436165;-777.059143;2043.257690;0.142042;0.000000;0.000000;0.000000;0.000000;2.000000;5532633088.000000
0.000000;-150.000000;2000.000000;0.000000;0.000000;0.000000;0.000000;0.000000;2.000000;23.004040;-307.307037;2077.815430;0.047099;0.000000;0.000000;0.000000;0.000000;2.000000;42.259212;-429.515472;2146.503174;0.082767;0.000000;0.000000;0.000000;0.000000;2.000000;42.246571;-644.713379;2137.224121;0.189631;0.000000;0.000000;0.000000;0.000000;2.000000;75.158936;-609.194946;2132.747070;0.174539;0.000000;0.000000;0.000000;0.000000;2.000000;207.252396;-607.637207;2081.131836;0.200855;0.000000;0.000000;0.000000;0.000000;2.000000;158.594727;-408.154785;1899.451416;0.151773;0.000000;0.000000;0.000000;0.000000;2.000000;29.243664;-579.310974;1982.671631;0.305359;0.000000;0.000000;0.000000;0.000000;2.000000;-4.006969;-650.263916;2037.326294;0.321096;0.000000;0.000000;0.000000;0.000000;2.000000;-49.396557;-740.775452;2072.543945;0.351538;0.000000;0.000000;0.000000;0.000000;2.000000;-21.714130;-681.037842;2039.079712;0.369551;0.000000;0.000000;0.000000;0.000000;2.000000;9.882732;-609.203491;2146.779297;0.166758;0.000000;0.000000;0.000000;0.000000;2.000000;-120.105515;-599.450623;2152.434326;0.169338;0.000000;0.000000;0.000000;0.000000;2.000000;-297.187744;-492.448547;1964.732056;0.271393;0.000000;0.000000;0.000000;0.000000;2.000000;-137.817291;-662.301758;1971.927856;0.269673;0.000000;0.000000;0.000000;0.000000;2.000000;-103.287659;-758.708374;1962.197388;0.420238;0.000000;0.000000;0.000000;0.000000;2.000000;-20.457264;-823.074890;1972.195557;0.644870;0.000000;0.000000;0.000000;0.000000;2.000000;-45.114738;-752.801941;2031.343628;0.248887;0.000000;0.000000;0.000000;0.000000;2.000000;89.041534;-144.380905;1985.036499;0.022268;0.000000;0.000000;0.000000;0.000000;2.000000;122.376572;-55.728302;1599.307617;0.163992;0.000000;0.000000;0.000000;0.000000;2.000000;115.578445;250.052063;1824.116821;0.093262;0.000000;0.000000;0.000000;0.000000;2.000000;112.756165;421.987732;1894.659668;0.117437;0.000000;0.000000;0.000000;0.000000;2.000000;-80.292664;-155.066986;2013.493286;0.020079;0.000000;0.000000;0.000000;0.000000;2.000000;-241.615753;-60.125397;1663.666626;0.123162;0.000000;0.000000;0.000000;0.000000;2.000000;-200.563110;256.378235;1876.444702;0.258720;0.000000;0.000000;0.000000;0.000000;2.000000;-185.402176;416.876648;1933.484619;0.397076;0.000000;0.000000;0.000000;0.000000;2.000000;39.448742;-724.023865;2120.785889;0.233502;0.000000;0.000000;0.000000;0.000000;2.000000;123.787872;-704.762451;1986.874146;0.058732;0.000000;0.000000;0.000000;0.000000;2.000000;134.019623;-750.341675;2016.901489;0.091686;0.000000;0.000000;0.000000;0.000000;2.000000;124.404404;-781.288330;2138.430176;0.256065;0.000000;0.000000;0.000000;0.000000;2.000000;91.752701;-744.867004;1987.333130;0.109268;0.000000;0.000000;0.000000;0.000000;2.000000;-15.468655;-780.437378;2051.644043;0.292182;0.000000;0.000000;0.000000;0.000000;2.000000;5532666880.000000
0.000000;-149.999985;2000.000000;0.000000;0.000000;0.000000;0.000000;0.000000;2.000000;23.079010;-307.279327;2077.562988;0.007957;0.000000;0.000000;0.000000;0.000000;2.000000;42.261810;-429.941071;2145.249023;0.039796;0.000000;0.000000;0.000000;0.000000;2.000000;41.729858;-644.932495;2134.818604;0.074223;0.000000;0.000000;0.000000;0.000000;2.000000;74.707016;-609.495911;2130.549316;0.068024;0.000000;0.000000;0.000000;0.000000;2.000000;206.989792;-606.851074;2079.746094;0.048519;0.000000;0.000000;0.000000;0.000000;2.000000;153.537643;-402.525848;1905.229370;0.286079;0.000000;0.000000;0.000000;0.000000;2.000000;30.338181;-577.513184;1989.359863;0.210685;0.000000;0.000000;0.000000;0.000000;2.000000;-7.132256;-646.772461;2043.334106;0.228941;0.000000;0.000000;0.000000;0.000000;2.000000;-48.328236;-739.220337;2078.445313;0.186167;0.000000;0.000000;0.000000;0.000000;2.000000;-28.091164;-674.518066;2044.509399;0.318928;0.000000;0.000000;0.000000;0.000000;2.000000;9.471436;-609.421082;2144.544434;0.068593;0.000000;0.000000;0.000000;0.000000;2.000000;-120.301590;-599.033203;2151.682129;0.026512;0.000000;0.000000;0.000000;0.000000;2.000000;-296.061951;-497.051941;1960.273804;0.195508;0.000000;0.000000;0.000000;0.000000;2.000000;-135.008911;-663.697876;1982.963501;0.344731;0.000000;0.000000;0.000000;0.000000;2.000000;-98.161880;-759.155029;1973.142456;0.363405;0.000000;0.000000;0.000000;0.000000;2.000000;-14.181915;-818.840698;1994.893677;0.718968;0.000000;0.000000;0.000000;0.000000;2.000000;-39.992531;-750.474487;2029.129150;0.181680;0.000000;0.000000;0.000000;0.000000;2.000000;89.015259;-144.159561;1985.356323;0.011714;0.000000;0.000000;0.000000;0.000000;2.000000;124.242584;-53.728333;1600.499756;0.089658;0.000000;0.000000;0.000000;0.000000;2.000000;115.327850;251.731323;1825.216064;0.060776;0.000000;0.000000;0.000000;0.000000;2.000000;111.679703;423.519592;1895.732422;0.064838;0.000000;0.000000;0.000000;0.000000;2.000000;-80.268982;-155.266571;2013.204712;0.010567;0.000000;0.000000;0.000000;0.000000;2.000000;-240.976913;-61.473480;1663.104492;0.047902;0.000000;0.000000;0.000000;0.000000;2.000000;-203.394272;252.675171;1879.492310;0.167344;0.000000;0.000000;0.000000;0.000000;2.000000;-191.205887;412.012390;1940.029175;0.300744;0.000000;0.000000;0.000000;0.000000;2.000000;38.748085;-724.090088;2117.964111;0.087386;0.000000;0.000000;0.000000;0.000000;2.000000;123.358932;-708.381042;1983.894653;0.141435;0.000000;0.000000;0.000000;0.000000;2.000000;132.947372;-753.518555;2014.718262;0.120225;0.000000;0.000000;0.000000;0.000000;2.000000;122.849457;-782.134277;2136.685547;0.074682;0.000000;0.000000;0.000000;0.000000;2.000000;90.805832;-748.005127;1985.042725;0.120156;0.000000;0.000000;0.000000;0.000000;2.000000;-16.849129;-780.941162;2049.844238;0.069818;0.000000;0.000000;0.000000;0.000000;2.000000;5532700160.000000
0.000000;-150.000000;2000.000000;0.000000;0.000000;0.000000;0.000000;0.000000;2.000000;24.105301;-307.833618;2076.633057;0.044824;0.000000;0.000000;0.000000;0.000000;2.000000;44.128021;-430.643890;2144.182373;0.067954;0.000000;0.000000;0.000000;0.000000;2.000000;44.741814;-645.938477;2134.371338;0.096360;0.000000;0.000000;0.000000;0.000000;2.000000;77.601486;-610.301697;2130.158691;0.091040;0.000000;0.000000;0.000000;0.000000;2.000000;209.803299;-607.875366;2078.635742;0.095956;0.000000;0.000000;0.000000;0.000000;2.000000;150.570679;-396.480469;1914.146118;0.335757;0.000000;0.000000;0.000000;0.000000;2.000000;31.492775;-573.283813;2001.165039;0.378394;0.000000;0.000000;0.000000;0.000000;2.000000;-10.778763;-640.660400;2054.182129;0.389854;0.000000;0.000000;0.000000;0.000000;2.000000;-45.489990;-731.786804;2098.868408;0.658606;0.000000;0.000000;0.000000;0.000000;2.000000;-32.221657;-669.373108;2048.601318;0.233285;0.000000;0.000000;0.000000;0.000000;2.000000;12.213219;-610.518555;2143.841553;0.091219;0.000000;0.000000;0.000000;0.000000;2.000000;-117.754395;-599.409485;2149.149902;0.108515;0.000000;0.000000;0.000000;0.000000;2.000000;-295.304993;-499.095490;1957.994629;0.094753;0.000000;0.000000;0.000000;0.000000;2.000000;-132.427582;-664.404907;1980.479858;0.109713;0.000000;0.000000;0.000000;0.000000;2.000000;-96.172798;-760.678711;1983.653076;0.324674;0.000000;0.000000;0.000000;0.000000;2.000000;-7.841827;-813.922791;2005.540649;0.400599;0.000000;0.000000;0.000000;0.000000;2.000000;-38.319538;-750.991333;2028.863281;0.053218;0.000000;0.000000;0.000000;0.000000;2.000000;89.135727;-143.305832;1985.749268;0.028471;0.000000;0.000000;0.000000;0.000000;2.000000;125.637268;-54.081635;1600.208984;0.044105;0.000000;0.000000;0.000000;0.000000;2.000000;115.353027;251.517761;1825.491577;0.010502;0.000000;0.000000;0.000000;0.000000;2.000000;111.838867;423.536194;1896.076538;0.011403;0.000000;0.000000;0.000000;0.000000;2.000000;-80.377609;-156.036407;2012.850708;0.025669;0.000000;0.000000;0.000000;0.000000;2.000000;-238.090439;-61.707520;1660.965088;0.108188;0.000000;0.000000;0.000000;0.000000;2.000000;-197.646240;254.454346;1874.753906;0.230133;0.000000;0.000000;0.000000;0.000000;2.000000;-182.018372;415.183777;1931.303223;0.392482;0.000000;0.000000;0.000000;0.000000;2.000000;42.244438;-725.260010;2117.714355;0.111038;0.000000;0.000000;0.000000;0.000000;2.000000;120.305313;-710.930969;1979.344604;0.181610;0.000000;0.000000;0.000000;0.000000;2.000000;132.719345;-754.876465;2010.998169;0.119193;0.000000;0.000000;0.000000;0.000000;2.000000;129.021317;-780.192993;2134.215332;0.208098;0.000000;0.000000;0.000000;0.000000;2.000000;89.078003;-751.532837;1983.104858;0.131614;0.000000;0.000000;0.000000;0.000000;2.000000;-14.584747;-785.856445;2053.762207;0.200756;0.000000;0.000000;0.000000;0.000000;2.000000;5532733440.000000
0.000000;-150.000000;2000.000000;0.000000;0.000000;0.000000;0.000000;0.000000;2.000000;24.125942;-307.876129;2076.416504;0.006660;0.000000;0.000000;0.000000;0.000000;2.000000;44.176525;-430.612457;2144.002930;0.005665;0.000000;0.000000;0.000000;0.000000;2.000000;45.420834;-645.852173;2134.466797;0.020766;0.000000;0.000000;0.000000;0.000000;2.000000;78.176804;-610.137939;2130.270996;0.018288;0.000000;0.000000;0.000000;0.000000;2.000000;210.749481;-607.607605;2079.833984;0.046577;0.000000;0.000000;0.000000;0.000000;2.000000;156.411285;-391.843170;1919.517944;0.276171;0.000000;0.000000;0.000000;0.000000;2.000000;33.513165;-568.415222;2001.358887;0.158495;0.000000;0.000000;0.000000;0.000000;2.000000;-8.929482;-636.187561;2053.678955;0.146218;0.000000;0.000000;0.000000;0.000000;2.000000;-43.075081;-729.299438;2094.460449;0.168508;0.000000;0.000000;0.000000;0.000000;2.000000;-36.472015;-660.846497;2044.830078;0.307888;0.000000;0.000000;0.000000;0.000000;2.000000;12.783978;-610.523804;2143.830078;0.017154;0.000000;0.000000;0.000000;0.000000;2.000000;-117.245941;-600.424622;2148.649414;0.037283;0.000000;0.000000;0.000000;0.000000;2.000000;-294.101715;-505.462341;1954.265625;0.224639;0.000000;0.000000;0.000000;0.000000;2.000000;-129.499512;-668.188110;1981.757568;0.148787;0.000000;0.000000;0.000000;0.000000;2.000000;-92.206711;-763.537109;1991.985718;0.290292;0.000000;0.000000;0.000000;0.000000;2.000000;-2.509819;-814.227173;2014.227783;0.306416;0.000000;0.000000;0.000000;0.000000;2.000000;-32.356865;-750.017334;2028.427246;0.182014;0.000000;0.000000;0.000000;0.000000;2.000000;89.123840;-143.208389;1985.893555;0.005244;0.000000;0.000000;0.000000;0.000000;2.000000;128.713593;-50.478210;1601.609863;0.148460;0.000000;0.000000;0.000000;0.000000;2.000000;116.052505;252.878113;1829.595215;0.131594;0.000000;0.000000;0.000000;0.000000;2.000000;111.794220;424.275879;1901.490601;0.164199;0.000000;0.000000;0.000000;0.000000;2.000000;-80.366898;-156.124283;2012.720459;0.004732;0.000000;0.000000;0.000000;0.000000;2.000000;-236.900757;-60.915588;1660.679321;0.043794;0.000000;0.000000;0.000000;0.000000;2.000000;-200.228638;255.030090;1875.260620;0.080946;0.000000;0.000000;0.000000;0.000000;2.000000;-188.392319;414.816589;1935.149414;0.223964;0.000000;0.000000;0.000000;0.000000;2.000000;43.180508;-725.177612;2117.910156;0.028842;0.000000;0.000000;0.000000;0.000000;2.000000;119.594742;-708.014038;1979.000000;0.090804;0.000000;0.000000;0.000000;0.000000;2.000000;132.907974;-752.185913;2009.935913;0.087103;0.000000;0.000000;0.000000;0.000000;2.000000;130.812836;-779.144775;2132.803711;0.075426;0.000000;0.000000;0.000000;0.000000;2.000000;88.954727;-749.061279;1982.540161;0.076269;0.000000;0.000000;0.000000;0.000000;2.000000;-13.483376;-785.668640;2053.763672;0.033572;0.000000;0.000000;0.000000;0.000000;2.000000;5532766720.000000
0.000000;-150.000000;2000.000000;0.000000;0.000000;0.000000;0.000000;0.000000;2.000000;23.352547;-307.402466;2075.792969;0.033071;0.000000;0.000000;0.000000;0.000000;2.000000;42.986343;-429.229797;2143.816895;0.055103;0.000000;0.000000;0.000000;0.000000;2.000000;45.362770;-643.577026;2136.457031;0.090846;0.000000;0.000000;0.000000;0.000000;2.000000;77.826660;-607.902222;2132.182617;0.089012;0.000000;0.000000;0.000000;0.000000;2.000000;209.975601;-607.842896;2082.362305;0.079764;0.000000;0.000000;0.000000;0.000000;2.000000;174.596634;-383.634674;1930.661987;0.686700;0.000000;0.000000;0.000000;0.000000;2.000000;34.886581;-553.669739;1994.489014;0.490540;0.000000;0.000000;0.000000;0.000000;2.000000;-0.696545;-624.294128;2047.366577;0.474228;0.000000;0.000000;0.000000;0.000000;2.000000;-34.141430;-719.241699;2082.894043;0.533089;0.000000;0.000000;0.000000;0.000000;2.000000;-30.158514;-646.366089;2044.085327;0.475194;0.000000;0.000000;0.000000;0.000000;2.000000;12.626106;-608.481201;2145.175049;0.073640;0.000000;0.000000;0.000000;0.000000;2.000000;-116.987206;-601.969604;2151.364258;0.094182;0.000000;0.000000;0.000000;0.000000;2.000000;-292.699158;-506.314148;1958.086548;0.124952;0.000000;0.000000;0.000000;0.000000;2.000000;-126.975822;-666.954590;1982.020264;0.084774;0.000000;0.000000;0.000000;0.000000;2.000000;-90.564148;-758.511047;2010.011597;0.564465;0.000000;0.000000;0.000000;0.000000;2.000000;4.128189;-803.036255;2002.200806;0.532409;0.000000;0.000000;0.000000;0.000000;2.000000;-26.990658;-741.709412;2045.426880;0.590967;0.000000;0.000000;0.000000;0.000000;2.000000;88.657776;-143.957306;1985.232788;0.033117;0.000000;0.000000;0.000000;0.000000;2.000000;131.144135;-54.960754;1602.218506;0.154306;0.000000;0.000000;0.000000;0.000000;2.000000;118.996582;250.287109;1824.809204;0.185926;0.000000;0.000000;0.000000;0.000000;2.000000;115.948761;421.875488;1894.109985;0.264518;0.000000;0.000000;0.000000;0.000000;2.000000;-79.946617;-155.448959;2013.316284;0.029863;0.000000;0.000000;0.000000;0.000000;2.000000;-235.861877;-59.086243;1663.325562;0.101580;0.000000;0.000000;0.000000;0.000000;2.000000;-194.108521;258.120728;1871.960571;0.228638;0.000000;0.000000;0.000000;0.000000;2.000000;-177.713409;418.184326;1927.702026;0.404082;0.000000;0.000000;0.000000;0.000000;2.000000;43.654045;-722.715210;2120.741211;0.113638;0.000000;0.000000;0.000000;0.000000;2.000000;118.959839;-708.736206;1981.688843;0.085806;0.000000;0.000000;0.000000;0.000000;2.000000;131.302628;-752.807922;2012.722900;0.098434;0.000000;0.000000;0.000000;0.000000;2.000000;129.556107;-778.632446;2135.261963;0.084375;0.000000;0.000000;0.000000;0.000000;2.000000;87.412003;-748.742065;1985.794678;0.108647;0.000000;0.000000;0.000000;0.000000;2.000000;-14.885876;-781.900391;2057.840332;0.172052;0.000000;0.000000;0.000000;0.000000;2.000000;5532800000.000000
