posX0;posY0;posZ0;posVel0;rotX0;rotY0;rotZ0;rotVel0;confidence0;posX1;posY1;posZ1;posVel1;rotX1;rotY1;rotZ1;rotVel1;confidence1;posX2;posY2;posZ2;posVel2;rotX2;rotY2;rotZ2;rotVel2;confidence2;posX3;posY3;posZ3;posVel3;rotX3;rotY3;rotZ3;rotVel3;confidence3;posX4;posY4;posZ4;posVel4;rotX4;rotY4;rotZ4;rotVel4;confidence4;posX5;posY5;posZ5;posVel5;rotX5;rotY5;rotZ5;rotVel5;confidence5;posX6;posY6;posZ6;posVel6;rotX6;rotY6;rotZ6;rotVel6;confidence6;posX7;posY7;posZ7;posVel7;rotX7;rotY7;rotZ7;rotVel7;confidence7;posX8;posY8;posZ8;posVel8;rotX8;rotY8;rotZ8;rotVel8;confidence8;posX9;posY9;posZ9;posVel9;rotX9;rotY9;rotZ9;rotVel9;confidence9;posX10;posY10;posZ10;posVel10;rotX10;rotY10;rotZ10;rotVel10;confidence10;posX11;posY11;posZ11;posVel11;rotX11;rotY11;rotZ11;rotVel11;confidence11;posX12;posY12;posZ12;posVel12;rotX12;rotY12;rotZ12;rotVel12;confidence12;posX13;posY13;posZ13;posVel13;rotX13;rotY13;rotZ13;rotVel13;confidence13;posX14;posY14;posZ14;posVel14;rotX14;rotY14;rotZ14;rotVel14;confidence14;posX15;posY15;posZ15;posVel15;rotX15;rotY15;rotZ15;rotVel15;confidence15;posX16;posY16;posZ16;posVel16;rotX16;rotY16;rotZ16;rotVel16;confidence16;posX17;posY17;posZ17;posVel17;rotX17;rotY17;rotZ17;rotVel17;confidence17;posX18;posY18;posZ18;posVel18;rotX18;rotY18;rotZ18;rotVel18;confidence18;posX19;posY19;posZ19;posVel19;rotX19;rotY19;rotZ19;rotVel19;confidence19;posX20;posY20;posZ20;posVel20;rotX20;rotY20;rotZ20;rotVel20;confidence20;posX21;posY21;posZ21;posVel21;rotX21;rotY21;rotZ21;rotVel21;confidence21;posX22;posY22;posZ22;posVel22;rotX22;rotY22;rotZ22;rotVel22;confidence22;posX23;posY23;posZ23;posVel23;rotX23;rotY23;rotZ23;rotVel23;confidence23;posX24;posY24;posZ24;posVel24;rotX24;rotY24;rotZ24;rotVel24;confidence24;posX25;posY25;posZ25;posVel25;rotX25;rotY25;rotZ25;rotVel25;confidence25;posX26;posY26;posZ26;posVel26;rotX26;rotY26;rotZ26;rotVel26;confidence26;posX27;posY27;posZ27;posVel27;rotX27;rotY27;rotZ27;rotVel27;confidence27;posX28;posY28;posZ28;posVel28;rotX28;rotY28;rotZ28;rotVel28;confidence28;posX29;posY29;posZ29;posVel29;rotX29;rotY29;rotZ29;rotVel29;confidence29;posX30;posY30;posZ30;posVel30;rotX30;rotY30;rotZ30;rotVel30;confidence30;posX31;posY31;posZ31;posVel31;rotX31;rotY31;rotZ31;rotVel31;confidence31;TimeStamp
0.000000;-150.000000;2000.000000;0.000000;0.000000;0.000000;0.000000;0.000000;2.000000;-19.084629;-299.831360;2090.829102;0.000000;0.000000;0.000000;0.000000;0.000000;2.000000;-34.306072;-418.603882;2165.091309;0.000000;0.000000;0.000000;0.000000;0.000000;2.000000;-69.672783;-625.926697;2207.142090;0.000000;0.000000;0.000000;0.000000;0.000000;2.000000;-31.794018;-598.638367;2194.286621;0.000000;0.000000;0.000000;0.000000;0.000000;2.000000;96.135559;-605.199097;2134.829102;0.000000;0.000000;0.000000;0.000000;0.000000;2.000000;39.443653;-423.609253;1939.020752;0.000000;0.000000;0.000000;0.000000;0.000000;2.000000;-175.436371;-414.010010;1860.052002;0.000000;0.000000;0.000000;0.000000;0.000000;2.000000;-270.401154;-410.407227;1855.787964;0.000000;0.000000;0.000000;0.000000;0.000000;2.000000;-311.011078;-361.837341;1941.735229;0.000000;0.000000;0.000000;0.000000;0.000000;2.000000;-293.978058;-388.778381;1836.499878;0.000000;0.000000;0.000000;0.000000;0.000000;2.000000;-95.257370;-584.407471;2208.065918;0.000000;0.000000;0.000000;0.000000;0.000000;2.000000;-217.224701;-539.883423;2203.493164;0.000000;0.000000;0.000000;0.000000;0.000000;2.000000;-334.389648;-289.480621;2234.269531;0.000000;0.000000;0.000000;0.000000;0.000000;2.000000;-218.204498;-258.162048;2035.877441;0.000000;0.000000;0.000000;0.000000;0.000000;2.000000;-180.025269;-210.116409;1953.869873;0.000000;0.000000;0.000000;0.000000;0.000000;2.000000;-79.838760;-207.053665;1922.841187;0.000000;0.000000;0.000000;0.000000;0.000000;2.000000;-99.687271;-253.236115;1971.324341;0.000000;0.000000;0.000000;0.000000;0.000000;2.000000;89.535507;-159.174240;2003.679077;0.000000;0.000000;0.000000;0.000000;0.000000;2.000000;330.934357;-71.651703;1702.875732;0.000000;0.000000;0.000000;0.000000;0.000000;2.000000;183.827850;210.570007;1906.769653;0.000000;0.000000;0.000000;0.000000;0.000000;2.000000;194.868042;383.317200;1841.279663;0.000000;0.000000;0.000000;0.000000;0.000000;2.000000;-80.738106;-141.727188;1996.682373;0.000000;0.000000;0.000000;0.000000;0.000000;2.000000;-197.696136;-76.949524;1624.923950;0.000000;0.000000;0.000000;0.000000;0.000000;2.000000;-137.355804;258.925537;1796.477295;0.000000;0.000000;0.000000;0.000000;0.000000;2.000000;-150.913605;392.193665;1691.356689;0.000000;0.000000;0.000000;0.000000;0.000000;2.000000;-86.008804;-704.901428;2210.058594;0.000000;0.000000;0.000000;0.000000;0.000000;2.000000;-44.906960;-720.345093;2057.505371;0.000000;0.000000;0.000000;0.000000;0.000000;2.000000;-29.088848;-760.507813;2092.064453;0.000000;0.000000;0.000000;0.000000;0.000000;2.000000;-3.807177;-767.664124;2214.516113;0.000000;0.000000;0.000000;0.000000;0.000000;2.000000;-77.643463;-755.377075;2075.211914;0.000000;0.000000;0.000000;0.000000;0.000000;2.000000;-162.262054;-765.487183;2172.635498;0.000000;0.000000;0.000000;0.000000;0.000000;2.000000;6710633472.000000
0.000000;-149.999985;2000.000000;0.000000;0.000000;0.000000;0.000000;0.000000;2.000000;-18.156044;-299.837372;2094.902832;0.125548;0.000000;0.000000;0.000000;0.000000;2.000000;-32.620651;-421.283386;2168.099121;0.131208;0.000000;0.000000;0.000000;0.000000;2.000000;-65.245613;-631.153687;2212.414307;0.259733;0.000000;0.000000;0.000000;0.000000;2.000000;-27.180603;-602.943298;2199.980957;0.255394;0.000000;0.000000;0.000000;0.000000;2.000000;102.745377;-606.997742;2140.720703;0.271492;0.000000;0.000000;0.000000;0.000000;2.000000;53.824738;-421.949158;1941.647705;0.442097;0.000000;0.000000;0.000000;0.000000;2.000000;-164.962006;-449.889893;1870.397095;1.165346;0.000000;0.000000;0.000000;0.000000;2.000000;-253.986649;-486.413696;1871.372559;2.382966;0.000000;0.000000;0.000000;0.000000;2.000000;-298.256042;-432.238495;1953.627808;2.179355;0.000000;0.000000;0.000000;0.000000;2.000000;-284.669922;-470.620605;1848.272827;2.500208;0.000000;0.000000;0.000000;0.000000;2.000000;-91.969627;-589.674866;2212.200195;0.224149;0.000000;0.000000;0.000000;0.000000;2.000000;-215.587677;-546.401367;2201.308838;0.212333;0.000000;0.000000;0.000000;0.000000;2.000000;-330.547363;-291.837219;2235.378174;0.139476;0.000000;0.000000;0.000000;0.000000;2.000000;-209.475220;-256.672363;2037.391357;0.269950;0.000000;0.000000;0.000000;0.000000;2.000000;-173.565155;-215.562073;1949.322388;0.288317;0.000000;0.000000;0.000000;0.000000;2.000000;-69.631325;-209.362503;1928.698120;0.360359;0.000000;0.000000;0.000000;0.000000;2.000000;-89.934258;-245.400665;1972.059570;0.376569;0.000000;0.000000;0.000000;0.000000;2.000000;90.639091;-157.110458;2006.114014;0.101481;0.000000;0.000000;0.000000;0.000000;2.000000;341.918701;-75.221252;1705.758057;0.357692;0.000000;0.000000;0.000000;0.000000;2.000000;181.553223;205.901428;1909.336060;0.174061;0.000000;0.000000;0.000000;0.000000;2.000000;205.386246;384.104736;1857.123779;0.571932;0.000000;0.000000;0.000000;0.000000;2.000000;-81.733253;-143.588150;1994.486816;0.091506;0.000000;0.000000;0.000000;0.000000;2.000000;-189.767670;-73.977448;1616.069702;0.368125;0.000000;0.000000;0.000000;0.000000;2.000000;-134.934937;262.335571;1798.195557;0.135854;0.000000;0.000000;0.000000;0.000000;2.000000;-146.702774;397.039734;1691.488281;0.192947;0.000000;0.000000;0.000000;0.000000;2.000000;-80.249245;-711.318054;2215.976807;0.314244;0.000000;0.000000;0.000000;0.000000;2.000000;-39.885117;-714.558655;2060.581055;0.248077;0.000000;0.000000;0.000000;0.000000;2.000000;-23.137024;-757.568359;2092.180176;0.199493;0.000000;0.000000;0.000000;0.000000;2.000000;3.618458;-774.015015;2214.915527;0.293847;0.000000;0.000000;0.000000;0.000000;2.000000;-72.457191;-751.643188;2075.979492;0.193404;0.000000;0.000000;0.000000;0.000000;2.000000;-157.058090;-770.389404;2174.140381;0.219531;0.000000;0.000000;0.000000;0.000000;2.000000;6710666752.000000
0.000000;-149.999985;2000.000000;0.000000;0.000000;0.000000;0.000000;0.000000;2.000000;-19.628338;-301.930420;2089.387207;0.182703;0.000000;0.000000;0.000000;0.000000;2.000000;-35.344322;-424.973297;2158.083008;0.331015;0.000000;0.000000;0.000000;0.000000;2.000000;-62.582207;-632.984375;2208.833984;0.144930;0.000000;0.000000;0.000000;0.000000;2.000000;-25.647892;-604.626831;2194.473633;0.179068;0.000000;0.000000;0.000000;0.000000;2.000000;106.904900;-612.403503;2143.809570;0.224990;0.000000;0.000000;0.000000;0.000000;2.000000;65.231224;-433.204224;1939.781860;0.484758;0.000000;0.000000;0.000000;0.000000;2.000000;-146.292297;-500.159790;1876.986206;1.623441;0.000000;0.000000;0.000000;0.000000;2.000000;-241.704315;-506.862335;1872.980835;0.718387;0.000000;0.000000;0.000000;0.000000;2.000000;-286.265594;-517.646118;1970.129639;2.638513;0.000000;0.000000;0.000000;0.000000;2.000000;-271.026031;-493.379089;1859.624146;0.867217;0.000000;0.000000;0.000000;0.000000;2.000000;-89.900719;-592.204651;2208.380371;0.151053;0.000000;0.000000;0.000000;0.000000;2.000000;-212.858948;-547.829712;2210.804199;0.299951;0.000000;0.000000;0.000000;0.000000;2.000000;-321.955902;-290.146271;2218.309570;0.576430;0.000000;0.000000;0.000000;0.000000;2.000000;-184.275299;-248.075073;2034.469360;0.804866;0.000000;0.000000;0.000000;0.000000;2.000000;-146.885483;-207.873383;1947.231812;0.836660;0.000000;0.000000;0.000000;0.000000;2.000000;-47.224274;-215.594910;1913.211792;0.839598;0.000000;0.000000;0.000000;0.000000;2.000000;-67.951096;-252.669708;1966.865112;0.713021;0.000000;0.000000;0.000000;0.000000;2.000000;90.089424;-159.053284;2004.394775;0.079684;0.000000;0.000000;0.000000;0.000000;2.000000;337.969666;-74.723175;1704.650146;0.124148;0.000000;0.000000;0.000000;0.000000;2.000000;190.689560;208.947998;1910.844360;0.292917;0.000000;0.000000;0.000000;0.000000;2.000000;214.641815;376.748779;1833.664673;0.789359;0.000000;0.000000;0.000000;0.000000;2.000000;-81.237595;-141.836243;1996.037109;0.071854;0.000000;0.000000;0.000000;0.000000;2.000000;-189.709793;-74.934479;1619.446777;0.105485;0.000000;0.000000;0.000000;0.000000;2.000000;-131.906128;258.753418;1801.237549;0.167999;0.000000;0.000000;0.000000;0.000000;2.000000;-143.571503;389.701721;1691.331543;0.239775;0.000000;0.000000;0.000000;0.000000;2.000000;-75.943764;-712.848633;2215.019531;0.140284;0.000000;0.000000;0.000000;0.000000;2.000000;-40.159668;-718.816650;2059.441895;0.132701;0.000000;0.000000;0.000000;0.000000;2.000000;-23.655361;-761.625854;2090.928467;0.128537;0.000000;0.000000;0.000000;0.000000;2.000000;5.926575;-777.213745;2212.443848;0.139872;0.000000;0.000000;0.000000;0.000000;2.000000;-72.992241;-754.740967;2076.087891;0.094517;0.000000;0.000000;0.000000;0.000000;2.000000;-154.844223;-770.237000;2176.222168;0.091429;0.000000;0.000000;0.000000;0.000000;2.000000;6710700032.000000
0.000000;-150.000000;2000.000000;0.000000;0.000000;0.000000;0.000000;0.000000;2.000000;-18.555553;-301.001740;2092.701660;0.108335;0.000000;0.000000;0.000000;0.000000;2.000000;-33.252224;-424.655640;2161.833008;0.129382;0.000000;0.000000;0.000000;0.000000;2.000000;-62.308804;-634.388794;2208.420654;0.044750;0.000000;0.000000;0.000000;0.000000;2.000000;-24.936275;-605.873657;2194.785645;0.044144;0.000000;0.000000;0.000000;0.000000;2.000000;107.911530;-616.535767;2143.639404;0.127900;0.000000;0.000000;0.000000;0.000000;2.000000;67.407707;-430.042297;1944.313477;0.178452;0.000000;0.000000;0.000000;0.000000;2.000000;-136.227966;-526.713074;1891.104614;0.952906;0.000000;0.000000;0.000000;0.000000;2.000000;-218.536285;-576.251953;1886.910156;2.237664;0.000000;0.000000;0.000000;0.000000;2.000000;-282.363373;-586.974304;1973.247803;2.088579;0.000000;0.000000;0.000000;0.000000;2.000000;-255.033768;-552.950012;1877.787231;1.932057;0.000000;0.000000;0.000000;0.000000;2.000000;-89.470535;-593.239990;2208.637695;0.034564;0.000000;0.000000;0.000000;0.000000;2.000000;-212.363861;-547.090271;2204.894531;0.179576;0.000000;0.000000;0.000000;0.000000;2.000000;-315.242828;-286.201904;2225.217773;0.312770;0.000000;0.000000;0.000000;0.000000;2.000000;-177.590683;-249.752869;2038.847168;0.245337;0.000000;0.000000;0.000000;0.000000;2.000000;-145.751587;-204.412872;1951.382202;0.165909;0.000000;0.000000;0.000000;0.000000;2.000000;-41.844006;-212.524078;1931.723755;0.586569;0.000000;0.000000;0.000000;0.000000;2.000000;-60.526310;-250.814972;1965.314819;0.234627;0.000000;0.000000;0.000000;0.000000;2.000000;90.537376;-157.041382;2006.652588;0.091861;0.000000;0.000000;0.000000;0.000000;2.000000;344.222137;-69.383881;1710.376343;0.301067;0.000000;0.000000;0.000000;0.000000;2.000000;196.619202;210.554626;1924.428345;0.447975;0.000000;0.000000;0.000000;0.000000;2.000000;211.481522;372.488647;1831.939819;0.167601;0.000000;0.000000;0.000000;0.000000;2.000000;-81.641541;-143.650467;1994.001099;0.082836;0.000000;0.000000;0.000000;0.000000;2.000000;-184.741516;-83.122986;1612.973145;0.347368;0.000000;0.000000;0.000000;0.000000;2.000000;-127.636475;254.552490;1791.219604;0.350723;0.000000;0.000000;0.000000;0.000000;2.000000;-141.309570;390.620178;1686.701538;0.157278;0.000000;0.000000;0.000000;0.000000;2.000000;-76.303909;-714.624939;2212.934570;0.083011;0.000000;0.000000;0.000000;0.000000;2.000000;-29.000629;-714.514587;2059.601563;0.359395;0.000000;0.000000;0.000000;0.000000;2.000000;-14.091423;-758.403992;2090.835449;0.303259;0.000000;0.000000;0.000000;0.000000;2.000000;6.910128;-778.054443;2214.119141;0.063605;0.000000;0.000000;0.000000;0.000000;2.000000;-62.535839;-751.608643;2072.589844;0.344420;0.000000;0.000000;0.000000;0.000000;2.000000;-151.594543;-771.866211;2166.273438;0.318271;0.000000;0.000000;0.000000;0.000000;2.000000;6710733312.000000
0.000000;-149.999985;2000.000000;0.000000;0.000000;0.000000;0.000000;0.000000;2.000000;-16.402096;-303.153900;2087.583984;0.178931;0.000000;0.000000;0.000000;0.000000;2.000000;-29.513405;-425.226929;2158.239990;0.156755;0.000000;0.000000;0.000000;0.000000;2.000000;-58.973778;-633.796082;2204.340332;0.159348;0.000000;0.000000;0.000000;0.000000;2.000000;-21.698456;-605.494751;2190.946289;0.151341;0.000000;0.000000;0.000000;0.000000;2.000000;110.899017;-622.194824;2143.021973;0.193177;0.000000;0.000000;0.000000;0.000000;2.000000;76.672852;-447.302246;1934.290771;0.661197;0.000000;0.000000;0.000000;0.000000;2.000000;-130.620651;-540.660583;1897.178833;0.487179;0.000000;0.000000;0.000000;0.000000;2.000000;-211.491119;-591.712463;1897.059204;0.594667;0.000000;0.000000;0.000000;0.000000;2.000000;-284.869629;-640.708618;1958.150024;1.678825;0.000000;0.000000;0.000000;0.000000;2.000000;-245.194641;-590.870239;1886.900635;1.208592;0.000000;0.000000;0.000000;0.000000;2.000000;-85.915520;-592.822144;2204.469727;0.165086;0.000000;0.000000;0.000000;0.000000;2.000000;-209.096298;-549.625000;2199.938965;0.193943;0.000000;0.000000;0.000000;0.000000;2.000000;-312.478973;-290.569702;2220.114746;0.218252;0.000000;0.000000;0.000000;0.000000;2.000000;-176.340302;-216.903992;2045.600464;1.008389;0.000000;0.000000;0.000000;0.000000;2.000000;-135.194473;-205.205322;1951.932129;0.318542;0.000000;0.000000;0.000000;0.000000;2.000000;-33.054916;-212.140594;1926.500488;0.307428;0.000000;0.000000;0.000000;0.000000;2.000000;-66.641914;-249.265106;1965.527954;0.189680;0.000000;0.000000;0.000000;0.000000;2.000000;90.171371;-157.350449;2004.033203;0.080013;0.000000;0.000000;0.000000;0.000000;2.000000;339.171051;-80.401062;1703.752319;0.415022;0.000000;0.000000;0.000000;0.000000;2.000000;186.021835;202.168884;1906.461426;0.675537;0.000000;0.000000;0.000000;0.000000;2.000000;209.259781;372.039734;1834.191162;0.095995;0.000000;0.000000;0.000000;0.000000;2.000000;-81.311493;-143.371750;1996.363037;0.072149;0.000000;0.000000;0.000000;0.000000;2.000000;-189.237961;-84.089081;1618.754883;0.221990;0.000000;0.000000;0.000000;0.000000;2.000000;-129.648895;254.522095;1789.742920;0.075008;0.000000;0.000000;0.000000;0.000000;2.000000;-142.821014;391.171814;1687.477295;0.053672;0.000000;0.000000;0.000000;0.000000;2.000000;-73.053986;-713.574463;2208.729004;0.162794;0.000000;0.000000;0.000000;0.000000;2.000000;-28.534039;-712.017273;2055.478516;0.145520;0.000000;0.000000;0.000000;0.000000;2.000000;-16.288506;-757.524414;2084.965088;0.190188;0.000000;0.000000;0.000000;0.000000;2.000000;5.127571;-782.231262;2206.553223;0.265150;0.000000;0.000000;0.000000;0.000000;2.000000;-64.164513;-746.898987;2067.893555;0.205755;0.000000;0.000000;0.000000;0.000000;2.000000;-152.440948;-763.741699;2162.004395;0.276946;0.000000;0.000000;0.000000;0.000000;2.000000;6710766592.000000
0.000000;-150.000000;2000.000000;0.000000;0.000000;0.000000;0.000000;0.000000;2.000000;-18.981827;-303.648804;2087.539795;0.078941;0.000000;0.000000;0.000000;0.000000;2.000000;-34.144115;-428.129639;2154.554932;0.198064;0.000000;0.000000;0.000000;0.000000;2.000000;-73.125717;-636.833313;2196.579102;0.493501;0.000000;0.000000;0.000000;0.000000;2.000000;-34.304607;-609.747253;2184.460938;0.444730;0.000000;0.000000;0.000000;0.000000;2.000000;101.374619;-625.097656;2143.664307;0.299809;0.000000;0.000000;0.000000;0.000000;2.000000;76.227875;-447.465973;1934.602661;0.017053;0.000000;0.000000;0.000000;0.000000;2.000000;-119.832840;-565.285400;1900.835693;0.815256;0.000000;0.000000;0.000000;0.000000;2.000000;-194.803528;-617.606934;1930.106201;1.357529;0.000000;0.000000;0.000000;0.000000;2.000000;-258.112701;-685.804749;1984.368896;1.761603;0.000000;0.000000;0.000000;0.000000;2.000000;-220.466614;-645.886963;1876.579956;1.838793;0.000000;0.000000;0.000000;0.000000;2.000000;-98.496674;-594.654785;2196.805420;0.446075;0.000000;0.000000;0.000000;0.000000;2.000000;-221.195435;-548.483032;2197.847412;0.370540;0.000000;0.000000;0.000000;0.000000;2.000000;-309.256470;-283.180481;2223.356445;0.261079;0.000000;0.000000;0.000000;0.000000;2.000000;-175.033417;-212.604797;2044.956055;0.136401;0.000000;0.000000;0.000000;0.000000;2.000000;-136.461044;-203.378113;1949.509155;0.098811;0.000000;0.000000;0.000000;0.000000;2.000000;-32.719143;-212.777328;1930.534424;0.123127;0.000000;0.000000;0.000000;0.000000;2.000000;-67.181717;-244.778198;1962.359375;0.165847;0.000000;0.000000;0.000000;0.000000;2.000000;90.379654;-158.316864;2004.999878;0.041547;0.000000;0.000000;0.000000;0.000000;2.000000;339.655304;-78.906128;1703.617432;0.047391;0.000000;0.000000;0.000000;0.000000;2.000000;183.800125;203.566528;1907.068115;0.080949;0.000000;0.000000;0.000000;0.000000;2.000000;214.652557;370.455139;1829.126343;0.227346;0.000000;0.000000;0.000000;0.000000;2.000000;-81.499298;-142.500320;1995.491455;0.037462;0.000000;0.000000;0.000000;0.000000;2.000000;-187.953598;-73.215393;1617.602539;0.330822;0.000000;0.000000;0.000000;0.000000;2.000000;-134.905411;261.580933;1801.036011;0.430215;0.000000;0.000000;0.000000;0.000000;2.000000;-140.703247;386.144653;1682.820679;0.215513;0.000000;0.000000;0.000000;0.000000;2.000000;-90.549286;-716.334534;2199.300781;0.602908;0.000000;0.000000;0.000000;0.000000;2.000000;-21.432156;-703.637939;2055.347168;0.330074;0.000000;0.000000;0.000000;0.000000;2.000000;-5.671169;-746.473999;2087.443115;0.466452;0.000000;0.000000;0.000000;0.000000;2.000000;-0.900249;-768.477173;2211.800293;0.477983;0.000000;0.000000;0.000000;0.000000;2.000000;-51.237583;-745.174316;2062.171143;0.427936;0.000000;0.000000;0.000000;0.000000;2.000000;-149.622253;-780.600952;2140.437500;0.826901;0.000000;0.000000;0.000000;0.000000;2.000000;6710799872.000000
0.000000;-150.000000;2000.000000;0.000000;0.000000;0.000000;0.000000;0.000000;2.000000;-18.757591;-301.461060;2087.537354;0.066082;0.000000;0.000000;0.000000;0.000000;2.000000;-33.760624;-422.285919;2157.967041;0.203660;0.000000;0.000000;0.000000;0.000000;2.000000;-76.853180;-628.384888;2196.791504;0.277542;0.000000;0.000000;0.000000;0.000000;2.000000;-37.985699;-602.363403;2184.595947;0.247947;0.000000;0.000000;0.000000;0.000000;2.000000;96.072693;-629.472229;2150.419922;0.289595;0.000000;0.000000;0.000000;0.000000;2.000000;71.829575;-462.592590;1936.334106;0.476200;0.000000;0.000000;0.000000;0.000000;2.000000;-119.948257;-585.500977;1915.526245;0.750898;0.000000;0.000000;0.000000;0.000000;2.000000;-172.648666;-661.587524;1936.771484;1.493228;0.000000;0.000000;0.000000;0.000000;2.000000;-246.309967;-735.129272;1959.595459;1.696037;0.000000;0.000000;0.000000;0.000000;2.000000;-208.850006;-678.424500;1915.244019;1.558029;0.000000;0.000000;0.000000;0.000000;2.000000;-100.878296;-586.053284;2198.125488;0.271100;0.000000;0.000000;0.000000;0.000000;2.000000;-223.844376;-547.181641;2211.861816;0.430343;0.000000;0.000000;0.000000;0.000000;2.000000;-309.285309;-283.589813;2229.895508;0.196873;0.000000;0.000000;0.000000;0.000000;2.000000;-177.159576;-220.351471;2050.466309;0.292710;0.000000;0.000000;0.000000;0.000000;2.000000;-132.543152;-209.336121;1959.128296;0.359794;0.000000;0.000000;0.000000;0.000000;2.000000;-34.332203;-217.481781;1923.641846;0.255394;0.000000;0.000000;0.000000;0.000000;2.000000;-71.826065;-241.148468;1970.203735;0.294837;0.000000;0.000000;0.000000;0.000000;2.000000;89.400360;-157.657745;2005.907104;0.044735;0.000000;0.000000;0.000000;0.000000;2.000000;339.643555;-71.759247;1712.872070;0.351352;0.000000;0.000000;0.000000;0.000000;2.000000;189.499588;206.724335;1918.460693;0.394359;0.000000;0.000000;0.000000;0.000000;2.000000;214.976425;365.110626;1826.822998;0.175142;0.000000;0.000000;0.000000;0.000000;2.000000;-80.616241;-143.094696;1994.673340;0.040340;0.000000;0.000000;0.000000;0.000000;2.000000;-185.181473;-78.053833;1620.013428;0.182547;0.000000;0.000000;0.000000;0.000000;2.000000;-136.527985;254.350189;1800.330566;0.223680;0.000000;0.000000;0.000000;0.000000;2.000000;-146.567810;383.058868;1689.757080;0.288256;0.000000;0.000000;0.000000;0.000000;2.000000;-96.031052;-706.608765;2198.483887;0.336361;0.000000;0.000000;0.000000;0.000000;2.000000;-11.651859;-712.485107;2064.476807;0.481967;0.000000;0.000000;0.000000;0.000000;2.000000;-9.011322;-756.394165;2097.822266;0.442935;0.000000;0.000000;0.000000;0.000000;2.000000;-22.318871;-775.558289;2220.645996;0.728098;0.000000;0.000000;0.000000;0.000000;1.000000;-49.809803;-746.173279;2067.996582;0.182707;0.000000;0.000000;0.000000;0.000000;2.000000;-160.131897;-757.734985;2134.259277;0.778631;0.000000;0.000000;0.000000;0.000000;2.000000;6710833152.000000
0.000000;-150.000000;2000.000000;0.000000;0.000000;0.000000;0.000000;0.000000;2.000000;-18.901745;-299.602631;2088.504639;0.063102;0.000000;0.000000;0.000000;0.000000;2.000000;-34.039406;-418.454956;2160.502930;0.138302;0.000000;0.000000;0.000000;0.000000;2.000000;-73.270073;-623.845459;2199.854004;0.196635;0.000000;0.000000;0.000000;0.000000;2.000000;-35.068077;-597.333740;2187.799805;0.199486;0.000000;0.000000;0.000000;0.000000;2.000000;99.244003;-623.502319;2157.739258;0.299382;0.000000;0.000000;0.000000;0.000000;2.000000;74.493034;-469.272095;1936.495361;0.216129;0.000000;0.000000;0.000000;0.000000;2.000000;-111.984802;-599.183899;1932.195679;0.690785;0.000000;0.000000;0.000000;0.000000;2.000000;-168.252930;-672.957092;1949.442627;0.528323;0.000000;0.000000;0.000000;0.000000;2.000000;-236.849472;-750.604248;1971.350708;0.649457;0.000000;0.000000;0.000000;0.000000;2.000000;-203.730911;-687.658875;1931.554199;0.583816;0.000000;0.000000;0.000000;0.000000;2.000000;-97.923981;-582.219360;2200.862061;0.167073;0.000000;0.000000;0.000000;0.000000;2.000000;-220.709549;-544.715515;2212.219238;0.120330;0.000000;0.000000;0.000000;0.000000;2.000000;-307.172852;-283.944031;2238.149902;0.256243;0.000000;0.000000;0.000000;0.000000;2.000000;-174.317154;-214.419220;2063.502930;0.438768;0.000000;0.000000;0.000000;0.000000;2.000000;-133.282639;-207.784927;1970.781860;0.353954;0.000000;0.000000;0.000000;0.000000;2.000000;-34.595383;-209.220215;1937.709473;0.490273;0.000000;0.000000;0.000000;0.000000;2.000000;-76.527115;-237.533234;1974.885498;0.227034;0.000000;0.000000;0.000000;0.000000;2.000000;88.822998;-157.447205;2006.381470;0.023327;0.000000;0.000000;0.000000;0.000000;2.000000;346.391846;-77.053345;1721.543945;0.366498;0.000000;0.000000;0.000000;0.000000;2.000000;193.009506;200.115295;1922.166504;0.250918;0.000000;0.000000;0.000000;0.000000;2.000000;211.038147;362.384766;1838.183472;0.370458;0.000000;0.000000;0.000000;0.000000;2.000000;-80.095596;-143.284546;1994.245483;0.021037;0.000000;0.000000;0.000000;0.000000;2.000000;-186.056320;-83.810394;1621.631470;0.181589;0.000000;0.000000;0.000000;0.000000;2.000000;-132.273804;247.323853;1797.782104;0.258417;0.000000;0.000000;0.000000;0.000000;2.000000;-146.386505;383.009521;1698.156494;0.252449;0.000000;0.000000;0.000000;0.000000;2.000000;-90.899712;-701.912842;2201.813965;0.231725;0.000000;0.000000;0.000000;0.000000;2.000000;-10.163532;-712.745850;2067.035156;0.089280;0.000000;0.000000;0.000000;0.000000;2.000000;-7.600132;-755.560669;2101.232422;0.113689;0.000000;0.000000;0.000000;0.000000;2.000000;-18.440834;-771.220093;2224.006592;0.201910;0.000000;0.000000;0.000000;0.000000;1.000000;-48.604118;-745.400879;2072.231201;0.134320;0.000000;0.000000;0.000000;0.000000;2.000000;-156.933441;-753.125366;2140.740234;0.257576;0.000000;0.000000;0.000000;0.000000;2.000000;6710866432.000000
0.000000;-150.000000;2000.000000;0.000000;0.000000;0.000000;0.000000;0.000000;2.000000;-18.904274;-302.300751;2088.169189;0.080460;0.000000;0.000000;0.000000;0.000000;2.000000;-34.024231;-423.289551;2159.965332;0.143952;0.000000;0.000000;0.000000;0.000000;2.000000;-76.934235;-631.093628;2196.946289;0.255283;0.000000;0.000000;0.000000;0.000000;2.000000;-37.707386;-604.590088;2185.837891;0.235759;0.000000;0.000000;0.000000;0.000000;2.000000;99.869858;-629.725159;2162.303223;0.229120;0.000000;0.000000;0.000000;0.000000;2.000000;71.433495;-483.345520;1932.248657;0.444342;0.000000;0.000000;0.000000;0.000000;2.000000;-108.859879;-626.312866;1933.199585;0.808677;0.000000;0.000000;0.000000;0.000000;2.000000;-160.204636;-700.878967;1963.690796;0.957736;0.000000;0.000000;0.000000;0.000000;2.000000;-218.679138;-786.341919;1991.411743;1.326665;0.000000;0.000000;0.000000;0.000000;2.000000;-195.408356;-712.168091;1943.959717;0.849403;0.000000;0.000000;0.000000;0.000000;2.000000;-101.430069;-588.683838;2197.830566;0.235392;0.000000;0.000000;0.000000;0.000000;2.000000;-224.456711;-546.940674;2209.840332;0.146930;0.000000;0.000000;0.000000;0.000000;2.000000;-313.601807;-283.928101;2239.993164;0.197917;0.000000;0.000000;0.000000;0.000000;2.000000;-179.593979;-219.959229;2060.423828;0.244060;0.000000;0.000000;0.000000;0.000000;2.000000;-141.685440;-212.331650;1965.109131;0.328813;0.000000;0.000000;0.000000;0.000000;2.000000;-40.429256;-211.309158;1935.973755;0.190433;0.000000;0.000000;0.000000;0.000000;2.000000;-84.911865;-237.676453;1966.278809;0.355606;0.000000;0.000000;0.000000;0.000000;2.000000;89.941429;-158.127914;2005.244385;0.051318;0.000000;0.000000;0.000000;0.000000;2.000000;348.835205;-82.094696;1713.810303;0.282599;0.000000;0.000000;0.000000;0.000000;2.000000;184.004578;195.633301;1913.234497;0.398084;0.000000;0.000000;0.000000;0.000000;2.000000;213.589493;365.019043;1842.695801;0.172071;0.000000;0.000000;0.000000;0.000000;2.000000;-81.104141;-142.670700;1995.270996;0.046279;0.000000;0.000000;0.000000;0.000000;2.000000;-194.720551;-88.785858;1618.987549;0.305845;0.000000;0.000000;0.000000;0.000000;2.000000;-137.381287;245.261780;1798.552246;0.164584;0.000000;0.000000;0.000000;0.000000;2.000000;-150.625000;379.596741;1693.581665;0.210382;0.000000;0.000000;0.000000;0.000000;2.000000;-95.709732;-709.924438;2197.790283;0.301080;0.000000;0.000000;0.000000;0.000000;2.000000;-8.090523;-716.068787;2064.752930;0.134143;0.000000;0.000000;0.000000;0.000000;2.000000;-8.186005;-761.197327;2097.108398;0.207409;0.000000;0.000000;0.000000;0.000000;2.000000;-25.265991;-783.148499;2219.762695;0.425643;0.000000;0.000000;0.000000;0.000000;1.000000;-48.025372;-748.266174;2066.512939;0.190048;0.000000;0.000000;0.000000;0.000000;2.000000;-160.923523;-756.633423;2130.386230;0.344388;0.000000;0.000000;0.000000;0.000000;2.000000;6710900224.000000
0.000000;-150.000015;2000.000000;0.000000;0.000000;0.000000;0.000000;0.000000;2.000000;-19.820055;-301.486908;2090.468262;0.078279;0.000000;0.000000;0.000000;0.000000;2.000000;-35.685745;-422.388245;2163.130859;0.110786;0.000000;0.000000;0.000000;0.000000;2.000000;-76.967377;-631.755615;2197.000488;0.019983;0.000000;0.000000;0.000000;0.000000;2.000000;-37.757896;-604.608337;2186.742188;0.027220;0.000000;0.000000;0.000000;0.000000;2.000000;100.618629;-631.476501;2167.483154;0.165836;0.000000;0.000000;0.000000;0.000000;2.000000;69.008865;-486.102966;1936.170654;0.161435;0.000000;0.000000;0.000000;0.000000;2.000000;-107.872917;-634.028320;1946.818359;0.471260;0.000000;0.000000;0.000000;0.000000;2.000000;-152.895584;-712.034729;1979.560059;0.622878;0.000000;0.000000;0.000000;0.000000;2.000000;-184.488373;-813.069702;1998.492554;1.321269;0.000000;0.000000;0.000000;0.000000;2.000000;-173.907669;-737.336670;1959.872681;1.103611;0.000000;0.000000;0.000000;0.000000;2.000000;-102.012611;-589.491821;2198.080078;0.030855;0.000000;0.000000;0.000000;0.000000;2.000000;-225.200104;-547.351379;2211.474121;0.055329;0.000000;0.000000;0.000000;0.000000;2.000000;-315.392395;-284.129059;2244.738770;0.152529;0.000000;0.000000;0.000000;0.000000;2.000000;-180.758102;-214.837997;2066.659180;0.244964;0.000000;0.000000;0.000000;0.000000;2.000000;-143.283081;-211.883331;1970.564331;0.171334;0.000000;0.000000;0.000000;0.000000;2.000000;-41.650452;-211.146072;1941.521118;0.170749;0.000000;0.000000;0.000000;0.000000;2.000000;-87.300789;-237.767670;1971.648804;0.176626;0.000000;0.000000;0.000000;0.000000;2.000000;90.056030;-156.249176;2009.265747;0.133415;0.000000;0.000000;0.000000;0.000000;2.000000;347.122345;-79.274872;1714.758545;0.103151;0.000000;0.000000;0.000000;0.000000;2.000000;183.926361;198.536560;1917.674438;0.159419;0.000000;0.000000;0.000000;0.000000;2.000000;210.864456;367.061035;1842.603027;0.102358;0.000000;0.000000;0.000000;0.000000;2.000000;-81.207481;-144.364868;1991.644775;0.120306;0.000000;0.000000;0.000000;0.000000;2.000000;-198.905167;-88.356232;1615.597900;0.162330;0.000000;0.000000;0.000000;0.000000;2.000000;-139.273560;242.694824;1802.420288;0.150636;0.000000;0.000000;0.000000;0.000000;2.000000;-152.801804;380.117371;1700.647095;0.222700;0.000000;0.000000;0.000000;0.000000;2.000000;-94.950027;-711.037964;2196.589844;0.054238;0.000000;0.000000;0.000000;0.000000;2.000000;-4.763594;-716.096863;2064.620117;0.100051;0.000000;0.000000;0.000000;0.000000;2.000000;-5.614592;-761.726685;2096.561768;0.080578;0.000000;0.000000;0.000000;0.000000;2.000000;-24.985296;-785.042969;2219.033203;0.061580;0.000000;0.000000;0.000000;0.000000;1.000000;-44.984055;-748.238892;2065.325684;0.098106;0.000000;0.000000;0.000000;0.000000;2.000000;-159.375244;-756.852173;2127.322266;0.103362;0.000000;0.000000;0.000000;0.000000;2.000000;6710933504.000000
0.000000;-150.000000;2000.000000;0.000000;0.000000;0.000000;0.000000;0.000000;2.000000;-17.496243;-302.357697;2088.210449;0.100812;0.000000;0.000000;0.000000;0.000000;2.000000;-31.725800;-420.985199;2163.904541;0.128359;0.000000;0.000000;0.000000;0.000000;2.000000;-71.588966;-629.824768;2197.800781;0.173385;0.000000;0.000000;0.000000;0.000000;2.000000;-32.779846;-602.611572;2187.036621;0.161408;0.000000;0.000000;0.000000;0.000000;2.000000;103.483566;-633.822388;2163.495117;0.163522;0.000000;0.000000;0.000000;0.000000;2.000000;73.657028;-489.759033;1932.295654;0.212446;0.000000;0.000000;0.000000;0.000000;2.000000;-102.893257;-635.271362;1955.905151;0.313584;0.000000;0.000000;0.000000;0.000000;2.000000;-140.213409;-716.670288;1989.067871;0.496225;0.000000;0.000000;0.000000;0.000000;2.000000;-163.795074;-819.683960;2006.786865;0.698743;0.000000;0.000000;0.000000;0.000000;2.000000;-165.305939;-740.570679;1970.938477;0.432213;0.000000;0.000000;0.000000;0.000000;2.000000;-96.674133;-587.804810;2199.361816;0.172582;0.000000;0.000000;0.000000;0.000000;2.000000;-220.103729;-547.196167;2210.492188;0.156023;0.000000;0.000000;0.000000;0.000000;2.000000;-312.575134;-285.510071;2241.066895;0.145126;0.000000;0.000000;0.000000;0.000000;2.000000;-174.367767;-234.472672;2060.670166;0.646016;0.000000;0.000000;0.000000;0.000000;2.000000;-114.403801;-216.736450;1979.055786;0.916181;0.000000;0.000000;0.000000;0.000000;2.000000;-41.230843;-196.011154;1906.189575;1.155019;0.000000;0.000000;0.000000;0.000000;2.000000;-54.246620;-252.316803;1996.016113;1.309083;0.000000;0.000000;0.000000;0.000000;2.000000;89.898254;-155.820038;2007.778687;0.046748;0.000000;0.000000;0.000000;0.000000;2.000000;350.043152;-77.735565;1718.237061;0.144108;0.000000;0.000000;0.000000;0.000000;2.000000;184.541382;195.062866;1923.516724;0.205070;0.000000;0.000000;0.000000;0.000000;2.000000;211.417969;359.894836;1842.146118;0.216408;0.000000;0.000000;0.000000;0.000000;2.000000;-81.065208;-144.751801;1992.985718;0.042154;0.000000;0.000000;0.000000;0.000000;2.000000;-195.690338;-87.842896;1617.632324;0.115353;0.000000;0.000000;0.000000;0.000000;2.000000;-136.535431;242.684998;1802.689331;0.082672;0.000000;0.000000;0.000000;0.000000;2.000000;-149.054749;377.156250;1697.922852;0.165210;0.000000;0.000000;0.000000;0.000000;2.000000;-89.230667;-708.885620;2197.485596;0.185584;0.000000;0.000000;0.000000;0.000000;2.000000;-1.246761;-718.746216;2064.994873;0.132783;0.000000;0.000000;0.000000;0.000000;2.000000;1.237886;-761.534668;2100.262695;0.234086;0.000000;0.000000;0.000000;0.000000;2.000000;-14.706039;-776.234131;2224.093262;0.434258;0.000000;0.000000;0.000000;0.000000;1.000000;-39.225250;-753.010315;2068.985840;0.250189;0.000000;0.000000;0.000000;0.000000;2.000000;-151.489441;-763.664917;2133.520020;0.364328;0.000000;0.000000;0.000000;0.000000;2.000000;6710966784.000000
0.000000;-149.999985;2000.000000;0.000000;0.000000;0.000000;0.000000;0.000000;2.000000;-16.672928;-299.076447;2091.960693;0.151761;0.000000;0.000000;0.000000;0.000000;2.000000;-29.896793;-419.515350;2163.416260;0.072016;0.000000;0.000000;0.000000;0.000000;2.000000;-71.400711;-626.338745;2200.127930;0.126071;0.000000;0.000000;0.000000;0.000000;2.000000;-32.552746;-599.771606;2189.091064;0.105544;0.000000;0.000000;0.000000;0.000000;2.000000;104.451378;-626.528503;2169.324219;0.282061;0.000000;0.000000;0.000000;0.000000;2.000000;78.130661;-483.561798;1938.791382;0.301401;0.000000;0.000000;0.000000;0.000000;2.000000;-94.336456;-630.841309;1968.589111;0.478630;0.000000;0.000000;0.000000;0.000000;2.000000;-137.687469;-706.994385;2005.198608;0.570284;0.000000;0.000000;0.000000;0.000000;2.000000;-164.844086;-806.330566;2032.610840;0.874131;0.000000;0.000000;0.000000;0.000000;2.000000;-162.585693;-732.086182;1988.004883;0.578493;0.000000;0.000000;0.000000;0.000000;2.000000;-95.986893;-584.315552;2201.018311;0.117883;0.000000;0.000000;0.000000;0.000000;2.000000;-217.720734;-540.535034;2210.312500;0.212645;0.000000;0.000000;0.000000;0.000000;2.000000;-311.574036;-283.393921;2257.053223;0.485482;0.000000;0.000000;0.000000;0.000000;2.000000;-182.067688;-211.077881;2079.132813;0.924912;0.000000;0.000000;0.000000;0.000000;2.000000;-160.774445;-213.421509;1979.148315;1.396907;0.000000;0.000000;0.000000;0.000000;2.000000;-79.329185;-198.820282;1914.916382;1.177460;0.000000;0.000000;0.000000;0.000000;2.000000;-94.832207;-233.073151;1976.260376;1.474438;0.000000;0.000000;0.000000;0.000000;2.000000;89.439850;-155.219284;2007.755005;0.022718;0.000000;0.000000;0.000000;0.000000;2.000000;350.756165;-74.332001;1723.047607;0.178360;0.000000;0.000000;0.000000;0.000000;2.000000;185.407715;199.882202;1922.661011;0.149363;0.000000;0.000000;0.000000;0.000000;2.000000;213.595306;366.368591;1847.665283;0.263862;0.000000;0.000000;0.000000;0.000000;2.000000;-80.651840;-145.293533;1993.007080;0.020486;0.000000;0.000000;0.000000;0.000000;2.000000;-197.339539;-87.678497;1620.695068;0.104640;0.000000;0.000000;0.000000;0.000000;2.000000;-134.694641;243.779785;1798.462280;0.142388;0.000000;0.000000;0.000000;0.000000;2.000000;-151.025269;384.569885;1704.611572;0.305818;0.000000;0.000000;0.000000;0.000000;2.000000;-89.628296;-704.808105;2200.947754;0.161173;0.000000;0.000000;0.000000;0.000000;2.000000;0.119131;-710.189026;2070.442871;0.307566;0.000000;0.000000;0.000000;0.000000;2.000000;-0.088146;-754.980225;2102.706543;0.213936;0.000000;0.000000;0.000000;0.000000;2.000000;-19.204426;-776.735107;2224.333496;0.136195;0.000000;0.000000;0.000000;0.000000;1.000000;-39.234062;-742.651794;2071.489990;0.320220;0.000000;0.000000;0.000000;0.000000;2.000000;-152.588135;-752.135986;2132.793945;0.348675;0.000000;0.000000;0.000000;0.000000;2.000000;6711000064.000000
0.000000;-149.999985;2000.000000;0.000000;0.000000;0.000000;0.000000;0.000000;2.000000;-16.595949;-301.443420;2089.946289;0.093422;0.000000;0.000000;0.000000;0.000000;2.000000;-29.860888;-422.703156;2161.537109;0.111197;0.000000;0.000000;0.000000;0.000000;2.000000;-68.197968;-631.284119;2198.651123;0.182516;0.000000;0.000000;0.000000;0.000000;2.000000;-29.633879;-603.990845;2187.226563;0.164025;0.000000;0.000000;0.000000;0.000000;2.000000;107.644379;-630.972046;2164.351318;0.222173;0.000000;0.000000;0.000000;0.000000;2.000000;82.552063;-480.665222;1936.585571;0.172101;0.000000;0.000000;0.000000;0.000000;2.000000;-93.442574;-625.036743;1969.531494;0.178729;0.000000;0.000000;0.000000;0.000000;2.000000;-136.024307;-699.522156;2011.451782;0.297009;0.000000;0.000000;0.000000;0.000000;2.000000;-159.652756;-782.553711;2074.931152;1.466918;0.000000;0.000000;0.000000;0.000000;2.000000;-143.819000;-739.950317;1995.508179;0.651657;0.000000;0.000000;0.000000;0.000000;2.000000;-93.529572;-589.398254;2199.802246;0.173529;0.000000;0.000000;0.000000;0.000000;2.000000;-215.266006;-543.429321;2208.483398;0.126588;0.000000;0.000000;0.000000;0.000000;2.000000;-309.670044;-283.310425;2245.812500;0.342582;0.000000;0.000000;0.000000;0.000000;2.000000;-181.497009;-219.567825;2062.076172;0.572756;0.000000;0.000000;0.000000;0.000000;2.000000;-138.994995;-209.472794;1969.000366;0.731668;0.000000;0.000000;0.000000;0.000000;2.000000;-89.914314;-190.935638;1877.671021;1.187348;0.000000;0.000000;0.000000;0.000000;2.000000;-88.563194;-231.656799;1965.613770;0.373681;0.000000;0.000000;0.000000;0.000000;2.000000;90.021759;-156.956161;2004.897705;0.101984;0.000000;0.000000;0.000000;0.000000;2.000000;347.728424;-87.221222;1711.068970;0.536497;0.000000;0.000000;0.000000;0.000000;2.000000;187.783569;193.184814;1910.426636;0.425135;0.000000;0.000000;0.000000;0.000000;2.000000;213.464737;367.452942;1851.391113;0.116665;0.000000;0.000000;0.000000;0.000000;2.000000;-81.176582;-143.727295;1995.583496;0.091961;0.000000;0.000000;0.000000;0.000000;2.000000;-201.940094;-90.288300;1621.641846;0.161458;0.000000;0.000000;0.000000;0.000000;2.000000;-136.115753;243.239807;1798.910400;0.047624;0.000000;0.000000;0.000000;0.000000;2.000000;-150.031799;383.715454;1702.531128;0.073880;0.000000;0.000000;0.000000;0.000000;2.000000;-85.355347;-710.447876;2199.574219;0.216579;0.000000;0.000000;0.000000;0.000000;2.000000;3.212364;-707.662354;2067.132324;0.155879;0.000000;0.000000;0.000000;0.000000;2.000000;1.120461;-755.519653;2095.172363;0.229854;0.000000;0.000000;0.000000;0.000000;2.000000;-17.939016;-787.980591;2215.120850;0.438470;0.000000;0.000000;0.000000;0.000000;2.000000;-37.895714;-738.327881;2065.668945;0.221567;0.000000;0.000000;0.000000;0.000000;2.000000;-151.590073;-748.224792;2127.778076;0.193460;0.000000;0.000000;0.000000;0.000000;2.000000;6711033344.000000
0.000000;-150.000000;2000.000000;0.000000;0.000000;0.000000;0.000000;0.000000;2.000000;-16.160128;-305.214874;2086.437988;0.155328;0.000000;0.000000;0.000000;0.000000;2.000000;-29.143187;-426.071899;2161.035156;0.104589;0.000000;0.000000;0.000000;0.000000;2.000000;-69.104797;-636.284058;2197.673340;0.155491;0.000000;0.000000;0.000000;0.000000;2.000000;-29.944166;-608.885010;2186.815918;0.147871;0.000000;0.000000;0.000000;0.000000;2.000000;109.798897;-631.280029;2166.740723;0.097116;0.000000;0.000000;0.000000;0.000000;2.000000;83.694885;-482.669647;1935.248779;0.080126;0.000000;0.000000;0.000000;0.000000;2.000000;-95.000603;-626.732056;1968.435669;0.076622;0.000000;0.000000;0.000000;0.000000;2.000000;-138.655472;-699.622314;2013.738647;0.104793;0.000000;0.000000;0.000000;0.000000;2.000000;-174.194122;-783.271851;2072.167725;0.445283;0.000000;0.000000;0.000000;0.000000;2.000000;-143.908081;-741.217896;1999.203979;0.117432;0.000000;0.000000;0.000000;0.000000;2.000000;-94.523842;-593.966003;2198.440186;0.146307;0.000000;0.000000;0.000000;0.000000;2.000000;-217.015060;-546.670044;2205.630615;0.139973;0.000000;0.000000;0.000000;0.000000;2.000000;-309.429688;-282.977753;2240.232422;0.168124;0.000000;0.000000;0.000000;0.000000;2.000000;-179.616333;-218.183182;2055.549316;0.208296;0.000000;0.000000;0.000000;0.000000;2.000000;-137.668076;-211.154861;1961.002075;0.248806;0.000000;0.000000;0.000000;0.000000;2.000000;-78.966629;-190.179260;1875.017822;0.339242;0.000000;0.000000;0.000000;0.000000;2.000000;-86.780998;-230.218628;1958.009766;0.238623;0.000000;0.000000;0.000000;0.000000;2.000000;90.794334;-156.678955;2004.981201;0.024791;0.000000;0.000000;0.000000;0.000000;2.000000;347.828186;-77.637238;1708.446289;0.298583;0.000000;0.000000;0.000000;0.000000;2.000000;183.170349;197.169891;1917.562988;0.282020;0.000000;0.000000;0.000000;0.000000;2.000000;216.043594;365.953339;1843.247314;0.260607;0.000000;0.000000;0.000000;0.000000;2.000000;-81.873245;-143.977295;1995.508057;0.022356;0.000000;0.000000;0.000000;0.000000;2.000000;-200.208252;-92.320465;1617.049805;0.159611;0.000000;0.000000;0.000000;0.000000;2.000000;-133.522766;243.724701;1796.167358;0.114353;0.000000;0.000000;0.000000;0.000000;2.000000;-149.142990;382.063385;1694.564941;0.245916;0.000000;0.000000;0.000000;0.000000;2.000000;-86.680809;-716.050049;2198.264160;0.177404;0.000000;0.000000;0.000000;0.000000;2.000000;-2.697836;-709.569153;2061.434326;0.253249;0.000000;0.000000;0.000000;0.000000;2.000000;4.585102;-754.696533;2093.729004;0.115459;0.000000;0.000000;0.000000;0.000000;2.000000;-5.420294;-779.281616;2217.682373;0.464485;0.000000;0.000000;0.000000;0.000000;2.000000;-37.958382;-747.320557;2064.252441;0.273551;0.000000;0.000000;0.000000;0.000000;2.000000;-147.349442;-771.682007;2132.107666;0.727988;0.000000;0.000000;0.000000;0.000000;2.000000;6711066624.000000
0.000000;-149.999985;2000.000000;0.000000;0.000000;0.000000;0.000000;0.000000;2.000000;-16.062141;-305.030914;2086.654297;0.009026;0.000000;0.000000;0.000000;0.000000;2.000000;-28.979355;-425.548523;2161.712402;0.026185;0.000000;0.000000;0.000000;0.000000;2.000000;-67.893478;-635.724121;2199.216797;0.061309;0.000000;0.000000;0.000000;0.000000;2.000000;-28.889812;-608.194824;2188.204590;0.056347;0.000000;0.000000;0.000000;0.000000;2.000000;110.637344;-631.080811;2167.554199;0.035610;0.000000;0.000000;0.000000;0.000000;2.000000;83.579742;-482.174530;1936.480591;0.040041;0.000000;0.000000;0.000000;0.000000;2.000000;-95.407608;-624.379150;1975.083862;0.212260;0.000000;0.000000;0.000000;0.000000;2.000000;-141.226151;-694.053589;2023.152222;0.337603;0.000000;0.000000;0.000000;0.000000;2.000000;-176.098312;-774.149170;2086.669678;0.517975;0.000000;0.000000;0.000000;0.000000;2.000000;-156.581940;-734.230957;2010.049683;0.543424;0.000000;0.000000;0.000000;0.000000;2.000000;-93.500488;-593.537964;2199.850098;0.053905;0.000000;0.000000;0.000000;0.000000;2.000000;-216.298553;-547.071411;2206.316406;0.032150;0.000000;0.000000;0.000000;0.000000;2.000000;-309.470490;-283.660645;2240.202148;0.020576;0.000000;0.000000;0.000000;0.000000;2.000000;-177.676208;-220.496262;2056.466553;0.094810;0.000000;0.000000;0.000000;0.000000;2.000000;-136.586029;-211.035355;1961.795410;0.040476;0.000000;0.000000;0.000000;0.000000;2.000000;-62.020290;-180.234497;1892.786011;0.796011;0.000000;0.000000;0.000000;0.000000;2.000000;-86.512650;-228.060303;1957.642456;0.066278;0.000000;0.000000;0.000000;0.000000;2.000000;90.764366;-156.563126;2005.082031;0.004701;0.000000;0.000000;0.000000;0.000000;2.000000;345.961548;-77.535339;1707.154175;0.068284;0.000000;0.000000;0.000000;0.000000;2.000000;183.140411;195.963318;1919.153442;0.059993;0.000000;0.000000;0.000000;0.000000;2.000000;215.995438;363.910583;1843.124634;0.061508;0.000000;0.000000;0.000000;0.000000;2.000000;-81.846222;-144.081726;1995.417236;0.004237;0.000000;0.000000;0.000000;0.000000;2.000000;-196.944321;-93.930695;1615.911255;0.114587;0.000000;0.000000;0.000000;0.000000;2.000000;-133.650146;242.430237;1795.367065;0.045889;0.000000;0.000000;0.000000;0.000000;2.000000;-149.595093;380.984436;1694.214600;0.036694;0.000000;0.000000;0.000000;0.000000;2.000000;-85.088318;-715.539917;2200.144531;0.075612;0.000000;0.000000;0.000000;0.000000;2.000000;-2.103134;-707.906616;2062.833740;0.067699;0.000000;0.000000;0.000000;0.000000;2.000000;1.942778;-755.177612;2092.486816;0.088916;0.000000;0.000000;0.000000;0.000000;2.000000;-8.834877;-785.797485;2214.976563;0.235523;0.000000;0.000000;0.000000;0.000000;2.000000;-40.145336;-742.918701;2064.033691;0.147838;0.000000;0.000000;0.000000;0.000000;2.000000;-150.450211;-762.537598;2131.855957;0.290238;0.000000;0.000000;0.000000;0.000000;2.000000;6711099904.000000
0.000000;-150.000000;2000.000000;0.000000;0.000000;0.000000;0.000000;0.000000;2.000000;-15.672894;-304.270691;2085.576172;0.041329;0.000000;0.000000;0.000000;0.000000;2.000000;-28.196594;-427.322327;2154.494385;0.224576;0.000000;0.000000;0.000000;0.000000;2.000000;-63.574486;-636.224304;2194.011230;0.203800;0.000000;0.000000;0.000000;0.000000;2.000000;-25.605370;-608.655029;2181.126465;0.234874;0.000000;0.000000;0.000000;0.000000;2.000000;111.046402;-627.267761;2147.663086;0.608696;0.000000;0.000000;0.000000;0.000000;2.000000;91.982605;-456.906128;1933.479980;0.805212;0.000000;0.000000;0.000000;0.000000;2.000000;-91.341850;-589.074890;1977.529175;1.070362;0.000000;0.000000;0.000000;0.000000;2.000000;-139.817780;-657.189209;2023.884155;1.108730;0.000000;0.000000;0.000000;0.000000;2.000000;-212.423676;-709.688110;2082.868652;2.226238;0.000000;0.000000;0.000000;0.000000;2.000000;-173.775970;-674.912720;2005.760498;1.860237;0.000000;0.000000;0.000000;0.000000;2.000000;-89.223106;-594.492676;2195.808594;0.179136;0.000000;0.000000;0.000000;0.000000;2.000000;-208.746674;-542.447693;2202.906982;0.285115;0.000000;0.000000;0.000000;0.000000;2.000000;-305.913635;-281.772949;2230.161865;0.325050;0.000000;0.000000;0.000000;0.000000;2.000000;-174.010437;-218.279617;2048.674561;0.267186;0.000000;0.000000;0.000000;0.000000;2.000000;-130.283173;-206.226379;1956.279419;0.290207;0.000000;0.000000;0.000000;0.000000;2.000000;-52.304161;-174.268250;1892.911621;0.342621;0.000000;0.000000;0.000000;0.000000;2.000000;-83.600266;-221.988037;1951.757446;0.268738;0.000000;0.000000;0.000000;0.000000;2.000000;90.160416;-157.455978;2003.071289;0.068553;0.000000;0.000000;0.000000;0.000000;2.000000;356.585022;-73.123352;1720.481567;0.529003;0.000000;0.000000;0.000000;0.000000;2.000000;189.920868;203.843140;1919.922119;0.313217;0.000000;0.000000;0.000000;0.000000;2.000000;217.460815;365.224426;1831.682739;0.348856;0.000000;0.000000;0.000000;0.000000;2.000000;-81.301613;-143.276611;1997.230347;0.061816;0.000000;0.000000;0.000000;0.000000;2.000000;-195.982452;-86.025970;1621.488770;0.292129;0.000000;0.000000;0.000000;0.000000;2.000000;-133.626190;250.708862;1794.798828;0.249343;0.000000;0.000000;0.000000;0.000000;2.000000;-146.545105;385.209167;1689.813965;0.204937;0.000000;0.000000;0.000000;0.000000;2.000000;-80.057663;-715.602539;2195.928223;0.197241;0.000000;0.000000;0.000000;0.000000;2.000000;1.217453;-698.325439;2059.753662;0.318442;0.000000;0.000000;0.000000;0.000000;2.000000;5.294222;-747.321167;2085.645508;0.328830;0.000000;0.000000;0.000000;0.000000;2.000000;-4.490803;-786.536743;2204.830566;0.332379;0.000000;0.000000;0.000000;0.000000;2.000000;-36.696609;-732.959839;2058.727539;0.354552;0.000000;0.000000;0.000000;0.000000;2.000000;-145.745087;-756.950806;2125.444336;0.292038;0.000000;0.000000;0.000000;0.000000;2.000000;6711133184.000000
0.000000;-150.000015;2000.000000;0.000000;0.000000;0.000000;0.000000;0.000000;2.000000;-15.626209;-304.712646;2086.297119;0.025448;0.000000;0.000000;0.000000;0.000000;2.000000;-28.110714;-428.017395;2155.966797;0.048993;0.000000;0.000000;0.000000;0.000000;2.000000;-63.632053;-637.712158;2196.004883;0.074769;0.000000;0.000000;0.000000;0.000000;2.000000;-25.492134;-610.041382;2183.083984;0.072157;0.000000;0.000000;0.000000;0.000000;2.000000;111.802567;-629.049316;2149.992188;0.090994;0.000000;0.000000;0.000000;0.000000;2.000000;95.689972;-455.364746;1936.787231;0.156303;0.000000;0.000000;0.000000;0.000000;2.000000;-90.793060;-584.884521;1980.412842;0.153733;0.000000;0.000000;0.000000;0.000000;2.000000;-143.852478;-646.232666;2031.743286;0.422911;0.000000;0.000000;0.000000;0.000000;2.000000;-226.261200;-678.465942;2093.157715;1.071738;0.000000;0.000000;0.000000;0.000000;2.000000;-175.701950;-667.064819;2015.032349;0.369562;0.000000;0.000000;0.000000;0.000000;2.000000;-89.405380;-595.814697;2197.675293;0.068951;0.000000;0.000000;0.000000;0.000000;2.000000;-209.412125;-543.487061;2204.447266;0.059307;0.000000;0.000000;0.000000;0.000000;2.000000;-305.196960;-281.155701;2232.521729;0.076393;0.000000;0.000000;0.000000;0.000000;2.000000;-173.706390;-216.696671;2049.842773;0.059817;0.000000;0.000000;0.000000;0.000000;2.000000;-131.679123;-200.678726;1956.789917;0.172576;0.000000;0.000000;0.000000;0.000000;2.000000;-61.833096;-169.154816;1883.734741;0.426178;0.000000;0.000000;0.000000;0.000000;2.000000;-84.875931;-216.863953;1950.568115;0.162643;0.000000;0.000000;0.000000;0.000000;2.000000;90.537186;-157.414230;2003.101807;0.011427;0.000000;0.000000;0.000000;0.000000;2.000000;353.648041;-74.181274;1714.831177;0.193972;0.000000;0.000000;0.000000;0.000000;2.000000;189.851807;204.000977;1917.908447;0.060728;0.000000;0.000000;0.000000;0.000000;2.000000;216.635223;368.166687;1833.018433;0.100212;0.000000;0.000000;0.000000;0.000000;2.000000;-81.641357;-143.314285;1997.203003;0.010304;0.000000;0.000000;0.000000;0.000000;2.000000;-188.362976;-89.782852;1616.864746;0.290632;0.000000;0.000000;0.000000;0.000000;2.000000;-133.558685;250.743408;1788.822632;0.179588;0.000000;0.000000;0.000000;0.000000;2.000000;-145.449982;388.750244;1687.169067;0.136823;0.000000;0.000000;0.000000;0.000000;2.000000;-80.157043;-717.419556;2198.060303;0.084227;0.000000;0.000000;0.000000;0.000000;2.000000;-0.340843;-693.760498;2061.212402;0.151422;0.000000;0.000000;0.000000;0.000000;2.000000;6.888336;-742.857605;2086.713379;0.145988;0.000000;0.000000;0.000000;0.000000;2.000000;0.007820;-783.907532;2206.032227;0.160678;0.000000;0.000000;0.000000;0.000000;2.000000;-36.196651;-730.810303;2059.976563;0.076197;0.000000;0.000000;0.000000;0.000000;2.000000;-143.720535;-762.253296;2127.117676;0.177806;0.000000;0.000000;0.000000;0.000000;2.000000;6711166464.000000
0.000000;-150.000000;2000.000000;0.000000;0.000000;0.000000;0.000000;0.000000;2.000000;-15.918736;-307.651184;2084.336426;0.104898;0.000000;0.000000;0.000000;0.000000;2.000000;-28.585258;-434.435516;2150.349854;0.252785;0.000000;0.000000;0.000000;0.000000;2.000000;-62.012856;-646.075195;2192.840576;0.268912;0.000000;0.000000;0.000000;0.000000;2.000000;-23.603863;-617.647827;2180.648926;0.242865;0.000000;0.000000;0.000000;0.000000;2.000000;115.395882;-635.748230;2148.429199;0.229664;0.000000;0.000000;0.000000;0.000000;2.000000;95.283539;-448.850098;1943.567017;0.278505;0.000000;0.000000;0.000000;0.000000;2.000000;-99.892235;-571.713440;1979.161743;0.475181;0.000000;0.000000;0.000000;0.000000;2.000000;-157.892090;-628.307983;2032.259766;0.673957;0.000000;0.000000;0.000000;0.000000;2.000000;-236.012817;-677.825745;2089.395020;0.309894;0.000000;0.000000;0.000000;0.000000;2.000000;-190.961304;-648.965698;2009.952148;0.716509;0.000000;0.000000;0.000000;0.000000;2.000000;-88.813400;-604.247681;2193.004883;0.285809;0.000000;0.000000;0.000000;0.000000;2.000000;-210.721222;-552.939636;2196.695313;0.363832;0.000000;0.000000;0.000000;0.000000;2.000000;-310.972015;-289.241272;2222.571777;0.416123;0.000000;0.000000;0.000000;0.000000;2.000000;-176.787933;-215.384888;2042.618286;0.235648;0.000000;0.000000;0.000000;0.000000;2.000000;-132.182953;-196.897797;1950.149658;0.226617;0.000000;0.000000;0.000000;0.000000;2.000000;-56.574348;-178.129440;1877.003174;0.366655;0.000000;0.000000;0.000000;0.000000;2.000000;-82.260635;-222.608734;1945.823975;0.233669;0.000000;0.000000;0.000000;0.000000;2.000000;91.316536;-155.566147;2006.831299;0.125314;0.000000;0.000000;0.000000;0.000000;2.000000;350.710480;-92.334763;1705.243286;0.613725;0.000000;0.000000;0.000000;0.000000;2.000000;176.573547;193.258453;1895.750488;0.827905;0.000000;0.000000;0.000000;0.000000;2.000000;213.769714;370.170685;1842.402588;0.296356;0.000000;0.000000;0.000000;0.000000;2.000000;-82.344139;-144.980774;1993.839844;0.113004;0.000000;0.000000;0.000000;0.000000;2.000000;-188.908905;-91.670517;1609.533203;0.224619;0.000000;0.000000;0.000000;0.000000;2.000000;-135.312469;249.622406;1788.308594;0.063446;0.000000;0.000000;0.000000;0.000000;2.000000;-147.904755;388.653778;1685.422363;0.089203;0.000000;0.000000;0.000000;0.000000;2.000000;-77.324043;-726.776367;2195.613281;0.298233;0.000000;0.000000;0.000000;0.000000;2.000000;-0.905197;-693.542603;2057.070313;0.123876;0.000000;0.000000;0.000000;0.000000;2.000000;5.993788;-745.183960;2078.447266;0.255495;0.000000;0.000000;0.000000;0.000000;2.000000;2.078138;-796.132263;2195.313232;0.485022;0.000000;0.000000;0.000000;0.000000;2.000000;-38.057938;-729.882202;2054.105957;0.184308;0.000000;0.000000;0.000000;0.000000;2.000000;-145.000580;-764.573242;2122.934570;0.146534;0.000000;0.000000;0.000000;0.000000;2.000000;6711200256.000000
0.000000;-150.000015;2000.000000;0.000000;0.000000;0.000000;0.000000;0.000000;2.000000;-13.352974;-302.835052;2092.754395;0.301441;0.000000;0.000000;0.000000;0.000000;2.000000;-23.936100;-425.952820;2165.359863;0.536567;0.000000;0.000000;0.000000;0.000000;2.000000;-52.689335;-637.846313;2208.609863;0.603445;0.000000;0.000000;0.000000;0.000000;2.000000;-14.980255;-608.689087;2196.205566;0.598428;0.000000;0.000000;0.000000;0.000000;2.000000;122.041946;-629.213440;2158.269531;0.407266;0.000000;0.000000;0.000000;0.000000;2.000000;112.418503;-437.801575;1957.317871;0.738940;0.000000;0.000000;0.000000;0.000000;2.000000;-90.863312;-548.406372;1984.964111;0.771018;0.000000;0.000000;0.000000;0.000000;2.000000;-149.135071;-600.549622;2041.960449;0.921901;0.000000;0.000000;0.000000;0.000000;2.000000;-228.440796;-640.773682;2104.271729;1.221116;0.000000;0.000000;0.000000;0.000000;2.000000;-190.928040;-610.929199;2010.204834;1.142949;0.000000;0.000000;0.000000;0.000000;2.000000;-80.335266;-596.646606;2208.730469;0.583389;0.000000;0.000000;0.000000;0.000000;2.000000;-205.297775;-553.667969;2207.488281;0.363610;0.000000;0.000000;0.000000;0.000000;2.000000;-303.262695;-288.974670;2227.449707;0.274243;0.000000;0.000000;0.000000;0.000000;2.000000;-164.294983;-216.588043;2050.946533;0.452601;0.000000;0.000000;0.000000;0.000000;2.000000;-125.836655;-200.770218;1955.418213;0.273799;0.000000;0.000000;0.000000;0.000000;2.000000;-63.740627;-182.049545;1870.655762;0.310838;0.000000;0.000000;0.000000;0.000000;2.000000;-74.364456;-221.567596;1951.132935;0.287613;0.000000;0.000000;0.000000;0.000000;2.000000;91.256172;-153.427307;2007.490112;0.067272;0.000000;0.000000;0.000000;0.000000;2.000000;353.234833;-77.700562;1711.736938;0.487020;0.000000;0.000000;0.000000;0.000000;2.000000;189.106812;199.754639;1921.245972;0.875685;0.000000;0.000000;0.000000;0.000000;2.000000;217.573563;368.933533;1843.736694;0.126700;0.000000;0.000000;0.000000;0.000000;2.000000;-82.289703;-146.909485;1993.245972;0.060661;0.000000;0.000000;0.000000;0.000000;2.000000;-180.991211;-85.400787;1608.585449;0.304803;0.000000;0.000000;0.000000;0.000000;2.000000;-130.716522;250.091064;1797.945679;0.321129;0.000000;0.000000;0.000000;0.000000;2.000000;-141.609650;387.938354;1693.643555;0.311876;0.000000;0.000000;0.000000;0.000000;2.000000;-66.260452;-718.743591;2211.697754;0.634320;0.000000;0.000000;0.000000;0.000000;2.000000;3.236832;-693.589050;2068.131836;0.354918;0.000000;0.000000;0.000000;0.000000;2.000000;11.081018;-743.936401;2091.947266;0.435113;0.000000;0.000000;0.000000;0.000000;2.000000;12.818069;-788.270630;2211.362305;0.626504;0.000000;0.000000;0.000000;0.000000;2.000000;-34.030704;-729.829102;2069.006836;0.463810;0.000000;0.000000;0.000000;0.000000;2.000000;-137.396362;-760.154297;2144.707031;0.705581;0.000000;0.000000;0.000000;0.000000;2.000000;6711233536.000000
0.000000;-150.000000;2000.000000;0.000000;0.000000;0.000000;0.000000;0.000000;2.000000;-13.994751;-301.403473;2093.434814;0.051384;0.000000;0.000000;0.000000;0.000000;2.000000;-24.903412;-423.861267;2165.825684;0.070643;0.000000;0.000000;0.000000;0.000000;2.000000;-54.734730;-634.757629;2208.224609;0.111915;0.000000;0.000000;0.000000;0.000000;2.000000;-16.896729;-605.779419;2196.711670;0.105790;0.000000;0.000000;0.000000;0.000000;2.000000;119.362198;-623.270874;2157.012695;0.199486;0.000000;0.000000;0.000000;0.000000;2.000000;107.848846;-431.058289;1958.680420;0.248165;0.000000;0.000000;0.000000;0.000000;2.000000;-98.849869;-534.356689;1979.513794;0.512480;0.000000;0.000000;0.000000;0.000000;2.000000;-160.319290;-585.697693;2033.028931;0.619777;0.000000;0.000000;0.000000;0.000000;2.000000;-246.066956;-612.400757;2093.174561;1.057612;0.000000;0.000000;0.000000;0.000000;2.000000;-201.072876;-594.011780;2003.268555;0.628306;0.000000;0.000000;0.000000;0.000000;2.000000;-82.199844;-593.710693;2207.738037;0.108678;0.000000;0.000000;0.000000;0.000000;2.000000;-205.548309;-548.168396;2203.600586;0.202512;0.000000;0.000000;0.000000;0.000000;2.000000;-306.309998;-286.170807;2226.771973;0.126084;0.000000;0.000000;0.000000;0.000000;2.000000;-171.743851;-216.390900;2047.264160;0.249751;0.000000;0.000000;0.000000;0.000000;2.000000;-129.527817;-203.097443;1953.468506;0.143610;0.000000;0.000000;0.000000;0.000000;2.000000;-68.184937;-161.610123;1877.286621;0.659341;0.000000;0.000000;0.000000;0.000000;2.000000;-74.591507;-218.512695;1952.729492;0.103798;0.000000;0.000000;0.000000;0.000000;2.000000;90.453369;-151.156082;2011.674805;0.145088;0.000000;0.000000;0.000000;0.000000;2.000000;348.749298;-75.360657;1715.180420;0.183890;0.000000;0.000000;0.000000;0.000000;2.000000;180.918961;207.998260;1910.153809;0.482676;0.000000;0.000000;0.000000;0.000000;2.000000;217.434982;375.606049;1834.704468;0.337453;0.000000;0.000000;0.000000;0.000000;2.000000;-81.565796;-148.957489;1989.472168;0.130838;0.000000;0.000000;0.000000;0.000000;2.000000;-184.835144;-86.040588;1608.155518;0.117802;0.000000;0.000000;0.000000;0.000000;2.000000;-132.815674;251.456207;1789.708862;0.258684;0.000000;0.000000;0.000000;0.000000;2.000000;-144.200836;391.679108;1690.031860;0.174568;0.000000;0.000000;0.000000;0.000000;2.000000;-68.409378;-715.270691;2210.994629;0.124521;0.000000;0.000000;0.000000;0.000000;2.000000;0.144592;-691.525757;2067.558105;0.113023;0.000000;0.000000;0.000000;0.000000;2.000000;6.704353;-741.972229;2090.946289;0.147251;0.000000;0.000000;0.000000;0.000000;2.000000;8.246355;-786.747620;2209.580811;0.154372;0.000000;0.000000;0.000000;0.000000;2.000000;-37.982861;-726.506958;2068.603027;0.155611;0.000000;0.000000;0.000000;0.000000;2.000000;-141.013397;-754.065247;2144.778809;0.212821;0.000000;0.000000;0.000000;0.000000;2.000000;6711266816.000000
0.000000;-150.000000;2000.000000;0.000000;0.000000;0.000000;0.000000;0.000000;2.000000;-14.764568;-301.264374;2093.247559;0.024170;0.000000;0.000000;0.000000;0.000000;2.000000;-26.523830;-422.941284;2166.573242;0.060328;0.000000;0.000000;0.000000;0.000000;2.000000;-55.052349;-633.908691;2208.553223;0.028971;0.000000;0.000000;0.000000;0.000000;2.000000;-17.509930;-604.793091;2196.607422;0.035038;0.000000;0.000000;0.000000;0.000000;2.000000;118.997849;-619.590332;2157.112793;0.111174;0.000000;0.000000;0.000000;0.000000;2.000000;106.702118;-421.551239;1964.989502;0.344576;0.000000;0.000000;0.000000;0.000000;2.000000;-100.041000;-525.337952;1979.877686;0.273568;0.000000;0.000000;0.000000;0.000000;2.000000;-165.638824;-568.195374;2035.756226;0.555741;0.000000;0.000000;0.000000;0.000000;2.000000;-258.447479;-570.203735;2090.942871;1.323087;0.000000;0.000000;0.000000;0.000000;2.000000;-205.347351;-578.529114;2002.757690;0.482873;0.000000;0.000000;0.000000;0.000000;2.000000;-82.624344;-592.982056;2208.629395;0.036870;0.000000;0.000000;0.000000;0.000000;2.000000;-206.232788;-548.350586;2206.353516;0.085414;0.000000;0.000000;0.000000;0.000000;2.000000;-309.967438;-287.981476;2231.704346;0.192363;0.000000;0.000000;0.000000;0.000000;2.000000;-173.655991;-222.450226;2052.177246;0.241341;0.000000;0.000000;0.000000;0.000000;2.000000;-134.393265;-206.063370;1957.689819;0.213085;0.000000;0.000000;0.000000;0.000000;2.000000;-80.905853;-186.895844;1868.023560;0.894905;0.000000;0.000000;0.000000;0.000000;2.000000;-80.317062;-227.555786;1957.151733;0.347982;0.000000;0.000000;0.000000;0.000000;2.000000;90.776810;-154.957138;2006.332031;0.197263;0.000000;0.000000;0.000000;0.000000;2.000000;342.312836;-70.670807;1706.800049;0.347381;0.000000;0.000000;0.000000;0.000000;2.000000;184.245300;207.517548;1916.197021;0.207780;0.000000;0.000000;0.000000;0.000000;2.000000;212.153259;376.635712;1840.844604;0.245326;0.000000;0.000000;0.000000;0.000000;2.000000;-81.857437;-145.529953;1994.290161;0.177884;0.000000;0.000000;0.000000;0.000000;2.000000;-186.305511;-81.901733;1613.775391;0.214323;0.000000;0.000000;0.000000;0.000000;2.000000;-133.843231;254.461823;1796.589111;0.227707;0.000000;0.000000;0.000000;0.000000;2.000000;-145.780289;393.175262;1695.137817;0.166771;0.000000;0.000000;0.000000;0.000000;2.000000;-68.424698;-714.404785;2211.210205;0.026817;0.000000;0.000000;0.000000;0.000000;2.000000;-1.762054;-692.617065;2066.730957;0.070536;0.000000;0.000000;0.000000;0.000000;2.000000;6.352072;-742.191956;2091.347412;0.017347;0.000000;0.000000;0.000000;0.000000;2.000000;10.069151;-783.735535;2210.988281;0.113930;0.000000;0.000000;0.000000;0.000000;2.000000;-38.880054;-728.545715;2069.021484;0.068101;0.000000;0.000000;0.000000;0.000000;2.000000;-140.414642;-756.840698;2146.725830;0.103448;0.000000;0.000000;0.000000;0.000000;2.000000;6711300096.000000
0.000000;-150.000000;2000.000000;0.000000;0.000000;0.000000;0.000000;0.000000;2.000000;-17.308880;-298.916351;2095.570801;0.125283;0.000000;0.000000;0.000000;0.000000;2.000000;-31.018105;-421.912659;2165.472900;0.142427;0.000000;0.000000;0.000000;0.000000;2.000000;-56.689857;-632.600037;2207.449219;0.071188;0.000000;0.000000;0.000000;0.000000;2.000000;-19.648525;-603.091187;2195.487305;0.088755;0.000000;0.000000;0.000000;0.000000;2.000000;115.901543;-610.244263;2152.246826;0.330001;0.000000;0.000000;0.000000;0.000000;2.000000;101.444054;-405.629944;1968.498779;0.514735;0.000000;0.000000;0.000000;0.000000;2.000000;-104.687607;-510.060913;1973.805664;0.513328;0.000000;0.000000;0.000000;0.000000;2.000000;-167.297180;-550.962585;2033.935425;0.523073;0.000000;0.000000;0.000000;0.000000;2.000000;-251.056427;-533.629272;2099.352051;1.149328;0.000000;0.000000;0.000000;0.000000;2.000000;-214.618652;-544.803467;1997.694092;1.061942;0.000000;0.000000;0.000000;0.000000;2.000000;-84.708572;-592.152222;2207.536621;0.074981;0.000000;0.000000;0.000000;0.000000;2.000000;-210.620621;-555.856689;2209.714600;0.280095;0.000000;0.000000;0.000000;0.000000;2.000000;-306.208466;-292.530609;2225.789307;0.251063;0.000000;0.000000;0.000000;0.000000;2.000000;-173.061676;-221.333252;2046.936768;0.161991;0.000000;0.000000;0.000000;0.000000;2.000000;-121.780243;-207.066284;1958.379883;0.380758;0.000000;0.000000;0.000000;0.000000;2.000000;-63.639221;-187.812622;1872.055542;0.533498;0.000000;0.000000;0.000000;0.000000;2.000000;-77.544327;-225.135040;1957.200684;0.110610;0.000000;0.000000;0.000000;0.000000;2.000000;90.426544;-156.740234;2005.874634;0.056306;0.000000;0.000000;0.000000;0.000000;2.000000;343.598480;-70.984222;1709.707764;0.095994;0.000000;0.000000;0.000000;0.000000;2.000000;184.973221;206.576721;1917.483154;0.052641;0.000000;0.000000;0.000000;0.000000;2.000000;211.182587;373.086121;1837.220947;0.155185;0.000000;0.000000;0.000000;0.000000;2.000000;-81.541595;-143.922028;1994.702515;0.050773;0.000000;0.000000;0.000000;0.000000;2.000000;-187.841141;-85.398315;1615.100342;0.121462;0.000000;0.000000;0.000000;0.000000;2.000000;-132.851532;253.483643;1789.978394;0.203001;0.000000;0.000000;0.000000;0.000000;2.000000;-146.289703;394.037659;1692.162231;0.094340;0.000000;0.000000;0.000000;0.000000;2.000000;-68.978561;-713.027222;2210.146484;0.054882;0.000000;0.000000;0.000000;0.000000;2.000000;2.917034;-688.714478;2069.138672;0.196858;0.000000;0.000000;0.000000;0.000000;2.000000;6.352430;-739.943604;2090.935547;0.068683;0.000000;0.000000;0.000000;0.000000;2.000000;3.478533;-788.182129;2207.662598;0.258952;0.000000;0.000000;0.000000;0.000000;2.000000;-36.890793;-721.475220;2068.491699;0.221277;0.000000;0.000000;0.000000;0.000000;2.000000;-142.137604;-745.661865;2141.884277;0.369696;0.000000;0.000000;0.000000;0.000000;2.000000;6711333376.000000
0.000000;-150.000015;2000.000000;0.000000;0.000000;0.000000;0.000000;0.000000;2.000000;-16.945301;-298.754761;2095.819580;0.014100;0.000000;0.000000;0.000000;0.000000;2.000000;-30.224003;-421.089905;2166.895996;0.054855;0.000000;0.000000;0.000000;0.000000;2.000000;-54.423756;-631.525757;2210.738037;0.124276;0.000000;0.000000;0.000000;0.000000;2.000000;-17.595886;-601.873047;2198.516113;0.115874;0.000000;0.000000;0.000000;0.000000;2.000000;117.195984;-610.361023;2153.289063;0.050059;0.000000;0.000000;0.000000;0.000000;2.000000;109.016144;-396.570313;1979.983276;0.494934;0.000000;0.000000;0.000000;0.000000;2.000000;-105.418686;-482.695129;1978.387207;0.834023;0.000000;0.000000;0.000000;0.000000;2.000000;-163.606201;-506.416748;2050.886963;1.436446;0.000000;0.000000;0.000000;0.000000;2.000000;-186.293396;-434.089752;2127.337646;3.666058;0.000000;0.000000;0.000000;0.000000;2.000000;-210.079117;-476.314606;2032.767456;2.316134;0.000000;0.000000;0.000000;0.000000;2.000000;-82.718033;-591.283447;2210.465332;0.109560;0.000000;0.000000;0.000000;0.000000;2.000000;-208.642548;-555.149963;2212.973145;0.116493;0.000000;0.000000;0.000000;0.000000;2.000000;-303.574066;-291.732269;2230.377930;0.160786;0.000000;0.000000;0.000000;0.000000;2.000000;-171.156281;-214.434540;2053.591309;0.293651;0.000000;0.000000;0.000000;0.000000;2.000000;-117.437912;-205.693069;1965.789551;0.261340;0.000000;0.000000;0.000000;0.000000;2.000000;-64.183136;-191.552628;1875.443970;0.152522;0.000000;0.000000;0.000000;0.000000;2.000000;-83.711761;-224.215393;1959.169800;0.196489;0.000000;0.000000;0.000000;0.000000;2.000000;90.365341;-155.343338;2007.685547;0.068747;0.000000;0.000000;0.000000;0.000000;2.000000;357.536041;-62.565643;1726.417358;0.701054;0.000000;0.000000;0.000000;0.000000;2.000000;188.838165;214.282410;1926.939819;0.384503;0.000000;0.000000;0.000000;0.000000;2.000000;214.975464;377.587524;1840.404907;0.201089;0.000000;0.000000;0.000000;0.000000;2.000000;-81.486404;-145.181717;1993.069702;0.061989;0.000000;0.000000;0.000000;0.000000;2.000000;-185.272995;-88.263794;1612.614746;0.137647;0.000000;0.000000;0.000000;0.000000;2.000000;-132.924850;246.801147;1795.309814;0.256881;0.000000;0.000000;0.000000;0.000000;2.000000;-138.011612;390.021118;1700.683472;0.376826;0.000000;0.000000;0.000000;0.000000;2.000000;-66.149109;-711.992981;2214.150635;0.150567;0.000000;0.000000;0.000000;0.000000;2.000000;6.402287;-689.706299;2073.181641;0.163137;0.000000;0.000000;0.000000;0.000000;2.000000;9.954624;-740.536011;2095.847656;0.183897;0.000000;0.000000;0.000000;0.000000;2.000000;6.655987;-786.817505;2213.325684;0.199382;0.000000;0.000000;0.000000;0.000000;2.000000;-33.239719;-722.655762;2072.865234;0.174827;0.000000;0.000000;0.000000;0.000000;2.000000;-138.758286;-746.106812;2146.058350;0.161927;0.000000;0.000000;0.000000;0.000000;2.000000;6711366656.000000
0.000000;-150.000015;2000.000000;0.000000;0.000000;0.000000;0.000000;0.000000;2.000000;-16.945168;-298.754150;2095.817871;0.000055;0.000000;0.000000;0.000000;0.000000;2.000000;-30.223740;-421.089355;2166.891602;0.000133;0.000000;0.000000;0.000000;0.000000;2.000000;-54.421883;-631.525024;2210.726074;0.000365;0.000000;0.000000;0.000000;0.000000;2.000000;-17.594574;-601.872070;2198.505371;0.000327;0.000000;0.000000;0.000000;0.000000;2.000000;117.196861;-610.360840;2153.280762;0.000251;0.000000;0.000000;0.000000;0.000000;2.000000;109.038338;-396.558899;1979.991821;0.000793;0.000000;0.000000;0.000000;0.000000;2.000000;-105.406631;-482.652527;1978.368408;0.001445;0.000000;0.000000;0.000000;0.000000;2.000000;-163.606277;-506.356049;2050.863281;0.001958;0.000000;0.000000;0.000000;0.000000;2.000000;-186.287079;-434.018646;2127.304688;0.002363;0.000000;0.000000;0.000000;0.000000;2.000000;-210.072128;-476.207397;2032.711792;0.003636;0.000000;0.000000;0.000000;0.000000;2.000000;-82.716110;-591.283203;2210.454834;0.000321;0.000000;0.000000;0.000000;0.000000;2.000000;-208.640503;-555.153931;2212.970459;0.000157;0.000000;0.000000;0.000000;0.000000;2.000000;-303.583740;-291.744934;2230.404297;0.000926;0.000000;0.000000;0.000000;0.000000;2.000000;-171.182892;-214.420105;2053.619629;0.001246;0.000000;0.000000;0.000000;0.000000;2.000000;-117.479004;-205.660812;1965.811523;0.001703;0.000000;0.000000;0.000000;0.000000;2.000000;-64.246552;-191.503494;1875.456421;0.002439;0.000000;0.000000;0.000000;0.000000;2.000000;-83.756195;-224.177353;1959.182373;0.001798;0.000000;0.000000;0.000000;0.000000;2.000000;90.364594;-155.343658;2007.684937;0.000031;0.000000;0.000000;0.000000;0.000000;2.000000;357.520172;-62.571747;1726.405518;0.000623;0.000000;0.000000;0.000000;0.000000;2.000000;188.838852;214.271301;1926.942505;0.000344;0.000000;0.000000;0.000000;0.000000;2.000000;214.972153;377.574158;1840.405396;0.000414;0.000000;0.000000;0.000000;0.000000;2.000000;-81.485725;-145.181427;1993.070190;0.000027;0.000000;0.000000;0.000000;0.000000;2.000000;-185.287003;-88.248276;1612.625000;0.000700;0.000000;0.000000;0.000000;0.000000;2.000000;-132.924957;246.803528;1795.333374;0.000712;0.000000;0.000000;0.000000;0.000000;2.000000;-138.017456;390.027893;1700.716797;0.001037;0.000000;0.000000;0.000000;0.000000;2.000000;-66.146706;-711.991699;2214.135986;0.000448;0.000000;0.000000;0.000000;0.000000;2.000000;6.401815;-689.698853;2073.167725;0.000474;0.000000;0.000000;0.000000;0.000000;2.000000;9.959339;-740.527649;2095.834229;0.000496;0.000000;0.000000;0.000000;0.000000;2.000000;6.665464;-786.808105;2213.311523;0.000585;0.000000;0.000000;0.000000;0.000000;2.000000;-33.236465;-722.652100;2072.851563;0.000436;0.000000;0.000000;0.000000;0.000000;2.000000;-138.751724;-746.113281;2146.044189;0.000508;0.000000;0.000000;0.000000;0.000000;2.000000;6711399936.000000
0.000000;-150.000000;2000.000000;0.000000;0.000000;0.000000;0.000000;0.000000;2.000000;-15.214401;-299.418335;2094.122314;0.075490;0.000000;0.000000;0.000000;0.000000;2.000000;-27.321049;-419.786407;2167.904785;0.100335;0.000000;0.000000;0.000000;0.000000;2.000000;-53.222099;-629.751587;2209.951416;0.068419;0.000000;0.000000;0.000000;0.000000;2.000000;-16.263901;-600.410889;2197.927979;0.061866;0.000000;0.000000;0.000000;0.000000;2.000000;116.822815;-606.219849;2148.685059;0.186221;0.000000;0.000000;0.000000;0.000000;2.000000;109.804909;-406.241211;1960.708496;0.648775;0.000000;0.000000;0.000000;0.000000;2.000000;-115.136185;-456.232910;1960.415039;1.003347;0.000000;0.000000;0.000000;0.000000;2.000000;-159.287308;-449.794586;2045.040405;1.713467;0.000000;0.000000;0.000000;0.000000;2.000000;-194.956558;-414.963837;2140.114258;0.737453;0.000000;0.000000;0.000000;0.000000;2.000000;-192.149536;-447.091980;2058.495361;1.286717;0.000000;0.000000;0.000000;0.000000;2.000000;-81.078743;-589.374878;2210.069336;0.076438;0.000000;0.000000;0.000000;0.000000;2.000000;-206.103271;-551.429810;2209.929932;0.163345;0.000000;0.000000;0.000000;0.000000;2.000000;-307.419006;-291.144989;2225.482422;0.188356;0.000000;0.000000;0.000000;0.000000;2.000000;-179.143906;-215.835571;2045.692017;0.340258;0.000000;0.000000;0.000000;0.000000;2.000000;-125.737915;-207.019409;1958.053589;0.342918;0.000000;0.000000;0.000000;0.000000;2.000000;-66.298790;-190.046036;1872.535278;0.115866;0.000000;0.000000;0.000000;0.000000;2.000000;-94.446335;-218.552704;1951.541382;0.429488;0.000000;0.000000;0.000000;0.000000;2.000000;90.207916;-155.015488;2006.619751;0.033821;0.000000;0.000000;0.000000;0.000000;2.000000;348.149353;-74.549866;1714.757324;0.575613;0.000000;0.000000;0.000000;0.000000;2.000000;185.938339;198.972626;1922.981323;0.482787;0.000000;0.000000;0.000000;0.000000;2.000000;207.769592;367.520477;1847.110596;0.422721;0.000000;0.000000;0.000000;0.000000;2.000000;-81.344452;-145.477295;1994.030884;0.030502;0.000000;0.000000;0.000000;0.000000;2.000000;-186.881516;-87.376282;1615.430786;0.100449;0.000000;0.000000;0.000000;0.000000;2.000000;-134.593109;249.968658;1791.511108;0.157317;0.000000;0.000000;0.000000;0.000000;2.000000;-140.267914;390.778839;1694.227661;0.207609;0.000000;0.000000;0.000000;0.000000;2.000000;-65.618660;-709.907471;2212.721680;0.077330;0.000000;0.000000;0.000000;0.000000;2.000000;4.996201;-691.389648;2070.745605;0.098295;0.000000;0.000000;0.000000;0.000000;2.000000;16.614498;-737.874878;2098.967041;0.234958;0.000000;0.000000;0.000000;0.000000;2.000000;18.624977;-770.562439;2220.583008;0.644338;0.000000;0.000000;0.000000;0.000000;2.000000;-28.342522;-730.372986;2074.051758;0.277035;0.000000;0.000000;0.000000;0.000000;2.000000;-129.638977;-763.201416;2148.921387;0.588302;0.000000;0.000000;0.000000;0.000000;2.000000;6711433216.000000
0.000000;-150.000015;2000.000000;0.000000;0.000000;0.000000;0.000000;0.000000;2.000000;-15.285515;-299.206543;2094.193359;0.007044;0.000000;0.000000;0.000000;0.000000;2.000000;-27.448776;-419.403656;2168.038574;0.012774;0.000000;0.000000;0.000000;0.000000;2.000000;-53.066360;-629.323730;2209.641357;0.016552;0.000000;0.000000;0.000000;0.000000;2.000000;-16.193481;-599.954712;2197.575195;0.017457;0.000000;0.000000;0.000000;0.000000;2.000000;116.454895;-605.632690;2147.453125;0.042471;0.000000;0.000000;0.000000;0.000000;2.000000;109.477737;-404.362335;1961.165649;0.058930;0.000000;0.000000;0.000000;0.000000;2.000000;-116.241890;-449.835205;1961.053955;0.196031;0.000000;0.000000;0.000000;0.000000;2.000000;-161.554199;-440.759766;2044.736450;0.280043;0.000000;0.000000;0.000000;0.000000;2.000000;-196.621765;-403.049011;2138.838379;0.363524;0.000000;0.000000;0.000000;0.000000;2.000000;-196.403137;-427.162598;2052.430176;0.638873;0.000000;0.000000;0.000000;0.000000;2.000000;-80.925446;-588.994995;2209.946289;0.012852;0.000000;0.000000;0.000000;0.000000;2.000000;-206.061340;-551.791748;2211.355225;0.044205;0.000000;0.000000;0.000000;0.000000;2.000000;-309.823212;-292.954956;2230.671875;0.180255;0.000000;0.000000;0.000000;0.000000;2.000000;-184.535400;-214.013092;2050.563232;0.225097;0.000000;0.000000;0.000000;0.000000;2.000000;-133.894501;-203.272980;1961.599976;0.289995;0.000000;0.000000;0.000000;0.000000;2.000000;-78.290367;-185.024826;1873.891479;0.392757;0.000000;0.000000;0.000000;0.000000;2.000000;-103.351006;-215.056915;1953.600952;0.294035;0.000000;0.000000;0.000000;0.000000;2.000000;90.135010;-155.028580;2006.661621;0.002557;0.000000;0.000000;0.000000;0.000000;2.000000;350.190948;-73.949982;1717.266968;0.098868;0.000000;0.000000;0.000000;0.000000;2.000000;185.889008;199.350281;1923.608276;0.022042;0.000000;0.000000;0.000000;0.000000;2.000000;208.351349;367.203491;1846.735107;0.022882;0.000000;0.000000;0.000000;0.000000;2.000000;-81.278694;-145.465546;1993.993042;0.002307;0.000000;0.000000;0.000000;0.000000;2.000000;-184.823303;-89.153030;1614.889404;0.083305;0.000000;0.000000;0.000000;0.000000;2.000000;-134.466034;249.275513;1788.803711;0.084063;0.000000;0.000000;0.000000;0.000000;2.000000;-140.020325;389.527649;1690.937866;0.106021;0.000000;0.000000;0.000000;0.000000;2.000000;-65.396416;-709.432617;2212.260254;0.020986;0.000000;0.000000;0.000000;0.000000;2.000000;8.604219;-689.293945;2072.381348;0.134666;0.000000;0.000000;0.000000;0.000000;2.000000;16.279707;-737.817993;2098.344727;0.021302;0.000000;0.000000;0.000000;0.000000;2.000000;13.913536;-776.495117;2218.083496;0.239711;0.000000;0.000000;0.000000;0.000000;2.000000;-27.558495;-725.756042;2073.308838;0.142476;0.000000;0.000000;0.000000;0.000000;2.000000;-132.118195;-754.530029;2145.126221;0.294015;0.000000;0.000000;0.000000;0.000000;2.000000;6711466496.000000
0.000000;-150.000000;2000.000000;0.000000;0.000000;0.000000;0.000000;0.000000;2.000000;-13.988762;-299.255219;2092.884277;0.055387;0.000000;0.000000;0.000000;0.000000;2.000000;-25.290947;-417.349976;2169.060547;0.094631;0.000000;0.000000;0.000000;0.000000;2.000000;-53.732285;-626.340759;2208.684814;0.096231;0.000000;0.000000;0.000000;0.000000;2.000000;-16.523304;-597.434998;2197.395996;0.076548;0.000000;0.000000;0.000000;0.000000;2.000000;116.383026;-616.041260;2153.152100;0.356576;0.000000;0.000000;0.000000;0.000000;2.000000;68.201599;-406.359314;1984.837524;1.431016;0.000000;0.000000;0.000000;0.000000;2.000000;-158.225464;-431.494965;1959.095581;1.377900;0.000000;0.000000;0.000000;0.000000;2.000000;-220.845123;-397.250366;2022.073730;2.312351;0.000000;0.000000;0.000000;0.000000;2.000000;-199.018860;-403.134369;2126.465088;0.378715;0.000000;0.000000;0.000000;0.000000;2.000000;-224.410919;-387.948456;2069.092773;1.532106;0.000000;0.000000;0.000000;0.000000;2.000000;-81.021492;-585.876648;2208.867432;0.099192;0.000000;0.000000;0.000000;0.000000;2.000000;-206.312958;-551.411377;2205.197998;0.185520;0.000000;0.000000;0.000000;0.000000;2.000000;-320.117157;-297.566376;2214.092285;0.602547;0.000000;0.000000;0.000000;0.000000;2.000000;-200.047302;-215.088089;2033.306763;0.697970;0.000000;0.000000;0.000000;0.000000;2.000000;-136.348114;-209.738586;1953.197632;0.326991;0.000000;0.000000;0.000000;0.000000;2.000000;-80.242798;-198.347824;1865.192383;0.481697;0.000000;0.000000;0.000000;0.000000;2.000000;-108.379906;-226.202362;1948.243652;0.401129;0.000000;0.000000;0.000000;0.000000;2.000000;89.722839;-153.542480;2007.820313;0.057962;0.000000;0.000000;0.000000;0.000000;2.000000;344.475433;-75.913239;1715.115967;0.192749;0.000000;0.000000;0.000000;0.000000;2.000000;180.330292;196.383942;1919.912109;0.219495;0.000000;0.000000;0.000000;0.000000;2.000000;203.989471;365.775543;1848.921753;0.152763;0.000000;0.000000;0.000000;0.000000;2.000000;-80.907036;-146.805588;1992.948120;0.052267;0.000000;0.000000;0.000000;0.000000;2.000000;-189.520630;-81.053375;1618.590210;0.302525;0.000000;0.000000;0.000000;0.000000;2.000000;-140.367767;252.602692;1798.349731;0.351739;0.000000;0.000000;0.000000;0.000000;2.000000;-144.157715;385.162750;1691.381104;0.181205;0.000000;0.000000;0.000000;0.000000;2.000000;-66.939209;-705.978027;2210.571045;0.124501;0.000000;0.000000;0.000000;0.000000;2.000000;1.070656;-693.963562;2067.530762;0.303602;0.000000;0.000000;0.000000;0.000000;2.000000;12.325169;-739.367737;2097.077637;0.133183;0.000000;0.000000;0.000000;0.000000;2.000000;15.939813;-767.512634;2219.135742;0.278489;0.000000;0.000000;0.000000;0.000000;2.000000;-32.707916;-731.998169;2072.813232;0.243605;0.000000;0.000000;0.000000;0.000000;2.000000;-132.688538;-760.106995;2150.191895;0.227035;0.000000;0.000000;0.000000;0.000000;2.000000;6711499776.000000
0.000000;-149.999985;2000.000000;0.000000;0.000000;0.000000;0.000000;0.000000;2.000000;-14.176895;-299.357178;2092.673828;0.008882;0.000000;0.000000;0.000000;0.000000;2.000000;-25.620243;-417.645233;2168.514160;0.020803;0.000000;0.000000;0.000000;0.000000;2.000000;-54.677094;-626.698608;2207.291016;0.050943;0.000000;0.000000;0.000000;0.000000;2.000000;-17.374447;-597.849243;2196.179199;0.045621;0.000000;0.000000;0.000000;0.000000;2.000000;115.410095;-616.371765;2151.560303;0.056068;0.000000;0.000000;0.000000;0.000000;2.000000;66.505188;-406.988586;1983.106445;0.074103;0.000000;0.000000;0.000000;0.000000;2.000000;-159.756668;-429.143677;1953.563599;0.183561;0.000000;0.000000;0.000000;0.000000;2.000000;-225.045074;-389.758972;2010.532593;0.425724;0.000000;0.000000;0.000000;0.000000;2.000000;-213.435715;-387.776031;2116.686523;0.687257;0.000000;0.000000;0.000000;0.000000;2.000000;-234.816528;-373.705109;2049.694824;0.775890;0.000000;0.000000;0.000000;0.000000;2.000000;-81.859398;-586.166321;2207.578369;0.046298;0.000000;0.000000;0.000000;0.000000;2.000000;-206.996338;-551.225281;2203.416260;0.056740;0.000000;0.000000;0.000000;0.000000;2.000000;-321.129120;-297.506714;2211.169678;0.091543;0.000000;0.000000;0.000000;0.000000;2.000000;-198.901169;-215.224060;2031.762451;0.057054;0.000000;0.000000;0.000000;0.000000;2.000000;-133.234940;-210.103760;1953.249390;0.092772;0.000000;0.000000;0.000000;0.000000;2.000000;-74.122597;-199.119217;1867.188965;0.191871;0.000000;0.000000;0.000000;0.000000;2.000000;-105.500656;-226.676819;1948.754761;0.087669;0.000000;0.000000;0.000000;0.000000;2.000000;89.707649;-153.607773;2007.908691;0.003283;0.000000;0.000000;0.000000;0.000000;2.000000;345.657440;-75.032471;1716.532837;0.060506;0.000000;0.000000;0.000000;0.000000;2.000000;180.308105;196.455750;1921.397095;0.044001;0.000000;0.000000;0.000000;0.000000;2.000000;204.050552;365.865417;1850.503662;0.046923;0.000000;0.000000;0.000000;0.000000;2.000000;-80.893326;-146.746689;1992.868408;0.002961;0.000000;0.000000;0.000000;0.000000;2.000000;-188.939621;-80.726440;1618.416016;0.020391;0.000000;0.000000;0.000000;0.000000;2.000000;-140.062515;252.865173;1798.327271;0.011932;0.000000;0.000000;0.000000;0.000000;2.000000;-143.944611;386.058472;1692.166260;0.035809;0.000000;0.000000;0.000000;0.000000;2.000000;-68.094574;-706.303345;2208.850586;0.062079;0.000000;0.000000;0.000000;0.000000;2.000000;3.356667;-693.930298;2067.538574;0.067657;0.000000;0.000000;0.000000;0.000000;2.000000;10.895798;-741.025513;2095.575439;0.078563;0.000000;0.000000;0.000000;0.000000;2.000000;10.188938;-773.683350;2216.549316;0.261088;0.000000;0.000000;0.000000;0.000000;2.000000;-33.041832;-729.700562;2070.837402;0.090219;0.000000;0.000000;0.000000;0.000000;2.000000;-136.199936;-753.568115;2145.407227;0.261323;0.000000;0.000000;0.000000;0.000000;2.000000;6711533568.000000
0.000000;-150.000015;2000.000000;0.000001;0.000000;0.000000;0.000000;0.000000;2.000000;-15.231258;-299.525482;2089.770020;0.092965;0.000000;0.000000;0.000000;0.000000;2.000000;-27.409866;-417.760437;2163.663818;0.155386;0.000000;0.000000;0.000000;0.000000;2.000000;-54.764133;-624.469177;2207.371094;0.067084;0.000000;0.000000;0.000000;0.000000;2.000000;-18.086700;-595.999207;2194.816406;0.072285;0.000000;0.000000;0.000000;0.000000;2.000000;113.938354;-610.071533;2149.550049;0.203574;0.000000;0.000000;0.000000;0.000000;2.000000;60.428505;-414.801636;1969.161377;0.513844;0.000000;0.000000;0.000000;0.000000;2.000000;-164.851379;-420.948486;1937.361816;0.566639;0.000000;0.000000;0.000000;0.000000;2.000000;-242.969238;-386.504028;1977.855347;1.124165;0.000000;0.000000;0.000000;0.000000;2.000000;-240.902924;-348.061462;2076.651855;1.884776;0.000000;0.000000;0.000000;0.000000;2.000000;-256.225952;-349.479797;1974.032593;2.472356;0.000000;0.000000;0.000000;0.000000;2.000000;-81.840378;-584.290283;2207.437500;0.056533;0.000000;0.000000;0.000000;0.000000;2.000000;-207.239136;-553.878906;2209.452393;0.198262;0.000000;0.000000;0.000000;0.000000;2.000000;-328.826416;-306.082062;2196.979736;0.549263;0.000000;0.000000;0.000000;0.000000;2.000000;-208.879333;-214.492935;2022.784912;0.403914;0.000000;0.000000;0.000000;0.000000;2.000000;-132.579163;-213.720901;1955.488770;0.129341;0.000000;0.000000;0.000000;0.000000;2.000000;-71.726379;-204.142456;1871.419922;0.210070;0.000000;0.000000;0.000000;0.000000;2.000000;-116.988190;-230.403442;1945.931152;0.372674;0.000000;0.000000;0.000000;0.000000;2.000000;89.136154;-156.602051;2004.127075;0.145951;0.000000;0.000000;0.000000;0.000000;2.000000;339.683258;-72.504822;1713.473022;0.215515;0.000000;0.000000;0.000000;0.000000;2.000000;190.089600;204.932312;1917.442139;0.406673;0.000000;0.000000;0.000000;0.000000;2.000000;205.339661;372.482727;1843.354614;0.295266;0.000000;0.000000;0.000000;0.000000;2.000000;-80.377991;-144.046661;1996.278564;0.131612;0.000000;0.000000;0.000000;0.000000;2.000000;-190.744888;-84.109863;1624.498291;0.216055;0.000000;0.000000;0.000000;0.000000;2.000000;-141.326599;252.171448;1793.041382;0.164634;0.000000;0.000000;0.000000;0.000000;2.000000;-146.010300;389.184570;1693.982910;0.125123;0.000000;0.000000;0.000000;0.000000;2.000000;-67.835098;-703.472717;2210.967773;0.106500;0.000000;0.000000;0.000000;0.000000;2.000000;4.425415;-694.794128;2071.086426;0.114324;0.000000;0.000000;0.000000;0.000000;2.000000;12.901661;-740.153076;2100.876465;0.172313;0.000000;0.000000;0.000000;0.000000;2.000000;11.660889;-767.719604;2222.177002;0.250327;0.000000;0.000000;0.000000;0.000000;2.000000;-30.718357;-731.178467;2075.401367;0.160166;0.000000;0.000000;0.000000;0.000000;2.000000;-133.307068;-754.835510;2149.197998;0.148259;0.000000;0.000000;0.000000;0.000000;2.000000;6711566848.000000
0.000000;-149.999985;2000.000000;0.000001;0.000000;0.000000;0.000000;0.000000;2.000000;-17.623728;-300.852081;2088.906738;0.086197;0.000000;0.000000;0.000000;0.000000;2.000000;-31.966799;-420.045898;2162.266113;0.158836;0.000000;0.000000;0.000000;0.000000;2.000000;-56.245659;-627.427124;2209.897461;0.125077;0.000000;0.000000;0.000000;0.000000;2.000000;-19.710875;-598.344666;2197.360596;0.114861;0.000000;0.000000;0.000000;0.000000;2.000000;112.522629;-610.179321;2149.829102;0.043479;0.000000;0.000000;0.000000;0.000000;2.000000;57.845810;-413.363525;1969.323486;0.088958;0.000000;0.000000;0.000000;0.000000;2.000000;-170.090805;-415.204102;1949.645752;0.436830;0.000000;0.000000;0.000000;0.000000;2.000000;-257.147156;-378.834930;1960.649048;0.708450;0.000000;0.000000;0.000000;0.000000;2.000000;-246.326950;-315.184479;2045.459595;1.371481;0.000000;0.000000;0.000000;0.000000;2.000000;-258.420868;-335.087341;1940.134155;1.108552;0.000000;0.000000;0.000000;0.000000;2.000000;-84.235214;-587.586670;2208.662598;0.127845;0.000000;0.000000;0.000000;0.000000;2.000000;-210.171509;-556.749817;2212.944336;0.161910;0.000000;0.000000;0.000000;0.000000;2.000000;-332.188873;-308.918152;2183.999512;0.411818;0.000000;0.000000;0.000000;0.000000;2.000000;-211.244339;-221.327042;2006.856567;0.525636;0.000000;0.000000;0.000000;0.000000;2.000000;-122.659164;-211.471954;1956.699951;0.307800;0.000000;0.000000;0.000000;0.000000;2.000000;-50.352463;-193.296585;1883.091553;0.801053;0.000000;0.000000;0.000000;0.000000;2.000000;-112.612061;-225.973007;1942.076660;0.220063;0.000000;0.000000;0.000000;0.000000;2.000000;89.082840;-153.354584;2011.966797;0.254984;0.000000;0.000000;0.000000;0.000000;2.000000;334.944580;-78.062469;1712.242310;0.222553;0.000000;0.000000;0.000000;0.000000;2.000000;182.297989;202.478394;1913.323608;0.274892;0.000000;0.000000;0.000000;0.000000;2.000000;205.605377;370.125000;1839.147583;0.145131;0.000000;0.000000;0.000000;0.000000;2.000000;-80.329918;-146.975006;1989.209106;0.229931;0.000000;0.000000;0.000000;0.000000;2.000000;-190.171600;-87.713181;1614.991455;0.305978;0.000000;0.000000;0.000000;0.000000;2.000000;-143.789673;247.108215;1791.608765;0.174578;0.000000;0.000000;0.000000;0.000000;2.000000;-150.139740;390.276978;1700.116699;0.224596;0.000000;0.000000;0.000000;0.000000;2.000000;-67.913933;-707.001221;2214.883301;0.158396;0.000000;0.000000;0.000000;0.000000;2.000000;2.060944;-693.419067;2073.304443;0.105815;0.000000;0.000000;0.000000;0.000000;2.000000;7.044313;-741.874329;2099.299805;0.189463;0.000000;0.000000;0.000000;0.000000;2.000000;5.992521;-779.166870;2218.658203;0.398125;0.000000;0.000000;0.000000;0.000000;2.000000;-36.357445;-726.923218;2075.790039;0.212594;0.000000;0.000000;0.000000;0.000000;2.000000;-139.544678;-747.337830;2150.888672;0.297433;0.000000;0.000000;0.000000;0.000000;2.000000;6711600128.000000
