posX0;posY0;posZ0;posVel0;rotX0;rotY0;rotZ0;rotVel0;confidence0;posX1;posY1;posZ1;posVel1;rotX1;rotY1;rotZ1;rotVel1;confidence1;posX2;posY2;posZ2;posVel2;rotX2;rotY2;rotZ2;rotVel2;confidence2;posX3;posY3;posZ3;posVel3;rotX3;rotY3;rotZ3;rotVel3;confidence3;posX4;posY4;posZ4;posVel4;rotX4;rotY4;rotZ4;rotVel4;confidence4;posX5;posY5;posZ5;posVel5;rotX5;rotY5;rotZ5;rotVel5;confidence5;posX6;posY6;posZ6;posVel6;rotX6;rotY6;rotZ6;rotVel6;confidence6;posX7;posY7;posZ7;posVel7;rotX7;rotY7;rotZ7;rotVel7;confidence7;posX8;posY8;posZ8;posVel8;rotX8;rotY8;rotZ8;rotVel8;confidence8;posX9;posY9;posZ9;posVel9;rotX9;rotY9;rotZ9;rotVel9;confidence9;posX10;posY10;posZ10;posVel10;rotX10;rotY10;rotZ10;rotVel10;confidence10;posX11;posY11;posZ11;posVel11;rotX11;rotY11;rotZ11;rotVel11;confidence11;posX12;posY12;posZ12;posVel12;rotX12;rotY12;rotZ12;rotVel12;confidence12;posX13;posY13;posZ13;posVel13;rotX13;rotY13;rotZ13;rotVel13;confidence13;posX14;posY14;posZ14;posVel14;rotX14;rotY14;rotZ14;rotVel14;confidence14;posX15;posY15;posZ15;posVel15;rotX15;rotY15;rotZ15;rotVel15;confidence15;posX16;posY16;posZ16;posVel16;rotX16;rotY16;rotZ16;rotVel16;confidence16;posX17;posY17;posZ17;posVel17;rotX17;rotY17;rotZ17;rotVel17;confidence17;posX18;posY18;posZ18;posVel18;rotX18;rotY18;rotZ18;rotVel18;confidence18;posX19;posY19;posZ19;posVel19;rotX19;rotY19;rotZ19;rotVel19;confidence19;posX20;posY20;posZ20;posVel20;rotX20;rotY20;rotZ20;rotVel20;confidence20;posX21;posY21;posZ21;posVel21;rotX21;rotY21;rotZ21;rotVel21;confidence21;posX22;posY22;posZ22;posVel22;rotX22;rotY22;rotZ22;rotVel22;confidence22;posX23;posY23;posZ23;posVel23;rotX23;rotY23;rotZ23;rotVel23;confidence23;posX24;posY24;posZ24;posVel24;rotX24;rotY24;rotZ24;rotVel24;confidence24;posX25;posY25;posZ25;posVel25;rotX25;rotY25;rotZ25;rotVel25;confidence25;posX26;posY26;posZ26;posVel26;rotX26;rotY26;rotZ26;rotVel26;confidence26;posX27;posY27;posZ27;posVel27;rotX27;rotY27;rotZ27;rotVel27;confidence27;posX28;posY28;posZ28;posVel28;rotX28;rotY28;rotZ28;rotVel28;confidence28;posX29;posY29;posZ29;posVel29;rotX29;rotY29;rotZ29;rotVel29;confidence29;posX30;posY30;posZ30;posVel30;rotX30;rotY30;rotZ30;rotVel30;confidence30;posX31;posY31;posZ31;posVel31;rotX31;rotY31;rotZ31;rotVel31;confidence31;TimeStamp
0.000000;-150.000000;2000.000000;0.000000;0.000000;0.000000;0.000000;0.000000;2.000000;-26.875519;-347.430115;1997.813477;0.000000;0.000000;0.000000;0.000000;0.000000;2.000000;-39.320221;-505.938751;1987.965820;0.000000;0.000000;0.000000;0.000000;0.000000;2.000000;-98.428650;-739.876953;1963.904419;0.000000;0.000000;0.000000;0.000000;0.000000;2.000000;-95.571838;-696.052002;1931.220337;0.000000;0.000000;0.000000;0.000000;0.000000;2.000000;-110.811829;-630.719727;1786.333130;0.000000;0.000000;0.000000;0.000000;0.000000;2.000000;-33.730072;-331.945038;1778.818359;0.000000;0.000000;0.000000;0.000000;0.000000;2.000000;-227.400681;-181.870697;1862.945435;0.000000;0.000000;0.000000;0.000000;0.000000;1.000000;-330.309753;-212.815872;1867.329224;0.000000;0.000000;0.000000;0.000000;0.000000;1.000000;-449.559113;-217.644394;1885.262817;0.000000;0.000000;0.000000;0.000000;0.000000;1.000000;-256.473694;-307.202545;1898.328369;0.000000;0.000000;0.000000;0.000000;0.000000;1.000000;-79.558655;-706.877930;2003.856689;0.000000;0.000000;0.000000;0.000000;0.000000;2.000000;-66.075348;-684.295044;2148.367920;0.000000;0.000000;0.000000;0.000000;0.000000;2.000000;-75.601563;-417.854248;2315.166016;0.000000;0.000000;0.000000;0.000000;0.000000;1.000000;-322.999084;-353.366821;2256.398926;0.000000;0.000000;0.000000;0.000000;0.000000;1.000000;-355.912750;-456.638367;2215.634766;0.000000;0.000000;0.000000;0.000000;0.000000;1.000000;-422.940216;-400.853607;2135.212158;0.000000;0.000000;0.000000;0.000000;0.000000;1.000000;-303.339844;-474.172852;2196.137939;0.000000;0.000000;0.000000;0.000000;0.000000;1.000000;-67.214539;-140.010178;1924.143677;0.000000;0.000000;0.000000;0.000000;0.000000;2.000000;-252.427872;263.227661;1979.168213;0.000000;0.000000;0.000000;0.000000;0.000000;2.000000;-397.454620;663.057983;2020.524658;0.000000;0.000000;0.000000;0.000000;0.000000;2.000000;-583.758972;731.366943;2086.904785;0.000000;0.000000;0.000000;0.000000;0.000000;2.000000;60.610291;-159.008255;2068.402832;0.000000;0.000000;0.000000;0.000000;0.000000;2.000000;96.419586;279.018677;1988.701050;0.000000;0.000000;0.000000;0.000000;0.000000;2.000000;250.692169;666.437256;1876.556396;0.000000;0.000000;0.000000;0.000000;0.000000;2.000000;165.565033;839.105591;1876.797485;0.000000;0.000000;0.000000;0.000000;0.000000;2.000000;-134.543823;-823.492188;1958.577637;0.000000;0.000000;0.000000;0.000000;0.000000;2.000000;-299.794312;-809.902344;1889.883301;0.000000;0.000000;0.000000;0.000000;0.000000;2.000000;-264.108521;-856.882446;1869.204224;0.000000;0.000000;0.000000;0.000000;0.000000;2.000000;-124.902802;-879.217651;1856.112305;0.000000;0.000000;0.000000;0.000000;0.000000;2.000000;-289.769836;-857.114868;1921.659424;0.000000;0.000000;0.000000;0.000000;0.000000;2.000000;-195.952347;-898.109741;2026.218872;0.000000;0.000000;0.000000;0.000000;0.000000;1.000000;9804766208.000000
0.000000;-150.000000;2000.000000;0.000000;0.000000;0.000000;0.000000;0.000000;2.000000;-27.750763;-342.223297;1977.162964;0.630765;0.000000;0.000000;0.000000;0.000000;2.000000;-47.386719;-496.090912;1957.665649;0.972586;0.000000;0.000000;0.000000;0.000000;2.000000;-104.497406;-724.129395;1920.675659;1.373291;0.000000;0.000000;0.000000;0.000000;2.000000;-96.828857;-680.440063;1890.361450;1.294922;0.000000;0.000000;0.000000;0.000000;2.000000;-95.465424;-612.476807;1749.181152;1.306309;0.000000;0.000000;0.000000;0.000000;2.000000;-13.266083;-321.385406;1733.049805;1.516192;0.000000;0.000000;0.000000;0.000000;2.000000;-158.754456;-151.005951;1853.204102;2.245903;0.000000;0.000000;0.000000;0.000000;2.000000;-236.771667;-94.319717;1810.303101;4.775612;0.000000;0.000000;0.000000;0.000000;2.000000;-318.553009;-151.681488;1746.666504;5.971783;0.000000;0.000000;0.000000;0.000000;1.000000;-263.393677;-226.150940;1806.604126;3.628057;0.000000;0.000000;0.000000;0.000000;1.000000;-91.075134;-692.953369;1962.829468;1.326654;0.000000;0.000000;0.000000;0.000000;2.000000;-91.348541;-672.823853;2105.568115;1.509565;0.000000;0.000000;0.000000;0.000000;2.000000;-94.987152;-428.589722;2294.226807;0.902218;0.000000;0.000000;0.000000;0.000000;1.000000;-316.663361;-311.083740;2236.505127;1.395502;0.000000;0.000000;0.000000;0.000000;1.000000;-369.329895;-400.959839;2191.073730;1.844124;0.000000;0.000000;0.000000;0.000000;1.000000;-441.881409;-380.764465;2102.293701;1.271447;0.000000;0.000000;0.000000;0.000000;1.000000;-281.013000;-419.951050;2158.635742;2.059818;0.000000;0.000000;0.000000;0.000000;1.000000;-42.078186;-133.338257;1910.887207;0.863828;0.000000;0.000000;0.000000;0.000000;2.000000;-228.024902;259.156952;1973.580444;0.750572;0.000000;0.000000;0.000000;0.000000;2.000000;-380.631775;645.704834;2029.838501;0.766498;0.000000;0.000000;0.000000;0.000000;2.000000;-563.421082;727.434692;2075.395020;0.701273;0.000000;0.000000;0.000000;0.000000;2.000000;37.943756;-165.024643;2080.356934;0.778954;0.000000;0.000000;0.000000;0.000000;2.000000;100.295502;268.000671;2107.673340;3.537649;0.000000;0.000000;0.000000;0.000000;1.000000;317.156036;622.507813;2024.673706;4.977047;0.000000;0.000000;0.000000;0.000000;1.000000;272.774200;804.406860;2049.918701;6.112813;0.000000;0.000000;0.000000;0.000000;1.000000;-139.918427;-805.479004;1908.643311;1.578936;0.000000;0.000000;0.000000;0.000000;2.000000;-294.541870;-767.626465;1833.263184;2.096849;0.000000;0.000000;0.000000;0.000000;2.000000;-273.589752;-824.933716;1826.861572;1.594587;0.000000;0.000000;0.000000;0.000000;2.000000;-148.102890;-884.608032;1825.794678;1.140939;0.000000;0.000000;0.000000;0.000000;2.000000;-296.493378;-805.314209;1875.593994;2.061014;0.000000;0.000000;0.000000;0.000000;2.000000;-215.593445;-840.685059;1988.860718;2.108993;0.000000;0.000000;0.000000;0.000000;1.000000;9804800000.000000
0.000000;-150.000000;2000.000000;0.000000;0.000000;0.000000;0.000000;0.000000;2.000000;-19.364380;-344.053589;1971.334961;0.307034;0.000000;0.000000;0.000000;0.000000;2.000000;-38.067993;-499.032379;1949.797607;0.371265;0.000000;0.000000;0.000000;0.000000;2.000000;-85.062256;-730.207153;1906.352173;0.736752;0.000000;0.000000;0.000000;0.000000;2.000000;-76.535767;-685.610718;1876.836670;0.737725;0.000000;0.000000;0.000000;0.000000;2.000000;-74.748123;-608.193237;1739.181274;0.692467;0.000000;0.000000;0.000000;0.000000;2.000000;3.716370;-316.051910;1697.752930;1.169840;0.000000;0.000000;0.000000;0.000000;2.000000;-55.597778;-67.171707;1712.173340;5.735140;0.000000;0.000000;0.000000;0.000000;2.000000;-19.106506;31.533234;1727.810669;7.830754;0.000000;0.000000;0.000000;0.000000;2.000000;-57.779236;-80.370148;1743.131958;8.001051;0.000000;0.000000;0.000000;0.000000;2.000000;-89.158234;8.354486;1848.855469;8.735440;0.000000;0.000000;0.000000;0.000000;2.000000;-75.785492;-698.829102;1950.001587;0.615681;0.000000;0.000000;0.000000;0.000000;2.000000;-76.073837;-684.037964;2094.546875;0.648711;0.000000;0.000000;0.000000;0.000000;2.000000;-91.417404;-435.307037;2280.766113;0.457547;0.000000;0.000000;0.000000;0.000000;1.000000;-296.533997;-280.254150;2245.747070;1.123384;0.000000;0.000000;0.000000;0.000000;1.000000;-350.907684;-345.124878;2168.562500;1.863096;0.000000;0.000000;0.000000;0.000000;1.000000;-416.200134;-396.612732;2085.759766;1.018296;0.000000;0.000000;0.000000;0.000000;1.000000;-247.354279;-357.155457;2138.835449;2.188317;0.000000;0.000000;0.000000;0.000000;1.000000;-38.320374;-132.653854;1908.458740;0.133945;0.000000;0.000000;0.000000;0.000000;2.000000;-240.681030;252.203491;1989.550293;0.637149;0.000000;0.000000;0.000000;0.000000;2.000000;-333.791962;654.940308;2077.987549;2.006556;0.000000;0.000000;0.000000;0.000000;2.000000;-518.611450;745.421143;2100.280518;1.607492;0.000000;0.000000;0.000000;0.000000;2.000000;34.555176;-165.641785;2082.546875;0.120785;0.000000;0.000000;0.000000;0.000000;2.000000;95.657806;263.531677;2167.967041;1.794410;0.000000;0.000000;0.000000;0.000000;1.000000;362.848938;594.004517;2124.797607;3.364361;0.000000;0.000000;0.000000;0.000000;1.000000;333.737427;774.943237;2176.559082;4.249676;0.000000;0.000000;0.000000;0.000000;1.000000;-117.031219;-813.178955;1890.887085;0.886993;0.000000;0.000000;0.000000;0.000000;2.000000;-276.968170;-780.795532;1820.948608;0.745074;0.000000;0.000000;0.000000;0.000000;2.000000;-251.981781;-836.235596;1809.704956;0.882335;0.000000;0.000000;0.000000;0.000000;2.000000;-121.623703;-886.838257;1801.687256;1.061755;0.000000;0.000000;0.000000;0.000000;2.000000;-275.224091;-821.919312;1860.614136;0.913315;0.000000;0.000000;0.000000;0.000000;2.000000;-188.653244;-860.048096;1970.190430;1.126581;0.000000;0.000000;0.000000;0.000000;1.000000;9804833792.000000
0.000000;-150.000000;2000.000000;0.000000;0.000000;0.000000;0.000000;0.000000;2.000000;-29.880646;-345.897644;1988.968140;0.629078;0.000000;0.000000;0.000000;0.000000;2.000000;-35.832870;-502.835999;1966.379517;0.523644;0.000000;0.000000;0.000000;0.000000;2.000000;-88.493668;-732.379517;1912.810913;0.232833;0.000000;0.000000;0.000000;0.000000;2.000000;-83.260239;-685.540344;1885.389160;0.332023;0.000000;0.000000;0.000000;0.000000;1.000000;-82.014923;-606.252625;1747.540283;0.343164;0.000000;0.000000;0.000000;0.000000;1.000000;20.205872;-332.822998;1651.129150;1.593634;0.000000;0.000000;0.000000;0.000000;1.000000;-56.711441;-91.192909;1698.812622;0.839520;0.000000;0.000000;0.000000;0.000000;1.000000;-1.528564;-0.176550;1710.900513;1.220874;0.000000;0.000000;0.000000;0.000000;1.000000;-20.600647;-112.508362;1749.208496;1.511171;0.000000;0.000000;0.000000;0.000000;1.000000;-47.737961;-8.636324;1837.445801;1.409934;0.000000;0.000000;0.000000;0.000000;1.000000;-74.077744;-703.758423;1957.420898;0.276788;0.000000;0.000000;0.000000;0.000000;2.000000;-71.959900;-696.047546;2103.502930;0.474119;0.000000;0.000000;0.000000;0.000000;2.000000;-23.145050;-466.580322;2311.059326;2.471135;0.000000;0.000000;0.000000;0.000000;2.000000;-231.117035;-310.000793;2288.659180;2.554322;0.000000;0.000000;0.000000;0.000000;1.000000;-289.229767;-361.169189;2203.170898;2.213172;0.000000;0.000000;0.000000;0.000000;1.000000;-360.193481;-393.840149;2114.528809;1.923356;0.000000;0.000000;0.000000;0.000000;1.000000;-208.187500;-358.747070;2151.782715;1.259826;0.000000;0.000000;0.000000;0.000000;1.000000;-61.035629;-136.194290;1920.166016;0.787317;0.000000;0.000000;0.000000;0.000000;2.000000;-245.394516;254.911438;2026.903564;1.151939;0.000000;0.000000;0.000000;0.000000;2.000000;-318.504181;669.105652;2092.137695;0.768776;0.000000;0.000000;0.000000;0.000000;2.000000;-499.632141;769.036865;2117.446045;1.062683;0.000000;0.000000;0.000000;0.000000;2.000000;55.038513;-162.449203;2071.989746;0.709960;0.000000;0.000000;0.000000;0.000000;2.000000;137.008301;264.923340;1979.514526;5.888086;0.000000;0.000000;0.000000;0.000000;2.000000;340.797516;615.829956;1836.954956;8.835142;0.000000;0.000000;0.000000;0.000000;2.000000;310.428986;805.106201;1841.311035;10.296883;0.000000;0.000000;0.000000;0.000000;2.000000;-122.484772;-814.851196;1895.458862;0.223089;0.000000;0.000000;0.000000;0.000000;2.000000;-290.492798;-790.961853;1839.261475;0.760880;0.000000;0.000000;0.000000;0.000000;2.000000;-262.090454;-843.691711;1822.229980;0.541337;0.000000;0.000000;0.000000;0.000000;2.000000;-128.339417;-883.142212;1801.167969;0.234472;0.000000;0.000000;0.000000;0.000000;2.000000;-282.503601;-834.600342;1875.930054;0.646207;0.000000;0.000000;0.000000;0.000000;2.000000;-184.411041;-872.862244;1976.720947;0.457607;0.000000;0.000000;0.000000;0.000000;2.000000;9804866560.000000
0.000000;-150.000000;2000.000000;0.000000;0.000000;0.000000;0.000000;0.000000;2.000000;-29.883591;-346.958618;1987.088257;0.063880;0.000000;0.000000;0.000000;0.000000;2.000000;-35.377090;-504.533142;1962.376465;0.129373;0.000000;0.000000;0.000000;0.000000;2.000000;-84.096222;-732.994934;1895.677490;0.523776;0.000000;0.000000;0.000000;0.000000;2.000000;-80.046844;-684.273132;1870.819824;0.443100;0.000000;0.000000;0.000000;0.000000;2.000000;-81.704666;-586.307434;1744.380005;0.597668;0.000000;0.000000;0.000000;0.000000;2.000000;-46.557541;-284.513000;1686.924561;2.658831;0.000000;0.000000;0.000000;0.000000;2.000000;-102.778870;-31.271862;1694.922485;2.239664;0.000000;0.000000;0.000000;0.000000;2.000000;-115.471184;69.858932;1729.869629;3.997518;0.000000;0.000000;0.000000;0.000000;2.000000;-108.314240;180.806915;1777.392944;9.098133;0.000000;0.000000;0.000000;0.000000;2.000000;-74.800613;100.101585;1698.462402;5.283182;0.000000;0.000000;0.000000;0.000000;2.000000;-69.782761;-706.538513;1942.019897;0.480249;0.000000;0.000000;0.000000;0.000000;2.000000;-55.516449;-701.052673;2088.380371;0.677494;0.000000;0.000000;0.000000;0.000000;2.000000;-30.400665;-466.906128;2297.695801;0.450097;0.000000;0.000000;0.000000;0.000000;1.000000;-235.911896;-304.172607;2316.535156;0.854627;0.000000;0.000000;0.000000;0.000000;1.000000;-294.794098;-343.945190;2224.825684;0.835208;0.000000;0.000000;0.000000;0.000000;1.000000;-354.249115;-400.241028;2138.684570;0.760142;0.000000;0.000000;0.000000;0.000000;1.000000;-187.235641;-334.400757;2180.359375;1.272267;0.000000;0.000000;0.000000;0.000000;1.000000;-62.151108;-135.353241;1920.421143;0.042025;0.000000;0.000000;0.000000;0.000000;2.000000;-238.065811;258.485504;2041.318359;0.490089;0.000000;0.000000;0.000000;0.000000;2.000000;-267.951569;681.497620;2100.052490;1.557991;0.000000;0.000000;0.000000;0.000000;2.000000;-454.237091;777.377014;2107.005371;1.400361;0.000000;0.000000;0.000000;0.000000;2.000000;56.044388;-163.207642;2071.759766;0.037896;0.000000;0.000000;0.000000;0.000000;2.000000;149.948166;267.451416;1994.596802;0.592822;0.000000;0.000000;0.000000;0.000000;2.000000;384.339722;599.660034;1846.757813;1.404797;0.000000;0.000000;0.000000;0.000000;2.000000;349.001038;788.118530;1825.959961;1.327408;0.000000;0.000000;0.000000;0.000000;2.000000;-116.738235;-815.505188;1873.734741;0.665271;0.000000;0.000000;0.000000;0.000000;2.000000;-291.172302;-802.218323;1832.182983;0.394012;0.000000;0.000000;0.000000;0.000000;2.000000;-261.265625;-854.023865;1813.623657;0.398683;0.000000;0.000000;0.000000;0.000000;2.000000;-127.105217;-886.784180;1781.215210;0.601324;0.000000;0.000000;0.000000;0.000000;2.000000;-277.408630;-844.660950;1869.071411;0.390598;0.000000;0.000000;0.000000;0.000000;2.000000;-168.101730;-875.106140;1961.911011;0.655307;0.000000;0.000000;0.000000;0.000000;2.000000;9804900352.000000
0.000000;-150.000000;2000.000000;0.000000;0.000000;0.000000;0.000000;0.000000;2.000000;-28.908035;-348.526489;1982.921631;0.139083;0.000000;0.000000;0.000000;0.000000;2.000000;-34.102188;-507.593079;1958.819092;0.148390;0.000000;0.000000;0.000000;0.000000;2.000000;-97.011719;-735.395691;1894.136108;0.403651;0.000000;0.000000;0.000000;0.000000;2.000000;-95.035728;-685.815186;1869.684326;0.461143;0.000000;0.000000;0.000000;0.000000;2.000000;-116.385551;-578.302979;1751.303955;1.106563;0.000000;0.000000;0.000000;0.000000;2.000000;-130.024567;-269.842590;1707.344727;2.660277;0.000000;0.000000;0.000000;0.000000;2.000000;-157.781540;-10.246420;1688.436279;1.807876;0.000000;0.000000;0.000000;0.000000;2.000000;-165.229156;93.270302;1720.669678;1.701499;0.000000;0.000000;0.000000;0.000000;2.000000;-128.637024;200.031082;1766.870972;0.912111;0.000000;0.000000;0.000000;0.000000;2.000000;-138.504196;99.288445;1812.443115;3.984901;0.000000;0.000000;0.000000;0.000000;2.000000;-76.016235;-710.054321;1939.104126;0.235834;0.000000;0.000000;0.000000;0.000000;2.000000;-42.177002;-707.602539;2083.594727;0.476450;0.000000;0.000000;0.000000;0.000000;2.000000;-4.368927;-478.254303;2300.277588;0.870205;0.000000;0.000000;0.000000;0.000000;1.000000;-213.746735;-323.535675;2350.146484;1.363403;0.000000;0.000000;0.000000;0.000000;1.000000;-281.994934;-362.254120;2263.342529;1.358832;0.000000;0.000000;0.000000;0.000000;1.000000;-350.757324;-415.517242;2180.862793;1.373141;0.000000;0.000000;0.000000;0.000000;1.000000;-174.705109;-335.802002;2203.943848;0.816141;0.000000;0.000000;0.000000;0.000000;1.000000;-51.067764;-134.987549;1911.929321;0.426248;0.000000;0.000000;0.000000;0.000000;2.000000;-261.888367;238.735352;2053.420166;1.014009;0.000000;0.000000;0.000000;0.000000;2.000000;-233.134232;667.349854;2097.095703;1.150456;0.000000;0.000000;0.000000;0.000000;2.000000;-412.670135;777.342957;2077.855957;1.549350;0.000000;0.000000;0.000000;0.000000;2.000000;46.050049;-163.537384;2079.416992;0.384362;0.000000;0.000000;0.000000;0.000000;2.000000;94.956482;280.994354;2018.635986;1.877607;0.000000;0.000000;0.000000;0.000000;2.000000;392.018494;565.429688;1872.900513;1.335164;0.000000;0.000000;0.000000;0.000000;2.000000;352.099670;741.553223;1800.603394;1.620850;0.000000;0.000000;0.000000;0.000000;2.000000;-134.495880;-817.393860;1874.892090;0.546120;0.000000;0.000000;0.000000;0.000000;2.000000;-313.168030;-843.939514;1858.773438;1.652329;0.000000;0.000000;0.000000;0.000000;2.000000;-275.192230;-884.863647;1829.219849;1.137075;0.000000;0.000000;0.000000;0.000000;2.000000;-142.992264;-879.726624;1774.753662;0.565983;0.000000;0.000000;0.000000;0.000000;2.000000;-283.981720;-885.516418;1887.564575;1.383215;0.000000;0.000000;0.000000;0.000000;2.000000;-156.018173;-897.240723;1960.728027;0.770441;0.000000;0.000000;0.000000;0.000000;2.000000;9804933120.000000
0.000000;-150.000000;2000.000000;0.000000;0.000000;0.000000;0.000000;0.000000;2.000000;-15.499084;-349.600098;1974.385376;0.471465;0.000000;0.000000;0.000000;0.000000;2.000000;-19.467545;-508.899719;1949.017944;0.522665;0.000000;0.000000;0.000000;0.000000;2.000000;-67.776962;-736.800232;1871.210815;1.100205;0.000000;0.000000;0.000000;0.000000;2.000000;-69.770744;-685.691345;1849.792358;0.951594;0.000000;0.000000;0.000000;0.000000;2.000000;-92.937080;-574.602173;1734.565674;0.859566;0.000000;0.000000;0.000000;0.000000;2.000000;-119.585770;-268.176514;1678.612793;0.905979;0.000000;0.000000;0.000000;0.000000;2.000000;-189.334778;-15.244699;1675.343262;1.021709;0.000000;0.000000;0.000000;0.000000;2.000000;-213.885559;87.399551;1702.339600;1.548443;0.000000;0.000000;0.000000;0.000000;2.000000;-211.073013;158.338242;1801.854614;2.923230;0.000000;0.000000;0.000000;0.000000;2.000000;-202.957184;94.678108;1791.279419;2.012168;0.000000;0.000000;0.000000;0.000000;2.000000;-47.629677;-712.747131;1917.424316;1.060010;0.000000;0.000000;0.000000;0.000000;2.000000;-10.092422;-720.282532;2061.193359;1.217277;0.000000;0.000000;0.000000;0.000000;2.000000;53.867737;-503.988586;2286.130615;1.930100;0.000000;0.000000;0.000000;0.000000;1.000000;-161.557037;-366.734131;2359.326416;2.023192;0.000000;0.000000;0.000000;0.000000;1.000000;-243.275909;-382.414246;2276.656250;1.350563;0.000000;0.000000;0.000000;0.000000;1.000000;-319.549011;-428.456177;2196.031738;1.095922;0.000000;0.000000;0.000000;0.000000;1.000000;-133.458649;-336.977112;2209.028809;1.230331;0.000000;0.000000;0.000000;0.000000;1.000000;-51.588249;-134.699951;1911.991089;0.017692;0.000000;0.000000;0.000000;0.000000;2.000000;-248.522736;247.021561;2055.616699;0.469889;0.000000;0.000000;0.000000;0.000000;2.000000;-183.347168;674.505127;2074.536133;1.631335;0.000000;0.000000;0.000000;0.000000;2.000000;-371.308716;770.550110;2055.452881;1.406455;0.000000;0.000000;0.000000;0.000000;2.000000;46.519379;-163.796722;2079.361572;0.015953;0.000000;0.000000;0.000000;0.000000;2.000000;91.363754;285.124695;2045.597656;0.814151;0.000000;0.000000;0.000000;0.000000;2.000000;409.035583;537.985718;1882.943848;1.000754;0.000000;0.000000;0.000000;0.000000;2.000000;364.920837;708.446716;1799.157715;1.051487;0.000000;0.000000;0.000000;0.000000;2.000000;-99.919014;-820.132751;1847.486206;1.308171;0.000000;0.000000;0.000000;0.000000;2.000000;-281.062775;-835.444153;1847.319336;1.039594;0.000000;0.000000;0.000000;0.000000;2.000000;-248.590851;-876.482361;1811.666382;0.975218;0.000000;0.000000;0.000000;0.000000;2.000000;-121.724037;-875.192932;1744.792725;1.095553;0.000000;0.000000;0.000000;0.000000;2.000000;-251.892838;-880.541809;1870.583740;1.084402;0.000000;0.000000;0.000000;0.000000;2.000000;-118.287445;-904.393005;1930.179443;1.452153;0.000000;0.000000;0.000000;0.000000;2.000000;9804966912.000000
0.000000;-150.000000;2000.000000;0.000000;0.000000;0.000000;0.000000;0.000000;2.000000;-15.831635;-345.147156;1955.888184;0.580705;0.000000;0.000000;0.000000;0.000000;2.000000;-17.384857;-499.765564;1913.064331;1.133855;0.000000;0.000000;0.000000;0.000000;2.000000;-69.156158;-722.108398;1826.276855;1.443328;0.000000;0.000000;0.000000;0.000000;2.000000;-74.953583;-670.062622;1809.016357;1.342011;0.000000;0.000000;0.000000;0.000000;2.000000;-117.744873;-551.093628;1709.637451;1.290967;0.000000;0.000000;0.000000;0.000000;2.000000;-164.790421;-246.751968;1667.182129;1.565981;0.000000;0.000000;0.000000;0.000000;2.000000;-229.138077;5.545280;1650.384277;1.567866;0.000000;0.000000;0.000000;0.000000;2.000000;-252.491486;96.360901;1704.617065;1.211479;0.000000;0.000000;0.000000;0.000000;2.000000;-250.069580;177.487930;1795.105469;1.341730;0.000000;0.000000;0.000000;0.000000;2.000000;-256.170044;105.211334;1774.074829;1.736704;0.000000;0.000000;0.000000;0.000000;2.000000;-44.199272;-700.696045;1871.040283;1.466266;0.000000;0.000000;0.000000;0.000000;2.000000;4.399017;-716.185303;2009.910767;1.631105;0.000000;0.000000;0.000000;0.000000;2.000000;87.878258;-507.478577;2233.077637;1.926120;0.000000;0.000000;0.000000;0.000000;1.000000;-112.260338;-372.208527;2340.118408;1.623203;0.000000;0.000000;0.000000;0.000000;1.000000;-206.717896;-372.425446;2271.697998;1.166414;0.000000;0.000000;0.000000;0.000000;1.000000;-291.709320;-417.578430;2200.893799;0.924140;0.000000;0.000000;0.000000;0.000000;1.000000;-104.583214;-319.795715;2192.108398;1.148082;0.000000;0.000000;0.000000;0.000000;1.000000;-58.203369;-126.913109;1918.754272;0.373931;0.000000;0.000000;0.000000;0.000000;2.000000;-243.900665;265.003174;2040.148926;0.737462;0.000000;0.000000;0.000000;0.000000;2.000000;-155.246262;685.751526;2021.317383;1.868408;0.000000;0.000000;0.000000;0.000000;2.000000;-332.002228;799.729431;2034.738525;1.622180;0.000000;0.000000;0.000000;0.000000;2.000000;52.484550;-170.818451;2073.262695;0.337194;0.000000;0.000000;0.000000;0.000000;2.000000;84.071892;277.892151;2066.698730;0.716180;0.000000;0.000000;0.000000;0.000000;2.000000;346.552673;562.824341;1869.015259;2.095533;0.000000;0.000000;0.000000;0.000000;2.000000;352.734009;735.004395;1957.963623;4.927728;0.000000;0.000000;0.000000;0.000000;2.000000;-101.791267;-804.189026;1800.937988;1.502644;0.000000;0.000000;0.000000;0.000000;2.000000;-273.943512;-843.176880;1839.923340;0.392219;0.000000;0.000000;0.000000;0.000000;2.000000;-249.354797;-870.028687;1788.551880;0.732748;0.000000;0.000000;0.000000;0.000000;2.000000;-145.760422;-836.507751;1696.451660;2.026870;0.000000;0.000000;0.000000;0.000000;2.000000;-236.699387;-887.783203;1843.177490;0.981500;0.000000;0.000000;0.000000;0.000000;2.000000;-91.544922;-906.260559;1860.866089;2.267970;0.000000;0.000000;0.000000;0.000000;2.000000;9804999680.000000
0.000000;-150.000000;2000.000000;0.000000;0.000000;0.000000;0.000000;0.000000;2.000000;-7.336006;-343.974609;1945.010010;0.409927;0.000000;0.000000;0.000000;0.000000;2.000000;-5.379860;-496.592041;1892.867554;0.701606;0.000000;0.000000;0.000000;0.000000;2.000000;-46.630325;-726.564209;1817.440552;0.728096;0.000000;0.000000;0.000000;0.000000;2.000000;-58.868229;-675.550903;1799.544800;0.575784;0.000000;0.000000;0.000000;0.000000;2.000000;-124.450241;-560.690613;1706.594116;0.357970;0.000000;0.000000;0.000000;0.000000;2.000000;-183.270203;-255.934372;1670.220825;0.617244;0.000000;0.000000;0.000000;0.000000;2.000000;-249.955353;-2.655537;1656.154297;0.683783;0.000000;0.000000;0.000000;0.000000;2.000000;-327.990814;67.870758;1684.339111;2.462262;0.000000;0.000000;0.000000;0.000000;2.000000;-337.878235;87.504631;1804.540039;3.731084;0.000000;0.000000;0.000000;0.000000;2.000000;-320.828400;71.499207;1777.473389;2.160226;0.000000;0.000000;0.000000;0.000000;2.000000;-18.844456;-701.463867;1858.859985;0.832718;0.000000;0.000000;0.000000;0.000000;2.000000;44.165482;-719.950745;1992.297729;1.291877;0.000000;0.000000;0.000000;0.000000;2.000000;128.820374;-509.230225;2215.500977;1.319542;0.000000;0.000000;0.000000;0.000000;1.000000;-62.414391;-372.032776;2338.601807;1.475773;0.000000;0.000000;0.000000;0.000000;1.000000;-162.552948;-365.950073;2277.918945;1.333704;0.000000;0.000000;0.000000;0.000000;1.000000;-260.468719;-393.539917;2214.063477;1.229888;0.000000;0.000000;0.000000;0.000000;1.000000;-56.766354;-297.835693;2195.605957;1.560562;0.000000;0.000000;0.000000;0.000000;1.000000;-76.038841;-128.357697;1933.801758;0.691875;0.000000;0.000000;0.000000;0.000000;2.000000;-199.924042;300.600342;2008.673462;1.915961;0.000000;0.000000;0.000000;0.000000;2.000000;-137.156006;728.457642;1994.668823;1.582929;0.000000;0.000000;0.000000;0.000000;2.000000;-252.053986;858.249207;2116.467773;3.800798;0.000000;0.000000;0.000000;0.000000;2.000000;68.567558;-169.515839;2059.693848;0.623892;0.000000;0.000000;0.000000;0.000000;2.000000;67.886070;281.179382;2096.985352;1.020873;0.000000;0.000000;0.000000;0.000000;2.000000;323.726196;570.574707;1892.160645;0.988960;0.000000;0.000000;0.000000;0.000000;2.000000;337.501831;750.964478;1964.703003;0.682666;0.000000;0.000000;0.000000;0.000000;2.000000;-74.597488;-812.382813;1797.782959;0.845647;0.000000;0.000000;0.000000;0.000000;2.000000;-248.049835;-827.685486;1849.755859;0.939143;0.000000;0.000000;0.000000;0.000000;2.000000;-234.828339;-840.540588;1789.204956;0.972965;0.000000;0.000000;0.000000;0.000000;2.000000;-133.939301;-799.374268;1696.042725;1.153285;0.000000;0.000000;0.000000;0.000000;2.000000;-222.031128;-877.515259;1833.532593;0.601843;0.000000;0.000000;0.000000;0.000000;2.000000;-83.570564;-928.986328;1822.011841;1.352784;0.000000;0.000000;0.000000;0.000000;2.000000;9805033472.000000
0.000000;-150.000000;2000.000000;0.000000;0.000000;0.000000;0.000000;0.000000;2.000000;-6.135483;-343.365295;1945.524414;0.043983;0.000000;0.000000;0.000000;0.000000;2.000000;1.760044;-493.470764;1888.747681;0.268995;0.000000;0.000000;0.000000;0.000000;2.000000;-44.986485;-722.911011;1818.085693;0.123829;0.000000;0.000000;0.000000;0.000000;2.000000;-57.983322;-672.163574;1800.625000;0.111812;0.000000;0.000000;0.000000;0.000000;2.000000;-132.296295;-558.012268;1714.702271;0.353894;0.000000;0.000000;0.000000;0.000000;2.000000;-216.620026;-259.545654;1687.754150;1.155109;0.000000;0.000000;0.000000;0.000000;2.000000;-308.461060;-14.967468;1683.249268;2.003181;0.000000;0.000000;0.000000;0.000000;2.000000;-390.726990;48.559650;1714.307739;2.202106;0.000000;0.000000;0.000000;0.000000;2.000000;-465.378662;118.651817;1780.129639;4.074111;0.000000;0.000000;0.000000;0.000000;2.000000;-361.674866;102.473602;1722.413086;2.295824;0.000000;0.000000;0.000000;0.000000;2.000000;-14.720694;-697.742310;1857.386353;0.175382;0.000000;0.000000;0.000000;0.000000;2.000000;63.119396;-708.086304;1983.020508;0.738804;0.000000;0.000000;0.000000;0.000000;2.000000;172.855774;-457.471497;2143.554199;3.020226;0.000000;0.000000;0.000000;0.000000;2.000000;-0.972832;-318.581482;2286.753906;2.946221;0.000000;0.000000;0.000000;0.000000;1.000000;-113.697891;-340.894104;2265.821289;1.715775;0.000000;0.000000;0.000000;0.000000;1.000000;-222.926620;-384.043091;2242.928223;1.473962;0.000000;0.000000;0.000000;0.000000;1.000000;-44.315758;-287.840210;2148.730225;1.511240;0.000000;0.000000;0.000000;0.000000;1.000000;-75.716980;-128.960663;1933.847168;0.020905;0.000000;0.000000;0.000000;0.000000;2.000000;-170.627289;307.200684;1998.347290;0.969140;0.000000;0.000000;0.000000;0.000000;2.000000;-123.204941;735.313416;1982.545410;0.601600;0.000000;0.000000;0.000000;0.000000;2.000000;-231.504578;873.766785;2099.353027;0.943575;0.000000;0.000000;0.000000;0.000000;2.000000;68.277328;-168.972107;2059.652832;0.018851;0.000000;0.000000;0.000000;0.000000;2.000000;7.258018;272.664490;2124.469238;2.048007;0.000000;0.000000;0.000000;0.000000;2.000000;259.748566;576.916992;1941.747925;2.477806;0.000000;0.000000;0.000000;0.000000;2.000000;272.916260;767.394592;1977.098389;2.068653;0.000000;0.000000;0.000000;0.000000;2.000000;-74.418877;-808.396729;1800.919800;0.154891;0.000000;0.000000;0.000000;0.000000;2.000000;-243.738052;-822.029724;1863.497314;0.472192;0.000000;0.000000;0.000000;0.000000;2.000000;-233.544510;-840.160645;1803.970093;0.452445;0.000000;0.000000;0.000000;0.000000;2.000000;-139.229889;-806.089783;1702.281250;0.322979;0.000000;0.000000;0.000000;0.000000;2.000000;-217.537430;-872.459839;1850.552246;0.558913;0.000000;0.000000;0.000000;0.000000;2.000000;-79.225800;-921.944702;1836.127563;0.499329;0.000000;0.000000;0.000000;0.000000;2.000000;9805066240.000000
0.000000;-150.000000;2000.000000;0.000000;0.000000;0.000000;0.000000;0.000000;2.000000;-7.689436;-346.692566;1951.071899;0.196876;0.000000;0.000000;0.000000;0.000000;2.000000;1.800182;-498.858643;1895.848633;0.263782;0.000000;0.000000;0.000000;0.000000;2.000000;-57.649895;-726.660217;1821.702881;0.405219;0.000000;0.000000;0.000000;0.000000;2.000000;-68.762505;-674.586365;1805.265137;0.354610;0.000000;0.000000;0.000000;0.000000;2.000000;-145.621536;-559.206665;1720.443970;0.430833;0.000000;0.000000;0.000000;0.000000;2.000000;-246.843246;-262.326355;1702.433838;0.997707;0.000000;0.000000;0.000000;0.000000;2.000000;-365.784424;-27.323151;1715.096680;1.974727;0.000000;0.000000;0.000000;0.000000;2.000000;-466.641266;-1.105392;1748.649048;2.870489;0.000000;0.000000;0.000000;0.000000;2.000000;-564.484131;20.685112;1819.668701;4.286639;0.000000;0.000000;0.000000;0.000000;2.000000;-442.588226;56.383598;1784.829834;3.317446;0.000000;0.000000;0.000000;0.000000;2.000000;-25.085449;-703.415833;1861.078003;0.366336;0.000000;0.000000;0.000000;0.000000;2.000000;52.881626;-729.956543;1985.865601;0.719546;0.000000;0.000000;0.000000;0.000000;2.000000;156.682495;-514.424683;2198.585449;2.392021;0.000000;0.000000;0.000000;0.000000;1.000000;-8.599998;-356.829895;2336.972168;1.881644;0.000000;0.000000;0.000000;0.000000;1.000000;-114.177322;-347.418030;2285.400391;0.610884;0.000000;0.000000;0.000000;0.000000;1.000000;-219.664688;-372.034607;2232.037842;0.489351;0.000000;0.000000;0.000000;0.000000;1.000000;-29.156870;-296.390015;2188.567139;1.286477;0.000000;0.000000;0.000000;0.000000;1.000000;-76.062492;-130.210968;1932.401123;0.057487;0.000000;0.000000;0.000000;0.000000;2.000000;-154.388428;315.307739;1982.778809;0.707635;0.000000;0.000000;0.000000;0.000000;2.000000;-112.614395;747.678955;1960.006470;0.822802;0.000000;0.000000;0.000000;0.000000;2.000000;-220.045563;891.333618;2074.837891;0.954750;0.000000;0.000000;0.000000;0.000000;2.000000;68.588898;-167.844650;2060.956787;0.051838;0.000000;0.000000;0.000000;0.000000;2.000000;-17.523148;267.850647;2158.262695;1.248268;0.000000;0.000000;0.000000;0.000000;2.000000;208.454971;590.336487;1962.949951;1.689809;0.000000;0.000000;0.000000;0.000000;2.000000;194.240997;784.631226;1984.123413;2.392492;0.000000;0.000000;0.000000;0.000000;2.000000;-91.704208;-811.144714;1803.598877;0.523978;0.000000;0.000000;0.000000;0.000000;2.000000;-261.212616;-834.515503;1867.602295;0.647065;0.000000;0.000000;0.000000;0.000000;2.000000;-251.103165;-848.689148;1806.394287;0.582098;0.000000;0.000000;0.000000;0.000000;2.000000;-158.423401;-804.825745;1705.104248;0.575318;0.000000;0.000000;0.000000;0.000000;2.000000;-233.288483;-883.584473;1851.097046;0.570880;0.000000;0.000000;0.000000;0.000000;2.000000;-92.343704;-927.820740;1831.943970;0.443013;0.000000;0.000000;0.000000;0.000000;2.000000;9805100032.000000
0.000000;-150.000000;2000.000000;0.000000;0.000000;0.000000;0.000000;0.000000;2.000000;-16.352348;-344.786133;1949.030151;0.269358;0.000000;0.000000;0.000000;0.000000;2.000000;-17.492558;-496.655792;1894.121582;0.576904;0.000000;0.000000;0.000000;0.000000;2.000000;-63.207737;-729.828369;1831.103027;0.336487;0.000000;0.000000;0.000000;0.000000;2.000000;-79.671455;-679.578857;1814.248047;0.443520;0.000000;0.000000;0.000000;0.000000;2.000000;-163.833191;-569.559692;1730.507446;0.687753;0.000000;0.000000;0.000000;0.000000;2.000000;-267.443115;-274.337830;1726.564209;1.003935;0.000000;0.000000;0.000000;0.000000;2.000000;-411.238892;-56.730118;1757.204346;2.029629;0.000000;0.000000;0.000000;0.000000;2.000000;-507.370880;-29.444008;1800.816528;2.130563;0.000000;0.000000;0.000000;0.000000;2.000000;-554.552734;-25.799210;1913.643311;3.116482;0.000000;0.000000;0.000000;0.000000;2.000000;-416.179504;-20.451523;1890.628052;3.947542;0.000000;0.000000;0.000000;0.000000;2.000000;-29.967999;-702.892700;1867.091064;0.229740;0.000000;0.000000;0.000000;0.000000;2.000000;77.192543;-691.992798;1969.908691;1.415170;0.000000;0.000000;0.000000;0.000000;2.000000;174.198883;-423.665283;2112.162598;3.744747;0.000000;0.000000;0.000000;0.000000;2.000000;30.657427;-289.356964;2291.281250;2.676701;0.000000;0.000000;0.000000;0.000000;1.000000;-79.175682;-328.598602;2277.911377;1.196725;0.000000;0.000000;0.000000;0.000000;1.000000;-193.706894;-364.557770;2270.683350;1.395320;0.000000;0.000000;0.000000;0.000000;1.000000;-4.950253;-314.103516;2152.571289;1.386583;0.000000;0.000000;0.000000;0.000000;1.000000;-79.975990;-127.269302;1938.790649;0.238208;0.000000;0.000000;0.000000;0.000000;2.000000;-132.524811;321.765076;1971.717285;0.749856;0.000000;0.000000;0.000000;0.000000;2.000000;-90.307266;752.188599;1946.712158;0.779973;0.000000;0.000000;0.000000;0.000000;2.000000;-205.177200;898.695313;2048.381836;0.924123;0.000000;0.000000;0.000000;0.000000;2.000000;72.117859;-170.497284;2055.195068;0.214803;0.000000;0.000000;0.000000;0.000000;2.000000;-19.934042;248.744888;2199.409424;1.344405;0.000000;0.000000;0.000000;0.000000;2.000000;138.822510;620.228516;2030.775391;3.009532;0.000000;0.000000;0.000000;0.000000;2.000000;104.787979;812.296143;2037.145630;3.184294;0.000000;0.000000;0.000000;0.000000;2.000000;-91.353279;-816.951416;1817.971069;0.458832;0.000000;0.000000;0.000000;0.000000;2.000000;-258.903229;-833.611694;1886.921387;0.576397;0.000000;0.000000;0.000000;0.000000;2.000000;-250.450531;-851.843140;1826.814941;0.611775;0.000000;0.000000;0.000000;0.000000;2.000000;-160.007736;-816.183838;1721.206909;0.585019;0.000000;0.000000;0.000000;0.000000;2.000000;-232.102356;-883.841919;1873.119507;0.652695;0.000000;0.000000;0.000000;0.000000;2.000000;-92.782455;-931.026001;1853.817993;0.654355;0.000000;0.000000;0.000000;0.000000;2.000000;9805133824.000000
0.000000;-150.000000;2000.000000;0.000000;0.000000;0.000000;0.000000;0.000000;2.000000;-18.277643;-345.103394;1951.584961;0.098106;0.000000;0.000000;0.000000;0.000000;2.000000;-25.164537;-498.834839;1903.012817;0.364505;0.000000;0.000000;0.000000;0.000000;2.000000;-71.368622;-733.980652;1849.085083;0.615817;0.000000;0.000000;0.000000;0.000000;2.000000;-90.625778;-684.489197;1833.112427;0.682376;0.000000;0.000000;0.000000;0.000000;2.000000;-179.530609;-583.424011;1743.441528;0.751203;0.000000;0.000000;0.000000;0.000000;2.000000;-259.178894;-281.543030;1760.116577;1.077220;0.000000;0.000000;0.000000;0.000000;2.000000;-451.237244;-107.522369;1801.253052;2.387405;0.000000;0.000000;0.000000;0.000000;2.000000;-551.929688;-88.062164;1838.018799;2.517577;0.000000;0.000000;0.000000;0.000000;2.000000;-594.232483;-61.462585;1949.593628;1.963299;0.000000;0.000000;0.000000;0.000000;2.000000;-443.720886;-78.355347;1942.195923;2.511103;0.000000;0.000000;0.000000;0.000000;2.000000;-35.357391;-705.631897;1881.026001;0.463557;0.000000;0.000000;0.000000;0.000000;2.000000;86.493011;-685.804626;1964.083130;0.384484;0.000000;0.000000;0.000000;0.000000;2.000000;198.051010;-440.393005;2133.834961;1.108100;0.000000;0.000000;0.000000;0.000000;2.000000;69.606956;-319.621521;2332.663086;1.964883;0.000000;0.000000;0.000000;0.000000;1.000000;-44.671219;-345.332336;2326.341309;1.885195;0.000000;0.000000;0.000000;0.000000;1.000000;-161.613586;-372.981689;2325.904785;1.966040;0.000000;0.000000;0.000000;0.000000;1.000000;12.164264;-307.669006;2196.520508;1.452663;0.000000;0.000000;0.000000;0.000000;1.000000;-81.709511;-127.726929;1941.090820;0.089001;0.000000;0.000000;0.000000;0.000000;2.000000;-106.996483;323.770416;1966.941284;0.794939;0.000000;0.000000;0.000000;0.000000;2.000000;-61.527954;753.278564;1938.042480;0.917864;0.000000;0.000000;0.000000;0.000000;2.000000;-182.102264;895.655457;2038.623901;0.770175;0.000000;0.000000;0.000000;0.000000;2.000000;73.681068;-170.084625;2053.121094;0.080252;0.000000;0.000000;0.000000;0.000000;2.000000;-56.081093;251.548416;2153.637695;1.781955;0.000000;0.000000;0.000000;0.000000;2.000000;48.955162;674.488525;2115.797119;4.122583;0.000000;0.000000;0.000000;0.000000;2.000000;-32.548248;833.639648;2193.628662;6.387127;0.000000;0.000000;0.000000;0.000000;2.000000;-98.581757;-821.877197;1840.404053;0.734804;0.000000;0.000000;0.000000;0.000000;2.000000;-265.759430;-834.886536;1910.657471;0.754984;0.000000;0.000000;0.000000;0.000000;2.000000;-257.638733;-855.727661;1851.411621;0.790963;0.000000;0.000000;0.000000;0.000000;2.000000;-167.597870;-825.054626;1744.060669;0.783176;0.000000;0.000000;0.000000;0.000000;2.000000;-239.218826;-885.729553;1898.949341;0.819661;0.000000;0.000000;0.000000;0.000000;2.000000;-100.261520;-934.192810;1881.149414;0.870137;0.000000;0.000000;0.000000;0.000000;2.000000;9805166592.000000
0.000000;-150.000000;2000.000000;0.000000;0.000000;0.000000;0.000000;0.000000;2.000000;-21.164591;-346.282562;1954.925049;0.135227;0.000000;0.000000;0.000000;0.000000;2.000000;-31.442259;-501.501709;1910.096436;0.291004;0.000000;0.000000;0.000000;0.000000;2.000000;-81.046417;-738.408081;1863.825562;0.538023;0.000000;0.000000;0.000000;0.000000;2.000000;-100.369804;-689.056213;1846.907227;0.517747;0.000000;0.000000;0.000000;0.000000;2.000000;-192.868515;-591.475220;1756.077881;0.593628;0.000000;0.000000;0.000000;0.000000;2.000000;-284.413635;-291.867828;1771.576660;0.875230;0.000000;0.000000;0.000000;0.000000;2.000000;-497.861359;-145.193588;1818.833740;1.848546;0.000000;0.000000;0.000000;0.000000;2.000000;-597.765198;-134.170166;1861.772705;2.048346;0.000000;0.000000;0.000000;0.000000;2.000000;-643.541565;-110.890686;1973.150879;2.180543;0.000000;0.000000;0.000000;0.000000;2.000000;-585.895203;-66.692001;1892.049438;4.474706;0.000000;0.000000;0.000000;0.000000;2.000000;-43.887436;-709.402344;1894.135742;0.476107;0.000000;0.000000;0.000000;0.000000;2.000000;81.241310;-689.329590;1973.015381;0.323890;0.000000;0.000000;0.000000;0.000000;2.000000;213.278961;-442.980652;2128.003906;0.488584;0.000000;0.000000;0.000000;0.000000;2.000000;124.240700;-293.183716;2329.759277;1.798170;0.000000;0.000000;0.000000;0.000000;2.000000;14.172695;-334.776672;2331.864990;1.776687;0.000000;0.000000;0.000000;0.000000;1.000000;-102.005150;-364.801086;2343.470459;1.854843;0.000000;0.000000;0.000000;0.000000;1.000000;64.146614;-303.303711;2197.503906;1.543992;0.000000;0.000000;0.000000;0.000000;2.000000;-82.672134;-127.732697;1941.853271;0.036340;0.000000;0.000000;0.000000;0.000000;2.000000;-98.580170;326.146576;1956.785522;0.396610;0.000000;0.000000;0.000000;0.000000;2.000000;-45.602219;755.601135;1920.016479;0.715118;0.000000;0.000000;0.000000;0.000000;2.000000;-153.598160;909.318542;2019.635254;1.091221;0.000000;0.000000;0.000000;0.000000;2.000000;74.549103;-170.079437;2052.433594;0.032769;0.000000;0.000000;0.000000;0.000000;2.000000;-51.293678;245.411301;2184.982422;0.955749;0.000000;0.000000;0.000000;0.000000;2.000000;-6.115721;680.206665;2146.376709;1.871756;0.000000;0.000000;0.000000;0.000000;2.000000;-104.431343;833.826538;2217.159424;2.238302;0.000000;0.000000;0.000000;0.000000;2.000000;-109.265450;-826.555054;1858.287354;0.631816;0.000000;0.000000;0.000000;0.000000;2.000000;-278.337311;-837.744690;1925.786255;0.588333;0.000000;0.000000;0.000000;0.000000;2.000000;-267.495850;-866.104492;1869.979004;0.693753;0.000000;0.000000;0.000000;0.000000;2.000000;-175.328323;-846.020508;1761.318481;0.835524;0.000000;0.000000;0.000000;0.000000;2.000000;-249.204803;-888.575806;1921.769897;0.741947;0.000000;0.000000;0.000000;0.000000;1.000000;-107.365303;-932.616699;1914.120239;0.999178;0.000000;0.000000;0.000000;0.000000;1.000000;9805200384.000000
0.000000;-150.000000;2000.000000;0.000000;0.000000;0.000000;0.000000;0.000000;2.000000;-24.036812;-347.067871;1961.528320;0.221057;0.000000;0.000000;0.000000;0.000000;2.000000;-32.597298;-501.453430;1914.328247;0.133877;0.000000;0.000000;0.000000;0.000000;2.000000;-67.973412;-741.007202;1870.494019;0.454832;0.000000;0.000000;0.000000;0.000000;2.000000;-91.634804;-693.230530;1854.866211;0.382470;0.000000;0.000000;0.000000;0.000000;2.000000;-189.211761;-603.734558;1761.460083;0.423559;0.000000;0.000000;0.000000;0.000000;2.000000;-261.174500;-299.452881;1780.124146;0.790311;0.000000;0.000000;0.000000;0.000000;2.000000;-498.351166;-194.555008;1823.243896;1.512465;0.000000;0.000000;0.000000;0.000000;2.000000;-576.427429;-189.454727;1899.344116;2.141302;0.000000;0.000000;0.000000;0.000000;2.000000;-634.250366;-149.051193;1999.469604;1.442816;0.000000;0.000000;0.000000;0.000000;2.000000;-604.164490;-136.159058;1886.525391;2.198527;0.000000;0.000000;0.000000;0.000000;2.000000;-31.301064;-709.453491;1898.630859;0.407870;0.000000;0.000000;0.000000;0.000000;2.000000;97.056778;-685.201965;1970.442139;0.504960;0.000000;0.000000;0.000000;0.000000;2.000000;258.107666;-466.213623;2137.680176;1.568916;0.000000;0.000000;0.000000;0.000000;2.000000;225.132782;-427.018066;2398.932617;5.533350;0.000000;0.000000;0.000000;0.000000;2.000000;131.152374;-496.250183;2412.563965;6.564491;0.000000;0.000000;0.000000;0.000000;1.000000;47.119091;-464.233093;2492.605957;7.115647;0.000000;0.000000;0.000000;0.000000;1.000000;124.618301;-408.004517;2295.642578;4.752350;0.000000;0.000000;0.000000;0.000000;2.000000;-86.740929;-129.226364;1947.783813;0.224169;0.000000;0.000000;0.000000;0.000000;2.000000;-53.067467;323.284851;1944.142456;1.444176;0.000000;0.000000;0.000000;0.000000;2.000000;12.014011;750.839905;1912.028198;1.781064;0.000000;0.000000;0.000000;0.000000;2.000000;-57.939247;916.609985;2024.803833;2.931992;0.000000;0.000000;0.000000;0.000000;2.000000;78.218117;-168.732529;2047.085449;0.202151;0.000000;0.000000;0.000000;0.000000;2.000000;109.744827;272.527771;2145.908691;5.124360;0.000000;0.000000;0.000000;0.000000;1.000000;183.312561;703.764160;2120.008301;5.880740;0.000000;0.000000;0.000000;0.000000;1.000000;144.967606;843.793518;2250.741943;7.685764;0.000000;0.000000;0.000000;0.000000;1.000000;-90.168114;-830.805664;1866.391846;0.646266;0.000000;0.000000;0.000000;0.000000;2.000000;-256.466034;-852.730469;1937.379639;0.883078;0.000000;0.000000;0.000000;0.000000;2.000000;-245.287292;-879.669006;1881.036987;0.862895;0.000000;0.000000;0.000000;0.000000;2.000000;-157.102295;-852.883728;1770.790649;0.660911;0.000000;0.000000;0.000000;0.000000;2.000000;-224.552948;-901.638489;1932.022827;0.907081;0.000000;0.000000;0.000000;0.000000;1.000000;-80.791435;-937.112244;1920.626465;0.846120;0.000000;0.000000;0.000000;0.000000;1.000000;9805233152.000000
0.000000;-150.000000;2000.000000;0.000000;0.000000;0.000000;0.000000;0.000000;2.000000;-20.832802;-348.037811;1967.868164;0.212162;0.000000;0.000000;0.000000;0.000000;2.000000;-27.694267;-503.532715;1925.710938;0.371892;0.000000;0.000000;0.000000;0.000000;2.000000;-50.252159;-743.190552;1877.690674;0.569692;0.000000;0.000000;0.000000;0.000000;2.000000;-75.891777;-696.512878;1862.367798;0.525129;0.000000;0.000000;0.000000;0.000000;2.000000;-181.152039;-615.558411;1770.234497;0.496730;0.000000;0.000000;0.000000;0.000000;2.000000;-239.833038;-314.811737;1831.249756;1.701311;0.000000;0.000000;0.000000;0.000000;2.000000;-493.689270;-250.600800;1817.187378;1.673903;0.000000;0.000000;0.000000;0.000000;2.000000;-583.180359;-248.248383;1879.141479;1.850543;0.000000;0.000000;0.000000;0.000000;2.000000;-588.347595;-157.476410;1960.740845;1.794692;0.000000;0.000000;0.000000;0.000000;2.000000;-560.900330;-185.753174;1950.729858;2.720861;0.000000;0.000000;0.000000;0.000000;2.000000;-15.813965;-710.407410;1906.939697;0.520864;0.000000;0.000000;0.000000;0.000000;2.000000;109.826469;-684.941223;1982.262939;0.515004;0.000000;0.000000;0.000000;0.000000;2.000000;249.578552;-442.576660;2134.158203;0.750897;0.000000;0.000000;0.000000;0.000000;2.000000;256.224304;-396.011108;2395.507080;1.303377;0.000000;0.000000;0.000000;0.000000;2.000000;249.621735;-457.996826;2494.780029;4.414964;0.000000;0.000000;0.000000;0.000000;0.000000;233.561462;-375.515564;2408.998047;6.592081;0.000000;0.000000;0.000000;0.000000;2.000000;152.535583;-497.402710;2392.791992;3.993321;0.000000;0.000000;0.000000;0.000000;2.000000;-88.622200;-132.611282;1950.286621;0.136451;0.000000;0.000000;0.000000;0.000000;2.000000;-45.935844;317.748779;1935.479980;0.370261;0.000000;0.000000;0.000000;0.000000;2.000000;28.906281;742.165100;1898.296875;0.693476;0.000000;0.000000;0.000000;0.000000;2.000000;-84.417412;896.275879;1989.234253;1.443621;0.000000;0.000000;0.000000;0.000000;2.000000;79.914528;-165.680206;2044.828735;0.123041;0.000000;0.000000;0.000000;0.000000;2.000000;154.003525;276.358765;2104.302979;1.801165;0.000000;0.000000;0.000000;0.000000;1.000000;254.304993;700.481995;2070.694824;2.559823;0.000000;0.000000;0.000000;0.000000;1.000000;215.473770;834.800659;2206.437500;2.478541;0.000000;0.000000;0.000000;0.000000;1.000000;-67.837669;-833.665588;1871.809814;0.685239;0.000000;0.000000;0.000000;0.000000;2.000000;-231.444092;-820.612366;1949.711426;1.258910;0.000000;0.000000;0.000000;0.000000;2.000000;-227.540588;-854.280518;1896.270996;1.021529;0.000000;0.000000;0.000000;0.000000;2.000000;-141.820770;-853.380371;1781.403809;0.550785;0.000000;0.000000;0.000000;0.000000;2.000000;-208.267517;-874.304688;1948.442261;1.059550;0.000000;0.000000;0.000000;0.000000;1.000000;-73.256676;-934.031067;1936.268311;0.521819;0.000000;0.000000;0.000000;0.000000;1.000000;9805266944.000000
0.000000;-150.000000;2000.000000;0.000000;0.000000;0.000000;0.000000;0.000000;2.000000;-27.199425;-346.928650;1972.781128;0.247741;0.000000;0.000000;0.000000;0.000000;2.000000;-39.183205;-501.450165;1931.410156;0.396510;0.000000;0.000000;0.000000;0.000000;2.000000;-60.792732;-741.429321;1891.837280;0.541059;0.000000;0.000000;0.000000;0.000000;2.000000;-86.425056;-695.629883;1874.973267;0.502037;0.000000;0.000000;0.000000;0.000000;2.000000;-195.209320;-620.058472;1783.843262;0.612679;0.000000;0.000000;0.000000;0.000000;2.000000;-228.608734;-319.234955;1854.466187;0.798460;0.000000;0.000000;0.000000;0.000000;2.000000;-487.401794;-291.769989;1836.598877;1.402229;0.000000;0.000000;0.000000;0.000000;2.000000;-573.796997;-275.026123;1899.722046;1.069707;0.000000;0.000000;0.000000;0.000000;2.000000;-615.559143;-175.401489;1955.400391;1.007680;0.000000;0.000000;0.000000;0.000000;2.000000;-540.891113;-270.285828;1989.129028;2.898469;0.000000;0.000000;0.000000;0.000000;2.000000;-26.680336;-707.725342;1919.840088;0.521209;0.000000;0.000000;0.000000;0.000000;2.000000;97.360886;-673.226929;1992.647583;0.610700;0.000000;0.000000;0.000000;0.000000;2.000000;249.713608;-436.715057;2138.038086;0.214559;0.000000;0.000000;0.000000;0.000000;2.000000;258.472473;-417.492981;2401.353027;0.682871;0.000000;0.000000;0.000000;0.000000;2.000000;267.837097;-442.349945;2514.896973;0.955992;0.000000;0.000000;0.000000;0.000000;0.000000;268.426575;-386.420624;2409.346191;1.114881;0.000000;0.000000;0.000000;0.000000;2.000000;219.103271;-445.350311;2528.568848;4.880529;0.000000;0.000000;0.000000;0.000000;0.000000;-91.369392;-131.474960;1957.275146;0.231768;0.000000;0.000000;0.000000;0.000000;2.000000;-28.999947;313.724609;1932.005981;0.541708;0.000000;0.000000;0.000000;0.000000;2.000000;58.176842;732.675903;1886.799438;1.002446;0.000000;0.000000;0.000000;0.000000;2.000000;-43.700249;886.118408;1989.127808;1.280674;0.000000;0.000000;0.000000;0.000000;2.000000;82.391800;-166.704865;2038.526855;0.208996;0.000000;0.000000;0.000000;0.000000;2.000000;182.253937;271.316101;2059.979004;1.611412;0.000000;0.000000;0.000000;0.000000;1.000000;293.184784;689.614502;2017.545532;2.036825;0.000000;0.000000;0.000000;0.000000;1.000000;260.043152;821.938110;2155.284180;2.107379;0.000000;0.000000;0.000000;0.000000;1.000000;-77.990135;-831.636108;1889.062378;0.614035;0.000000;0.000000;0.000000;0.000000;2.000000;-236.776642;-842.266846;1974.713135;1.022424;0.000000;0.000000;0.000000;0.000000;2.000000;-232.368286;-870.826294;1918.785889;0.865317;0.000000;0.000000;0.000000;0.000000;2.000000;-153.954071;-851.775635;1801.238403;0.711265;0.000000;0.000000;0.000000;0.000000;2.000000;-208.471924;-892.647217;1967.884277;0.815729;0.000000;0.000000;0.000000;0.000000;1.000000;-69.639595;-936.258301;1944.680420;0.287591;0.000000;0.000000;0.000000;0.000000;1.000000;9805299712.000000
0.000000;-150.000000;2000.000000;0.000000;0.000000;0.000000;0.000000;0.000000;2.000000;-18.505814;-346.611084;1973.551880;0.258448;0.000000;0.000000;0.000000;0.000000;2.000000;-24.070236;-501.366882;1936.249268;0.469609;0.000000;0.000000;0.000000;0.000000;2.000000;-38.977402;-740.129944;1896.774902;0.663022;0.000000;0.000000;0.000000;0.000000;2.000000;-65.804306;-695.374756;1880.229980;0.629787;0.000000;0.000000;0.000000;0.000000;2.000000;-182.292252;-630.591919;1792.357666;0.553867;0.000000;0.000000;0.000000;0.000000;2.000000;-245.680222;-331.936584;1837.441040;0.806437;0.000000;0.000000;0.000000;0.000000;2.000000;-503.087769;-304.995728;1847.942139;0.693785;0.000000;0.000000;0.000000;0.000000;2.000000;-568.131592;-299.223328;1933.386841;1.238281;0.000000;0.000000;0.000000;0.000000;2.000000;-575.334229;-231.074692;2032.716309;3.060431;0.000000;0.000000;0.000000;0.000000;2.000000;-537.207275;-303.324951;2007.147461;1.118991;0.000000;0.000000;0.000000;0.000000;2.000000;-5.911774;-705.745239;1924.432739;0.632169;0.000000;0.000000;0.000000;0.000000;2.000000;117.623047;-674.501465;1997.466919;0.617495;0.000000;0.000000;0.000000;0.000000;2.000000;275.034210;-450.882446;2152.708008;0.962132;0.000000;0.000000;0.000000;0.000000;2.000000;272.947052;-410.756470;2411.917480;0.566532;0.000000;0.000000;0.000000;0.000000;2.000000;304.495483;-434.786743;2520.704590;1.120926;0.000000;0.000000;0.000000;0.000000;0.000000;286.328796;-380.540527;2416.796143;0.599623;0.000000;0.000000;0.000000;0.000000;2.000000;264.810913;-435.574768;2543.787598;1.454678;0.000000;0.000000;0.000000;0.000000;0.000000;-88.423477;-135.181931;1951.715088;0.216117;0.000000;0.000000;0.000000;0.000000;2.000000;-8.816925;303.658325;1920.493652;0.749357;0.000000;0.000000;0.000000;0.000000;2.000000;93.385086;715.312012;1868.847656;1.277433;0.000000;0.000000;0.000000;0.000000;2.000000;6.405792;877.969971;1967.590088;1.631872;0.000000;0.000000;0.000000;0.000000;2.000000;79.735329;-163.362091;2043.540527;0.194881;0.000000;0.000000;0.000000;0.000000;2.000000;182.494705;270.859589;2062.377441;0.072601;0.000000;0.000000;0.000000;0.000000;1.000000;303.431458;679.894775;1995.316895;0.779353;0.000000;0.000000;0.000000;0.000000;1.000000;273.471619;827.217651;2115.533691;1.251429;0.000000;0.000000;0.000000;0.000000;1.000000;-53.520096;-830.148621;1894.002686;0.740058;0.000000;0.000000;0.000000;0.000000;2.000000;-216.505478;-844.174133;1967.786011;0.636447;0.000000;0.000000;0.000000;0.000000;2.000000;-208.499588;-869.727600;1911.302490;0.740957;0.000000;0.000000;0.000000;0.000000;2.000000;-123.029800;-845.359436;1801.095337;0.934635;0.000000;0.000000;0.000000;0.000000;2.000000;-188.095413;-893.937073;1960.363770;0.643889;0.000000;0.000000;0.000000;0.000000;1.000000;-49.085892;-936.720703;1944.342773;0.608478;0.000000;0.000000;0.000000;0.000000;1.000000;9805333504.000000
0.000000;-150.000000;2000.000000;0.000000;0.000000;0.000000;0.000000;0.000000;2.000000;-17.166702;-348.680359;1973.213745;0.075923;0.000000;0.000000;0.000000;0.000000;2.000000;-21.382187;-505.105591;1935.944824;0.140832;0.000000;0.000000;0.000000;0.000000;2.000000;-40.158890;-746.692932;1900.752197;0.236954;0.000000;0.000000;0.000000;0.000000;2.000000;-67.504944;-701.519958;1884.395752;0.232434;0.000000;0.000000;0.000000;0.000000;2.000000;-179.953979;-637.494568;1788.219482;0.255763;0.000000;0.000000;0.000000;0.000000;2.000000;-298.196960;-349.791840;1807.775635;1.919663;0.000000;0.000000;0.000000;0.000000;2.000000;-513.265259;-319.048920;1953.471680;3.263749;0.000000;0.000000;0.000000;0.000000;2.000000;-592.447144;-333.209229;2026.438477;3.112927;0.000000;0.000000;0.000000;0.000000;2.000000;-536.866394;-229.053528;2056.670410;1.384321;0.000000;0.000000;0.000000;0.000000;2.000000;-574.576782;-302.396118;2105.808105;3.219751;0.000000;0.000000;0.000000;0.000000;2.000000;-5.360260;-711.834839;1926.731812;0.199355;0.000000;0.000000;0.000000;0.000000;2.000000;120.805481;-671.869751;1993.696899;0.170644;0.000000;0.000000;0.000000;0.000000;2.000000;251.394180;-419.975769;2136.325684;1.288425;0.000000;0.000000;0.000000;0.000000;2.000000;194.988174;-354.593292;2386.752930;3.031110;0.000000;0.000000;0.000000;0.000000;1.000000;229.584900;-385.461517;2494.101807;2.855030;0.000000;0.000000;0.000000;0.000000;0.000000;250.759308;-299.075623;2413.863770;2.714232;0.000000;0.000000;0.000000;0.000000;1.000000;258.131226;-391.745819;2487.617676;2.183800;0.000000;0.000000;0.000000;0.000000;0.000000;-88.271027;-135.532272;1949.260132;0.075821;0.000000;0.000000;0.000000;0.000000;2.000000;6.674072;303.913574;1907.612549;0.614881;0.000000;0.000000;0.000000;0.000000;2.000000;120.707161;714.909119;1842.225830;1.164228;0.000000;0.000000;0.000000;0.000000;2.000000;24.507629;874.412231;1941.958496;0.963753;0.000000;0.000000;0.000000;0.000000;2.000000;79.597855;-163.046188;2045.754395;0.068375;0.000000;0.000000;0.000000;0.000000;2.000000;176.113861;277.385529;2057.058594;0.322381;0.000000;0.000000;0.000000;0.000000;1.000000;292.630035;688.176147;1968.687744;0.912656;0.000000;0.000000;0.000000;0.000000;1.000000;264.292145;843.034180;2082.729004;1.146167;0.000000;0.000000;0.000000;0.000000;1.000000;-55.746506;-837.491150;1900.065063;0.298421;0.000000;0.000000;0.000000;0.000000;2.000000;-220.292603;-841.117798;1975.932129;0.289584;0.000000;0.000000;0.000000;0.000000;2.000000;-213.312195;-871.223572;1920.886963;0.330466;0.000000;0.000000;0.000000;0.000000;2.000000;-126.888580;-857.422424;1807.824951;0.437684;0.000000;0.000000;0.000000;0.000000;2.000000;-193.197601;-892.647827;1972.009888;0.390012;0.000000;0.000000;0.000000;0.000000;1.000000;-54.295670;-941.240173;1958.560059;0.482234;0.000000;0.000000;0.000000;0.000000;1.000000;9805366272.000000
0.000000;-150.000000;2000.000000;0.000000;0.000000;0.000000;0.000000;0.000000;2.000000;-20.054535;-349.910950;1977.623779;0.160191;0.000000;0.000000;0.000000;0.000000;2.000000;-28.000076;-507.973877;1944.880005;0.339816;0.000000;0.000000;0.000000;0.000000;2.000000;-41.740616;-750.815186;1908.011841;0.251447;0.000000;0.000000;0.000000;0.000000;2.000000;-70.602341;-705.984802;1892.457153;0.287698;0.000000;0.000000;0.000000;0.000000;2.000000;-193.270370;-655.225525;1799.641968;0.738153;0.000000;0.000000;0.000000;0.000000;2.000000;-317.816284;-367.947998;1796.308472;0.860769;0.000000;0.000000;0.000000;0.000000;2.000000;-509.822998;-344.167297;1974.181885;0.968772;0.000000;0.000000;0.000000;0.000000;2.000000;-576.089172;-364.824097;2058.369629;1.415106;0.000000;0.000000;0.000000;0.000000;2.000000;-552.923828;-244.737991;2052.529297;0.675463;0.000000;0.000000;0.000000;0.000000;2.000000;-571.975037;-314.450195;2124.109863;0.653072;0.000000;0.000000;0.000000;0.000000;2.000000;-7.128815;-715.154480;1933.711914;0.234642;0.000000;0.000000;0.000000;0.000000;2.000000;119.940910;-678.500854;2002.386719;0.324486;0.000000;0.000000;0.000000;0.000000;2.000000;245.883820;-423.693359;2147.327393;0.380382;0.000000;0.000000;0.000000;0.000000;2.000000;199.931091;-432.110168;2409.335693;2.393778;0.000000;0.000000;0.000000;0.000000;2.000000;218.553879;-478.628723;2515.597412;2.848278;0.000000;0.000000;0.000000;0.000000;0.000000;241.795929;-376.918945;2455.605713;2.627320;0.000000;0.000000;0.000000;0.000000;1.000000;206.547623;-488.048889;2528.052734;3.447294;0.000000;0.000000;0.000000;0.000000;0.000000;-90.563919;-135.587143;1952.401367;0.115099;0.000000;0.000000;0.000000;0.000000;2.000000;10.637177;304.468140;1908.918945;0.124573;0.000000;0.000000;0.000000;0.000000;2.000000;141.922653;709.461182;1827.101563;0.787703;0.000000;0.000000;0.000000;0.000000;2.000000;46.430603;867.705139;1931.517090;0.745495;0.000000;0.000000;0.000000;0.000000;2.000000;81.665466;-162.996689;2042.921753;0.103792;0.000000;0.000000;0.000000;0.000000;2.000000;176.916595;280.022003;2043.182617;0.418650;0.000000;0.000000;0.000000;0.000000;1.000000;288.691101;693.399963;1950.718994;0.565896;0.000000;0.000000;0.000000;0.000000;1.000000;253.489105;847.586121;2065.316895;0.621172;0.000000;0.000000;0.000000;0.000000;1.000000;-55.228897;-842.382385;1906.914673;0.249545;0.000000;0.000000;0.000000;0.000000;2.000000;-220.201706;-834.448975;1983.560913;0.299867;0.000000;0.000000;0.000000;0.000000;2.000000;-213.898453;-871.181274;1932.242554;0.336494;0.000000;0.000000;0.000000;0.000000;2.000000;-127.445267;-872.262024;1817.527100;0.524933;0.000000;0.000000;0.000000;0.000000;2.000000;-193.745041;-886.719482;1985.742798;0.442942;0.000000;0.000000;0.000000;0.000000;1.000000;-54.974533;-938.869324;1977.705811;0.571257;0.000000;0.000000;0.000000;0.000000;1.000000;9805400064.000000
0.000000;-150.000000;2000.000000;0.000000;0.000000;0.000000;0.000000;0.000000;2.000000;-22.662491;-349.015930;1978.232422;0.086171;0.000000;0.000000;0.000000;0.000000;2.000000;-32.665695;-506.268677;1944.817871;0.151607;0.000000;0.000000;0.000000;0.000000;2.000000;-40.563492;-748.706299;1909.067993;0.080444;0.000000;0.000000;0.000000;0.000000;2.000000;-69.829666;-704.695679;1892.614990;0.046119;0.000000;0.000000;0.000000;0.000000;2.000000;-197.010483;-661.426880;1803.080078;0.244647;0.000000;0.000000;0.000000;0.000000;2.000000;-329.379761;-379.211975;1787.897827;0.555496;0.000000;0.000000;0.000000;0.000000;2.000000;-500.084045;-361.246033;1985.755859;0.696234;0.000000;0.000000;0.000000;0.000000;2.000000;-556.349304;-370.672852;2078.337891;0.875276;0.000000;0.000000;0.000000;0.000000;2.000000;-539.975586;-259.884094;2029.869263;0.920872;0.000000;0.000000;0.000000;0.000000;2.000000;-576.918396;-314.717041;2118.786377;0.221851;0.000000;0.000000;0.000000;0.000000;2.000000;-7.437164;-712.345764;1935.332886;0.099412;0.000000;0.000000;0.000000;0.000000;2.000000;115.646126;-677.320984;2010.712769;0.288162;0.000000;0.000000;0.000000;0.000000;2.000000;241.728851;-426.920410;2160.780273;0.440826;0.000000;0.000000;0.000000;0.000000;2.000000;175.583801;-449.192078;2416.685303;0.934954;0.000000;0.000000;0.000000;0.000000;2.000000;195.569397;-495.250122;2522.465820;0.890639;0.000000;0.000000;0.000000;0.000000;0.000000;217.581161;-392.214050;2465.137695;0.921183;0.000000;0.000000;0.000000;0.000000;0.000000;125.770462;-491.318115;2540.194824;2.494813;0.000000;0.000000;0.000000;0.000000;0.000000;-91.537277;-134.696350;1955.382446;0.099488;0.000000;0.000000;0.000000;0.000000;2.000000;11.919907;302.780273;1907.218872;0.082930;0.000000;0.000000;0.000000;0.000000;2.000000;154.957520;697.600525;1805.467163;0.851561;0.000000;0.000000;0.000000;0.000000;2.000000;71.302643;862.848511;1907.726563;1.060763;0.000000;0.000000;0.000000;0.000000;2.000000;82.543167;-163.799988;2040.233521;0.089715;0.000000;0.000000;0.000000;0.000000;2.000000;176.164886;277.765198;2025.253906;0.551935;0.000000;0.000000;0.000000;0.000000;1.000000;280.381287;691.718018;1933.456665;0.586914;0.000000;0.000000;0.000000;0.000000;1.000000;244.976990;846.515930;2046.040039;0.643913;0.000000;0.000000;0.000000;0.000000;1.000000;-52.133591;-840.225830;1908.140991;0.121057;0.000000;0.000000;0.000000;0.000000;2.000000;-223.190262;-846.180603;1968.446045;0.590988;0.000000;0.000000;0.000000;0.000000;2.000000;-213.371170;-861.943665;1908.023804;0.791200;0.000000;0.000000;0.000000;0.000000;2.000000;-115.546341;-828.799744;1808.881714;1.400254;0.000000;0.000000;0.000000;0.000000;2.000000;-200.007248;-897.589539;1953.159790;1.065507;0.000000;0.000000;0.000000;0.000000;1.000000;-64.591873;-955.146851;1937.529297;1.355064;0.000000;0.000000;0.000000;0.000000;1.000000;9805432832.000000
0.000000;-150.000000;2000.000000;0.000000;0.000000;0.000000;0.000000;0.000000;2.000000;-19.905945;-351.116699;1974.876709;0.142761;0.000000;0.000000;0.000000;0.000000;2.000000;-29.428345;-510.117432;1941.172852;0.183808;0.000000;0.000000;0.000000;0.000000;2.000000;-32.850769;-755.363281;1905.630493;0.318199;0.000000;0.000000;0.000000;0.000000;2.000000;-62.907837;-711.414551;1888.434570;0.311120;0.000000;0.000000;0.000000;0.000000;2.000000;-192.930664;-665.751465;1801.038940;0.186019;0.000000;0.000000;0.000000;0.000000;2.000000;-304.683594;-371.876221;1775.371216;0.847734;0.000000;0.000000;0.000000;0.000000;2.000000;-460.609009;-337.416199;1986.555054;1.364732;0.000000;0.000000;0.000000;0.000000;2.000000;-526.112000;-335.012695;2074.794434;1.387551;0.000000;0.000000;0.000000;0.000000;2.000000;-522.281555;-229.113968;2011.665405;1.180475;0.000000;0.000000;0.000000;0.000000;2.000000;-556.950195;-263.660461;2095.187500;1.766274;0.000000;0.000000;0.000000;0.000000;2.000000;-0.373383;-717.994507;1932.566284;0.279898;0.000000;0.000000;0.000000;0.000000;2.000000;118.638245;-683.826172;2017.452271;0.290991;0.000000;0.000000;0.000000;0.000000;2.000000;230.305573;-414.482178;2152.711914;0.553867;0.000000;0.000000;0.000000;0.000000;2.000000;120.431046;-439.899963;2395.953369;1.765176;0.000000;0.000000;0.000000;0.000000;2.000000;141.335571;-485.759583;2503.040283;1.727756;0.000000;0.000000;0.000000;0.000000;0.000000;169.627594;-371.486511;2474.043457;1.568276;0.000000;0.000000;0.000000;0.000000;0.000000;108.667175;-497.132629;2518.296875;0.840066;0.000000;0.000000;0.000000;0.000000;0.000000;-94.017883;-135.420914;1957.784912;0.104418;0.000000;0.000000;0.000000;0.000000;2.000000;20.209518;303.408081;1901.001343;0.307209;0.000000;0.000000;0.000000;0.000000;2.000000;174.015015;696.402222;1788.549316;0.754957;0.000000;0.000000;0.000000;0.000000;2.000000;119.526184;868.831665;1902.707520;1.445662;0.000000;0.000000;0.000000;0.000000;2.000000;84.780090;-163.146606;2038.067261;0.094156;0.000000;0.000000;0.000000;0.000000;2.000000;179.033249;281.574524;1996.434448;0.864444;0.000000;0.000000;0.000000;0.000000;1.000000;277.411865;702.643494;1908.101074;0.821748;0.000000;0.000000;0.000000;0.000000;1.000000;248.044159;859.745117;2022.859253;0.795032;0.000000;0.000000;0.000000;0.000000;1.000000;-43.010986;-848.052124;1904.787109;0.369284;0.000000;0.000000;0.000000;0.000000;2.000000;-213.151367;-845.945679;1973.305298;0.330125;0.000000;0.000000;0.000000;0.000000;2.000000;-206.122223;-867.115295;1913.431519;0.308300;0.000000;0.000000;0.000000;0.000000;2.000000;-111.265472;-843.853210;1806.646240;0.467838;0.000000;0.000000;0.000000;0.000000;2.000000;-191.127594;-899.419678;1961.323975;0.361046;0.000000;0.000000;0.000000;0.000000;1.000000;-55.879669;-961.076294;1944.714844;0.377459;0.000000;0.000000;0.000000;0.000000;1.000000;9805466624.000000
0.000000;-150.000000;2000.000000;0.000000;0.000000;0.000000;0.000000;0.000000;2.000000;-14.194153;-347.201233;1953.847534;0.655186;0.000000;0.000000;0.000000;0.000000;2.000000;-28.502441;-505.817932;1922.533569;0.566736;0.000000;0.000000;0.000000;0.000000;2.000000;-35.430511;-749.883667;1884.770020;0.642812;0.000000;0.000000;0.000000;0.000000;2.000000;-65.178223;-705.555786;1868.600708;0.615688;0.000000;0.000000;0.000000;0.000000;2.000000;-200.271637;-675.852417;1782.970825;0.649948;0.000000;0.000000;0.000000;0.000000;2.000000;-268.055878;-370.271179;1752.596558;1.277248;0.000000;0.000000;0.000000;0.000000;2.000000;-439.297760;-310.513367;1944.357300;1.609637;0.000000;0.000000;0.000000;0.000000;2.000000;-496.820831;-306.223206;2037.528442;1.641150;0.000000;0.000000;0.000000;0.000000;2.000000;-486.466217;-195.793625;1984.435547;1.656787;0.000000;0.000000;0.000000;0.000000;2.000000;-457.757477;-185.040421;2052.222168;3.955521;0.000000;0.000000;0.000000;0.000000;2.000000;-2.140869;-713.279785;1911.399414;0.643866;0.000000;0.000000;0.000000;0.000000;2.000000;116.747131;-688.714844;1998.922241;0.569873;0.000000;0.000000;0.000000;0.000000;2.000000;213.558350;-414.548767;2133.589111;0.752237;0.000000;0.000000;0.000000;0.000000;2.000000;114.906250;-424.884949;2381.788574;0.632356;0.000000;0.000000;0.000000;0.000000;2.000000;133.328110;-465.659119;2490.964844;0.733259;0.000000;0.000000;0.000000;0.000000;0.000000;157.241180;-356.201843;2445.618408;1.022999;0.000000;0.000000;0.000000;0.000000;0.000000;94.836838;-475.038635;2506.943359;0.841355;0.000000;0.000000;0.000000;0.000000;0.000000;-91.597626;-132.735565;1954.402954;0.146496;0.000000;0.000000;0.000000;0.000000;2.000000;24.828308;303.621216;1894.450317;0.237287;0.000000;0.000000;0.000000;0.000000;2.000000;195.091705;679.458069;1755.425049;1.265434;0.000000;0.000000;0.000000;0.000000;2.000000;151.203293;842.321533;1885.811401;1.320683;0.000000;0.000000;0.000000;0.000000;2.000000;82.597641;-165.568085;2041.116943;0.132102;0.000000;0.000000;0.000000;0.000000;2.000000;-11.132996;279.212280;2063.365479;5.966348;0.000000;0.000000;0.000000;0.000000;2.000000;-36.905182;470.671570;1668.068970;13.568278;0.000000;0.000000;0.000000;0.000000;2.000000;-114.154968;561.756042;1823.666016;15.079663;0.000000;0.000000;0.000000;0.000000;2.000000;-46.661652;-842.149658;1883.204834;0.670890;0.000000;0.000000;0.000000;0.000000;2.000000;-214.862518;-862.636780;1951.967896;0.803272;0.000000;0.000000;0.000000;0.000000;2.000000;-206.338409;-878.500305;1890.870117;0.747874;0.000000;0.000000;0.000000;0.000000;2.000000;-115.794708;-837.938293;1786.134521;0.645795;0.000000;0.000000;0.000000;0.000000;2.000000;-187.644989;-912.368591;1936.076904;0.845970;0.000000;0.000000;0.000000;0.000000;2.000000;-47.368256;-958.144287;1914.661011;0.928419;0.000000;0.000000;0.000000;0.000000;2.000000;9805500416.000000
0.000000;-150.000000;2000.000000;0.000000;0.000000;0.000000;0.000000;0.000000;2.000000;-12.853363;-352.614868;1958.967529;0.231048;0.000000;0.000000;0.000000;0.000000;2.000000;-22.032990;-514.220825;1924.058105;0.326961;0.000000;0.000000;0.000000;0.000000;2.000000;-33.539490;-763.917847;1891.628906;0.480183;0.000000;0.000000;0.000000;0.000000;2.000000;-63.215240;-718.595947;1874.206177;0.437287;0.000000;0.000000;0.000000;0.000000;2.000000;-199.666077;-677.315552;1789.224487;0.196870;0.000000;0.000000;0.000000;0.000000;2.000000;-240.486755;-362.738434;1741.191772;0.939063;0.000000;0.000000;0.000000;0.000000;2.000000;-414.388306;-257.257996;1917.661499;1.970519;0.000000;0.000000;0.000000;0.000000;2.000000;-456.778992;-239.278259;2019.533447;2.443083;0.000000;0.000000;0.000000;0.000000;2.000000;-416.649902;-174.063187;1920.163696;2.970946;0.000000;0.000000;0.000000;0.000000;2.000000;-443.901306;-140.296799;2034.387207;1.529558;0.000000;0.000000;0.000000;0.000000;2.000000;1.208923;-726.513306;1917.694702;0.458757;0.000000;0.000000;0.000000;0.000000;2.000000;120.408585;-699.768433;2009.280884;0.475614;0.000000;0.000000;0.000000;0.000000;2.000000;207.613998;-414.882446;2143.812988;0.361056;0.000000;0.000000;0.000000;0.000000;2.000000;78.627899;-380.112091;2381.532227;1.758616;0.000000;0.000000;0.000000;0.000000;2.000000;84.917023;-427.193939;2492.135986;1.887303;0.000000;0.000000;0.000000;0.000000;0.000000;117.692062;-321.357086;2438.011475;1.625231;0.000000;0.000000;0.000000;0.000000;0.000000;54.477753;-435.084015;2505.135742;1.734004;0.000000;0.000000;0.000000;0.000000;0.000000;-94.009186;-134.680695;1953.802734;0.096309;0.000000;0.000000;0.000000;0.000000;2.000000;34.984467;309.647186;1909.549438;0.584986;0.000000;0.000000;0.000000;0.000000;2.000000;225.540512;672.137817;1737.519165;1.100892;0.000000;0.000000;0.000000;0.000000;2.000000;149.237442;836.061523;1858.401733;0.860110;0.000000;0.000000;0.000000;0.000000;2.000000;84.772171;-163.814087;2041.658203;0.086844;0.000000;0.000000;0.000000;0.000000;2.000000;-68.157715;274.365784;2054.738281;1.766263;0.000000;0.000000;0.000000;0.000000;2.000000;-9.820984;492.406189;1666.751709;1.060539;0.000000;0.000000;0.000000;0.000000;2.000000;-84.782959;590.923584;1823.974854;1.263279;0.000000;0.000000;0.000000;0.000000;2.000000;-46.597534;-857.849243;1892.381104;0.554954;0.000000;0.000000;0.000000;0.000000;2.000000;-223.705994;-873.247925;1948.945068;0.431520;0.000000;0.000000;0.000000;0.000000;2.000000;-210.951172;-888.392212;1887.051758;0.352880;0.000000;0.000000;0.000000;0.000000;2.000000;-109.195038;-848.477539;1788.488647;0.386229;0.000000;0.000000;0.000000;0.000000;2.000000;-196.799561;-924.708252;1933.586426;0.475013;0.000000;0.000000;0.000000;0.000000;1.000000;-54.385895;-976.738403;1921.343628;0.639884;0.000000;0.000000;0.000000;0.000000;1.000000;9805533184.000000
0.000000;-150.000000;2000.000000;0.000000;0.000000;0.000000;0.000000;0.000000;2.000000;-10.195618;-355.149475;1955.111450;0.157586;0.000000;0.000000;0.000000;0.000000;2.000000;-13.900055;-517.687744;1912.448242;0.431845;0.000000;0.000000;0.000000;0.000000;2.000000;-26.986938;-770.770569;1877.220459;0.510421;0.000000;0.000000;0.000000;0.000000;2.000000;-55.670410;-724.287415;1858.425781;0.544329;0.000000;0.000000;0.000000;0.000000;2.000000;-194.336243;-680.579773;1773.318726;0.505730;0.000000;0.000000;0.000000;0.000000;2.000000;-206.476379;-359.438477;1720.585938;1.180822;0.000000;0.000000;0.000000;0.000000;2.000000;-369.594666;-236.475815;1902.204468;1.531206;0.000000;0.000000;0.000000;0.000000;2.000000;-431.488770;-208.285156;1993.046631;1.419751;0.000000;0.000000;0.000000;0.000000;2.000000;-379.200562;-132.100525;1905.423828;1.720608;0.000000;0.000000;0.000000;0.000000;2.000000;-428.330322;-118.605667;2009.356689;1.083067;0.000000;0.000000;0.000000;0.000000;2.000000;7.413422;-733.407349;1905.618408;0.450609;0.000000;0.000000;0.000000;0.000000;2.000000;127.833328;-705.105591;1998.990112;0.407385;0.000000;0.000000;0.000000;0.000000;2.000000;195.236816;-409.167664;2133.110840;0.512895;0.000000;0.000000;0.000000;0.000000;2.000000;80.387695;-343.366943;2376.207764;1.099982;0.000000;0.000000;0.000000;0.000000;2.000000;93.554138;-431.262817;2460.056641;0.990471;0.000000;0.000000;0.000000;0.000000;0.000000;90.021790;-315.313965;2413.040527;1.117383;0.000000;0.000000;0.000000;0.000000;0.000000;95.895294;-443.451233;2464.187012;1.741260;0.000000;0.000000;0.000000;0.000000;0.000000;-90.378876;-133.324219;1944.316162;0.303257;0.000000;0.000000;0.000000;0.000000;2.000000;27.341095;322.972900;1921.426880;0.574641;0.000000;0.000000;0.000000;0.000000;2.000000;244.781830;652.984192;1704.371948;1.267950;0.000000;0.000000;0.000000;0.000000;2.000000;174.876694;814.416626;1837.773438;1.165596;0.000000;0.000000;0.000000;0.000000;2.000000;81.498627;-165.037292;2050.212402;0.273452;0.000000;0.000000;0.000000;0.000000;2.000000;-46.615692;288.333862;2062.517578;0.793884;0.000000;0.000000;0.000000;0.000000;2.000000;20.750458;463.748352;1647.437134;1.365424;0.000000;0.000000;0.000000;0.000000;2.000000;-58.573486;592.472046;1783.078979;1.438164;0.000000;0.000000;0.000000;0.000000;2.000000;-41.395966;-865.952271;1876.671753;0.545262;0.000000;0.000000;0.000000;0.000000;2.000000;-214.046753;-877.513916;1953.610596;0.341623;0.000000;0.000000;0.000000;0.000000;2.000000;-206.646362;-901.476196;1892.601074;0.439448;0.000000;0.000000;0.000000;0.000000;2.000000;-115.150208;-873.320740;1777.900879;0.818362;0.000000;0.000000;0.000000;0.000000;2.000000;-186.370239;-930.771301;1942.872803;0.450519;0.000000;0.000000;0.000000;0.000000;2.000000;-41.753387;-981.281189;1923.469727;0.402220;0.000000;0.000000;0.000000;0.000000;2.000000;9805566976.000000
0.000000;-150.000000;2000.000000;0.000000;0.000000;0.000000;0.000000;0.000000;2.000000;3.919006;-356.607910;1957.042603;0.437029;0.000000;0.000000;0.000000;0.000000;2.000000;5.241821;-522.594971;1926.746094;0.744354;0.000000;0.000000;0.000000;0.000000;2.000000;-15.783417;-775.915039;1889.909546;0.539909;0.000000;0.000000;0.000000;0.000000;2.000000;-44.232178;-728.387329;1872.754761;0.573342;0.000000;0.000000;0.000000;0.000000;2.000000;-180.437256;-683.357117;1783.189087;0.527097;0.000000;0.000000;0.000000;0.000000;2.000000;-186.894287;-361.132172;1728.321411;0.644611;0.000000;0.000000;0.000000;0.000000;2.000000;-314.061401;-159.191711;1863.745728;3.132455;0.000000;0.000000;0.000000;0.000000;2.000000;-368.346375;-166.837814;1963.607178;2.473906;0.000000;0.000000;0.000000;0.000000;2.000000;-318.588074;-73.237030;1892.161621;2.610042;0.000000;0.000000;0.000000;0.000000;2.000000;-386.712097;-85.759979;1992.938477;1.693787;0.000000;0.000000;0.000000;0.000000;2.000000;20.921967;-739.532227;1917.131836;0.573011;0.000000;0.000000;0.000000;0.000000;2.000000;142.250946;-733.575500;2014.343140;1.080735;0.000000;0.000000;0.000000;0.000000;2.000000;189.494949;-431.924774;2147.528320;0.840602;0.000000;0.000000;0.000000;0.000000;2.000000;88.523743;-292.515259;2365.655273;1.604262;0.000000;0.000000;0.000000;0.000000;2.000000;99.707550;-378.342285;2452.568848;1.641867;0.000000;0.000000;0.000000;0.000000;0.000000;96.287628;-268.898651;2390.934082;1.580544;0.000000;0.000000;0.000000;0.000000;0.000000;114.098419;-386.648010;2455.030762;1.841653;0.000000;0.000000;0.000000;0.000000;0.000000;-98.776947;-142.978455;1957.217529;0.554528;0.000000;0.000000;0.000000;0.000000;2.000000;-7.349426;321.711639;1953.139771;1.434888;0.000000;0.000000;0.000000;0.000000;2.000000;259.271271;612.757019;1731.597534;1.546914;0.000000;0.000000;0.000000;0.000000;2.000000;211.017410;800.246399;1839.485596;1.185826;0.000000;0.000000;0.000000;0.000000;2.000000;89.071564;-156.331635;2038.578735;0.500042;0.000000;0.000000;0.000000;0.000000;2.000000;80.354370;316.693176;2039.787476;4.030436;0.000000;0.000000;0.000000;0.000000;1.000000;115.421722;627.300659;1705.869507;6.036493;0.000000;0.000000;0.000000;0.000000;1.000000;37.192230;795.596375;1790.350586;6.856848;0.000000;0.000000;0.000000;0.000000;1.000000;-32.626648;-871.073242;1889.223145;0.492708;0.000000;0.000000;0.000000;0.000000;2.000000;-203.409424;-886.118530;1971.357910;0.683866;0.000000;0.000000;0.000000;0.000000;2.000000;-194.483582;-918.265381;1914.158936;0.912752;0.000000;0.000000;0.000000;0.000000;2.000000;-106.717041;-899.532715;1793.994995;0.973318;0.000000;0.000000;0.000000;0.000000;2.000000;-171.062134;-937.966431;1967.910767;0.922120;0.000000;0.000000;0.000000;0.000000;2.000000;-22.136414;-978.171753;1952.711304;1.078771;0.000000;0.000000;0.000000;0.000000;2.000000;9805599744.000000
0.000000;-150.000000;2000.000000;0.000000;0.000000;0.000000;0.000000;0.000000;2.000000;13.332397;-350.322388;1941.785400;0.562187;0.000000;0.000000;0.000000;0.000000;2.000000;22.929993;-510.808105;1896.187622;1.101561;0.000000;0.000000;0.000000;0.000000;2.000000;12.216309;-761.909241;1856.917969;1.345933;0.000000;0.000000;0.000000;0.000000;2.000000;-14.971863;-715.408447;1837.000854;1.420134;0.000000;0.000000;0.000000;0.000000;2.000000;-142.749481;-657.957825;1745.202393;1.752854;0.000000;0.000000;0.000000;0.000000;2.000000;-164.038116;-337.501465;1704.068237;1.208978;0.000000;0.000000;0.000000;0.000000;2.000000;-225.700653;-74.697784;1735.429688;5.244847;0.000000;0.000000;0.000000;0.000000;2.000000;-280.032318;-28.403503;1822.804688;6.401134;0.000000;0.000000;0.000000;0.000000;2.000000;-222.563568;36.448750;1730.497925;6.441914;0.000000;0.000000;0.000000;0.000000;2.000000;-293.685089;-10.270287;1862.547729;5.240054;0.000000;0.000000;0.000000;0.000000;2.000000;44.461639;-725.193726;1887.885864;1.189261;0.000000;0.000000;0.000000;0.000000;2.000000;159.989624;-720.686035;1989.750244;0.975041;0.000000;0.000000;0.000000;0.000000;2.000000;193.994263;-403.350342;2073.317383;2.357045;0.000000;0.000000;0.000000;0.000000;2.000000;111.113800;-200.096573;2239.305176;4.680518;0.000000;0.000000;0.000000;0.000000;2.000000;83.776031;-212.410202;2357.027832;5.685775;0.000000;0.000000;0.000000;0.000000;0.000000;131.848663;-169.345123;2250.627686;5.198688;0.000000;0.000000;0.000000;0.000000;0.000000;129.969025;-226.969589;2358.884277;5.535770;0.000000;0.000000;0.000000;0.000000;0.000000;-73.012299;-132.754593;1923.935425;1.281762;0.000000;0.000000;0.000000;0.000000;2.000000;-15.993256;332.832642;1924.845581;0.935317;0.000000;0.000000;0.000000;0.000000;2.000000;265.128815;609.198059;1711.420898;0.630593;0.000000;0.000000;0.000000;0.000000;2.000000;171.903351;782.578247;1808.527466;1.566038;0.000000;0.000000;0.000000;0.000000;2.000000;65.838409;-165.550919;2068.590820;1.155825;0.000000;0.000000;0.000000;0.000000;2.000000;-1.628265;282.729004;1950.085571;3.733991;0.000000;0.000000;0.000000;0.000000;2.000000;160.442810;614.236511;1687.324341;1.491869;0.000000;0.000000;0.000000;0.000000;2.000000;58.054382;668.354614;1852.772583;4.239338;0.000000;0.000000;0.000000;0.000000;2.000000;-2.069794;-856.506897;1854.114624;1.443239;0.000000;0.000000;0.000000;0.000000;2.000000;-179.346649;-856.355347;1917.526855;1.954614;0.000000;0.000000;0.000000;0.000000;2.000000;-167.696198;-888.223328;1861.404907;1.963651;0.000000;0.000000;0.000000;0.000000;2.000000;-67.624603;-876.557312;1752.259521;1.823728;0.000000;0.000000;0.000000;0.000000;2.000000;-152.016815;-910.451111;1916.294556;1.820390;0.000000;0.000000;0.000000;0.000000;2.000000;-8.074615;-963.807678;1915.456543;1.252715;0.000000;0.000000;0.000000;0.000000;2.000000;9805633536.000000
0.000000;-150.000000;2000.000000;0.000000;0.000000;0.000000;0.000000;0.000000;2.000000;6.102875;-350.550781;1950.799805;0.352709;0.000000;0.000000;0.000000;0.000000;2.000000;14.843109;-509.698914;1907.530029;0.426459;0.000000;0.000000;0.000000;0.000000;2.000000;7.791321;-756.329895;1859.304688;0.229199;0.000000;0.000000;0.000000;0.000000;2.000000;-18.872223;-709.896057;1840.479614;0.231815;0.000000;0.000000;0.000000;0.000000;2.000000;-129.379364;-638.522949;1740.002808;0.737181;0.000000;0.000000;0.000000;0.000000;2.000000;-117.070099;-321.681152;1696.914795;1.528150;0.000000;0.000000;0.000000;0.000000;2.000000;-169.482880;-59.099701;1717.800781;1.859950;0.000000;0.000000;0.000000;0.000000;2.000000;-223.056549;29.687908;1758.785522;3.159609;0.000000;0.000000;0.000000;0.000000;2.000000;-164.242889;118.315109;1692.891479;3.275156;0.000000;0.000000;0.000000;0.000000;2.000000;-200.414886;62.401051;1820.491333;3.829828;0.000000;0.000000;0.000000;0.000000;2.000000;38.341095;-720.944885;1892.221313;0.263071;0.000000;0.000000;0.000000;0.000000;2.000000;147.784912;-721.938110;1998.106689;0.453012;0.000000;0.000000;0.000000;0.000000;2.000000;181.283142;-408.119873;2079.983887;0.461576;0.000000;0.000000;0.000000;0.000000;2.000000;102.099243;-201.712158;2238.400879;0.280845;0.000000;0.000000;0.000000;0.000000;1.000000;95.036530;-189.246948;2357.601563;0.786184;0.000000;0.000000;0.000000;0.000000;0.000000;138.836395;-156.323944;2247.493896;0.461008;0.000000;0.000000;0.000000;0.000000;0.000000;153.759216;-206.921814;2346.220703;1.025069;0.000000;0.000000;0.000000;0.000000;0.000000;-76.832001;-134.958176;1929.155762;0.208544;0.000000;0.000000;0.000000;0.000000;2.000000;-58.490692;328.136658;1939.553711;1.379858;0.000000;0.000000;0.000000;0.000000;2.000000;240.893494;595.788208;1752.441284;1.510496;0.000000;0.000000;0.000000;0.000000;2.000000;157.353668;754.059814;1875.041748;2.252756;0.000000;0.000000;0.000000;0.000000;2.000000;69.282806;-163.563889;2063.883301;0.188056;0.000000;0.000000;0.000000;0.000000;2.000000;7.644104;283.524567;1960.193237;0.419297;0.000000;0.000000;0.000000;0.000000;2.000000;161.311768;647.778687;1750.108276;2.172469;0.000000;0.000000;0.000000;0.000000;2.000000;-12.170563;658.107483;1848.256226;2.170172;0.000000;0.000000;0.000000;0.000000;2.000000;-5.362671;-849.764893;1852.651001;0.233295;0.000000;0.000000;0.000000;0.000000;2.000000;-182.128204;-860.408386;1909.779175;0.280016;0.000000;0.000000;0.000000;0.000000;2.000000;-167.723541;-888.062988;1852.958618;0.257808;0.000000;0.000000;0.000000;0.000000;2.000000;-66.365387;-866.165161;1749.052246;0.334121;0.000000;0.000000;0.000000;0.000000;2.000000;-152.867584;-912.570374;1906.288818;0.313203;0.000000;0.000000;0.000000;0.000000;2.000000;-8.550842;-959.375916;1906.791260;0.297377;0.000000;0.000000;0.000000;0.000000;2.000000;9805666304.000000
0.000000;-150.000000;2000.000000;0.000000;0.000000;0.000000;0.000000;0.000000;2.000000;6.196533;-352.674194;1954.401001;0.123747;0.000000;0.000000;0.000000;0.000000;2.000000;17.110535;-512.783813;1911.361694;0.160292;0.000000;0.000000;0.000000;0.000000;2.000000;-1.128296;-759.664917;1859.559814;0.281905;0.000000;0.000000;0.000000;0.000000;2.000000;-25.640381;-711.520569;1841.075806;0.206732;0.000000;0.000000;0.000000;0.000000;2.000000;-118.906677;-625.023132;1733.593628;0.540018;0.000000;0.000000;0.000000;0.000000;2.000000;-98.569641;-305.862488;1696.746094;0.720343;0.000000;0.000000;0.000000;0.000000;2.000000;-103.730408;-35.838982;1688.677124;2.236683;0.000000;0.000000;0.000000;0.000000;2.000000;-169.751892;50.894417;1715.171021;2.132598;0.000000;0.000000;0.000000;0.000000;2.000000;-92.234375;133.705322;1660.595215;2.379441;0.000000;0.000000;0.000000;0.000000;2.000000;-155.447388;89.994667;1781.877808;1.934765;0.000000;0.000000;0.000000;0.000000;2.000000;31.001373;-725.954956;1893.319824;0.264982;0.000000;0.000000;0.000000;0.000000;2.000000;139.579193;-714.488647;2000.792603;0.337465;0.000000;0.000000;0.000000;0.000000;2.000000;166.883667;-387.836365;2012.875366;2.117968;0.000000;0.000000;0.000000;0.000000;2.000000;62.051239;-171.710846;2143.888184;3.164711;0.000000;0.000000;0.000000;0.000000;1.000000;38.107666;-161.198502;2261.805664;3.400529;0.000000;0.000000;0.000000;0.000000;0.000000;113.896271;-81.585785;2205.000732;2.649088;0.000000;0.000000;0.000000;0.000000;0.000000;105.876404;-155.764008;2262.009033;3.241930;0.000000;0.000000;0.000000;0.000000;0.000000;-80.018433;-137.003738;1931.361572;0.129680;0.000000;0.000000;0.000000;0.000000;2.000000;-92.872253;327.781860;1967.537109;1.311896;0.000000;0.000000;0.000000;0.000000;2.000000;216.815063;601.755432;1801.150146;1.617601;0.000000;0.000000;0.000000;0.000000;2.000000;110.931030;753.244324;1917.203247;1.855947;0.000000;0.000000;0.000000;0.000000;2.000000;72.156189;-161.719299;2061.894287;0.116938;0.000000;0.000000;0.000000;0.000000;2.000000;-22.098694;292.332489;2017.345459;1.924349;0.000000;0.000000;0.000000;0.000000;2.000000;169.793610;637.008972;1800.022583;1.531800;0.000000;0.000000;0.000000;0.000000;2.000000;19.806122;676.342529;1927.592529;2.588190;0.000000;0.000000;0.000000;0.000000;2.000000;-18.648499;-852.856079;1851.557495;0.404961;0.000000;0.000000;0.000000;0.000000;2.000000;-201.570801;-866.284851;1888.983276;0.860238;0.000000;0.000000;0.000000;0.000000;2.000000;-182.181396;-883.093750;1829.040527;0.840039;0.000000;0.000000;0.000000;0.000000;2.000000;-69.684448;-845.898132;1740.887207;0.654019;0.000000;0.000000;0.000000;0.000000;2.000000;-173.365784;-918.382385;1877.894653;1.050517;0.000000;0.000000;0.000000;0.000000;2.000000;-30.293945;-971.348145;1882.553467;1.026647;0.000000;0.000000;0.000000;0.000000;2.000000;9805700096.000000
0.000000;-150.000000;2000.000000;0.000000;0.000000;0.000000;0.000000;0.000000;2.000000;2.089447;-354.909943;1962.618042;0.288527;0.000000;0.000000;0.000000;0.000000;2.000000;12.975006;-516.411255;1923.499146;0.406673;0.000000;0.000000;0.000000;0.000000;2.000000;-16.524292;-760.979980;1863.736450;0.488482;0.000000;0.000000;0.000000;0.000000;2.000000;-37.020020;-710.903320;1845.098511;0.368820;0.000000;0.000000;0.000000;0.000000;2.000000;-122.033569;-621.725342;1732.500854;0.142642;0.000000;0.000000;0.000000;0.000000;2.000000;-105.041504;-300.230835;1711.144531;0.511491;0.000000;0.000000;0.000000;0.000000;2.000000;-74.333801;-33.229469;1677.949463;0.958297;0.000000;0.000000;0.000000;0.000000;2.000000;-144.975952;46.354973;1714.231079;0.769223;0.000000;0.000000;0.000000;0.000000;2.000000;-73.261047;101.982330;1626.599121;1.532599;0.000000;0.000000;0.000000;0.000000;2.000000;-123.761902;85.296829;1778.450439;0.983114;0.000000;0.000000;0.000000;0.000000;2.000000;15.438629;-730.018188;1900.384766;0.536122;0.000000;0.000000;0.000000;0.000000;2.000000;103.185242;-727.004761;2026.355469;1.409976;0.000000;0.000000;0.000000;0.000000;2.000000;191.361908;-417.146576;2091.874023;2.677743;0.000000;0.000000;0.000000;0.000000;1.000000;160.812225;-168.821701;2204.143555;3.531714;0.000000;0.000000;0.000000;0.000000;1.000000;74.139313;-198.005707;2283.455566;1.705102;0.000000;0.000000;0.000000;0.000000;0.000000;157.013367;-139.946808;2211.767578;2.223993;0.000000;0.000000;0.000000;0.000000;0.000000;120.364349;-180.007935;2319.193359;1.946370;0.000000;0.000000;0.000000;0.000000;0.000000;-76.386658;-137.445663;1926.913696;0.175758;0.000000;0.000000;0.000000;0.000000;2.000000;-120.566772;321.963989;2000.901611;1.335131;0.000000;0.000000;0.000000;0.000000;2.000000;184.956970;614.741943;1857.768188;2.021819;0.000000;0.000000;0.000000;0.000000;2.000000;63.151886;781.476196;1929.929932;1.737588;0.000000;0.000000;0.000000;0.000000;2.000000;68.881195;-161.320801;2065.905273;0.158493;0.000000;0.000000;0.000000;0.000000;2.000000;-39.385864;292.800751;2073.974121;1.806958;0.000000;0.000000;0.000000;0.000000;2.000000;163.974579;620.038086;1838.747681;1.302463;0.000000;0.000000;0.000000;0.000000;2.000000;28.440063;722.804565;1946.307983;1.551162;0.000000;0.000000;0.000000;0.000000;2.000000;-38.999695;-852.934326;1852.083252;0.621281;0.000000;0.000000;0.000000;0.000000;2.000000;-223.031799;-858.611450;1888.139282;0.696020;0.000000;0.000000;0.000000;0.000000;2.000000;-203.559998;-879.212524;1829.255493;0.663120;0.000000;0.000000;0.000000;0.000000;2.000000;-88.809875;-850.222900;1740.369507;0.598606;0.000000;0.000000;0.000000;0.000000;2.000000;-196.343872;-912.205444;1880.107544;0.729264;0.000000;0.000000;0.000000;0.000000;2.000000;-54.777283;-969.460327;1889.204346;0.776390;0.000000;0.000000;0.000000;0.000000;2.000000;9805732864.000000
