posX0;posY0;posZ0;posVel0;rotX0;rotY0;rotZ0;rotVel0;confidence0;posX1;posY1;posZ1;posVel1;rotX1;rotY1;rotZ1;rotVel1;confidence1;posX2;posY2;posZ2;posVel2;rotX2;rotY2;rotZ2;rotVel2;confidence2;posX3;posY3;posZ3;posVel3;rotX3;rotY3;rotZ3;rotVel3;confidence3;posX4;posY4;posZ4;posVel4;rotX4;rotY4;rotZ4;rotVel4;confidence4;posX5;posY5;posZ5;posVel5;rotX5;rotY5;rotZ5;rotVel5;confidence5;posX6;posY6;posZ6;posVel6;rotX6;rotY6;rotZ6;rotVel6;confidence6;posX7;posY7;posZ7;posVel7;rotX7;rotY7;rotZ7;rotVel7;confidence7;posX8;posY8;posZ8;posVel8;rotX8;rotY8;rotZ8;rotVel8;confidence8;posX9;posY9;posZ9;posVel9;rotX9;rotY9;rotZ9;rotVel9;confidence9;posX10;posY10;posZ10;posVel10;rotX10;rotY10;rotZ10;rotVel10;confidence10;posX11;posY11;posZ11;posVel11;rotX11;rotY11;rotZ11;rotVel11;confidence11;posX12;posY12;posZ12;posVel12;rotX12;rotY12;rotZ12;rotVel12;confidence12;posX13;posY13;posZ13;posVel13;rotX13;rotY13;rotZ13;rotVel13;confidence13;posX14;posY14;posZ14;posVel14;rotX14;rotY14;rotZ14;rotVel14;confidence14;posX15;posY15;posZ15;posVel15;rotX15;rotY15;rotZ15;rotVel15;confidence15;posX16;posY16;posZ16;posVel16;rotX16;rotY16;rotZ16;rotVel16;confidence16;posX17;posY17;posZ17;posVel17;rotX17;rotY17;rotZ17;rotVel17;confidence17;posX18;posY18;posZ18;posVel18;rotX18;rotY18;rotZ18;rotVel18;confidence18;posX19;posY19;posZ19;posVel19;rotX19;rotY19;rotZ19;rotVel19;confidence19;posX20;posY20;posZ20;posVel20;rotX20;rotY20;rotZ20;rotVel20;confidence20;posX21;posY21;posZ21;posVel21;rotX21;rotY21;rotZ21;rotVel21;confidence21;posX22;posY22;posZ22;posVel22;rotX22;rotY22;rotZ22;rotVel22;confidence22;posX23;posY23;posZ23;posVel23;rotX23;rotY23;rotZ23;rotVel23;confidence23;posX24;posY24;posZ24;posVel24;rotX24;rotY24;rotZ24;rotVel24;confidence24;posX25;posY25;posZ25;posVel25;rotX25;rotY25;rotZ25;rotVel25;confidence25;posX26;posY26;posZ26;posVel26;rotX26;rotY26;rotZ26;rotVel26;confidence26;posX27;posY27;posZ27;posVel27;rotX27;rotY27;rotZ27;rotVel27;confidence27;posX28;posY28;posZ28;posVel28;rotX28;rotY28;rotZ28;rotVel28;confidence28;posX29;posY29;posZ29;posVel29;rotX29;rotY29;rotZ29;rotVel29;confidence29;posX30;posY30;posZ30;posVel30;rotX30;rotY30;rotZ30;rotVel30;confidence30;posX31;posY31;posZ31;posVel31;rotX31;rotY31;rotZ31;rotVel31;confidence31;TimeStamp
0.000000;-150.000000;2000.000000;0.000000;0.000000;0.000000;0.000000;0.000000;2.000000;1.360504;-353.594360;1983.949585;0.000000;0.000000;0.000000;0.000000;0.000000;2.000000;2.028473;-516.833008;1980.696045;0.000000;0.000000;0.000000;0.000000;0.000000;2.000000;6.812622;-765.200562;1988.367798;0.000000;0.000000;0.000000;0.000000;0.000000;2.000000;44.450500;-723.876160;1983.466064;0.000000;0.000000;0.000000;0.000000;0.000000;2.000000;199.654083;-679.437073;1956.692749;0.000000;0.000000;0.000000;0.000000;0.000000;2.000000;286.927917;-384.108521;1884.320435;0.000000;0.000000;0.000000;0.000000;0.000000;2.000000;112.553772;-339.003235;1689.244019;0.000000;0.000000;0.000000;0.000000;0.000000;2.000000;33.059052;-292.364075;1749.712158;0.000000;0.000000;0.000000;0.000000;0.000000;2.000000;-39.047974;-256.233765;1843.498047;0.000000;0.000000;0.000000;0.000000;0.000000;2.000000;-17.743927;-339.839539;1650.454590;0.000000;0.000000;0.000000;0.000000;0.000000;2.000000;-31.981049;-724.367126;1993.101563;0.000000;0.000000;0.000000;0.000000;0.000000;2.000000;-177.956177;-687.807129;1997.468872;0.000000;0.000000;0.000000;0.000000;0.000000;2.000000;-243.381104;-376.195435;2047.603882;0.000000;0.000000;0.000000;0.000000;0.000000;2.000000;-266.160217;-128.313766;1945.979614;0.000000;0.000000;0.000000;0.000000;0.000000;2.000000;-310.775696;-23.500832;1912.652466;0.000000;0.000000;0.000000;0.000000;0.000000;2.000000;-274.012512;83.385033;1867.856323;0.000000;0.000000;0.000000;0.000000;0.000000;2.000000;-255.263000;7.460403;1878.120728;0.000000;0.000000;0.000000;0.000000;0.000000;2.000000;104.279449;-149.664703;2004.586304;0.000000;0.000000;0.000000;0.000000;0.000000;2.000000;121.004242;304.412628;2064.246338;0.000000;0.000000;0.000000;0.000000;0.000000;2.000000;128.954620;732.991455;2154.150391;0.000000;0.000000;0.000000;0.000000;0.000000;2.000000;168.168121;851.462524;1979.740234;0.000000;0.000000;0.000000;0.000000;0.000000;2.000000;-94.033386;-150.302353;1995.864258;0.000000;0.000000;0.000000;0.000000;0.000000;2.000000;-119.661469;303.820679;2047.718506;0.000000;0.000000;0.000000;0.000000;0.000000;2.000000;-136.838501;738.004517;2131.814453;0.000000;0.000000;0.000000;0.000000;0.000000;2.000000;-166.696777;858.678223;1978.588135;0.000000;0.000000;0.000000;0.000000;0.000000;2.000000;6.673004;-857.889587;1975.994141;0.000000;0.000000;0.000000;0.000000;0.000000;2.000000;8.249634;-895.577637;1795.953857;0.000000;0.000000;0.000000;0.000000;0.000000;2.000000;41.018341;-935.045288;1834.347046;0.000000;0.000000;0.000000;0.000000;0.000000;2.000000;106.901794;-922.506714;1963.043213;0.000000;0.000000;0.000000;0.000000;0.000000;2.000000;-18.690338;-935.649048;1830.251465;0.000000;0.000000;0.000000;0.000000;0.000000;2.000000;-82.276154;-939.164795;1966.047485;0.000000;0.000000;0.000000;0.000000;0.000000;2.000000;17731467264.000000
0.000000;-150.000000;2000.000000;0.000000;0.000000;0.000000;0.000000;0.000000;2.000000;3.585266;-353.413635;1981.390747;0.103624;0.000000;0.000000;0.000000;0.000000;2.000000;5.539551;-516.687439;1977.863647;0.137740;0.000000;0.000000;0.000000;0.000000;2.000000;9.009033;-765.195557;1984.074707;0.147166;0.000000;0.000000;0.000000;0.000000;2.000000;46.832001;-724.042053;1978.963745;0.155520;0.000000;0.000000;0.000000;0.000000;2.000000;202.243378;-684.291016;1946.348999;0.357536;0.000000;0.000000;0.000000;0.000000;2.000000;276.663330;-382.681885;1886.101318;0.320897;0.000000;0.000000;0.000000;0.000000;2.000000;95.012512;-379.782959;1692.363403;1.358088;0.000000;0.000000;0.000000;0.000000;2.000000;14.278290;-336.253113;1753.566284;1.461604;0.000000;0.000000;0.000000;0.000000;2.000000;-64.835388;-311.070007;1845.310791;1.850103;0.000000;0.000000;0.000000;0.000000;2.000000;-26.370697;-355.483887;1638.837524;0.650335;0.000000;0.000000;0.000000;0.000000;2.000000;-29.506927;-724.160889;1989.496460;0.133584;0.000000;0.000000;0.000000;0.000000;2.000000;-175.273682;-686.349060;1990.473877;0.232919;0.000000;0.000000;0.000000;0.000000;2.000000;-250.597107;-377.369568;2043.567749;0.254853;0.000000;0.000000;0.000000;0.000000;2.000000;-275.090820;-131.428589;1937.501221;0.387634;0.000000;0.000000;0.000000;0.000000;2.000000;-314.488037;-23.799294;1906.523315;0.218871;0.000000;0.000000;0.000000;0.000000;2.000000;-278.891479;84.316757;1863.676147;0.198121;0.000000;0.000000;0.000000;0.000000;2.000000;-259.274658;4.864784;1872.185425;0.232532;0.000000;0.000000;0.000000;0.000000;2.000000;104.067780;-148.936325;2008.422974;0.119352;0.000000;0.000000;0.000000;0.000000;2.000000;119.212509;306.283936;2060.403809;0.141429;0.000000;0.000000;0.000000;0.000000;2.000000;125.789307;735.308472;2148.950684;0.198774;0.000000;0.000000;0.000000;0.000000;2.000000;164.638687;849.361511;1971.458984;0.282102;0.000000;0.000000;0.000000;0.000000;2.000000;-93.842499;-150.959167;1992.404663;0.107622;0.000000;0.000000;0.000000;0.000000;2.000000;-123.420227;303.728607;2038.109497;0.314893;0.000000;0.000000;0.000000;0.000000;2.000000;-141.447662;737.261169;2126.030273;0.226846;0.000000;0.000000;0.000000;0.000000;2.000000;-170.445007;858.176025;1972.749268;0.212298;0.000000;0.000000;0.000000;0.000000;2.000000;8.199829;-857.838989;1971.174927;0.154283;0.000000;0.000000;0.000000;0.000000;2.000000;10.189362;-895.744812;1791.125488;0.158878;0.000000;0.000000;0.000000;0.000000;2.000000;40.251862;-936.906311;1829.985107;0.146603;0.000000;0.000000;0.000000;0.000000;2.000000;104.975098;-927.829529;1959.608643;0.202064;0.000000;0.000000;0.000000;0.000000;2.000000;-19.358887;-934.275330;1825.071167;0.164822;0.000000;0.000000;0.000000;0.000000;2.000000;-84.910583;-934.205872;1960.027100;0.251240;0.000000;0.000000;0.000000;0.000000;2.000000;17731500032.000000
0.000000;-150.000000;2000.000000;0.000000;0.000000;0.000000;0.000000;0.000000;2.000000;4.617828;-353.104523;1979.937866;0.055207;0.000000;0.000000;0.000000;0.000000;2.000000;7.546387;-516.159790;1973.611938;0.144380;0.000000;0.000000;0.000000;0.000000;2.000000;10.726379;-764.330688;1984.455566;0.059820;0.000000;0.000000;0.000000;0.000000;2.000000;48.490082;-723.384521;1977.896973;0.063427;0.000000;0.000000;0.000000;0.000000;2.000000;202.515976;-683.302368;1940.123413;0.192550;0.000000;0.000000;0.000000;0.000000;2.000000;273.123901;-388.869659;1848.943726;1.154639;0.000000;0.000000;0.000000;0.000000;2.000000;67.179596;-435.558929;1688.183594;1.906580;0.000000;0.000000;0.000000;0.000000;2.000000;-8.652893;-387.363434;1751.960571;1.710260;0.000000;0.000000;0.000000;0.000000;2.000000;-77.229553;-351.080566;1848.234253;1.281377;0.000000;0.000000;0.000000;0.000000;2.000000;-61.964111;-430.914093;1649.922363;2.567738;0.000000;0.000000;0.000000;0.000000;2.000000;-27.592773;-723.156494;1989.781982;0.066542;0.000000;0.000000;0.000000;0.000000;2.000000;-172.388458;-682.173706;1989.459839;0.157945;0.000000;0.000000;0.000000;0.000000;2.000000;-249.699615;-374.566040;2046.111938;0.118737;0.000000;0.000000;0.000000;0.000000;2.000000;-276.032562;-130.489883;1936.728760;0.046929;0.000000;0.000000;0.000000;0.000000;2.000000;-317.425201;-27.228226;1895.510986;0.363218;0.000000;0.000000;0.000000;0.000000;2.000000;-279.122833;83.524460;1863.305054;0.027617;0.000000;0.000000;0.000000;0.000000;2.000000;-260.095673;6.314369;1867.408813;0.154382;0.000000;0.000000;0.000000;0.000000;2.000000;103.996643;-148.453384;2008.279907;0.015524;0.000000;0.000000;0.000000;0.000000;2.000000;119.808731;306.716309;2057.475098;0.092160;0.000000;0.000000;0.000000;0.000000;2.000000;124.274155;734.961792;2148.311279;0.051291;0.000000;0.000000;0.000000;0.000000;2.000000;165.970840;850.891724;1972.883057;0.075645;0.000000;0.000000;0.000000;0.000000;2.000000;-93.778351;-151.394653;1992.533813;0.014000;0.000000;0.000000;0.000000;0.000000;2.000000;-122.647339;302.847168;2039.747803;0.061479;0.000000;0.000000;0.000000;0.000000;2.000000;-140.360962;736.846313;2123.712402;0.079143;0.000000;0.000000;0.000000;0.000000;2.000000;-168.709503;857.212036;1970.063965;0.101913;0.000000;0.000000;0.000000;0.000000;2.000000;9.539307;-857.131714;1973.336548;0.080552;0.000000;0.000000;0.000000;0.000000;2.000000;13.664276;-885.527100;1791.716553;0.329853;0.000000;0.000000;0.000000;0.000000;2.000000;43.323608;-928.605103;1828.685303;0.273018;0.000000;0.000000;0.000000;0.000000;2.000000;106.486938;-926.267212;1959.252930;0.067229;0.000000;0.000000;0.000000;0.000000;2.000000;-16.187256;-925.785400;1823.228882;0.282238;0.000000;0.000000;0.000000;0.000000;2.000000;-83.241272;-932.852539;1957.135864;0.109937;0.000000;0.000000;0.000000;0.000000;2.000000;17731532800.000000
0.000000;-150.000000;2000.000000;0.000000;0.000000;0.000000;0.000000;0.000000;2.000000;6.519531;-352.769562;1983.505615;0.116521;0.000000;0.000000;0.000000;0.000000;2.000000;10.883636;-515.400391;1980.179810;0.212722;0.000000;0.000000;0.000000;0.000000;2.000000;12.275360;-763.009766;1986.595337;0.084830;0.000000;0.000000;0.000000;0.000000;2.000000;50.144989;-722.361206;1980.208374;0.086780;0.000000;0.000000;0.000000;0.000000;2.000000;203.271088;-686.843994;1936.723755;0.142664;0.000000;0.000000;0.000000;0.000000;2.000000;273.279907;-396.853271;1834.715576;0.468627;0.000000;0.000000;0.000000;0.000000;2.000000;60.365448;-460.435150;1691.024536;0.745307;0.000000;0.000000;0.000000;0.000000;2.000000;-13.563232;-410.942657;1755.479736;0.699128;0.000000;0.000000;0.000000;0.000000;2.000000;-77.611847;-369.493744;1852.317993;0.541833;0.000000;0.000000;0.000000;0.000000;2.000000;-68.067535;-457.377594;1739.919800;2.700077;0.000000;0.000000;0.000000;0.000000;2.000000;-25.524475;-721.768677;1993.200562;0.121488;0.000000;0.000000;0.000000;0.000000;2.000000;-166.640717;-671.841431;1982.918213;0.388109;0.000000;0.000000;0.000000;0.000000;2.000000;-257.509308;-370.396729;2046.732178;0.254901;0.000000;0.000000;0.000000;0.000000;2.000000;-285.425079;-130.079361;1931.516724;0.308754;0.000000;0.000000;0.000000;0.000000;2.000000;-318.975372;-25.908737;1886.625000;0.261839;0.000000;0.000000;0.000000;0.000000;2.000000;-280.134247;85.539146;1859.160645;0.135508;0.000000;0.000000;0.000000;0.000000;2.000000;-269.089935;4.962509;1863.029297;0.289946;0.000000;0.000000;0.000000;0.000000;2.000000;103.603149;-147.404846;2009.046997;0.038990;0.000000;0.000000;0.000000;0.000000;2.000000;118.205521;306.828369;2054.587891;0.094909;0.000000;0.000000;0.000000;0.000000;2.000000;125.219650;734.121338;2143.521729;0.142285;0.000000;0.000000;0.000000;0.000000;2.000000;163.161179;851.575928;1969.028442;0.138406;0.000000;0.000000;0.000000;0.000000;2.000000;-93.423523;-152.340164;1991.841919;0.035161;0.000000;0.000000;0.000000;0.000000;2.000000;-124.529053;300.570343;2037.347168;0.109326;0.000000;0.000000;0.000000;0.000000;2.000000;-140.661072;734.059448;2117.312500;0.200678;0.000000;0.000000;0.000000;0.000000;2.000000;-172.272858;860.996216;1970.484985;0.149783;0.000000;0.000000;0.000000;0.000000;2.000000;10.201324;-855.315308;1973.904907;0.057879;0.000000;0.000000;0.000000;0.000000;2.000000;12.793427;-877.546875;1791.945435;0.230666;0.000000;0.000000;0.000000;0.000000;2.000000;44.929260;-920.209839;1826.947144;0.250528;0.000000;0.000000;0.000000;0.000000;2.000000;109.766479;-919.085938;1956.229858;0.242811;0.000000;0.000000;0.000000;0.000000;2.000000;-14.551086;-920.047974;1822.444336;0.172838;0.000000;0.000000;0.000000;0.000000;2.000000;-78.894226;-934.564941;1956.586914;0.135119;0.000000;0.000000;0.000000;0.000000;2.000000;17731567616.000000
0.000000;-150.000000;2000.000000;0.000000;0.000000;0.000000;0.000000;0.000000;2.000000;6.093536;-353.482117;1983.063110;0.028710;0.000000;0.000000;0.000000;0.000000;2.000000;10.160522;-516.709900;1979.886719;0.046519;0.000000;0.000000;0.000000;0.000000;2.000000;9.233673;-765.171326;1987.769653;0.119383;0.000000;0.000000;0.000000;0.000000;2.000000;47.509705;-724.794312;1980.393433;0.109604;0.000000;0.000000;0.000000;0.000000;2.000000;199.279877;-687.655518;1931.624512;0.199162;0.000000;0.000000;0.000000;0.000000;2.000000;272.465240;-403.484558;1813.263184;0.685691;0.000000;0.000000;0.000000;0.000000;2.000000;46.456940;-466.464966;1688.839722;0.467406;0.000000;0.000000;0.000000;0.000000;2.000000;-26.673431;-435.776245;1765.433838;0.909234;0.000000;0.000000;0.000000;0.000000;2.000000;-88.083069;-379.150024;1856.701782;0.454812;0.000000;0.000000;0.000000;0.000000;2.000000;-49.738159;-501.543274;1799.420166;2.329526;0.000000;0.000000;0.000000;0.000000;2.000000;-28.158966;-723.368835;1994.876709;0.107075;0.000000;0.000000;0.000000;0.000000;2.000000;-169.669281;-672.270447;1988.676147;0.198974;0.000000;0.000000;0.000000;0.000000;2.000000;-258.277496;-368.478882;2050.336426;0.126782;0.000000;0.000000;0.000000;0.000000;2.000000;-289.255707;-130.183884;1929.587891;0.130924;0.000000;0.000000;0.000000;0.000000;2.000000;-320.346832;-27.597336;1878.571289;0.254588;0.000000;0.000000;0.000000;0.000000;2.000000;-278.297272;84.071716;1855.090698;0.143440;0.000000;0.000000;0.000000;0.000000;2.000000;-273.727570;2.297211;1855.159912;0.290380;0.000000;0.000000;0.000000;0.000000;2.000000;104.052856;-147.567108;2008.206787;0.029501;0.000000;0.000000;0.000000;0.000000;2.000000;119.204330;308.086243;2055.856445;0.062461;0.000000;0.000000;0.000000;0.000000;2.000000;126.659912;736.854919;2145.377930;0.110000;0.000000;0.000000;0.000000;0.000000;2.000000;164.549255;850.427734;1967.394043;0.074230;0.000000;0.000000;0.000000;0.000000;2.000000;-93.829041;-152.193848;1992.599487;0.026600;0.000000;0.000000;0.000000;0.000000;2.000000;-124.455444;301.972595;2042.227295;0.154972;0.000000;0.000000;0.000000;0.000000;2.000000;-141.988983;737.005127;2122.292969;0.181176;0.000000;0.000000;0.000000;0.000000;2.000000;-169.991486;858.426575;1969.249756;0.111435;0.000000;0.000000;0.000000;0.000000;2.000000;5.996613;-857.855469;1975.624756;0.158838;0.000000;0.000000;0.000000;0.000000;2.000000;8.841064;-878.137390;1792.777344;0.124570;0.000000;0.000000;0.000000;0.000000;2.000000;40.710785;-921.573303;1827.490723;0.136308;0.000000;0.000000;0.000000;0.000000;2.000000;105.502502;-922.362488;1957.380859;0.167825;0.000000;0.000000;0.000000;0.000000;2.000000;-18.970978;-920.935425;1822.847534;0.138126;0.000000;0.000000;0.000000;0.000000;2.000000;-83.943237;-936.552185;1957.163940;0.166523;0.000000;0.000000;0.000000;0.000000;2.000000;17731600384.000000
0.000000;-150.000000;2000.000000;0.000000;0.000000;0.000000;0.000000;0.000000;2.000000;6.127655;-353.590454;1983.079834;0.003504;0.000000;0.000000;0.000000;0.000000;2.000000;10.218536;-516.905334;1979.992554;0.007010;0.000000;0.000000;0.000000;0.000000;2.000000;9.670624;-765.486206;1988.262817;0.022286;0.000000;0.000000;0.000000;0.000000;2.000000;47.892944;-725.043579;1980.744873;0.017598;0.000000;0.000000;0.000000;0.000000;2.000000;199.124435;-687.285400;1930.510742;0.036130;0.000000;0.000000;0.000000;0.000000;2.000000;268.863739;-402.930298;1810.083618;0.147585;0.000000;0.000000;0.000000;0.000000;2.000000;42.015869;-469.459351;1688.775146;0.163472;0.000000;0.000000;0.000000;0.000000;2.000000;-30.984741;-439.945007;1766.035278;0.183937;0.000000;0.000000;0.000000;0.000000;2.000000;-93.526703;-385.443665;1857.914307;0.256626;0.000000;0.000000;0.000000;0.000000;2.000000;-58.618866;-506.876892;1797.248535;0.323012;0.000000;0.000000;0.000000;0.000000;2.000000;-27.788788;-723.705566;1995.383423;0.021734;0.000000;0.000000;0.000000;0.000000;2.000000;-169.482269;-672.855347;1989.403320;0.029046;0.000000;0.000000;0.000000;0.000000;2.000000;-258.647247;-368.907104;2050.372803;0.017301;0.000000;0.000000;0.000000;0.000000;2.000000;-290.180573;-131.217529;1928.266968;0.058452;0.000000;0.000000;0.000000;0.000000;2.000000;-321.466522;-29.195816;1876.104126;0.096001;0.000000;0.000000;0.000000;0.000000;2.000000;-279.642120;81.972473;1849.696045;0.181362;0.000000;0.000000;0.000000;0.000000;2.000000;-274.891632;-0.158684;1850.912720;0.153880;0.000000;0.000000;0.000000;0.000000;2.000000;104.109131;-147.546936;2008.186890;0.001923;0.000000;0.000000;0.000000;0.000000;2.000000;119.195709;308.349884;2055.851807;0.008051;0.000000;0.000000;0.000000;0.000000;2.000000;126.531738;737.289124;2145.694824;0.016864;0.000000;0.000000;0.000000;0.000000;2.000000;164.464859;851.285828;1967.855103;0.029839;0.000000;0.000000;0.000000;0.000000;2.000000;-93.879791;-152.212051;1992.617432;0.001734;0.000000;0.000000;0.000000;0.000000;2.000000;-124.547943;302.196960;2042.224487;0.007407;0.000000;0.000000;0.000000;0.000000;2.000000;-142.153625;737.474976;2122.229004;0.015318;0.000000;0.000000;0.000000;0.000000;2.000000;-169.965851;858.646973;1968.819580;0.014771;0.000000;0.000000;0.000000;0.000000;2.000000;6.543579;-858.242371;1976.260010;0.028176;0.000000;0.000000;0.000000;0.000000;2.000000;10.552979;-881.363831;1793.673950;0.114774;0.000000;0.000000;0.000000;0.000000;2.000000;42.671722;-923.963135;1829.246460;0.108495;0.000000;0.000000;0.000000;0.000000;2.000000;106.813263;-922.092163;1959.533081;0.077344;0.000000;0.000000;0.000000;0.000000;2.000000;-17.019440;-923.976685;1824.284302;0.118674;0.000000;0.000000;0.000000;0.000000;2.000000;-82.583160;-938.128784;1958.563965;0.076571;0.000000;0.000000;0.000000;0.000000;2.000000;17731633152.000000
0.000000;-150.000000;2000.000000;0.000000;0.000000;0.000000;0.000000;0.000000;2.000000;5.046967;-352.692139;1982.009399;0.053911;0.000000;0.000000;0.000000;0.000000;2.000000;8.781830;-515.349426;1978.916992;0.072487;0.000000;0.000000;0.000000;0.000000;2.000000;11.771515;-762.940002;1985.851563;0.124753;0.000000;0.000000;0.000000;0.000000;2.000000;49.030640;-722.122437;1977.300903;0.142123;0.000000;0.000000;0.000000;0.000000;2.000000;198.949738;-685.733948;1924.365479;0.193496;0.000000;0.000000;0.000000;0.000000;2.000000;271.513916;-403.554993;1803.872314;0.206967;0.000000;0.000000;0.000000;0.000000;2.000000;39.253296;-467.534668;1694.376709;0.199450;0.000000;0.000000;0.000000;0.000000;2.000000;-36.644928;-450.337463;1771.927124;0.403427;0.000000;0.000000;0.000000;0.000000;2.000000;-101.899719;-405.011108;1866.194702;0.696949;0.000000;0.000000;0.000000;0.000000;2.000000;-57.407501;-521.475220;1797.858521;0.447424;0.000000;0.000000;0.000000;0.000000;2.000000;-25.818909;-721.865540;1994.416504;0.087395;0.000000;0.000000;0.000000;0.000000;2.000000;-168.231598;-674.658813;1996.449707;0.225228;0.000000;0.000000;0.000000;0.000000;2.000000;-252.959259;-368.879395;2046.711548;0.206437;0.000000;0.000000;0.000000;0.000000;2.000000;-292.463287;-133.783859;1924.313354;0.159826;0.000000;0.000000;0.000000;0.000000;2.000000;-328.606903;-34.798141;1870.564453;0.324491;0.000000;0.000000;0.000000;0.000000;2.000000;-294.124054;78.978836;1847.103760;0.458179;0.000000;0.000000;0.000000;0.000000;2.000000;-278.094269;-2.727333;1843.787354;0.250961;0.000000;0.000000;0.000000;0.000000;2.000000;103.967499;-147.667679;2002.889160;0.161774;0.000000;0.000000;0.000000;0.000000;2.000000;119.077545;306.628418;2047.808350;0.251052;0.000000;0.000000;0.000000;0.000000;2.000000;126.860916;732.761536;2142.160156;0.175579;0.000000;0.000000;0.000000;0.000000;2.000000;163.520432;849.152588;1966.672974;0.079814;0.000000;0.000000;0.000000;0.000000;2.000000;-93.752045;-152.103149;1997.394653;0.145879;0.000000;0.000000;0.000000;0.000000;2.000000;-125.162048;300.864807;2042.290894;0.044812;0.000000;0.000000;0.000000;0.000000;2.000000;-142.251740;734.947510;2118.858398;0.128604;0.000000;0.000000;0.000000;0.000000;2.000000;-170.426239;856.545044;1966.892334;0.088155;0.000000;0.000000;0.000000;0.000000;2.000000;9.471252;-855.292236;1973.518799;0.151942;0.000000;0.000000;0.000000;0.000000;2.000000;2.440216;-883.274475;1792.465454;0.257015;0.000000;0.000000;0.000000;0.000000;2.000000;36.296112;-924.924255;1827.068237;0.207692;0.000000;0.000000;0.000000;0.000000;2.000000;107.853348;-919.942322;1952.668579;0.221804;0.000000;0.000000;0.000000;0.000000;2.000000;-23.340637;-924.695374;1825.694702;0.198864;0.000000;0.000000;0.000000;0.000000;2.000000;-80.562531;-934.738464;1963.431641;0.191244;0.000000;0.000000;0.000000;0.000000;2.000000;17731665920.000000
0.000000;-150.000000;2000.000000;0.000000;0.000000;0.000000;0.000000;0.000000;2.000000;4.457245;-353.028809;1980.539673;0.046502;0.000000;0.000000;0.000000;0.000000;2.000000;7.910278;-516.063477;1977.787109;0.045831;0.000000;0.000000;0.000000;0.000000;2.000000;10.875336;-764.224731;1984.173706;0.065930;0.000000;0.000000;0.000000;0.000000;2.000000;48.108215;-723.316895;1975.133179;0.075865;0.000000;0.000000;0.000000;0.000000;2.000000;197.070999;-686.661682;1918.671509;0.174266;0.000000;0.000000;0.000000;0.000000;2.000000;280.442474;-402.605164;1808.143188;0.285585;0.000000;0.000000;0.000000;0.000000;2.000000;46.611877;-459.306763;1696.562500;0.323207;0.000000;0.000000;0.000000;0.000000;2.000000;-30.855438;-446.092651;1773.690796;0.212327;0.000000;0.000000;0.000000;0.000000;2.000000;-99.065765;-406.923645;1868.982056;0.126700;0.000000;0.000000;0.000000;0.000000;2.000000;-42.148254;-508.461182;1805.186768;0.613285;0.000000;0.000000;0.000000;0.000000;2.000000;-26.644867;-723.057007;1993.404663;0.050780;0.000000;0.000000;0.000000;0.000000;2.000000;-169.709869;-677.124390;1999.541748;0.121265;0.000000;0.000000;0.000000;0.000000;2.000000;-253.350983;-370.415161;2050.562012;0.119597;0.000000;0.000000;0.000000;0.000000;2.000000;-290.006805;-137.499725;1921.950317;0.144830;0.000000;0.000000;0.000000;0.000000;2.000000;-334.588593;-41.001938;1869.443726;0.249611;0.000000;0.000000;0.000000;0.000000;2.000000;-302.908966;68.865685;1828.503418;0.658379;0.000000;0.000000;0.000000;0.000000;2.000000;-277.636261;-6.343040;1842.860718;0.108012;0.000000;0.000000;0.000000;0.000000;2.000000;104.239014;-147.809494;2001.022095;0.054344;0.000000;0.000000;0.000000;0.000000;2.000000;119.588501;307.365112;2047.369995;0.028664;0.000000;0.000000;0.000000;0.000000;2.000000;127.467255;734.962524;2139.598633;0.098554;0.000000;0.000000;0.000000;0.000000;2.000000;164.975204;849.402649;1962.431396;0.128995;0.000000;0.000000;0.000000;0.000000;2.000000;-93.996918;-151.975266;1999.078491;0.049010;0.000000;0.000000;0.000000;0.000000;2.000000;-125.205688;301.884521;2045.490845;0.096472;0.000000;0.000000;0.000000;0.000000;2.000000;-142.304535;737.073364;2121.479004;0.096934;0.000000;0.000000;0.000000;0.000000;2.000000;-171.083954;856.510315;1967.356567;0.023144;0.000000;0.000000;0.000000;0.000000;2.000000;8.335632;-856.756836;1971.655762;0.075478;0.000000;0.000000;0.000000;0.000000;2.000000;10.112640;-891.625793;1791.254395;0.327583;0.000000;0.000000;0.000000;0.000000;2.000000;42.072632;-932.139282;1829.119629;0.271929;0.000000;0.000000;0.000000;0.000000;2.000000;107.511337;-922.624878;1958.123291;0.174870;0.000000;0.000000;0.000000;0.000000;2.000000;-17.554901;-931.762817;1824.775757;0.263665;0.000000;0.000000;0.000000;0.000000;2.000000;-81.703888;-936.405273;1960.091675;0.112114;0.000000;0.000000;0.000000;0.000000;2.000000;17731700736.000000
0.000000;-150.000000;2000.000000;0.000000;0.000000;0.000000;0.000000;0.000000;2.000000;6.231659;-353.071533;1978.945068;0.072816;0.000000;0.000000;0.000000;0.000000;2.000000;11.206177;-516.269653;1976.512573;0.108025;0.000000;0.000000;0.000000;0.000000;2.000000;13.202484;-764.710571;1984.009155;0.072724;0.000000;0.000000;0.000000;0.000000;2.000000;50.640900;-723.939697;1974.778809;0.080325;0.000000;0.000000;0.000000;0.000000;2.000000;200.010590;-686.485962;1919.351807;0.092236;0.000000;0.000000;0.000000;0.000000;2.000000;279.442383;-399.432129;1812.636108;0.170611;0.000000;0.000000;0.000000;0.000000;2.000000;37.850616;-450.469055;1714.956421;0.677738;0.000000;0.000000;0.000000;0.000000;2.000000;-32.637543;-435.516235;1798.393799;0.821867;0.000000;0.000000;0.000000;0.000000;2.000000;-115.438751;-437.390564;1890.289063;1.239741;0.000000;0.000000;0.000000;0.000000;2.000000;-63.549683;-493.237061;1824.016235;0.986216;0.000000;0.000000;0.000000;0.000000;2.000000;-24.202057;-723.305603;1993.065796;0.075644;0.000000;0.000000;0.000000;0.000000;2.000000;-167.315796;-677.880310;2004.241455;0.162605;0.000000;0.000000;0.000000;0.000000;2.000000;-250.419800;-371.403931;2059.800537;0.297323;0.000000;0.000000;0.000000;0.000000;2.000000;-290.498596;-142.835083;1923.936279;0.174383;0.000000;0.000000;0.000000;0.000000;2.000000;-345.717468;-49.445694;1875.772949;0.468033;0.000000;0.000000;0.000000;0.000000;2.000000;-294.684265;52.286255;1832.964111;0.580974;0.000000;0.000000;0.000000;0.000000;2.000000;-276.764465;-11.323822;1841.075439;0.163648;0.000000;0.000000;0.000000;0.000000;2.000000;104.344757;-146.823013;2000.241699;0.038522;0.000000;0.000000;0.000000;0.000000;2.000000;120.196426;309.180328;2043.663818;0.127300;0.000000;0.000000;0.000000;0.000000;2.000000;126.884140;735.392639;2144.511475;0.151550;0.000000;0.000000;0.000000;0.000000;2.000000;164.216629;849.327759;1966.668457;0.131381;0.000000;0.000000;0.000000;0.000000;2.000000;-94.092255;-152.864822;1999.782104;0.034735;0.000000;0.000000;0.000000;0.000000;2.000000;-125.281006;301.575226;2045.992676;0.018136;0.000000;0.000000;0.000000;0.000000;2.000000;-143.403870;737.109009;2122.881348;0.054390;0.000000;0.000000;0.000000;0.000000;2.000000;-170.273682;856.179749;1967.828003;0.030335;0.000000;0.000000;0.000000;0.000000;2.000000;10.297943;-857.398804;1971.886963;0.063402;0.000000;0.000000;0.000000;0.000000;2.000000;8.557343;-891.844360;1791.177124;0.047988;0.000000;0.000000;0.000000;0.000000;2.000000;39.020935;-933.963623;1828.653198;0.109433;0.000000;0.000000;0.000000;0.000000;2.000000;106.258209;-927.871460;1957.135498;0.167354;0.000000;0.000000;0.000000;0.000000;2.000000;-20.638306;-930.787842;1824.936157;0.098811;0.000000;0.000000;0.000000;0.000000;2.000000;-83.593048;-932.815552;1961.076050;0.127387;0.000000;0.000000;0.000000;0.000000;2.000000;17731733504.000000
0.000000;-150.000000;2000.000000;0.000000;0.000000;0.000000;0.000000;0.000000;2.000000;4.512543;-354.243408;1979.095947;0.063660;0.000000;0.000000;0.000000;0.000000;2.000000;8.229523;-518.346680;1975.960938;0.112041;0.000000;0.000000;0.000000;0.000000;2.000000;10.489105;-768.153076;1982.658203;0.139977;0.000000;0.000000;0.000000;0.000000;2.000000;47.979675;-727.107056;1973.018066;0.137209;0.000000;0.000000;0.000000;0.000000;2.000000;198.199936;-686.661499;1919.400635;0.055536;0.000000;0.000000;0.000000;0.000000;2.000000;273.257782;-396.034485;1814.112671;0.220009;0.000000;0.000000;0.000000;0.000000;2.000000;74.014557;-396.982330;1636.408691;3.102965;0.000000;0.000000;0.000000;0.000000;2.000000;-8.161621;-362.888916;1702.518433;3.745824;0.000000;0.000000;0.000000;0.000000;2.000000;-121.117523;-414.218719;1711.266357;5.511640;0.000000;0.000000;0.000000;0.000000;2.000000;-41.209442;-428.520538;1725.122314;3.670660;0.000000;0.000000;0.000000;0.000000;2.000000;-27.020630;-726.578735;1992.392090;0.133413;0.000000;0.000000;0.000000;0.000000;2.000000;-170.046021;-679.205566;2007.065918;0.126521;0.000000;0.000000;0.000000;0.000000;2.000000;-247.676331;-368.436584;2056.504639;0.159145;0.000000;0.000000;0.000000;0.000000;2.000000;-289.521240;-138.614456;1920.401001;0.170645;0.000000;0.000000;0.000000;0.000000;2.000000;-343.947937;-46.996643;1866.668823;0.292737;0.000000;0.000000;0.000000;0.000000;2.000000;-291.380554;56.051048;1827.113892;0.235031;0.000000;0.000000;0.000000;0.000000;2.000000;-274.857483;-6.019485;1839.612793;0.177716;0.000000;0.000000;0.000000;0.000000;2.000000;104.928467;-147.609970;1999.299072;0.041492;0.000000;0.000000;0.000000;0.000000;2.000000;121.211319;311.144348;2039.719604;0.137986;0.000000;0.000000;0.000000;0.000000;2.000000;129.145966;739.138428;2143.214355;0.139280;0.000000;0.000000;0.000000;0.000000;2.000000;165.940475;850.707153;1962.381470;0.147159;0.000000;0.000000;0.000000;0.000000;2.000000;-94.618622;-152.155182;2000.632080;0.037415;0.000000;0.000000;0.000000;0.000000;2.000000;-124.097107;304.962372;2046.153442;0.109610;0.000000;0.000000;0.000000;0.000000;2.000000;-141.294220;743.228271;2121.535156;0.201758;0.000000;0.000000;0.000000;0.000000;2.000000;-168.262512;854.761230;1959.680786;0.259730;0.000000;0.000000;0.000000;0.000000;2.000000;7.466431;-861.304443;1970.206543;0.155895;0.000000;0.000000;0.000000;0.000000;2.000000;11.248779;-898.659424;1789.090576;0.232500;0.000000;0.000000;0.000000;0.000000;2.000000;42.250916;-939.456421;1828.148560;0.195070;0.000000;0.000000;0.000000;0.000000;2.000000;106.443237;-929.289917;1958.801270;0.067007;0.000000;0.000000;0.000000;0.000000;2.000000;-17.691803;-938.213745;1822.922485;0.251434;0.000000;0.000000;0.000000;0.000000;2.000000;-84.226685;-940.223267;1958.253906;0.242687;0.000000;0.000000;0.000000;0.000000;2.000000;17731766272.000000
0.000000;-150.000000;2000.000000;0.000000;0.000000;0.000000;0.000000;0.000000;2.000000;2.243073;-353.462830;1974.142700;0.167970;0.000000;0.000000;0.000000;0.000000;2.000000;4.393402;-517.147156;1964.594238;0.367932;0.000000;0.000000;0.000000;0.000000;2.000000;11.615997;-766.389343;1975.924438;0.215196;0.000000;0.000000;0.000000;0.000000;2.000000;48.244232;-724.840759;1965.549438;0.238324;0.000000;0.000000;0.000000;0.000000;2.000000;197.777206;-676.181885;1917.763184;0.323950;0.000000;0.000000;0.000000;0.000000;2.000000;241.965363;-402.602844;1762.390991;1.855682;0.000000;0.000000;0.000000;0.000000;2.000000;119.278870;-326.635925;1538.153931;3.938006;0.000000;0.000000;0.000000;0.000000;2.000000;26.434509;-285.235779;1581.994995;4.500986;0.000000;0.000000;0.000000;0.000000;2.000000;-93.850769;-264.312134;1604.942017;5.670058;0.000000;0.000000;0.000000;0.000000;2.000000;-21.199036;-323.700562;1589.914185;5.256548;0.000000;0.000000;0.000000;0.000000;2.000000;-26.675629;-725.446838;1984.857910;0.232743;0.000000;0.000000;0.000000;0.000000;2.000000;-168.696655;-680.156433;2010.140381;0.106494;0.000000;0.000000;0.000000;0.000000;2.000000;-246.970520;-369.590637;2057.215820;0.046641;0.000000;0.000000;0.000000;0.000000;2.000000;-291.898926;-140.592728;1921.354858;0.098779;0.000000;0.000000;0.000000;0.000000;2.000000;-345.157715;-48.573471;1867.459106;0.065271;0.000000;0.000000;0.000000;0.000000;2.000000;-291.033203;51.678696;1823.519775;0.173053;0.000000;0.000000;0.000000;0.000000;2.000000;-275.231445;-10.046631;1838.919556;0.125227;0.000000;0.000000;0.000000;0.000000;2.000000;104.769958;-148.435852;1996.780762;0.081025;0.000000;0.000000;0.000000;0.000000;2.000000;123.104004;310.183228;2031.035889;0.272809;0.000000;0.000000;0.000000;0.000000;2.000000;129.781815;736.049377;2140.934082;0.118769;0.000000;0.000000;0.000000;0.000000;2.000000;165.947510;846.309692;1959.483765;0.160716;0.000000;0.000000;0.000000;0.000000;2.000000;-94.475647;-151.410477;2002.902954;0.073063;0.000000;0.000000;0.000000;0.000000;2.000000;-118.793793;305.572266;2047.182983;0.165913;0.000000;0.000000;0.000000;0.000000;2.000000;-131.811493;743.470947;2122.360596;0.290579;0.000000;0.000000;0.000000;0.000000;2.000000;-166.886719;852.529236;1960.667847;0.085498;0.000000;0.000000;0.000000;0.000000;2.000000;10.460754;-859.684937;1965.219727;0.184264;0.000000;0.000000;0.000000;0.000000;2.000000;11.973175;-898.694031;1784.648560;0.137354;0.000000;0.000000;0.000000;0.000000;2.000000;42.846741;-939.447632;1823.725220;0.136209;0.000000;0.000000;0.000000;0.000000;2.000000;108.389771;-928.860352;1953.473755;0.173591;0.000000;0.000000;0.000000;0.000000;2.000000;-17.054291;-937.542603;1819.091675;0.120272;0.000000;0.000000;0.000000;0.000000;2.000000;-82.160980;-937.519653;1954.928589;0.145189;0.000000;0.000000;0.000000;0.000000;2.000000;17731799040.000000
0.000000;-150.000000;2000.000000;0.000000;0.000000;0.000000;0.000000;0.000000;2.000000;1.013153;-354.076416;1977.340820;0.099982;0.000000;0.000000;0.000000;0.000000;2.000000;1.936462;-517.431885;1961.197388;0.120690;0.000000;0.000000;0.000000;0.000000;2.000000;10.806793;-767.045410;1968.353516;0.219504;0.000000;0.000000;0.000000;0.000000;2.000000;47.144989;-725.052490;1958.426514;0.207099;0.000000;0.000000;0.000000;0.000000;2.000000;197.045670;-675.287231;1912.351807;0.158933;0.000000;0.000000;0.000000;0.000000;2.000000;235.642670;-396.523865;1764.169434;0.257051;0.000000;0.000000;0.000000;0.000000;2.000000;112.880676;-292.887451;1550.984619;1.053186;0.000000;0.000000;0.000000;0.000000;2.000000;16.087677;-256.004181;1590.396484;0.922758;0.000000;0.000000;0.000000;0.000000;2.000000;-89.207489;-216.387421;1643.403076;1.770008;0.000000;0.000000;0.000000;0.000000;2.000000;-24.764130;-275.400970;1606.127319;1.466933;0.000000;0.000000;0.000000;0.000000;2.000000;-27.724487;-726.458008;1978.217896;0.195254;0.000000;0.000000;0.000000;0.000000;2.000000;-170.389221;-684.715820;2006.750977;0.170266;0.000000;0.000000;0.000000;0.000000;2.000000;-243.488647;-372.036652;2050.439941;0.229813;0.000000;0.000000;0.000000;0.000000;2.000000;-288.377808;-139.403809;1920.281616;0.111107;0.000000;0.000000;0.000000;0.000000;2.000000;-342.293030;-51.608612;1860.076660;0.243581;0.000000;0.000000;0.000000;0.000000;2.000000;-293.032959;53.906849;1822.891113;0.087869;0.000000;0.000000;0.000000;0.000000;2.000000;-274.737122;-10.079948;1831.318848;0.218774;0.000000;0.000000;0.000000;0.000000;2.000000;104.771667;-148.824738;1994.099854;0.077808;0.000000;0.000000;0.000000;0.000000;2.000000;123.562210;310.487976;2025.365234;0.163640;0.000000;0.000000;0.000000;0.000000;2.000000;130.124893;737.316162;2133.424316;0.218968;0.000000;0.000000;0.000000;0.000000;2.000000;166.223907;847.563843;1951.676880;0.227246;0.000000;0.000000;0.000000;0.000000;2.000000;-94.477234;-151.059769;2005.320435;0.070163;0.000000;0.000000;0.000000;0.000000;2.000000;-117.901703;306.952271;2044.286499;0.095650;0.000000;0.000000;0.000000;0.000000;2.000000;-131.200897;746.010620;2115.379395;0.214093;0.000000;0.000000;0.000000;0.000000;2.000000;-167.717102;853.239868;1952.523926;0.236010;0.000000;0.000000;0.000000;0.000000;2.000000;10.167999;-860.257080;1956.096802;0.262682;0.000000;0.000000;0.000000;0.000000;2.000000;3.605347;-909.618286;1777.984375;0.439154;0.000000;0.000000;0.000000;0.000000;2.000000;38.421112;-946.736206;1817.482178;0.303542;0.000000;0.000000;0.000000;0.000000;2.000000;110.464355;-925.862183;1942.632446;0.328526;0.000000;0.000000;0.000000;0.000000;2.000000;-21.732849;-947.640015;1816.169434;0.330478;0.000000;0.000000;0.000000;0.000000;2.000000;-79.337555;-942.495117;1955.434692;0.164956;0.000000;0.000000;0.000000;0.000000;2.000000;17731833856.000000
0.000000;-150.000000;2000.000000;0.000000;0.000000;0.000000;0.000000;0.000000;2.000000;3.688873;-353.667114;1975.849243;0.094318;0.000000;0.000000;0.000000;0.000000;2.000000;7.059448;-517.107178;1962.870605;0.164767;0.000000;0.000000;0.000000;0.000000;2.000000;20.081543;-766.299438;1969.605469;0.286516;0.000000;0.000000;0.000000;0.000000;2.000000;55.745667;-723.720459;1960.058594;0.270231;0.000000;0.000000;0.000000;0.000000;2.000000;203.348953;-668.572266;1913.289307;0.282516;0.000000;0.000000;0.000000;0.000000;2.000000;247.081238;-380.779999;1785.942749;0.891190;0.000000;0.000000;0.000000;0.000000;2.000000;151.286270;-235.831512;1583.633057;2.323406;0.000000;0.000000;0.000000;0.000000;2.000000;64.118622;-174.754761;1553.147339;3.096585;0.000000;0.000000;0.000000;0.000000;2.000000;-42.273132;-110.623322;1551.356567;4.512211;0.000000;0.000000;0.000000;0.000000;2.000000;25.344238;-194.609497;1520.636230;3.901817;0.000000;0.000000;0.000000;0.000000;2.000000;-19.168335;-726.429688;1979.232666;0.262944;0.000000;0.000000;0.000000;0.000000;2.000000;-163.741821;-688.018188;2001.299194;0.281053;0.000000;0.000000;0.000000;0.000000;2.000000;-236.093628;-376.291138;2050.304199;0.260395;0.000000;0.000000;0.000000;0.000000;2.000000;-277.353210;-139.148331;1927.875610;0.408612;0.000000;0.000000;0.000000;0.000000;2.000000;-336.345276;-52.626617;1870.911743;0.378481;0.000000;0.000000;0.000000;0.000000;2.000000;-293.346680;53.910183;1829.512329;0.202290;0.000000;0.000000;0.000000;0.000000;2.000000;-274.401245;-10.410797;1838.473999;0.218831;0.000000;0.000000;0.000000;0.000000;2.000000;104.589966;-147.310791;1993.296997;0.052590;0.000000;0.000000;0.000000;0.000000;2.000000;123.537659;311.404419;2026.383179;0.041807;0.000000;0.000000;0.000000;0.000000;2.000000;130.413193;737.561768;2135.270020;0.057500;0.000000;0.000000;0.000000;0.000000;2.000000;166.799622;848.983765;1954.555420;0.099515;0.000000;0.000000;0.000000;0.000000;2.000000;-94.313385;-152.424957;2006.044189;0.047419;0.000000;0.000000;0.000000;0.000000;2.000000;-117.412537;304.971405;2046.940552;0.102164;0.000000;0.000000;0.000000;0.000000;2.000000;-130.895386;743.695190;2117.268555;0.091672;0.000000;0.000000;0.000000;0.000000;2.000000;-166.689331;855.567627;1957.650513;0.174663;0.000000;0.000000;0.000000;0.000000;2.000000;21.115753;-859.389526;1957.175781;0.336760;0.000000;0.000000;0.000000;0.000000;2.000000;-4.016907;-899.300537;1778.540405;0.391844;0.000000;0.000000;0.000000;0.000000;2.000000;33.743530;-938.899048;1812.418823;0.318523;0.000000;0.000000;0.000000;0.000000;2.000000;118.144089;-925.648560;1930.515625;0.437841;0.000000;0.000000;0.000000;0.000000;2.000000;-26.190704;-938.825073;1817.073608;0.302714;0.000000;0.000000;0.000000;0.000000;2.000000;-69.566711;-940.040405;1961.333984;0.356281;0.000000;0.000000;0.000000;0.000000;2.000000;17731866624.000000
0.000000;-150.000000;2000.000000;0.000000;0.000000;0.000000;0.000000;0.000000;2.000000;2.902710;-352.446228;1972.979370;0.098155;0.000000;0.000000;0.000000;0.000000;2.000000;6.080719;-515.267456;1960.925537;0.086993;0.000000;0.000000;0.000000;0.000000;2.000000;20.053253;-763.361572;1967.351685;0.113003;0.000000;0.000000;0.000000;0.000000;2.000000;55.302032;-720.823730;1957.484253;0.119038;0.000000;0.000000;0.000000;0.000000;2.000000;200.650665;-661.076050;1911.745483;0.247658;0.000000;0.000000;0.000000;0.000000;2.000000;236.935913;-367.056091;1800.659790;0.687740;0.000000;0.000000;0.000000;0.000000;2.000000;153.497726;-193.676636;1617.643311;1.654329;0.000000;0.000000;0.000000;0.000000;2.000000;70.109924;-123.588577;1600.645996;2.138408;0.000000;0.000000;0.000000;0.000000;2.000000;-21.551117;-48.638626;1564.783813;2.036187;0.000000;0.000000;0.000000;0.000000;2.000000;48.032928;-84.358047;1570.806763;3.760880;0.000000;0.000000;0.000000;0.000000;2.000000;-19.073853;-723.812500;1977.383911;0.097830;0.000000;0.000000;0.000000;0.000000;2.000000;-162.525787;-688.434204;2006.390381;0.160245;0.000000;0.000000;0.000000;0.000000;2.000000;-235.062164;-378.064667;2054.733643;0.148972;0.000000;0.000000;0.000000;0.000000;2.000000;-277.689850;-140.241364;1936.678589;0.270903;0.000000;0.000000;0.000000;0.000000;2.000000;-328.692963;-45.872665;1885.839722;0.551869;0.000000;0.000000;0.000000;0.000000;2.000000;-280.974030;56.990002;1841.913208;0.542792;0.000000;0.000000;0.000000;0.000000;2.000000;-270.785858;-10.150200;1855.088867;0.518972;0.000000;0.000000;0.000000;0.000000;2.000000;103.967896;-147.299881;1990.938721;0.074431;0.000000;0.000000;0.000000;0.000000;2.000000;123.699631;308.992859;2029.638306;0.123729;0.000000;0.000000;0.000000;0.000000;2.000000;131.454147;733.479492;2137.508301;0.145587;0.000000;0.000000;0.000000;0.000000;2.000000;166.611359;847.439819;1959.229614;0.150335;0.000000;0.000000;0.000000;0.000000;2.000000;-93.752441;-152.434814;2008.171021;0.067126;0.000000;0.000000;0.000000;0.000000;2.000000;-116.541992;302.976318;2049.637695;0.105772;0.000000;0.000000;0.000000;0.000000;2.000000;-130.876465;739.928345;2118.997070;0.126481;0.000000;0.000000;0.000000;0.000000;2.000000;-165.902435;851.895996;1960.313965;0.140494;0.000000;0.000000;0.000000;0.000000;2.000000;21.297455;-856.048096;1954.911865;0.123298;0.000000;0.000000;0.000000;0.000000;2.000000;3.096283;-900.664795;1777.356445;0.223967;0.000000;0.000000;0.000000;0.000000;2.000000;36.970886;-940.678711;1814.210327;0.125057;0.000000;0.000000;0.000000;0.000000;2.000000;115.681931;-927.504639;1935.445923;0.177462;0.000000;0.000000;0.000000;0.000000;2.000000;-22.787750;-937.557007;1815.799683;0.117447;0.000000;0.000000;0.000000;0.000000;2.000000;-73.003693;-931.704468;1957.033813;0.304859;0.000000;0.000000;0.000000;0.000000;2.000000;17731899392.000000
0.000000;-150.000000;2000.000000;0.000000;0.000000;0.000000;0.000000;0.000000;2.000000;3.086731;-353.592346;1978.145874;0.152094;0.000000;0.000000;0.000000;0.000000;2.000000;6.647705;-516.915405;1967.387207;0.192227;0.000000;0.000000;0.000000;0.000000;2.000000;23.254944;-765.436279;1975.489746;0.258156;0.000000;0.000000;0.000000;0.000000;2.000000;57.978912;-722.523315;1964.618896;0.224251;0.000000;0.000000;0.000000;0.000000;2.000000;199.696548;-653.934875;1918.389404;0.281492;0.000000;0.000000;0.000000;0.000000;2.000000;236.751144;-353.117432;1824.829468;0.801399;0.000000;0.000000;0.000000;0.000000;2.000000;163.821045;-152.269272;1666.020630;1.852876;0.000000;0.000000;0.000000;0.000000;2.000000;106.382202;-58.992416;1680.761963;3.134156;0.000000;0.000000;0.000000;0.000000;2.000000;48.242676;38.817013;1730.127197;5.734286;0.000000;0.000000;0.000000;0.000000;2.000000;76.810059;-19.341202;1637.169067;2.793508;0.000000;0.000000;0.000000;0.000000;2.000000;-16.175232;-726.095703;1985.962280;0.268218;0.000000;0.000000;0.000000;0.000000;2.000000;-158.776886;-689.566528;2019.400146;0.390235;0.000000;0.000000;0.000000;0.000000;2.000000;-236.744232;-380.876709;2075.010254;0.589949;0.000000;0.000000;0.000000;0.000000;2.000000;-282.182281;-145.386246;1951.866089;0.478306;0.000000;0.000000;0.000000;0.000000;2.000000;-323.782867;-45.065308;1903.196777;0.518619;0.000000;0.000000;0.000000;0.000000;2.000000;-282.673798;60.353966;1857.809326;0.469233;0.000000;0.000000;0.000000;0.000000;2.000000;-264.145233;-14.165199;1875.081299;0.615971;0.000000;0.000000;0.000000;0.000000;2.000000;103.294189;-146.657944;1983.454834;0.216611;0.000000;0.000000;0.000000;0.000000;2.000000;122.039063;309.477448;2035.957886;0.188191;0.000000;0.000000;0.000000;0.000000;2.000000;134.060486;735.043213;2143.745605;0.199289;0.000000;0.000000;0.000000;0.000000;2.000000;167.669464;849.598206;1964.889282;0.176614;0.000000;0.000000;0.000000;0.000000;2.000000;-93.144928;-153.013702;2014.919434;0.195324;0.000000;0.000000;0.000000;0.000000;2.000000;-115.649658;303.298645;2059.481445;0.284047;0.000000;0.000000;0.000000;0.000000;2.000000;-129.418854;741.445251;2128.662842;0.284124;0.000000;0.000000;0.000000;0.000000;2.000000;-165.643646;856.396545;1971.762573;0.353406;0.000000;0.000000;0.000000;0.000000;2.000000;25.201172;-858.438965;1963.714600;0.284980;0.000000;0.000000;0.000000;0.000000;2.000000;3.666565;-907.152710;1787.122925;0.337170;0.000000;0.000000;0.000000;0.000000;2.000000;41.604340;-944.270386;1823.328491;0.311357;0.000000;0.000000;0.000000;0.000000;2.000000;123.749573;-923.783569;1941.682007;0.311770;0.000000;0.000000;0.000000;0.000000;2.000000;-18.284729;-945.195679;1827.094971;0.412455;0.000000;0.000000;0.000000;0.000000;2.000000;-63.784454;-940.496338;1970.364136;0.529607;0.000000;0.000000;0.000000;0.000000;2.000000;17731934208.000000
0.000000;-150.000000;2000.000000;0.000000;0.000000;0.000000;0.000000;0.000000;2.000000;5.226715;-355.185547;1984.746582;0.217270;0.000000;0.000000;0.000000;0.000000;2.000000;11.311737;-519.546143;1980.002686;0.418240;0.000000;0.000000;0.000000;0.000000;2.000000;31.110657;-769.162598;1985.643311;0.407947;0.000000;0.000000;0.000000;0.000000;2.000000;65.183014;-725.541748;1974.077393;0.374352;0.000000;0.000000;0.000000;0.000000;2.000000;204.434509;-651.590881;1925.724365;0.275917;0.000000;0.000000;0.000000;0.000000;2.000000;239.031433;-342.018677;1857.876343;1.066142;0.000000;0.000000;0.000000;0.000000;2.000000;185.273712;-112.560471;1731.168457;2.418649;0.000000;0.000000;0.000000;0.000000;2.000000;151.134460;-27.337173;1793.715698;3.831550;0.000000;0.000000;0.000000;0.000000;2.000000;107.502716;43.494492;1886.551880;5.106778;0.000000;0.000000;0.000000;0.000000;2.000000;104.862671;10.259483;1717.527100;2.750066;0.000000;0.000000;0.000000;0.000000;2.000000;-8.655029;-730.175659;1997.613647;0.441139;0.000000;0.000000;0.000000;0.000000;2.000000;-153.536285;-703.741455;2034.066406;0.642677;0.000000;0.000000;0.000000;0.000000;2.000000;-217.542572;-388.340454;2078.141357;0.635920;0.000000;0.000000;0.000000;0.000000;2.000000;-273.427826;-142.661591;1978.448486;0.858129;0.000000;0.000000;0.000000;0.000000;2.000000;-309.982208;-42.593048;1924.070923;0.767382;0.000000;0.000000;0.000000;0.000000;2.000000;-275.561920;67.875107;1883.752930;0.852428;0.000000;0.000000;0.000000;0.000000;2.000000;-258.212006;-11.431000;1900.930664;0.813663;0.000000;0.000000;0.000000;0.000000;2.000000;101.861694;-145.482224;1974.131470;0.290093;0.000000;0.000000;0.000000;0.000000;2.000000;123.675430;309.297638;2051.607422;0.480221;0.000000;0.000000;0.000000;0.000000;2.000000;139.962433;736.636658;2160.857910;0.554550;0.000000;0.000000;0.000000;0.000000;2.000000;169.414886;848.769897;1978.461670;0.418372;0.000000;0.000000;0.000000;0.000000;2.000000;-91.853180;-154.073883;2023.326660;0.261588;0.000000;0.000000;0.000000;0.000000;2.000000;-112.368622;304.510040;2069.414795;0.321384;0.000000;0.000000;0.000000;0.000000;2.000000;-123.994965;744.545715;2141.340820;0.431327;0.000000;0.000000;0.000000;0.000000;2.000000;-162.178619;855.404602;1980.742188;0.295286;0.000000;0.000000;0.000000;0.000000;2.000000;33.806366;-862.510132;1973.000977;0.405850;0.000000;0.000000;0.000000;0.000000;2.000000;16.182831;-915.671326;1796.284302;0.540044;0.000000;0.000000;0.000000;0.000000;2.000000;49.839874;-954.422302;1835.465454;0.544370;0.000000;0.000000;0.000000;0.000000;2.000000;128.544632;-935.946350;1957.340210;0.622518;0.000000;0.000000;0.000000;0.000000;2.000000;-10.360138;-950.826721;1836.559814;0.414063;0.000000;0.000000;0.000000;0.000000;2.000000;-61.721832;-937.960022;1978.135132;0.257283;0.000000;0.000000;0.000000;0.000000;2.000000;17731966976.000000
0.000000;-150.000000;2000.000000;0.000000;0.000000;0.000000;0.000000;0.000000;2.000000;5.029846;-354.386230;1978.220459;0.200740;0.000000;0.000000;0.000000;0.000000;2.000000;10.275696;-518.331421;1967.622803;0.380933;0.000000;0.000000;0.000000;0.000000;2.000000;29.256683;-767.790100;1971.140991;0.448139;0.000000;0.000000;0.000000;0.000000;2.000000;63.632690;-724.201477;1960.692505;0.413234;0.000000;0.000000;0.000000;0.000000;2.000000;203.036575;-648.597534;1916.060547;0.311674;0.000000;0.000000;0.000000;0.000000;2.000000;238.808807;-335.362793;1871.014160;0.449503;0.000000;0.000000;0.000000;0.000000;2.000000;199.308044;-91.045837;1770.036255;1.421788;0.000000;0.000000;0.000000;0.000000;2.000000;182.864975;1.944061;1828.325195;1.688710;0.000000;0.000000;0.000000;0.000000;2.000000;149.397217;84.476944;1915.362305;1.992952;0.000000;0.000000;0.000000;0.000000;2.000000;145.292435;43.242779;1791.422363;2.760614;0.000000;0.000000;0.000000;0.000000;2.000000;-10.587433;-728.848389;1982.710205;0.460409;0.000000;0.000000;0.000000;0.000000;2.000000;-154.637085;-702.950012;2022.073364;0.368330;0.000000;0.000000;0.000000;0.000000;2.000000;-219.042725;-388.582458;2070.278320;0.244401;0.000000;0.000000;0.000000;0.000000;2.000000;-276.574280;-142.126312;1974.270874;0.160440;0.000000;0.000000;0.000000;0.000000;2.000000;-311.662354;-39.308197;1924.526611;0.113453;0.000000;0.000000;0.000000;0.000000;2.000000;-282.929382;75.042542;1891.651733;0.395603;0.000000;0.000000;0.000000;0.000000;2.000000;-254.950317;-7.196304;1900.272461;0.164355;0.000000;0.000000;0.000000;0.000000;2.000000;103.393738;-145.513687;1981.776855;0.237959;0.000000;0.000000;0.000000;0.000000;2.000000;124.485123;312.366425;2034.335083;0.535935;0.000000;0.000000;0.000000;0.000000;2.000000;136.463058;738.099915;2148.456055;0.395780;0.000000;0.000000;0.000000;0.000000;2.000000;170.169632;849.941040;1966.884155;0.355867;0.000000;0.000000;0.000000;0.000000;2.000000;-93.234680;-154.045517;2016.432739;0.214570;0.000000;0.000000;0.000000;0.000000;2.000000;-113.217407;304.480347;2058.364014;0.338238;0.000000;0.000000;0.000000;0.000000;2.000000;-125.845703;744.294006;2128.595703;0.393105;0.000000;0.000000;0.000000;0.000000;2.000000;-162.396606;855.384338;1968.032104;0.387938;0.000000;0.000000;0.000000;0.000000;2.000000;31.940796;-860.917786;1957.631836;0.474964;0.000000;0.000000;0.000000;0.000000;2.000000;14.485504;-913.487976;1780.923096;0.476323;0.000000;0.000000;0.000000;0.000000;2.000000;50.521149;-950.788208;1819.277832;0.506730;0.000000;0.000000;0.000000;0.000000;2.000000;129.848190;-929.397827;1940.086060;0.564607;0.000000;0.000000;0.000000;0.000000;2.000000;-9.699036;-950.176636;1821.224609;0.468848;0.000000;0.000000;0.000000;0.000000;2.000000;-59.579956;-940.943481;1963.444336;0.462125;0.000000;0.000000;0.000000;0.000000;2.000000;17731999744.000000
0.000000;-150.000000;2000.000000;0.000000;0.000000;0.000000;0.000000;0.000000;2.000000;4.894714;-352.896912;1971.817505;0.200661;0.000000;0.000000;0.000000;0.000000;2.000000;9.876740;-516.060059;1958.152222;0.297464;0.000000;0.000000;0.000000;0.000000;2.000000;26.965424;-764.788269;1962.394775;0.290730;0.000000;0.000000;0.000000;0.000000;2.000000;61.944824;-721.575806;1953.549927;0.237879;0.000000;0.000000;0.000000;0.000000;2.000000;204.723907;-649.716125;1916.042725;0.061783;0.000000;0.000000;0.000000;0.000000;2.000000;240.458099;-335.794525;1885.875244;0.456499;0.000000;0.000000;0.000000;0.000000;2.000000;234.141769;-78.869019;1815.802612;1.794118;0.000000;0.000000;0.000000;0.000000;2.000000;203.819626;16.566338;1862.747803;1.308284;0.000000;0.000000;0.000000;0.000000;2.000000;164.818039;103.598534;1942.157104;1.109346;0.000000;0.000000;0.000000;0.000000;2.000000;171.982437;52.352886;1858.280518;2.214442;0.000000;0.000000;0.000000;0.000000;2.000000;-12.961884;-725.717834;1972.147095;0.343940;0.000000;0.000000;0.000000;0.000000;2.000000;-157.152740;-702.578247;2010.715576;0.355194;0.000000;0.000000;0.000000;0.000000;2.000000;-214.767975;-386.049011;2043.442383;0.832889;0.000000;0.000000;0.000000;0.000000;2.000000;-268.545502;-128.049408;1985.884521;0.608439;0.000000;0.000000;0.000000;0.000000;2.000000;-313.409210;-35.142563;1926.424194;0.149520;0.000000;0.000000;0.000000;0.000000;0.000000;-290.548004;80.958130;1896.787354;0.333484;0.000000;0.000000;0.000000;0.000000;2.000000;-260.785797;2.704506;1900.606567;0.350873;0.000000;0.000000;0.000000;0.000000;2.000000;103.941223;-145.814468;1987.919189;0.188416;0.000000;0.000000;0.000000;0.000000;2.000000;122.065948;311.848450;2028.258057;0.200236;0.000000;0.000000;0.000000;0.000000;2.000000;130.809753;736.894592;2139.392090;0.328072;0.000000;0.000000;0.000000;0.000000;2.000000;166.679993;849.618286;1959.664307;0.244918;0.000000;0.000000;0.000000;0.000000;2.000000;-93.728394;-153.774261;2010.893677;0.169911;0.000000;0.000000;0.000000;0.000000;2.000000;-116.459991;303.130188;2051.854736;0.225723;0.000000;0.000000;0.000000;0.000000;2.000000;-133.677795;741.342773;2121.486084;0.335135;0.000000;0.000000;0.000000;0.000000;2.000000;-166.065887;855.189270;1962.807861;0.194917;0.000000;0.000000;0.000000;0.000000;2.000000;29.626007;-857.612061;1949.024658;0.290109;0.000000;0.000000;0.000000;0.000000;2.000000;4.538910;-910.968872;1774.140869;0.375353;0.000000;0.000000;0.000000;0.000000;2.000000;44.387817;-946.311707;1810.134766;0.362700;0.000000;0.000000;0.000000;0.000000;2.000000;129.213043;-921.050171;1925.746460;0.506730;0.000000;0.000000;0.000000;0.000000;2.000000;-15.369568;-948.619690;1815.577759;0.248800;0.000000;0.000000;0.000000;0.000000;2.000000;-57.103363;-941.699890;1959.989868;0.131753;0.000000;0.000000;0.000000;0.000000;2.000000;17732032512.000000
0.000000;-150.000000;2000.000000;0.000000;0.000000;0.000000;0.000000;0.000000;2.000000;4.617889;-351.949890;1968.227539;0.106936;0.000000;0.000000;0.000000;0.000000;2.000000;9.756836;-514.759521;1954.398560;0.114154;0.000000;0.000000;0.000000;0.000000;2.000000;27.645050;-762.934814;1957.849854;0.142324;0.000000;0.000000;0.000000;0.000000;2.000000;62.472137;-719.656738;1949.465576;0.130498;0.000000;0.000000;0.000000;0.000000;2.000000;208.264374;-651.680664;1918.309204;0.133277;0.000000;0.000000;0.000000;0.000000;2.000000;242.801392;-336.979828;1908.581421;0.656524;0.000000;0.000000;0.000000;0.000000;2.000000;242.984116;-75.617706;1859.981079;1.297445;0.000000;0.000000;0.000000;0.000000;2.000000;210.919220;15.176506;1913.922852;1.484486;0.000000;0.000000;0.000000;0.000000;2.000000;170.236603;119.933380;1965.979004;0.844103;0.000000;0.000000;0.000000;0.000000;2.000000;175.104828;44.119701;1915.147461;1.652821;0.000000;0.000000;0.000000;0.000000;2.000000;-12.414551;-724.119019;1967.404297;0.144614;0.000000;0.000000;0.000000;0.000000;2.000000;-156.011749;-703.454468;2008.318970;0.080286;0.000000;0.000000;0.000000;0.000000;2.000000;-210.100128;-386.684692;2038.106445;0.204445;0.000000;0.000000;0.000000;0.000000;2.000000;-262.996857;-126.313629;1994.728760;0.303998;0.000000;0.000000;0.000000;0.000000;2.000000;-317.644867;-37.377243;1937.929321;0.357940;0.000000;0.000000;0.000000;0.000000;0.000000;-297.116669;79.557861;1911.010742;0.451785;0.000000;0.000000;0.000000;0.000000;2.000000;-264.773285;4.296043;1906.481079;0.208990;0.000000;0.000000;0.000000;0.000000;2.000000;103.675995;-145.669495;1987.543213;0.013856;0.000000;0.000000;0.000000;0.000000;2.000000;121.368210;311.104492;2027.488647;0.036696;0.000000;0.000000;0.000000;0.000000;2.000000;130.980362;735.473877;2137.598633;0.065899;0.000000;0.000000;0.000000;0.000000;2.000000;166.434570;847.972290;1958.171387;0.064215;0.000000;0.000000;0.000000;0.000000;2.000000;-93.489197;-153.905029;2011.232788;0.012497;0.000000;0.000000;0.000000;0.000000;2.000000;-116.389954;302.211426;2050.366699;0.050271;0.000000;0.000000;0.000000;0.000000;2.000000;-132.965607;739.776367;2118.450195;0.100230;0.000000;0.000000;0.000000;0.000000;2.000000;-165.948212;853.986328;1960.660156;0.070785;0.000000;0.000000;0.000000;0.000000;2.000000;30.732178;-855.509277;1944.185425;0.154844;0.000000;0.000000;0.000000;0.000000;2.000000;13.136414;-904.268433;1767.450928;0.367342;0.000000;0.000000;0.000000;0.000000;2.000000;49.283905;-941.947510;1804.726196;0.244175;0.000000;0.000000;0.000000;0.000000;2.000000;128.415939;-922.719849;1925.066162;0.056620;0.000000;0.000000;0.000000;0.000000;2.000000;-10.605042;-941.701050;1806.843018;0.348080;0.000000;0.000000;0.000000;0.000000;2.000000;-59.848999;-935.689331;1948.586670;0.378546;0.000000;0.000000;0.000000;0.000000;2.000000;17732067328.000000
0.000000;-150.000000;2000.000000;0.000000;0.000000;0.000000;0.000000;0.000000;2.000000;2.898132;-353.767395;1969.221558;0.082165;0.000000;0.000000;0.000000;0.000000;2.000000;6.606201;-517.989258;1956.363281;0.150182;0.000000;0.000000;0.000000;0.000000;2.000000;26.593964;-767.906677;1963.098389;0.222948;0.000000;0.000000;0.000000;0.000000;2.000000;61.408905;-724.115540;1954.354126;0.204512;0.000000;0.000000;0.000000;0.000000;2.000000;207.241089;-653.693176;1922.016724;0.132472;0.000000;0.000000;0.000000;0.000000;2.000000;244.607788;-337.041748;1937.782715;0.892858;0.000000;0.000000;0.000000;0.000000;2.000000;246.996765;-70.852875;1907.298706;1.456479;0.000000;0.000000;0.000000;0.000000;2.000000;236.992325;22.673241;1966.688477;1.810652;0.000000;0.000000;0.000000;0.000000;2.000000;188.884216;136.173950;1986.311523;0.976992;0.000000;0.000000;0.000000;0.000000;2.000000;159.181793;55.066898;1926.998047;0.691761;0.000000;0.000000;0.000000;0.000000;2.000000;-14.159515;-728.993164;1971.949219;0.210236;0.000000;0.000000;0.000000;0.000000;2.000000;-159.233063;-710.136292;2012.926514;0.266489;0.000000;0.000000;0.000000;0.000000;2.000000;-211.590179;-390.584839;2043.768555;0.214690;0.000000;0.000000;0.000000;0.000000;2.000000;-261.972260;-126.972992;2003.880615;0.281757;0.000000;0.000000;0.000000;0.000000;2.000000;-322.826141;-35.518036;1956.144287;0.580706;0.000000;0.000000;0.000000;0.000000;0.000000;-295.251923;76.360359;1913.984619;0.144903;0.000000;0.000000;0.000000;0.000000;2.000000;-266.804413;6.663712;1922.981934;0.512486;0.000000;0.000000;0.000000;0.000000;2.000000;104.596191;-146.697479;1987.984619;0.044207;0.000000;0.000000;0.000000;0.000000;2.000000;122.628052;313.757996;2027.246948;0.089945;0.000000;0.000000;0.000000;0.000000;2.000000;131.117401;740.510620;2141.972656;0.203623;0.000000;0.000000;0.000000;0.000000;2.000000;167.311325;850.637634;1959.217651;0.091387;0.000000;0.000000;0.000000;0.000000;2.000000;-94.318939;-152.978012;2010.834717;0.039864;0.000000;0.000000;0.000000;0.000000;2.000000;-116.128632;306.481567;2053.811035;0.167613;0.000000;0.000000;0.000000;0.000000;2.000000;-133.125763;746.914429;2126.015381;0.317456;0.000000;0.000000;0.000000;0.000000;2.000000;-167.100372;858.342896;1964.531616;0.181305;0.000000;0.000000;0.000000;0.000000;2.000000;30.545441;-861.347656;1950.516602;0.262886;0.000000;0.000000;0.000000;0.000000;2.000000;12.964539;-906.481140;1771.314819;0.135984;0.000000;0.000000;0.000000;0.000000;2.000000;51.235809;-943.957336;1807.534058;0.121049;0.000000;0.000000;0.000000;0.000000;2.000000;131.384720;-924.618713;1928.570679;0.151673;0.000000;0.000000;0.000000;0.000000;2.000000;-9.064270;-946.149963;1810.217285;0.176772;0.000000;0.000000;0.000000;0.000000;2.000000;-57.457947;-945.792542;1953.630981;0.352259;0.000000;0.000000;0.000000;0.000000;2.000000;17732100096.000000
0.000000;-150.000000;2000.000000;0.000000;0.000000;0.000000;0.000000;0.000000;2.000000;2.164154;-354.181152;1970.702515;0.051998;0.000000;0.000000;0.000000;0.000000;2.000000;5.934692;-518.706238;1960.033325;0.115944;0.000000;0.000000;0.000000;0.000000;2.000000;29.557465;-768.508179;1967.601074;0.165523;0.000000;0.000000;0.000000;0.000000;2.000000;63.646667;-724.236267;1958.120605;0.133751;0.000000;0.000000;0.000000;0.000000;2.000000;211.474472;-655.733887;1930.276611;0.290016;0.000000;0.000000;0.000000;0.000000;2.000000;261.452881;-343.070618;1973.165649;1.209997;0.000000;0.000000;0.000000;0.000000;2.000000;266.368561;-75.979095;1949.541260;1.426832;0.000000;0.000000;0.000000;0.000000;2.000000;250.428009;14.789627;2012.019287;1.462792;0.000000;0.000000;0.000000;0.000000;2.000000;195.326080;122.516624;1980.899048;0.489534;0.000000;0.000000;0.000000;0.000000;2.000000;176.779953;47.754925;1950.125488;0.914529;0.000000;0.000000;0.000000;0.000000;2.000000;-11.637329;-730.093079;1976.903931;0.172958;0.000000;0.000000;0.000000;0.000000;2.000000;-155.858643;-711.717651;2021.456787;0.284081;0.000000;0.000000;0.000000;0.000000;2.000000;-201.121887;-390.122559;2044.328125;0.320234;0.000000;0.000000;0.000000;0.000000;2.000000;-245.942688;-122.923782;2025.662231;0.834522;0.000000;0.000000;0.000000;0.000000;2.000000;-315.465332;-36.143616;1980.857422;0.787159;0.000000;0.000000;0.000000;0.000000;0.000000;-282.102966;75.946533;1943.383789;0.982921;0.000000;0.000000;0.000000;0.000000;2.000000;-263.240417;8.142220;1936.496948;0.428925;0.000000;0.000000;0.000000;0.000000;2.000000;104.104431;-146.556686;1983.692871;0.131901;0.000000;0.000000;0.000000;0.000000;2.000000;125.078644;313.363342;2031.680176;0.155054;0.000000;0.000000;0.000000;0.000000;2.000000;138.392807;739.940430;2148.112793;0.291052;0.000000;0.000000;0.000000;0.000000;2.000000;172.341675;852.314819;1966.067017;0.264345;0.000000;0.000000;0.000000;0.000000;2.000000;-93.875549;-153.104965;2014.704834;0.118942;0.000000;0.000000;0.000000;0.000000;2.000000;-112.204773;306.775024;2059.231445;0.204408;0.000000;0.000000;0.000000;0.000000;2.000000;-124.721405;747.582825;2132.530273;0.325157;0.000000;0.000000;0.000000;0.000000;2.000000;-161.096985;858.585388;1971.056152;0.270677;0.000000;0.000000;0.000000;0.000000;2.000000;34.636322;-862.026917;1955.372681;0.194879;0.000000;0.000000;0.000000;0.000000;2.000000;19.716187;-903.344238;1774.841919;0.251405;0.000000;0.000000;0.000000;0.000000;2.000000;57.907715;-941.308533;1810.739014;0.239912;0.000000;0.000000;0.000000;0.000000;2.000000;136.415482;-923.941711;1933.299438;0.211714;0.000000;0.000000;0.000000;0.000000;2.000000;-2.452515;-944.103210;1812.603394;0.223421;0.000000;0.000000;0.000000;0.000000;2.000000;-52.692963;-947.381897;1955.487061;0.163422;0.000000;0.000000;0.000000;0.000000;2.000000;17732132864.000000
0.000000;-150.000000;2000.000000;0.000000;0.000000;0.000000;0.000000;0.000000;2.000000;2.743286;-355.052338;1971.924072;0.046194;0.000000;0.000000;0.000000;0.000000;2.000000;6.642273;-520.051270;1960.024780;0.043653;0.000000;0.000000;0.000000;0.000000;2.000000;32.965088;-770.459106;1966.938843;0.114374;0.000000;0.000000;0.000000;0.000000;2.000000;66.748627;-725.645264;1957.763184;0.098393;0.000000;0.000000;0.000000;0.000000;2.000000;213.763046;-654.947388;1927.842896;0.098577;0.000000;0.000000;0.000000;0.000000;2.000000;264.642242;-347.690155;2003.961304;0.899101;0.000000;0.000000;0.000000;0.000000;2.000000;265.599304;-78.719193;1996.038208;1.338005;0.000000;0.000000;0.000000;0.000000;2.000000;245.064713;10.491776;2060.073730;1.394286;0.000000;0.000000;0.000000;0.000000;0.000000;210.420380;111.666573;1994.657104;0.664256;0.000000;0.000000;0.000000;0.000000;2.000000;191.575058;48.147602;1959.154175;0.497956;0.000000;0.000000;0.000000;0.000000;2.000000;-8.828461;-732.385254;1976.165161;0.106271;0.000000;0.000000;0.000000;0.000000;2.000000;-154.027100;-709.650391;2017.153809;0.146861;0.000000;0.000000;0.000000;0.000000;2.000000;-202.093201;-388.449066;2052.297852;0.235560;0.000000;0.000000;0.000000;0.000000;2.000000;-249.162231;-120.738174;2033.082031;0.240645;0.000000;0.000000;0.000000;0.000000;2.000000;-319.209717;-34.036606;1987.854248;0.235831;0.000000;0.000000;0.000000;0.000000;0.000000;-284.898132;79.682274;1955.070435;0.361431;0.000000;0.000000;0.000000;0.000000;0.000000;-267.323853;12.461082;1946.635132;0.337546;0.000000;0.000000;0.000000;0.000000;2.000000;104.425964;-146.341019;1983.480103;0.012689;0.000000;0.000000;0.000000;0.000000;2.000000;124.638947;314.780426;2035.289917;0.112097;0.000000;0.000000;0.000000;0.000000;2.000000;137.274200;743.089111;2151.152832;0.129752;0.000000;0.000000;0.000000;0.000000;2.000000;171.365906;855.549927;1968.312622;0.116532;0.000000;0.000000;0.000000;0.000000;2.000000;-94.165466;-153.299469;2014.896729;0.011442;0.000000;0.000000;0.000000;0.000000;2.000000;-113.177826;308.063232;2060.114746;0.052857;0.000000;0.000000;0.000000;0.000000;2.000000;-125.968292;750.330444;2133.841309;0.094492;0.000000;0.000000;0.000000;0.000000;2.000000;-163.653381;858.327026;1969.813599;0.081977;0.000000;0.000000;0.000000;0.000000;2.000000;39.126862;-864.194702;1954.393799;0.145955;0.000000;0.000000;0.000000;0.000000;2.000000;19.289307;-908.199097;1774.321777;0.140776;0.000000;0.000000;0.000000;0.000000;2.000000;60.220184;-944.478882;1809.327515;0.119780;0.000000;0.000000;0.000000;0.000000;2.000000;142.600388;-922.843628;1929.234131;0.214911;0.000000;0.000000;0.000000;0.000000;2.000000;-0.098755;-949.442871;1813.386719;0.169111;0.000000;0.000000;0.000000;0.000000;2.000000;-45.262909;-952.935303;1958.488770;0.280034;0.000000;0.000000;0.000000;0.000000;2.000000;17732167680.000000
0.000000;-150.000000;2000.000000;0.000000;0.000000;0.000000;0.000000;0.000000;2.000000;2.773987;-355.038330;1971.920410;0.001036;0.000000;0.000000;0.000000;0.000000;2.000000;6.676025;-520.017944;1959.899536;0.004087;0.000000;0.000000;0.000000;0.000000;2.000000;32.958527;-770.424805;1966.413696;0.016062;0.000000;0.000000;0.000000;0.000000;2.000000;66.760742;-725.601318;1957.378052;0.011835;0.000000;0.000000;0.000000;0.000000;2.000000;213.916748;-654.905518;1928.215942;0.012379;0.000000;0.000000;0.000000;0.000000;2.000000;264.851379;-348.131470;2006.139893;0.068135;0.000000;0.000000;0.000000;0.000000;2.000000;266.317200;-79.133331;1999.987427;0.123146;0.000000;0.000000;0.000000;0.000000;2.000000;245.719131;9.751984;2064.441895;0.136671;0.000000;0.000000;0.000000;0.000000;0.000000;212.045380;110.182465;1997.406616;0.107477;0.000000;0.000000;0.000000;0.000000;2.000000;192.944717;48.120277;1963.222412;0.131003;0.000000;0.000000;0.000000;0.000000;2.000000;-8.844543;-732.365356;1975.633789;0.016235;0.000000;0.000000;0.000000;0.000000;2.000000;-154.076324;-709.742004;2016.531250;0.019262;0.000000;0.000000;0.000000;0.000000;2.000000;-202.269501;-388.684998;2052.617676;0.013268;0.000000;0.000000;0.000000;0.000000;2.000000;-249.354462;-120.918335;2034.490601;0.043732;0.000000;0.000000;0.000000;0.000000;2.000000;-319.726166;-34.023361;1990.166382;0.072301;0.000000;0.000000;0.000000;0.000000;0.000000;-285.740143;79.919403;1957.853149;0.089019;0.000000;0.000000;0.000000;0.000000;0.000000;-268.210663;12.951866;1949.566772;0.094663;0.000000;0.000000;0.000000;0.000000;0.000000;104.422943;-146.328476;1983.506348;0.000892;0.000000;0.000000;0.000000;0.000000;2.000000;124.545242;314.777557;2035.227661;0.003434;0.000000;0.000000;0.000000;0.000000;2.000000;137.131104;743.121216;2150.859863;0.009998;0.000000;0.000000;0.000000;0.000000;2.000000;171.153366;855.332336;1967.869629;0.016399;0.000000;0.000000;0.000000;0.000000;2.000000;-94.162781;-153.310776;2014.873047;0.000805;0.000000;0.000000;0.000000;0.000000;2.000000;-113.244904;308.014343;2060.146484;0.002712;0.000000;0.000000;0.000000;0.000000;2.000000;-126.103638;750.235535;2133.966797;0.006334;0.000000;0.000000;0.000000;0.000000;2.000000;-163.658112;858.495483;1970.097778;0.010083;0.000000;0.000000;0.000000;0.000000;2.000000;39.132050;-864.132874;1953.713379;0.020851;0.000000;0.000000;0.000000;0.000000;2.000000;20.364258;-907.096252;1773.287842;0.056608;0.000000;0.000000;0.000000;0.000000;2.000000;61.209930;-943.471802;1808.286133;0.053543;0.000000;0.000000;0.000000;0.000000;2.000000;142.893753;-922.337158;1928.745972;0.023259;0.000000;0.000000;0.000000;0.000000;2.000000;0.888489;-948.627319;1811.997437;0.057660;0.000000;0.000000;0.000000;0.000000;2.000000;-45.023438;-953.124878;1956.826904;0.051566;0.000000;0.000000;0.000000;0.000000;2.000000;17732200448.000000
0.000000;-150.000000;2000.000000;0.000000;0.000000;0.000000;0.000000;0.000000;2.000000;4.635986;-355.116943;1971.460205;0.058583;0.000000;0.000000;0.000000;0.000000;2.000000;9.999481;-520.281860;1960.695435;0.104602;0.000000;0.000000;0.000000;0.000000;2.000000;33.915771;-771.174438;1965.639160;0.043994;0.000000;0.000000;0.000000;0.000000;2.000000;68.570770;-726.498474;1959.164917;0.082307;0.000000;0.000000;0.000000;0.000000;2.000000;215.560242;-653.682007;1933.840332;0.182677;0.000000;0.000000;0.000000;0.000000;2.000000;272.128784;-354.810303;2035.945435;0.958241;0.000000;0.000000;0.000000;0.000000;2.000000;275.254242;-85.550232;2039.268188;1.244887;0.000000;0.000000;0.000000;0.000000;2.000000;249.352692;3.347015;2101.931152;1.165944;0.000000;0.000000;0.000000;0.000000;0.000000;218.504807;70.222672;2000.361450;1.238593;0.000000;0.000000;0.000000;0.000000;2.000000;209.019501;31.408554;1970.783813;0.744313;0.000000;0.000000;0.000000;0.000000;2.000000;-8.095825;-732.840637;1972.856445;0.088974;0.000000;0.000000;0.000000;0.000000;2.000000;-156.508026;-707.247131;1998.048706;0.573976;0.000000;0.000000;0.000000;0.000000;2.000000;-205.274567;-389.963959;2059.977539;0.245726;0.000000;0.000000;0.000000;0.000000;2.000000;-247.984833;-121.547409;2037.664429;0.107224;0.000000;0.000000;0.000000;0.000000;2.000000;-325.625946;-35.404907;2005.365601;0.499345;0.000000;0.000000;0.000000;0.000000;0.000000;-291.401520;78.145721;1971.562744;0.455878;0.000000;0.000000;0.000000;0.000000;0.000000;-271.362518;17.304024;1960.953003;0.384233;0.000000;0.000000;0.000000;0.000000;0.000000;104.852356;-145.682938;1986.005127;0.079843;0.000000;0.000000;0.000000;0.000000;2.000000;124.928528;316.025726;2035.843506;0.044056;0.000000;0.000000;0.000000;0.000000;2.000000;135.407608;744.341064;2153.211914;0.096460;0.000000;0.000000;0.000000;0.000000;2.000000;170.535172;855.539368;1969.596069;0.056318;0.000000;0.000000;0.000000;0.000000;2.000000;-94.549988;-153.892853;2012.619751;0.071999;0.000000;0.000000;0.000000;0.000000;2.000000;-114.615082;307.410797;2061.541504;0.062451;0.000000;0.000000;0.000000;0.000000;2.000000;-128.800507;749.860779;2136.036865;0.104380;0.000000;0.000000;0.000000;0.000000;2.000000;-161.968719;860.846985;1972.841309;0.121729;0.000000;0.000000;0.000000;0.000000;2.000000;40.102234;-864.851929;1952.149780;0.060292;0.000000;0.000000;0.000000;0.000000;2.000000;25.455780;-905.790283;1770.712646;0.178628;0.000000;0.000000;0.000000;0.000000;2.000000;64.363281;-943.539856;1806.555298;0.109796;0.000000;0.000000;0.000000;0.000000;2.000000;143.109299;-925.545715;1929.604614;0.101576;0.000000;0.000000;0.000000;0.000000;2.000000;3.796936;-947.173157;1808.488037;0.146005;0.000000;0.000000;0.000000;0.000000;2.000000;-46.425171;-951.740784;1952.013306;0.158725;0.000000;0.000000;0.000000;0.000000;2.000000;17732233216.000000
0.000000;-150.000000;2000.000000;0.000000;0.000000;0.000000;0.000000;0.000000;2.000000;4.635620;-355.119415;1971.461182;0.000082;0.000000;0.000000;0.000000;0.000000;2.000000;9.998474;-520.286072;1960.695313;0.000132;0.000000;0.000000;0.000000;0.000000;2.000000;33.906891;-771.182434;1965.631348;0.000436;0.000000;0.000000;0.000000;0.000000;2.000000;68.563934;-726.506897;1959.160034;0.000363;0.000000;0.000000;0.000000;0.000000;2.000000;215.562759;-653.697998;1933.855469;0.000676;0.000000;0.000000;0.000000;0.000000;2.000000;272.157623;-354.846588;2036.016602;0.002592;0.000000;0.000000;0.000000;0.000000;2.000000;275.323792;-85.584747;2039.405518;0.004814;0.000000;0.000000;0.000000;0.000000;2.000000;249.445465;3.300743;2102.096924;0.005967;0.000000;0.000000;0.000000;0.000000;0.000000;218.641388;70.164734;2000.504272;0.006285;0.000000;0.000000;0.000000;0.000000;2.000000;209.138641;31.422935;1970.947388;0.006191;0.000000;0.000000;0.000000;0.000000;2.000000;-8.104248;-732.847107;1972.848389;0.000407;0.000000;0.000000;0.000000;0.000000;2.000000;-156.517731;-707.249634;1998.039185;0.000422;0.000000;0.000000;0.000000;0.000000;2.000000;-205.273529;-389.964111;2059.983887;0.000196;0.000000;0.000000;0.000000;0.000000;2.000000;-247.973602;-121.541519;2037.685181;0.000742;0.000000;0.000000;0.000000;0.000000;2.000000;-325.608307;-35.389740;2005.390747;0.001045;0.000000;0.000000;0.000000;0.000000;0.000000;-291.351471;78.155861;1971.598633;0.001905;0.000000;0.000000;0.000000;0.000000;0.000000;-271.344208;17.322212;1961.000977;0.001662;0.000000;0.000000;0.000000;0.000000;0.000000;104.853638;-145.683289;1986.005737;0.000045;0.000000;0.000000;0.000000;0.000000;2.000000;124.930908;316.030457;2035.845215;0.000170;0.000000;0.000000;0.000000;0.000000;2.000000;135.409042;744.349365;2153.219482;0.000346;0.000000;0.000000;0.000000;0.000000;2.000000;170.540283;855.552795;1969.604492;0.000508;0.000000;0.000000;0.000000;0.000000;2.000000;-94.551117;-153.892578;2012.619263;0.000038;0.000000;0.000000;0.000000;0.000000;2.000000;-114.618225;307.416809;2061.535156;0.000284;0.000000;0.000000;0.000000;0.000000;2.000000;-128.804688;749.872742;2136.025391;0.000522;0.000000;0.000000;0.000000;0.000000;2.000000;-161.991974;860.858704;1972.830566;0.000860;0.000000;0.000000;0.000000;0.000000;2.000000;40.090973;-864.860779;1952.138794;0.000551;0.000000;0.000000;0.000000;0.000000;2.000000;25.455414;-905.819519;1770.703125;0.000938;0.000000;0.000000;0.000000;0.000000;2.000000;64.360107;-943.566589;1806.553101;0.000824;0.000000;0.000000;0.000000;0.000000;2.000000;143.099228;-925.560364;1929.607056;0.000548;0.000000;0.000000;0.000000;0.000000;2.000000;3.792816;-947.198059;1808.482178;0.000791;0.000000;0.000000;0.000000;0.000000;2.000000;-46.439545;-951.748352;1952.006226;0.000541;0.000000;0.000000;0.000000;0.000000;2.000000;17732265984.000000
0.000000;-150.000000;2000.000000;0.000000;0.000000;0.000000;0.000000;0.000000;2.000000;4.635620;-355.119415;1971.461182;0.000000;0.000000;0.000000;0.000000;0.000000;2.000000;9.998474;-520.286072;1960.695313;0.000000;0.000000;0.000000;0.000000;0.000000;2.000000;33.906891;-771.182434;1965.631348;0.000000;0.000000;0.000000;0.000000;0.000000;2.000000;68.563934;-726.506897;1959.160034;0.000000;0.000000;0.000000;0.000000;0.000000;2.000000;215.562759;-653.697998;1933.855469;0.000000;0.000000;0.000000;0.000000;0.000000;2.000000;272.157623;-354.846588;2036.016602;0.000000;0.000000;0.000000;0.000000;0.000000;2.000000;275.323792;-85.584747;2039.405518;0.000000;0.000000;0.000000;0.000000;0.000000;2.000000;249.445465;3.300743;2102.096924;0.000000;0.000000;0.000000;0.000000;0.000000;0.000000;218.641388;70.164734;2000.504272;0.000000;0.000000;0.000000;0.000000;0.000000;2.000000;209.138641;31.422935;1970.947388;0.000000;0.000000;0.000000;0.000000;0.000000;2.000000;-8.104248;-732.847107;1972.848389;0.000000;0.000000;0.000000;0.000000;0.000000;2.000000;-156.517731;-707.249634;1998.039185;0.000000;0.000000;0.000000;0.000000;0.000000;2.000000;-205.273529;-389.964111;2059.983887;0.000000;0.000000;0.000000;0.000000;0.000000;2.000000;-247.973602;-121.541519;2037.685181;0.000000;0.000000;0.000000;0.000000;0.000000;2.000000;-325.608307;-35.389740;2005.390747;0.000000;0.000000;0.000000;0.000000;0.000000;0.000000;-291.351471;78.155861;1971.598633;0.000000;0.000000;0.000000;0.000000;0.000000;0.000000;-271.344208;17.322212;1961.000977;0.000000;0.000000;0.000000;0.000000;0.000000;0.000000;104.853638;-145.683289;1986.005737;0.000000;0.000000;0.000000;0.000000;0.000000;2.000000;124.930908;316.030457;2035.845215;0.000000;0.000000;0.000000;0.000000;0.000000;2.000000;135.409042;744.349365;2153.219482;0.000000;0.000000;0.000000;0.000000;0.000000;2.000000;170.540283;855.552795;1969.604492;0.000000;0.000000;0.000000;0.000000;0.000000;2.000000;-94.551117;-153.892578;2012.619263;0.000000;0.000000;0.000000;0.000000;0.000000;2.000000;-114.618225;307.416809;2061.535156;0.000000;0.000000;0.000000;0.000000;0.000000;2.000000;-128.804688;749.872742;2136.025391;0.000000;0.000000;0.000000;0.000000;0.000000;2.000000;-161.991974;860.858704;1972.830566;0.000000;0.000000;0.000000;0.000000;0.000000;2.000000;40.090973;-864.860779;1952.138794;0.000000;0.000000;0.000000;0.000000;0.000000;2.000000;25.455414;-905.819519;1770.703125;0.000000;0.000000;0.000000;0.000000;0.000000;2.000000;64.360107;-943.566589;1806.553101;0.000000;0.000000;0.000000;0.000000;0.000000;2.000000;143.099228;-925.560364;1929.607056;0.000000;0.000000;0.000000;0.000000;0.000000;2.000000;3.792816;-947.198059;1808.482178;0.000000;0.000000;0.000000;0.000000;0.000000;2.000000;-46.439545;-951.748352;1952.006226;0.000000;0.000000;0.000000;0.000000;0.000000;2.000000;17732300800.000000
0.000000;-150.000000;2000.000000;0.000000;0.000000;0.000000;0.000000;0.000000;2.000000;4.635651;-355.119659;1971.461182;0.000008;0.000000;0.000000;0.000000;0.000000;2.000000;9.998566;-520.286499;1960.695313;0.000013;0.000000;0.000000;0.000000;0.000000;2.000000;33.906586;-771.183105;1965.630859;0.000027;0.000000;0.000000;0.000000;0.000000;2.000000;68.563721;-726.507446;1959.159790;0.000019;0.000000;0.000000;0.000000;0.000000;2.000000;215.563400;-653.699219;1933.857300;0.000070;0.000000;0.000000;0.000000;0.000000;2.000000;272.160522;-354.849762;2036.023804;0.000256;0.000000;0.000000;0.000000;0.000000;2.000000;275.330688;-85.587799;2039.419434;0.000483;0.000000;0.000000;0.000000;0.000000;2.000000;249.455231;3.296524;2102.114014;0.000614;0.000000;0.000000;0.000000;0.000000;0.000000;218.655136;70.162323;2000.521240;0.000671;0.000000;0.000000;0.000000;0.000000;2.000000;209.153931;31.425514;1970.961792;0.000646;0.000000;0.000000;0.000000;0.000000;2.000000;-8.104614;-732.847656;1972.847778;0.000027;0.000000;0.000000;0.000000;0.000000;2.000000;-156.518311;-707.250122;1998.037964;0.000044;0.000000;0.000000;0.000000;0.000000;2.000000;-205.274231;-389.964508;2059.983398;0.000029;0.000000;0.000000;0.000000;0.000000;2.000000;-247.973999;-121.541656;2037.685181;0.000013;0.000000;0.000000;0.000000;0.000000;2.000000;-325.608826;-35.389725;2005.390991;0.000018;0.000000;0.000000;0.000000;0.000000;0.000000;-291.352539;78.156258;1971.599365;0.000041;0.000000;0.000000;0.000000;0.000000;0.000000;-271.344849;17.322617;1961.002319;0.000047;0.000000;0.000000;0.000000;0.000000;0.000000;104.853760;-145.683289;1986.005859;0.000005;0.000000;0.000000;0.000000;0.000000;2.000000;124.930878;316.030884;2035.845337;0.000014;0.000000;0.000000;0.000000;0.000000;2.000000;135.408768;744.350220;2153.219727;0.000028;0.000000;0.000000;0.000000;0.000000;2.000000;170.540268;855.553711;1969.604736;0.000029;0.000000;0.000000;0.000000;0.000000;2.000000;-94.551239;-153.892578;2012.619263;0.000004;0.000000;0.000000;0.000000;0.000000;2.000000;-114.618561;307.417328;2061.534424;0.000029;0.000000;0.000000;0.000000;0.000000;2.000000;-128.805267;749.873901;2136.023926;0.000060;0.000000;0.000000;0.000000;0.000000;2.000000;-161.992981;860.859497;1972.828613;0.000071;0.000000;0.000000;0.000000;0.000000;2.000000;40.090607;-864.861450;1952.138062;0.000032;0.000000;0.000000;0.000000;0.000000;2.000000;25.458588;-905.821289;1770.702271;0.000114;0.000000;0.000000;0.000000;0.000000;2.000000;64.363159;-943.567627;1806.553101;0.000098;0.000000;0.000000;0.000000;0.000000;2.000000;143.100082;-925.559937;1929.608398;0.000050;0.000000;0.000000;0.000000;0.000000;2.000000;3.795837;-947.199951;1808.481201;0.000113;0.000000;0.000000;0.000000;0.000000;2.000000;-46.438904;-951.750366;1952.004639;0.000081;0.000000;0.000000;0.000000;0.000000;2.000000;17732333568.000000
0.000000;-150.000000;2000.000000;0.000000;0.000000;0.000000;0.000000;0.000000;2.000000;5.593384;-355.646942;1976.693604;0.163129;0.000000;0.000000;0.000000;0.000000;2.000000;11.142822;-521.042358;1973.585938;0.395611;0.000000;0.000000;0.000000;0.000000;2.000000;31.838531;-772.134399;1971.829590;0.201522;0.000000;0.000000;0.000000;0.000000;2.000000;67.257751;-727.765625;1968.306763;0.284577;0.000000;0.000000;0.000000;0.000000;2.000000;216.990540;-657.931885;1953.316895;0.609304;0.000000;0.000000;0.000000;0.000000;2.000000;269.407776;-356.919922;2050.727539;0.460869;0.000000;0.000000;0.000000;0.000000;2.000000;281.444153;-88.047913;2047.453369;0.317105;0.000000;0.000000;0.000000;0.000000;2.000000;257.489716;-5.892403;2119.315674;0.643687;0.000000;0.000000;0.000000;0.000000;0.000000;236.775696;53.990387;2011.106201;0.808530;0.000000;0.000000;0.000000;0.000000;2.000000;216.606934;30.923149;1987.594849;0.556440;0.000000;0.000000;0.000000;0.000000;2.000000;-9.980377;-733.506958;1978.332764;0.178047;0.000000;0.000000;0.000000;0.000000;2.000000;-158.792633;-708.308716;2000.960327;0.117536;0.000000;0.000000;0.000000;0.000000;2.000000;-210.880951;-392.216187;2065.343262;0.246482;0.000000;0.000000;0.000000;0.000000;2.000000;-252.547394;-124.702835;2033.814453;0.206736;0.000000;0.000000;0.000000;0.000000;2.000000;-329.608551;-35.243027;2010.671265;0.202202;0.000000;0.000000;0.000000;0.000000;0.000000;-294.964203;78.781197;1979.200684;0.257534;0.000000;0.000000;0.000000;0.000000;0.000000;-269.682709;19.725624;1965.929932;0.174827;0.000000;0.000000;0.000000;0.000000;0.000000;105.514374;-146.326477;1992.909058;0.212540;0.000000;0.000000;0.000000;0.000000;2.000000;122.152298;314.892517;2046.213135;0.329403;0.000000;0.000000;0.000000;0.000000;2.000000;130.949081;743.938354;2160.142090;0.251613;0.000000;0.000000;0.000000;0.000000;2.000000;168.241745;856.900879;1978.168945;0.273713;0.000000;0.000000;0.000000;0.000000;2.000000;-95.146942;-153.312561;2006.394043;0.191666;0.000000;0.000000;0.000000;0.000000;2.000000;-115.745239;307.656799;2055.989746;0.172823;0.000000;0.000000;0.000000;0.000000;2.000000;-130.796997;748.344238;2138.906006;0.116660;0.000000;0.000000;0.000000;0.000000;2.000000;-166.654022;860.874512;1977.471191;0.200765;0.000000;0.000000;0.000000;0.000000;2.000000;37.521240;-865.384399;1955.746094;0.136113;0.000000;0.000000;0.000000;0.000000;2.000000;30.339874;-913.537598;1775.734863;0.318167;0.000000;0.000000;0.000000;0.000000;2.000000;68.138184;-949.421143;1814.501709;0.322527;0.000000;0.000000;0.000000;0.000000;2.000000;141.819077;-925.795654;1939.628540;0.308363;0.000000;0.000000;0.000000;0.000000;2.000000;7.608673;-953.611938;1814.235107;0.287512;0.000000;0.000000;0.000000;0.000000;2.000000;-48.104767;-953.073975;1955.708618;0.130359;0.000000;0.000000;0.000000;0.000000;2.000000;17732366336.000000
0.000000;-150.000000;2000.000000;0.000000;0.000000;0.000000;0.000000;0.000000;2.000000;6.421478;-355.984772;1976.967285;0.028543;0.000000;0.000000;0.000000;0.000000;2.000000;12.314789;-521.578186;1971.743408;0.068617;0.000000;0.000000;0.000000;0.000000;2.000000;31.011841;-773.177124;1977.123291;0.166577;0.000000;0.000000;0.000000;0.000000;2.000000;66.933105;-729.114868;1973.382446;0.160583;0.000000;0.000000;0.000000;0.000000;2.000000;219.294785;-664.404602;1958.981812;0.271755;0.000000;0.000000;0.000000;0.000000;2.000000;282.174744;-360.955048;2043.457642;0.464959;0.000000;0.000000;0.000000;0.000000;2.000000;303.599701;-93.493393;2017.315796;1.153546;0.000000;0.000000;0.000000;0.000000;2.000000;307.930115;-16.726273;2098.649902;1.696042;0.000000;0.000000;0.000000;0.000000;0.000000;287.022278;90.960121;2037.487793;2.066982;0.000000;0.000000;0.000000;0.000000;2.000000;240.178009;19.658699;2080.917969;2.957480;0.000000;0.000000;0.000000;0.000000;0.000000;-10.711639;-734.015503;1981.499390;0.100388;0.000000;0.000000;0.000000;0.000000;2.000000;-160.019287;-709.059753;2002.725586;0.069490;0.000000;0.000000;0.000000;0.000000;2.000000;-220.052185;-394.998077;2072.537598;0.365713;0.000000;0.000000;0.000000;0.000000;2.000000;-262.589661;-132.187439;2012.114258;0.764625;0.000000;0.000000;0.000000;0.000000;2.000000;-325.383179;-29.347702;2010.090820;0.222057;0.000000;0.000000;0.000000;0.000000;0.000000;-284.633118;79.211273;1967.725098;0.471401;0.000000;0.000000;0.000000;0.000000;0.000000;-260.100159;15.898788;1965.926758;0.314893;0.000000;0.000000;0.000000;0.000000;0.000000;105.750977;-146.052948;1994.184204;0.040449;0.000000;0.000000;0.000000;0.000000;2.000000;121.839233;315.506653;2051.030762;0.148520;0.000000;0.000000;0.000000;0.000000;2.000000;129.996246;746.568115;2160.045410;0.085410;0.000000;0.000000;0.000000;0.000000;2.000000;167.576202;856.426208;1975.831177;0.075579;0.000000;0.000000;0.000000;0.000000;2.000000;-95.360321;-153.559235;2005.244385;0.036469;0.000000;0.000000;0.000000;0.000000;2.000000;-115.974548;307.800690;2058.006836;0.062109;0.000000;0.000000;0.000000;0.000000;2.000000;-131.169708;749.195801;2140.993652;0.069740;0.000000;0.000000;0.000000;0.000000;2.000000;-166.988464;863.026672;1980.068726;0.103449;0.000000;0.000000;0.000000;0.000000;2.000000;36.359924;-867.008057;1963.622681;0.247974;0.000000;0.000000;0.000000;0.000000;2.000000;33.947662;-902.214233;1780.211426;0.387554;0.000000;0.000000;0.000000;0.000000;2.000000;70.980469;-940.737061;1817.321777;0.291830;0.000000;0.000000;0.000000;0.000000;2.000000;141.478760;-925.906128;1945.862061;0.190545;0.000000;0.000000;0.000000;0.000000;2.000000;10.401031;-945.076782;1815.208008;0.275661;0.000000;0.000000;0.000000;0.000000;2.000000;-48.963531;-954.851807;1955.110840;0.062954;0.000000;0.000000;0.000000;0.000000;2.000000;17732399104.000000
0.000000;-150.000000;2000.000000;0.000000;0.000000;0.000000;0.000000;0.000000;2.000000;7.354706;-355.850922;1976.501099;0.030209;0.000000;0.000000;0.000000;0.000000;2.000000;13.998566;-521.387939;1971.661743;0.048726;0.000000;0.000000;0.000000;0.000000;2.000000;32.126038;-772.973267;1976.789429;0.033917;0.000000;0.000000;0.000000;0.000000;2.000000;68.157257;-728.991211;1973.384766;0.035340;0.000000;0.000000;0.000000;0.000000;2.000000;222.126480;-667.257446;1964.547729;0.197197;0.000000;0.000000;0.000000;0.000000;2.000000;284.939392;-359.881897;2033.083862;0.309896;0.000000;0.000000;0.000000;0.000000;2.000000;304.039703;-93.439117;1997.211548;0.577583;0.000000;0.000000;0.000000;0.000000;2.000000;308.714478;-42.908783;2096.941406;0.753961;0.000000;0.000000;0.000000;0.000000;0.000000;269.847778;66.779594;2049.775635;0.922098;0.000000;0.000000;0.000000;0.000000;2.000000;240.834625;34.025841;2052.797119;0.907205;0.000000;0.000000;0.000000;0.000000;2.000000;-9.537140;-733.740356;1980.914917;0.038501;0.000000;0.000000;0.000000;0.000000;2.000000;-159.054810;-709.665527;2001.404175;0.050106;0.000000;0.000000;0.000000;0.000000;2.000000;-223.848267;-396.073914;2068.659668;0.158900;0.000000;0.000000;0.000000;0.000000;2.000000;-268.504456;-135.458466;2000.987061;0.373942;0.000000;0.000000;0.000000;0.000000;2.000000;-321.738586;-27.642654;1993.366943;0.494058;0.000000;0.000000;0.000000;0.000000;0.000000;-281.092468;81.837448;1953.427124;0.429748;0.000000;0.000000;0.000000;0.000000;2.000000;-262.065125;11.062416;1959.853760;0.230018;0.000000;0.000000;0.000000;0.000000;2.000000;105.725128;-145.596313;1994.513672;0.016190;0.000000;0.000000;0.000000;0.000000;2.000000;123.749756;315.789307;2051.280029;0.055932;0.000000;0.000000;0.000000;0.000000;2.000000;129.798065;745.766113;2164.210693;0.121967;0.000000;0.000000;0.000000;0.000000;2.000000;166.457840;858.050049;1981.340698;0.168075;0.000000;0.000000;0.000000;0.000000;2.000000;-95.337006;-153.970978;2004.947388;0.014597;0.000000;0.000000;0.000000;0.000000;2.000000;-115.330536;307.141846;2059.109619;0.041274;0.000000;0.000000;0.000000;0.000000;2.000000;-130.179871;748.569824;2141.398926;0.035596;0.000000;0.000000;0.000000;0.000000;2.000000;-166.830994;863.385986;1981.423828;0.040520;0.000000;0.000000;0.000000;0.000000;2.000000;37.377441;-866.771851;1963.186768;0.032510;0.000000;0.000000;0.000000;0.000000;2.000000;44.085388;-898.945679;1779.371338;0.306890;0.000000;0.000000;0.000000;0.000000;2.000000;77.617645;-939.326050;1817.785034;0.195350;0.000000;0.000000;0.000000;0.000000;2.000000;141.220139;-929.037476;1950.265503;0.155374;0.000000;0.000000;0.000000;0.000000;2.000000;17.154541;-941.491089;1812.223999;0.235754;0.000000;0.000000;0.000000;0.000000;2.000000;-50.276367;-951.384155;1948.373291;0.220888;0.000000;0.000000;0.000000;0.000000;2.000000;17732433920.000000
