posX0;posY0;posZ0;posVel0;rotX0;rotY0;rotZ0;rotVel0;confidence0;posX1;posY1;posZ1;posVel1;rotX1;rotY1;rotZ1;rotVel1;confidence1;posX2;posY2;posZ2;posVel2;rotX2;rotY2;rotZ2;rotVel2;confidence2;posX3;posY3;posZ3;posVel3;rotX3;rotY3;rotZ3;rotVel3;confidence3;posX4;posY4;posZ4;posVel4;rotX4;rotY4;rotZ4;rotVel4;confidence4;posX5;posY5;posZ5;posVel5;rotX5;rotY5;rotZ5;rotVel5;confidence5;posX6;posY6;posZ6;posVel6;rotX6;rotY6;rotZ6;rotVel6;confidence6;posX7;posY7;posZ7;posVel7;rotX7;rotY7;rotZ7;rotVel7;confidence7;posX8;posY8;posZ8;posVel8;rotX8;rotY8;rotZ8;rotVel8;confidence8;posX9;posY9;posZ9;posVel9;rotX9;rotY9;rotZ9;rotVel9;confidence9;posX10;posY10;posZ10;posVel10;rotX10;rotY10;rotZ10;rotVel10;confidence10;posX11;posY11;posZ11;posVel11;rotX11;rotY11;rotZ11;rotVel11;confidence11;posX12;posY12;posZ12;posVel12;rotX12;rotY12;rotZ12;rotVel12;confidence12;posX13;posY13;posZ13;posVel13;rotX13;rotY13;rotZ13;rotVel13;confidence13;posX14;posY14;posZ14;posVel14;rotX14;rotY14;rotZ14;rotVel14;confidence14;posX15;posY15;posZ15;posVel15;rotX15;rotY15;rotZ15;rotVel15;confidence15;posX16;posY16;posZ16;posVel16;rotX16;rotY16;rotZ16;rotVel16;confidence16;posX17;posY17;posZ17;posVel17;rotX17;rotY17;rotZ17;rotVel17;confidence17;posX18;posY18;posZ18;posVel18;rotX18;rotY18;rotZ18;rotVel18;confidence18;posX19;posY19;posZ19;posVel19;rotX19;rotY19;rotZ19;rotVel19;confidence19;posX20;posY20;posZ20;posVel20;rotX20;rotY20;rotZ20;rotVel20;confidence20;posX21;posY21;posZ21;posVel21;rotX21;rotY21;rotZ21;rotVel21;confidence21;posX22;posY22;posZ22;posVel22;rotX22;rotY22;rotZ22;rotVel22;confidence22;posX23;posY23;posZ23;posVel23;rotX23;rotY23;rotZ23;rotVel23;confidence23;posX24;posY24;posZ24;posVel24;rotX24;rotY24;rotZ24;rotVel24;confidence24;posX25;posY25;posZ25;posVel25;rotX25;rotY25;rotZ25;rotVel25;confidence25;posX26;posY26;posZ26;posVel26;rotX26;rotY26;rotZ26;rotVel26;confidence26;posX27;posY27;posZ27;posVel27;rotX27;rotY27;rotZ27;rotVel27;confidence27;posX28;posY28;posZ28;posVel28;rotX28;rotY28;rotZ28;rotVel28;confidence28;posX29;posY29;posZ29;posVel29;rotX29;rotY29;rotZ29;rotVel29;confidence29;posX30;posY30;posZ30;posVel30;rotX30;rotY30;rotZ30;rotVel30;confidence30;posX31;posY31;posZ31;posVel31;rotX31;rotY31;rotZ31;rotVel31;confidence31;TimeStamp
0.000000;-150.000000;2000.000000;0.000000;0.000000;0.000000;0.000000;0.000000;2.000000;-10.393326;-333.576599;1975.275513;0.000000;0.000000;0.000000;0.000000;0.000000;2.000000;-20.460037;-480.180786;1955.169067;0.000000;0.000000;0.000000;0.000000;0.000000;2.000000;-47.466995;-703.706299;1938.471680;0.000000;0.000000;0.000000;0.000000;0.000000;2.000000;-46.965424;-669.203979;1975.986694;0.000000;0.000000;0.000000;0.000000;0.000000;2.000000;-10.851471;-634.973633;2116.069092;0.000000;0.000000;0.000000;0.000000;0.000000;2.000000;92.428314;-414.184509;2268.276855;0.000000;0.000000;0.000000;0.000000;0.000000;1.000000;299.595367;-294.730469;2299.683105;0.000000;0.000000;0.000000;0.000000;0.000000;1.000000;330.334320;-239.145538;2222.271484;0.000000;0.000000;0.000000;0.000000;0.000000;0.000000;299.912750;-164.883469;2143.620605;0.000000;0.000000;0.000000;0.000000;0.000000;1.000000;252.465393;-239.236450;2164.907227;0.000000;0.000000;0.000000;0.000000;0.000000;0.000000;-41.213257;-664.076172;1906.430176;0.000000;0.000000;0.000000;0.000000;0.000000;2.000000;-15.863037;-606.877197;1784.821777;0.000000;0.000000;0.000000;0.000000;0.000000;2.000000;91.886612;-334.795074;1794.687378;0.000000;0.000000;0.000000;0.000000;0.000000;2.000000;212.458908;-188.128326;1948.333618;0.000000;0.000000;0.000000;0.000000;0.000000;2.000000;221.725510;-146.647751;2047.420776;0.000000;0.000000;0.000000;0.000000;0.000000;2.000000;215.437927;-36.913776;2058.277344;0.000000;0.000000;0.000000;0.000000;0.000000;2.000000;215.410736;-113.534653;2054.714355;0.000000;0.000000;0.000000;0.000000;0.000000;2.000000;-18.872879;-161.352844;2092.227539;0.000000;0.000000;0.000000;0.000000;0.000000;2.000000;-38.935089;253.148941;2125.409668;0.000000;0.000000;0.000000;0.000000;0.000000;2.000000;-86.849579;647.599731;2145.649902;0.000000;0.000000;0.000000;0.000000;0.000000;2.000000;52.213974;782.298340;2167.344727;0.000000;0.000000;0.000000;0.000000;0.000000;2.000000;17.018494;-139.762634;1916.834473;0.000000;0.000000;0.000000;0.000000;0.000000;2.000000;53.710823;274.097168;1899.053589;0.000000;0.000000;0.000000;0.000000;0.000000;2.000000;19.203827;674.594727;1891.590454;0.000000;0.000000;0.000000;0.000000;0.000000;2.000000;161.903183;773.447998;1846.958740;0.000000;0.000000;0.000000;0.000000;0.000000;2.000000;-43.693436;-788.410767;1933.287231;0.000000;0.000000;0.000000;0.000000;0.000000;2.000000;89.800156;-775.452148;1833.615112;0.000000;0.000000;0.000000;0.000000;0.000000;2.000000;96.899048;-803.868530;1883.914551;0.000000;0.000000;0.000000;0.000000;0.000000;2.000000;39.608627;-799.942505;2002.581421;0.000000;0.000000;0.000000;0.000000;0.000000;1.000000;71.149994;-825.357300;1841.120361;0.000000;0.000000;0.000000;0.000000;0.000000;2.000000;-46.263229;-883.533203;1878.452637;0.000000;0.000000;0.000000;0.000000;0.000000;2.000000;18613499904.000000
0.000000;-150.000000;2000.000000;0.000000;0.000000;0.000000;0.000000;0.000000;2.000000;-10.153152;-333.669006;1975.046753;0.010508;0.000000;0.000000;0.000000;0.000000;2.000000;-19.408157;-480.406097;1954.878052;0.034009;0.000000;0.000000;0.000000;0.000000;2.000000;-44.281754;-704.296509;1937.966309;0.100056;0.000000;0.000000;0.000000;0.000000;2.000000;-43.896149;-669.830566;1975.556763;0.096495;0.000000;0.000000;0.000000;0.000000;2.000000;-14.956619;-633.233765;2116.794434;0.137855;0.000000;0.000000;0.000000;0.000000;2.000000;87.260925;-413.513794;2271.562988;0.188000;0.000000;0.000000;0.000000;0.000000;1.000000;298.060486;-300.834839;2304.865479;0.248819;0.000000;0.000000;0.000000;0.000000;1.000000;329.793762;-243.762848;2228.874023;0.246429;0.000000;0.000000;0.000000;0.000000;0.000000;300.975739;-166.266190;2152.684570;0.281685;0.000000;0.000000;0.000000;0.000000;0.000000;252.758118;-240.214172;2171.520752;0.204218;0.000000;0.000000;0.000000;0.000000;0.000000;-38.621094;-664.531006;1905.933838;0.081731;0.000000;0.000000;0.000000;0.000000;2.000000;-15.145630;-607.062500;1783.986450;0.034076;0.000000;0.000000;0.000000;0.000000;2.000000;91.545357;-334.318024;1791.990356;0.084230;0.000000;0.000000;0.000000;0.000000;2.000000;212.324295;-186.483826;1944.579468;0.125145;0.000000;0.000000;0.000000;0.000000;2.000000;221.447784;-146.389694;2044.317261;0.095416;0.000000;0.000000;0.000000;0.000000;2.000000;211.585602;-37.911346;2025.650757;1.003063;0.000000;0.000000;0.000000;0.000000;2.000000;215.194977;-112.254120;2051.727051;0.099406;0.000000;0.000000;0.000000;0.000000;2.000000;-18.806213;-161.497559;2092.280273;0.005122;0.000000;0.000000;0.000000;0.000000;2.000000;-38.560440;253.210464;2126.127686;0.024787;0.000000;0.000000;0.000000;0.000000;2.000000;-86.803391;647.819946;2147.066895;0.043785;0.000000;0.000000;0.000000;0.000000;2.000000;49.057533;785.648071;2170.364746;0.167997;0.000000;0.000000;0.000000;0.000000;2.000000;16.958405;-139.632141;1916.786743;0.004620;0.000000;0.000000;0.000000;0.000000;2.000000;53.156693;274.545532;1899.705322;0.029475;0.000000;0.000000;0.000000;0.000000;2.000000;17.658707;675.200195;1892.628052;0.059729;0.000000;0.000000;0.000000;0.000000;2.000000;160.682419;775.737671;1852.613281;0.189864;0.000000;0.000000;0.000000;0.000000;2.000000;-39.685455;-788.999878;1932.615234;0.125317;0.000000;0.000000;0.000000;0.000000;2.000000;92.921959;-778.656250;1831.303711;0.153666;0.000000;0.000000;0.000000;0.000000;2.000000;99.725418;-808.241821;1881.005859;0.182020;0.000000;0.000000;0.000000;0.000000;2.000000;44.135513;-804.606934;2000.573242;0.207615;0.000000;0.000000;0.000000;0.000000;1.000000;72.689621;-828.069580;1838.162964;0.131166;0.000000;0.000000;0.000000;0.000000;2.000000;-46.184647;-883.002441;1876.071533;0.074488;0.000000;0.000000;0.000000;0.000000;2.000000;18613532672.000000
0.000000;-150.000000;2000.000000;0.000000;0.000000;0.000000;0.000000;0.000000;2.000000;-10.151367;-333.665741;1975.037842;0.000277;0.000000;0.000000;0.000000;0.000000;2.000000;-19.361877;-480.404053;1954.870361;0.001349;0.000000;0.000000;0.000000;0.000000;2.000000;-44.048508;-704.314941;1937.991455;0.006759;0.000000;0.000000;0.000000;0.000000;2.000000;-43.653854;-669.848145;1975.580200;0.007010;0.000000;0.000000;0.000000;0.000000;2.000000;-13.980881;-633.620789;2116.759277;0.030167;0.000000;0.000000;0.000000;0.000000;2.000000;89.133446;-414.510498;2271.791016;0.061279;0.000000;0.000000;0.000000;0.000000;1.000000;300.156281;-302.055054;2304.407227;0.070888;0.000000;0.000000;0.000000;0.000000;1.000000;331.482025;-244.656189;2228.494629;0.055933;0.000000;0.000000;0.000000;0.000000;0.000000;302.136230;-166.819778;2152.856934;0.037261;0.000000;0.000000;0.000000;0.000000;0.000000;253.995911;-240.788025;2171.662354;0.039398;0.000000;0.000000;0.000000;0.000000;0.000000;-38.458923;-664.545593;1905.952271;0.004707;0.000000;0.000000;0.000000;0.000000;2.000000;-15.290253;-607.147644;1783.914795;0.005241;0.000000;0.000000;0.000000;0.000000;2.000000;91.088425;-334.264404;1791.189697;0.026523;0.000000;0.000000;0.000000;0.000000;2.000000;211.844818;-185.668945;1943.051025;0.051621;0.000000;0.000000;0.000000;0.000000;2.000000;220.509262;-143.991135;2042.177246;0.096182;0.000000;0.000000;0.000000;0.000000;2.000000;209.048141;-39.916466;2006.820801;0.548761;0.000000;0.000000;0.000000;0.000000;2.000000;214.343811;-109.919479;2049.094482;0.103979;0.000000;0.000000;0.000000;0.000000;2.000000;-18.799164;-161.502808;2092.279785;0.000253;0.000000;0.000000;0.000000;0.000000;2.000000;-38.568985;253.190811;2126.234375;0.003126;0.000000;0.000000;0.000000;0.000000;2.000000;-86.853699;647.783264;2147.311523;0.007250;0.000000;0.000000;0.000000;0.000000;2.000000;48.976494;785.659119;2170.486816;0.004220;0.000000;0.000000;0.000000;0.000000;2.000000;16.952026;-139.627426;1916.787231;0.000228;0.000000;0.000000;0.000000;0.000000;2.000000;53.195564;274.539886;1899.667725;0.001562;0.000000;0.000000;0.000000;0.000000;2.000000;17.781830;675.196472;1892.543579;0.004290;0.000000;0.000000;0.000000;0.000000;2.000000;160.818085;775.697021;1852.489868;0.005396;0.000000;0.000000;0.000000;0.000000;2.000000;-39.380524;-789.013306;1932.637573;0.008790;0.000000;0.000000;0.000000;0.000000;2.000000;92.973007;-778.178345;1831.048950;0.015624;0.000000;0.000000;0.000000;0.000000;2.000000;99.948181;-807.862549;1880.667603;0.015937;0.000000;0.000000;0.000000;0.000000;2.000000;44.625076;-804.608398;2000.367920;0.015248;0.000000;0.000000;0.000000;0.000000;1.000000;72.854042;-827.646423;1837.842163;0.015966;0.000000;0.000000;0.000000;0.000000;2.000000;-45.823471;-882.899109;1875.896484;0.011904;0.000000;0.000000;0.000000;0.000000;2.000000;18613567488.000000
0.000000;-150.000000;2000.000000;0.000000;0.000000;0.000000;0.000000;0.000000;2.000000;-11.623917;-334.048462;1974.459229;0.049676;0.000000;0.000000;0.000000;0.000000;2.000000;-22.204636;-481.057434;1953.741699;0.095448;0.000000;0.000000;0.000000;0.000000;2.000000;-45.933105;-706.212463;1945.266846;0.236553;0.000000;0.000000;0.000000;0.000000;2.000000;-46.440063;-670.169678;1981.556641;0.201472;0.000000;0.000000;0.000000;0.000000;2.000000;-22.180359;-626.129150;2122.005859;0.374861;0.000000;0.000000;0.000000;0.000000;2.000000;82.725060;-404.547729;2273.854492;0.366950;0.000000;0.000000;0.000000;0.000000;1.000000;293.806244;-293.670593;2315.485596;0.466183;0.000000;0.000000;0.000000;0.000000;1.000000;331.533051;-239.026596;2240.064941;0.392678;0.000000;0.000000;0.000000;0.000000;0.000000;299.650787;-163.536880;2162.607422;0.323006;0.000000;0.000000;0.000000;0.000000;0.000000;250.896439;-235.330002;2180.097412;0.320866;0.000000;0.000000;0.000000;0.000000;0.000000;-39.764542;-667.616821;1911.693848;0.202667;0.000000;0.000000;0.000000;0.000000;2.000000;-15.653152;-611.232239;1788.919067;0.197443;0.000000;0.000000;0.000000;0.000000;2.000000;89.110802;-336.757813;1794.032104;0.130219;0.000000;0.000000;0.000000;0.000000;2.000000;209.695801;-181.598862;1940.523438;0.160247;0.000000;0.000000;0.000000;0.000000;2.000000;219.242340;-146.223328;2042.326172;0.078460;0.000000;0.000000;0.000000;0.000000;2.000000;210.381882;-39.314507;2070.193359;1.934492;0.000000;0.000000;0.000000;0.000000;2.000000;210.661789;-109.163834;2050.354980;0.120986;0.000000;0.000000;0.000000;0.000000;2.000000;-22.424835;-161.319870;2091.777344;0.111844;0.000000;0.000000;0.000000;0.000000;2.000000;-40.797607;254.092896;2132.107422;0.193668;0.000000;0.000000;0.000000;0.000000;2.000000;-89.032516;649.511108;2159.047607;0.368073;0.000000;0.000000;0.000000;0.000000;2.000000;46.903397;787.232178;2186.864746;0.506085;0.000000;0.000000;0.000000;0.000000;2.000000;20.221451;-139.792389;1917.240479;0.100855;0.000000;0.000000;0.000000;0.000000;2.000000;57.521996;275.673981;1904.882568;0.209660;0.000000;0.000000;0.000000;0.000000;2.000000;15.644318;676.947632;1902.613037;0.318656;0.000000;0.000000;0.000000;0.000000;2.000000;158.262848;780.143250;1865.691650;0.432215;0.000000;0.000000;0.000000;0.000000;2.000000;-40.886856;-791.286743;1943.390381;0.338539;0.000000;0.000000;0.000000;0.000000;2.000000;89.731720;-768.892334;1840.646729;0.419384;0.000000;0.000000;0.000000;0.000000;2.000000;98.617508;-801.480103;1888.299438;0.306320;0.000000;0.000000;0.000000;0.000000;2.000000;44.951050;-807.984985;2009.042847;0.284259;0.000000;0.000000;0.000000;0.000000;1.000000;71.528587;-819.573242;1844.530762;0.322492;0.000000;0.000000;0.000000;0.000000;2.000000;-44.729202;-881.813843;1880.648926;0.152469;0.000000;0.000000;0.000000;0.000000;2.000000;18613600256.000000
0.000000;-150.000000;2000.000000;0.000000;0.000000;0.000000;0.000000;0.000000;2.000000;-7.641830;-335.190979;1977.391479;0.154891;0.000000;0.000000;0.000000;0.000000;2.000000;-16.241043;-483.058105;1958.829956;0.246905;0.000000;0.000000;0.000000;0.000000;2.000000;-41.890991;-708.638550;1949.492065;0.193196;0.000000;0.000000;0.000000;0.000000;2.000000;-40.883942;-672.766357;1986.150635;0.233849;0.000000;0.000000;0.000000;0.000000;2.000000;-12.808807;-632.360718;2127.445313;0.381465;0.000000;0.000000;0.000000;0.000000;2.000000;90.490295;-410.373474;2281.399414;0.375210;0.000000;0.000000;0.000000;0.000000;1.000000;297.119141;-289.279541;2320.993164;0.237547;0.000000;0.000000;0.000000;0.000000;1.000000;331.433655;-234.153854;2243.917969;0.189601;0.000000;0.000000;0.000000;0.000000;0.000000;295.582886;-161.347870;2165.154297;0.160982;0.000000;0.000000;0.000000;0.000000;0.000000;248.064148;-234.752609;2185.732666;0.193279;0.000000;0.000000;0.000000;0.000000;0.000000;-36.607788;-669.715820;1915.912842;0.173094;0.000000;0.000000;0.000000;0.000000;2.000000;-19.616318;-616.571045;1790.087769;0.206023;0.000000;0.000000;0.000000;0.000000;2.000000;84.211586;-340.771729;1789.484009;0.237957;0.000000;0.000000;0.000000;0.000000;2.000000;207.861755;-181.970139;1930.625488;0.307412;0.000000;0.000000;0.000000;0.000000;2.000000;214.121078;-148.362717;2033.613892;0.315245;0.000000;0.000000;0.000000;0.000000;2.000000;214.048203;-39.417343;2055.699219;0.456269;0.000000;0.000000;0.000000;0.000000;2.000000;207.166077;-107.387589;2040.983765;0.310012;0.000000;0.000000;0.000000;0.000000;2.000000;-18.961945;-160.562820;2092.931396;0.113764;0.000000;0.000000;0.000000;0.000000;2.000000;-42.905289;255.595795;2135.329102;0.126124;0.000000;0.000000;0.000000;0.000000;2.000000;-94.286087;651.654053;2164.377930;0.237576;0.000000;0.000000;0.000000;0.000000;2.000000;40.920868;790.710388;2193.131348;0.284909;0.000000;0.000000;0.000000;0.000000;2.000000;17.098816;-140.475021;1916.199707;0.102586;0.000000;0.000000;0.000000;0.000000;2.000000;55.078278;276.237061;1906.723267;0.094934;0.000000;0.000000;0.000000;0.000000;2.000000;11.983429;678.575256;1904.695190;0.137792;0.000000;0.000000;0.000000;0.000000;2.000000;155.504837;781.874573;1869.004639;0.141767;0.000000;0.000000;0.000000;0.000000;2.000000;-37.492264;-793.977905;1946.803955;0.168312;0.000000;0.000000;0.000000;0.000000;2.000000;92.241341;-774.041748;1841.655518;0.177507;0.000000;0.000000;0.000000;0.000000;2.000000;99.570465;-811.166870;1886.374512;0.302797;0.000000;0.000000;0.000000;0.000000;2.000000;48.531731;-823.144470;2008.259644;0.475961;0.000000;0.000000;0.000000;0.000000;1.000000;69.831543;-823.334473;1842.080566;0.146453;0.000000;0.000000;0.000000;0.000000;2.000000;-50.683121;-878.661926;1877.000488;0.233803;0.000000;0.000000;0.000000;0.000000;2.000000;18613633024.000000
0.000000;-150.000000;2000.000000;0.000000;0.000000;0.000000;0.000000;0.000000;2.000000;-7.666336;-335.190948;1977.364624;0.001109;0.000000;0.000000;0.000000;0.000000;2.000000;-16.381088;-483.049683;1958.763306;0.004740;0.000000;0.000000;0.000000;0.000000;2.000000;-42.344681;-708.597107;1949.370972;0.014386;0.000000;0.000000;0.000000;0.000000;2.000000;-41.222931;-672.742004;1986.044556;0.010865;0.000000;0.000000;0.000000;0.000000;2.000000;-12.777176;-632.494324;2127.313965;0.005799;0.000000;0.000000;0.000000;0.000000;2.000000;91.250702;-410.833710;2281.259766;0.027458;0.000000;0.000000;0.000000;0.000000;1.000000;298.146423;-290.086090;2320.549805;0.042092;0.000000;0.000000;0.000000;0.000000;1.000000;332.346741;-234.874969;2243.481689;0.037921;0.000000;0.000000;0.000000;0.000000;0.000000;296.319946;-161.895905;2164.955078;0.028681;0.000000;0.000000;0.000000;0.000000;0.000000;248.756439;-235.218689;2185.553711;0.026048;0.000000;0.000000;0.000000;0.000000;0.000000;-37.072235;-669.665283;1915.798828;0.014676;0.000000;0.000000;0.000000;0.000000;2.000000;-20.274826;-616.613647;1789.904907;0.020897;0.000000;0.000000;0.000000;0.000000;2.000000;84.366669;-341.117462;1788.583740;0.029808;0.000000;0.000000;0.000000;0.000000;2.000000;208.505280;-182.165436;1929.135376;0.049891;0.000000;0.000000;0.000000;0.000000;2.000000;215.252380;-148.254150;2031.995850;0.060342;0.000000;0.000000;0.000000;0.000000;2.000000;215.590820;-39.177864;2053.435547;0.083916;0.000000;0.000000;0.000000;0.000000;2.000000;208.486542;-107.280563;2039.273804;0.066013;0.000000;0.000000;0.000000;0.000000;2.000000;-18.952225;-160.574478;2092.934082;0.000470;0.000000;0.000000;0.000000;0.000000;2.000000;-42.748459;255.603714;2135.315430;0.004810;0.000000;0.000000;0.000000;0.000000;2.000000;-93.937927;651.697388;2164.342529;0.010761;0.000000;0.000000;0.000000;0.000000;2.000000;41.298981;790.721497;2193.141113;0.011548;0.000000;0.000000;0.000000;0.000000;2.000000;17.090057;-140.464539;1916.197144;0.000424;0.000000;0.000000;0.000000;0.000000;2.000000;55.096474;276.254395;1906.716187;0.000797;0.000000;0.000000;0.000000;0.000000;2.000000;12.009537;678.602722;1904.733276;0.001640;0.000000;0.000000;0.000000;0.000000;2.000000;155.531586;781.835571;1868.833252;0.005426;0.000000;0.000000;0.000000;0.000000;2.000000;-38.062759;-793.942871;1946.636230;0.018178;0.000000;0.000000;0.000000;0.000000;2.000000;90.883316;-773.352295;1840.642456;0.055822;0.000000;0.000000;0.000000;0.000000;2.000000;98.565887;-810.712463;1885.107544;0.051256;0.000000;0.000000;0.000000;0.000000;2.000000;48.432213;-823.379089;2007.301392;0.030260;0.000000;0.000000;0.000000;0.000000;1.000000;68.509186;-822.663269;1840.968018;0.056576;0.000000;0.000000;0.000000;0.000000;2.000000;-51.711502;-878.262390;1876.476685;0.037271;0.000000;0.000000;0.000000;0.000000;2.000000;18613665792.000000
0.000000;-150.000000;2000.000000;0.000000;0.000000;0.000000;0.000000;0.000000;2.000000;-11.192856;-337.464600;1984.914673;0.248094;0.000000;0.000000;0.000000;0.000000;2.000000;-22.505539;-487.144470;1972.499268;0.447695;0.000000;0.000000;0.000000;0.000000;2.000000;-42.614990;-715.499207;1968.603027;0.586939;0.000000;0.000000;0.000000;0.000000;2.000000;-41.413040;-678.503784;2004.785522;0.563178;0.000000;0.000000;0.000000;0.000000;2.000000;-6.914383;-636.818176;2145.718262;0.568520;0.000000;0.000000;0.000000;0.000000;2.000000;98.182281;-410.977722;2297.752686;0.513870;0.000000;0.000000;0.000000;0.000000;1.000000;308.570648;-288.159973;2323.153076;0.313524;0.000000;0.000000;0.000000;0.000000;1.000000;334.793518;-228.175461;2245.339844;0.211696;0.000000;0.000000;0.000000;0.000000;0.000000;288.437622;-151.586426;2174.584961;0.464159;0.000000;0.000000;0.000000;0.000000;0.000000;241.848633;-230.818863;2195.077148;0.360775;0.000000;0.000000;0.000000;0.000000;0.000000;-39.382294;-676.838013;1933.766113;0.559614;0.000000;0.000000;0.000000;0.000000;2.000000;-23.113052;-622.521973;1806.987549;0.525535;0.000000;0.000000;0.000000;0.000000;2.000000;82.100006;-344.933777;1789.912720;0.133082;0.000000;0.000000;0.000000;0.000000;2.000000;213.083511;-187.290665;1929.602051;0.197843;0.000000;0.000000;0.000000;0.000000;2.000000;215.032623;-144.799698;2030.492798;0.108389;0.000000;0.000000;0.000000;0.000000;2.000000;215.755737;-34.418587;2050.388184;0.162388;0.000000;0.000000;0.000000;0.000000;2.000000;203.033890;-101.684708;2034.995239;0.255857;0.000000;0.000000;0.000000;0.000000;2.000000;-14.808731;-156.752899;2094.906006;0.171522;0.000000;0.000000;0.000000;0.000000;2.000000;-41.601852;262.890076;2138.677246;0.232825;0.000000;0.000000;0.000000;0.000000;2.000000;-98.393723;661.435791;2173.056152;0.396554;0.000000;0.000000;0.000000;0.000000;2.000000;38.993980;802.639404;2191.106934;0.353516;0.000000;0.000000;0.000000;0.000000;2.000000;13.353668;-143.910629;1914.418945;0.154670;0.000000;0.000000;0.000000;0.000000;2.000000;56.238976;276.201691;1910.418579;0.111300;0.000000;0.000000;0.000000;0.000000;2.000000;6.806290;681.428772;1917.201050;0.396438;0.000000;0.000000;0.000000;0.000000;2.000000;149.292068;788.523560;1880.322021;0.421792;0.000000;0.000000;0.000000;0.000000;2.000000;-35.978714;-801.501404;1967.531128;0.641013;0.000000;0.000000;0.000000;0.000000;2.000000;78.499649;-765.561646;1847.535034;0.464520;0.000000;0.000000;0.000000;0.000000;2.000000;91.308960;-809.769897;1884.621582;0.210650;0.000000;0.000000;0.000000;0.000000;2.000000;58.055130;-840.958008;2010.495483;0.582875;0.000000;0.000000;0.000000;0.000000;1.000000;54.723656;-814.592407;1843.550781;0.464780;0.000000;0.000000;0.000000;0.000000;2.000000;-62.007080;-874.565125;1887.386841;0.443759;0.000000;0.000000;0.000000;0.000000;2.000000;18613700608.000000
0.000000;-150.000000;2000.000000;0.000000;0.000000;0.000000;0.000000;0.000000;2.000000;-10.231995;-337.564148;1985.763550;0.039245;0.000000;0.000000;0.000000;0.000000;2.000000;-24.722183;-486.964844;1973.498413;0.074403;0.000000;0.000000;0.000000;0.000000;2.000000;-42.561279;-715.447327;1967.935059;0.020512;0.000000;0.000000;0.000000;0.000000;2.000000;-42.272003;-678.667603;2004.346924;0.029855;0.000000;0.000000;0.000000;0.000000;2.000000;-14.072708;-635.206116;2146.123535;0.224267;0.000000;0.000000;0.000000;0.000000;2.000000;89.634636;-408.280273;2297.429688;0.273712;0.000000;0.000000;0.000000;0.000000;1.000000;303.336182;-291.393738;2322.886719;0.187944;0.000000;0.000000;0.000000;0.000000;1.000000;334.218567;-227.494339;2250.075684;0.147064;0.000000;0.000000;0.000000;0.000000;0.000000;285.428894;-150.335526;2181.635254;0.237025;0.000000;0.000000;0.000000;0.000000;1.000000;236.676331;-228.746902;2198.367676;0.197478;0.000000;0.000000;0.000000;0.000000;0.000000;-39.168335;-676.549744;1933.386597;0.015943;0.000000;0.000000;0.000000;0.000000;2.000000;-21.680267;-622.389587;1806.721313;0.044657;0.000000;0.000000;0.000000;0.000000;2.000000;80.712761;-343.771851;1789.865723;0.055242;0.000000;0.000000;0.000000;0.000000;2.000000;212.446533;-185.967575;1928.613892;0.054015;0.000000;0.000000;0.000000;0.000000;2.000000;220.498886;-158.357071;2034.246704;0.460577;0.000000;0.000000;0.000000;0.000000;2.000000;223.661774;-50.673492;2065.418945;0.717423;0.000000;0.000000;0.000000;0.000000;2.000000;208.251068;-104.685547;2040.959229;0.258578;0.000000;0.000000;0.000000;0.000000;2.000000;-13.872360;-156.458221;2095.056641;0.030308;0.000000;0.000000;0.000000;0.000000;2.000000;-42.906097;262.457275;2143.634766;0.156996;0.000000;0.000000;0.000000;0.000000;2.000000;-101.298096;660.180908;2183.819092;0.342356;0.000000;0.000000;0.000000;0.000000;2.000000;37.646248;800.095276;2199.602539;0.273748;0.000000;0.000000;0.000000;0.000000;2.000000;12.509308;-144.176331;1914.283081;0.027330;0.000000;0.000000;0.000000;0.000000;2.000000;57.993858;275.632233;1913.564697;0.111303;0.000000;0.000000;0.000000;0.000000;2.000000;4.341415;680.232727;1922.522583;0.182659;0.000000;0.000000;0.000000;0.000000;2.000000;146.777725;787.760559;1886.835205;0.214332;0.000000;0.000000;0.000000;0.000000;2.000000;-35.079971;-801.364197;1966.453979;0.043016;0.000000;0.000000;0.000000;0.000000;2.000000;83.250397;-767.656311;1849.615845;0.170699;0.000000;0.000000;0.000000;0.000000;2.000000;95.128906;-810.674988;1888.362915;0.165496;0.000000;0.000000;0.000000;0.000000;2.000000;57.707481;-838.658264;2013.803223;0.123401;0.000000;0.000000;0.000000;0.000000;1.000000;60.075630;-817.008728;1846.184937;0.196409;0.000000;0.000000;0.000000;0.000000;2.000000;-57.582077;-876.888367;1887.550293;0.152603;0.000000;0.000000;0.000000;0.000000;2.000000;18613733376.000000
0.000000;-150.000000;2000.000000;0.000000;0.000000;0.000000;0.000000;0.000000;2.000000;-16.396591;-335.201050;1982.678101;0.222394;0.000000;0.000000;0.000000;0.000000;2.000000;-35.593765;-482.594604;1968.830688;0.384906;0.000000;0.000000;0.000000;0.000000;2.000000;-64.007462;-707.883911;1960.253784;0.732515;0.000000;0.000000;0.000000;0.000000;2.000000;-58.986496;-672.357178;1996.921875;0.590440;0.000000;0.000000;0.000000;0.000000;2.000000;-12.391708;-639.723572;2135.309082;0.361328;0.000000;0.000000;0.000000;0.000000;2.000000;96.097786;-422.562378;2292.564453;0.500917;0.000000;0.000000;0.000000;0.000000;1.000000;304.162415;-298.367798;2307.291992;0.521945;0.000000;0.000000;0.000000;0.000000;1.000000;316.821808;-225.217056;2239.125977;0.631153;0.000000;0.000000;0.000000;0.000000;0.000000;265.018341;-138.447906;2188.348633;0.749376;0.000000;0.000000;0.000000;0.000000;0.000000;217.095795;-226.737106;2202.030029;0.610999;0.000000;0.000000;0.000000;0.000000;0.000000;-61.812149;-668.694946;1926.637085;0.759879;0.000000;0.000000;0.000000;0.000000;2.000000;-53.860336;-614.151367;1800.508179;1.031308;0.000000;0.000000;0.000000;0.000000;2.000000;60.373299;-342.681335;1790.107544;0.621646;0.000000;0.000000;0.000000;0.000000;2.000000;197.222443;-189.937653;1925.662842;0.488513;0.000000;0.000000;0.000000;0.000000;2.000000;210.167969;-156.562698;2028.107056;0.370814;0.000000;0.000000;0.000000;0.000000;2.000000;212.813385;-51.971054;2065.677246;0.333519;0.000000;0.000000;0.000000;0.000000;2.000000;194.565765;-110.089371;2036.761841;0.466936;0.000000;0.000000;0.000000;0.000000;2.000000;-0.951843;-158.803436;2095.024902;0.400747;0.000000;0.000000;0.000000;0.000000;2.000000;1.462326;259.204224;2123.975098;1.484310;0.000000;0.000000;0.000000;0.000000;1.000000;-51.071899;655.772766;2142.239990;1.994394;0.000000;0.000000;0.000000;0.000000;1.000000;81.377975;800.248352;2147.859375;2.067516;0.000000;0.000000;0.000000;0.000000;1.000000;0.858322;-142.061539;1914.311768;0.361371;0.000000;0.000000;0.000000;0.000000;2.000000;41.589394;274.509521;1911.827515;0.504588;0.000000;0.000000;0.000000;0.000000;2.000000;-9.408188;675.748291;1924.411377;0.445106;0.000000;0.000000;0.000000;0.000000;2.000000;125.648308;790.466797;1890.570068;0.660002;0.000000;0.000000;0.000000;0.000000;2.000000;-60.641129;-793.230347;1956.421387;0.873989;0.000000;0.000000;0.000000;0.000000;2.000000;64.409798;-763.232300;1848.026978;0.592595;0.000000;0.000000;0.000000;0.000000;2.000000;74.489510;-802.637451;1890.190063;0.678236;0.000000;0.000000;0.000000;0.000000;2.000000;28.449722;-823.220215;2012.919922;1.009911;0.000000;0.000000;0.000000;0.000000;1.000000;43.463165;-813.140747;1846.352783;0.520558;0.000000;0.000000;0.000000;0.000000;2.000000;-74.006485;-874.108704;1882.265869;0.533327;0.000000;0.000000;0.000000;0.000000;2.000000;18613766144.000000
0.000000;-150.000000;2000.000000;0.000000;0.000000;0.000000;0.000000;0.000000;2.000000;-18.515671;-334.541046;1983.297729;0.066187;0.000000;0.000000;0.000000;0.000000;2.000000;-38.718002;-481.437164;1970.017212;0.101583;0.000000;0.000000;0.000000;0.000000;2.000000;-64.452805;-706.525513;1964.906982;0.139816;0.000000;0.000000;0.000000;0.000000;2.000000;-60.604095;-670.399902;2000.929199;0.136261;0.000000;0.000000;0.000000;0.000000;2.000000;-20.179291;-632.487915;2139.467285;0.327853;0.000000;0.000000;0.000000;0.000000;2.000000;93.979477;-415.299164;2291.113037;0.221271;0.000000;0.000000;0.000000;0.000000;1.000000;307.041321;-300.998383;2303.320557;0.159869;0.000000;0.000000;0.000000;0.000000;1.000000;319.759949;-224.631866;2239.222656;0.086093;0.000000;0.000000;0.000000;0.000000;0.000000;262.609985;-135.389297;2200.617676;0.369711;0.000000;0.000000;0.000000;0.000000;0.000000;211.435242;-226.478424;2209.068359;0.259532;0.000000;0.000000;0.000000;0.000000;0.000000;-61.971375;-668.022827;1930.739258;0.119483;0.000000;0.000000;0.000000;0.000000;2.000000;-50.073517;-614.711426;1804.805908;0.165308;0.000000;0.000000;0.000000;0.000000;2.000000;63.693298;-344.079651;1790.912476;0.106023;0.000000;0.000000;0.000000;0.000000;2.000000;203.019089;-193.228699;1924.832520;0.192936;0.000000;0.000000;0.000000;0.000000;2.000000;213.769012;-161.292526;2027.673584;0.171198;0.000000;0.000000;0.000000;0.000000;2.000000;208.187103;-58.017052;2067.588867;0.225450;0.000000;0.000000;0.000000;0.000000;2.000000;194.020569;-109.175934;2033.502563;0.098474;0.000000;0.000000;0.000000;0.000000;2.000000;0.253799;-158.604156;2094.784668;0.035771;0.000000;0.000000;0.000000;0.000000;1.000000;34.450615;257.068665;2120.447998;0.954876;0.000000;0.000000;0.000000;0.000000;1.000000;-3.576660;654.397705;2133.279053;1.388808;0.000000;0.000000;0.000000;0.000000;1.000000;134.738907;792.555176;2137.559570;1.576508;0.000000;0.000000;0.000000;0.000000;1.000000;-0.228867;-142.241241;1914.528442;0.032256;0.000000;0.000000;0.000000;0.000000;2.000000;39.871506;273.236603;1917.054688;0.162211;0.000000;0.000000;0.000000;0.000000;2.000000;-10.285812;673.285645;1934.346924;0.295087;0.000000;0.000000;0.000000;0.000000;2.000000;123.811745;788.281372;1900.269775;0.290414;0.000000;0.000000;0.000000;0.000000;2.000000;-60.102036;-791.649536;1962.686279;0.186228;0.000000;0.000000;0.000000;0.000000;2.000000;63.907784;-768.263550;1852.203003;0.188356;0.000000;0.000000;0.000000;0.000000;2.000000;72.299545;-808.740967;1893.487671;0.208951;0.000000;0.000000;0.000000;0.000000;2.000000;27.818893;-828.055786;2016.604858;0.175558;0.000000;0.000000;0.000000;0.000000;1.000000;39.802322;-816.552490;1850.346558;0.183895;0.000000;0.000000;0.000000;0.000000;2.000000;-80.237564;-870.182007;1887.991943;0.267956;0.000000;0.000000;0.000000;0.000000;2.000000;18613800960.000000
0.000000;-150.000000;2000.000000;0.000000;0.000000;0.000000;0.000000;0.000000;2.000000;-21.628204;-334.846802;1983.908569;0.097248;0.000000;0.000000;0.000000;0.000000;2.000000;-43.574066;-482.006989;1971.084106;0.152723;0.000000;0.000000;0.000000;0.000000;2.000000;-72.431549;-707.408569;1964.989746;0.244992;0.000000;0.000000;0.000000;0.000000;2.000000;-68.386444;-671.341553;2001.276489;0.239465;0.000000;0.000000;0.000000;0.000000;2.000000;-27.412231;-633.541260;2140.187988;0.224142;0.000000;0.000000;0.000000;0.000000;2.000000;90.429825;-417.632446;2292.565918;0.137007;0.000000;0.000000;0.000000;0.000000;1.000000;304.014404;-302.780823;2305.526855;0.126591;0.000000;0.000000;0.000000;0.000000;1.000000;315.024689;-223.038116;2244.818359;0.228932;0.000000;0.000000;0.000000;0.000000;0.000000;257.885498;-131.431564;2210.995850;0.368355;0.000000;0.000000;0.000000;0.000000;0.000000;205.486130;-223.970306;2217.208984;0.317078;0.000000;0.000000;0.000000;0.000000;0.000000;-69.119202;-668.713745;1930.865479;0.219185;0.000000;0.000000;0.000000;0.000000;2.000000;-54.244263;-613.758179;1805.486450;0.132205;0.000000;0.000000;0.000000;0.000000;2.000000;62.207619;-343.209381;1792.741943;0.076669;0.000000;0.000000;0.000000;0.000000;2.000000;197.367752;-189.698456;1929.292358;0.244694;0.000000;0.000000;0.000000;0.000000;2.000000;209.926819;-156.158096;2031.774658;0.232302;0.000000;0.000000;0.000000;0.000000;2.000000;212.874435;-50.833122;2067.347168;0.261880;0.000000;0.000000;0.000000;0.000000;2.000000;194.676651;-108.444107;2039.666870;0.190496;0.000000;0.000000;0.000000;0.000000;2.000000;-0.280151;-158.247269;2095.115967;0.022054;0.000000;0.000000;0.000000;0.000000;1.000000;46.183052;257.635529;2119.438232;0.359785;0.000000;0.000000;0.000000;0.000000;1.000000;26.331490;657.586182;2130.771240;0.921081;0.000000;0.000000;0.000000;0.000000;1.000000;170.769516;790.093506;2138.300537;1.102362;0.000000;0.000000;0.000000;0.000000;1.000000;0.252609;-142.563080;1914.229736;0.019886;0.000000;0.000000;0.000000;0.000000;2.000000;35.485092;274.582947;1923.106934;0.231779;0.000000;0.000000;0.000000;0.000000;2.000000;-15.774246;675.654053;1942.897949;0.318397;0.000000;0.000000;0.000000;0.000000;2.000000;118.765274;791.844604;1911.758911;0.398092;0.000000;0.000000;0.000000;0.000000;2.000000;-69.216919;-792.843750;1962.516846;0.280589;0.000000;0.000000;0.000000;0.000000;2.000000;59.041542;-763.896729;1857.538330;0.257535;0.000000;0.000000;0.000000;0.000000;2.000000;67.127441;-804.468018;1899.050903;0.265973;0.000000;0.000000;0.000000;0.000000;2.000000;17.788712;-826.435791;2020.304932;0.329984;0.000000;0.000000;0.000000;0.000000;1.000000;36.817841;-813.194946;1854.305908;0.182741;0.000000;0.000000;0.000000;0.000000;2.000000;-83.046829;-871.757202;1886.295288;0.111093;0.000000;0.000000;0.000000;0.000000;2.000000;18613833728.000000
0.000000;-150.000000;2000.000000;0.000000;0.000000;0.000000;0.000000;0.000000;2.000000;-24.063492;-333.079590;1982.912720;0.096724;0.000000;0.000000;0.000000;0.000000;2.000000;-47.027649;-478.922852;1969.448364;0.149862;0.000000;0.000000;0.000000;0.000000;2.000000;-76.382690;-702.597778;1963.583008;0.194773;0.000000;0.000000;0.000000;0.000000;2.000000;-71.726868;-666.845581;1999.580933;0.178592;0.000000;0.000000;0.000000;0.000000;2.000000;-28.119858;-631.060242;2137.048096;0.124020;0.000000;0.000000;0.000000;0.000000;2.000000;91.653961;-418.238037;2288.274902;0.137424;0.000000;0.000000;0.000000;0.000000;1.000000;304.936768;-306.307129;2298.479980;0.242118;0.000000;0.000000;0.000000;0.000000;1.000000;313.736145;-223.587570;2242.817139;0.074547;0.000000;0.000000;0.000000;0.000000;0.000000;253.114899;-131.870636;2219.836426;0.306861;0.000000;0.000000;0.000000;0.000000;0.000000;199.063721;-227.321671;2222.250977;0.269352;0.000000;0.000000;0.000000;0.000000;0.000000;-73.497559;-664.154968;1929.703735;0.196126;0.000000;0.000000;0.000000;0.000000;2.000000;-58.786621;-611.209961;1804.536743;0.161566;0.000000;0.000000;0.000000;0.000000;2.000000;61.870575;-344.856995;1791.969360;0.056479;0.000000;0.000000;0.000000;0.000000;2.000000;198.586349;-193.412277;1926.045410;0.155070;0.000000;0.000000;0.000000;0.000000;2.000000;210.502167;-153.503830;2025.442383;0.210270;0.000000;0.000000;0.000000;0.000000;2.000000;213.372604;-51.093109;2066.575439;0.029133;0.000000;0.000000;0.000000;0.000000;2.000000;197.567001;-117.243149;2035.002197;0.316467;0.000000;0.000000;0.000000;0.000000;2.000000;3.664467;-159.278397;2094.252197;0.127187;0.000000;0.000000;0.000000;0.000000;2.000000;63.888863;251.726761;2118.937256;0.569838;0.000000;0.000000;0.000000;0.000000;1.000000;54.436043;649.040161;2133.398926;0.900038;0.000000;0.000000;0.000000;0.000000;1.000000;201.366653;776.819824;2135.175781;1.022289;0.000000;0.000000;0.000000;0.000000;1.000000;-3.304398;-141.633270;1915.008667;0.114689;0.000000;0.000000;0.000000;0.000000;2.000000;29.842499;272.636414;1923.431641;0.182426;0.000000;0.000000;0.000000;0.000000;2.000000;-21.485626;670.422974;1948.584839;0.293231;0.000000;0.000000;0.000000;0.000000;2.000000;111.367508;785.015259;1912.291016;0.307683;0.000000;0.000000;0.000000;0.000000;2.000000;-73.463669;-787.417114;1960.987061;0.215411;0.000000;0.000000;0.000000;0.000000;2.000000;53.521576;-769.959106;1853.897217;0.273775;0.000000;0.000000;0.000000;0.000000;2.000000;62.083832;-804.732178;1899.749756;0.155598;0.000000;0.000000;0.000000;0.000000;2.000000;13.327049;-812.223572;2021.940796;0.457326;0.000000;0.000000;0.000000;0.000000;1.000000;32.152176;-819.226013;1856.766724;0.244518;0.000000;0.000000;0.000000;0.000000;2.000000;-86.034592;-874.670166;1895.565796;0.310252;0.000000;0.000000;0.000000;0.000000;2.000000;18613866496.000000
0.000000;-150.000000;2000.000000;0.000000;0.000000;0.000000;0.000000;0.000000;2.000000;-25.843079;-333.573029;1984.874878;0.082230;0.000000;0.000000;0.000000;0.000000;2.000000;-48.576736;-480.037781;1972.952759;0.121778;0.000000;0.000000;0.000000;0.000000;2.000000;-82.803619;-703.627686;1964.672974;0.201224;0.000000;0.000000;0.000000;0.000000;2.000000;-76.235199;-668.437988;2001.140503;0.153480;0.000000;0.000000;0.000000;0.000000;2.000000;-22.039001;-638.474304;2136.702148;0.292817;0.000000;0.000000;0.000000;0.000000;2.000000;103.846619;-429.477753;2289.925293;0.508570;0.000000;0.000000;0.000000;0.000000;1.000000;314.129913;-310.156036;2293.738770;0.336811;0.000000;0.000000;0.000000;0.000000;1.000000;315.491455;-221.931274;2245.853516;0.118367;0.000000;0.000000;0.000000;0.000000;0.000000;254.401764;-128.084915;2233.536621;0.435539;0.000000;0.000000;0.000000;0.000000;0.000000;200.796448;-227.672119;2231.814941;0.296813;0.000000;0.000000;0.000000;0.000000;0.000000;-80.214417;-664.608887;1931.197144;0.210444;0.000000;0.000000;0.000000;0.000000;2.000000;-66.406418;-607.998169;1807.087646;0.264086;0.000000;0.000000;0.000000;0.000000;2.000000;57.735542;-342.522736;1790.176270;0.154897;0.000000;0.000000;0.000000;0.000000;2.000000;196.484161;-190.015335;1922.279785;0.167537;0.000000;0.000000;0.000000;0.000000;2.000000;207.455231;-149.653625;2021.953247;0.183821;0.000000;0.000000;0.000000;0.000000;2.000000;208.208282;-45.060715;2058.299805;0.350017;0.000000;0.000000;0.000000;0.000000;2.000000;199.315445;-115.000977;2030.113647;0.172586;0.000000;0.000000;0.000000;0.000000;2.000000;6.492981;-158.695297;2094.441406;0.088323;0.000000;0.000000;0.000000;0.000000;2.000000;68.902176;253.290726;2118.401855;0.161097;0.000000;0.000000;0.000000;0.000000;1.000000;72.122543;651.860291;2133.834961;0.546730;0.000000;0.000000;0.000000;0.000000;1.000000;222.432953;776.548889;2136.413574;0.644054;0.000000;0.000000;0.000000;0.000000;1.000000;-5.855011;-142.159058;1914.838013;0.079646;0.000000;0.000000;0.000000;0.000000;2.000000;27.601974;273.273468;1925.936646;0.104390;0.000000;0.000000;0.000000;0.000000;2.000000;-23.951080;672.076965;1953.674072;0.179806;0.000000;0.000000;0.000000;0.000000;2.000000;107.818710;790.633850;1924.138428;0.414549;0.000000;0.000000;0.000000;0.000000;2.000000;-81.712265;-788.691772;1960.701660;0.254864;0.000000;0.000000;0.000000;0.000000;2.000000;49.085884;-768.298035;1858.028687;0.191809;0.000000;0.000000;0.000000;0.000000;2.000000;56.200584;-804.385559;1903.331299;0.210461;0.000000;0.000000;0.000000;0.000000;2.000000;3.315872;-815.171570;2023.975952;0.324487;0.000000;0.000000;0.000000;0.000000;1.000000;27.624229;-817.776794;1858.886841;0.158860;0.000000;0.000000;0.000000;0.000000;2.000000;-92.067001;-874.431213;1892.401001;0.208019;0.000000;0.000000;0.000000;0.000000;2.000000;18613899264.000000
0.000000;-150.000000;2000.000000;0.000000;0.000000;0.000000;0.000000;0.000000;2.000000;-25.646805;-331.842682;1981.867065;0.099827;0.000000;0.000000;0.000000;0.000000;2.000000;-48.189102;-476.928345;1967.505981;0.180486;0.000000;0.000000;0.000000;0.000000;2.000000;-79.529312;-699.129395;1958.919312;0.229888;0.000000;0.000000;0.000000;0.000000;2.000000;-74.951752;-663.988281;1995.175781;0.216897;0.000000;0.000000;0.000000;0.000000;2.000000;-33.424835;-629.736084;2132.893066;0.426509;0.000000;0.000000;0.000000;0.000000;2.000000;93.785393;-423.314972;2284.255859;0.375979;0.000000;0.000000;0.000000;0.000000;1.000000;308.564087;-317.069031;2295.939941;0.262638;0.000000;0.000000;0.000000;0.000000;1.000000;315.693298;-228.007233;2251.921875;0.246717;0.000000;0.000000;0.000000;0.000000;0.000000;257.424744;-132.916183;2244.551758;0.356219;0.000000;0.000000;0.000000;0.000000;0.000000;198.414703;-229.847778;2239.203125;0.231552;0.000000;0.000000;0.000000;0.000000;0.000000;-75.898361;-660.544434;1925.658691;0.233028;0.000000;0.000000;0.000000;0.000000;2.000000;-58.772598;-604.122803;1803.073242;0.271589;0.000000;0.000000;0.000000;0.000000;2.000000;60.105743;-338.312927;1797.030884;0.240868;0.000000;0.000000;0.000000;0.000000;2.000000;195.215118;-186.729462;1930.405884;0.254386;0.000000;0.000000;0.000000;0.000000;2.000000;207.060089;-147.748032;2029.608643;0.226875;0.000000;0.000000;0.000000;0.000000;2.000000;210.457565;-43.933220;2065.386230;0.215988;0.000000;0.000000;0.000000;0.000000;2.000000;202.989410;-116.577286;2037.965332;0.253070;0.000000;0.000000;0.000000;0.000000;2.000000;4.799446;-160.016312;2093.658447;0.065662;0.000000;0.000000;0.000000;0.000000;2.000000;82.538605;245.691818;2122.433594;0.463091;0.000000;0.000000;0.000000;0.000000;1.000000;90.019791;640.912964;2141.304688;0.639648;0.000000;0.000000;0.000000;0.000000;1.000000;241.631195;761.493164;2146.148926;0.754490;0.000000;0.000000;0.000000;0.000000;1.000000;-4.327866;-140.967865;1915.543945;0.059209;0.000000;0.000000;0.000000;0.000000;2.000000;29.370216;271.057648;1929.719482;0.135777;0.000000;0.000000;0.000000;0.000000;2.000000;-21.849106;666.454712;1960.734009;0.266161;0.000000;0.000000;0.000000;0.000000;2.000000;108.761536;783.676147;1929.347534;0.251109;0.000000;0.000000;0.000000;0.000000;2.000000;-77.429245;-783.525635;1955.450317;0.244748;0.000000;0.000000;0.000000;0.000000;2.000000;57.751747;-775.883667;1859.047729;0.332086;0.000000;0.000000;0.000000;0.000000;2.000000;61.241364;-808.321899;1906.875122;0.210014;0.000000;0.000000;0.000000;0.000000;2.000000;2.736137;-807.833862;2024.226318;0.211536;0.000000;0.000000;0.000000;0.000000;1.000000;34.527092;-823.970459;1862.533936;0.286235;0.000000;0.000000;0.000000;0.000000;2.000000;-87.794739;-873.170166;1893.889160;0.134895;0.000000;0.000000;0.000000;0.000000;2.000000;18613934080.000000
0.000000;-150.000000;2000.000000;0.000000;0.000000;0.000000;0.000000;0.000000;2.000000;-24.969757;-331.972412;1980.515503;0.046302;0.000000;0.000000;0.000000;0.000000;2.000000;-51.467499;-476.468933;1965.561035;0.117172;0.000000;0.000000;0.000000;0.000000;2.000000;-80.494339;-699.295105;1960.116943;0.047209;0.000000;0.000000;0.000000;0.000000;2.000000;-76.141739;-663.583435;1995.907104;0.044380;0.000000;0.000000;0.000000;0.000000;2.000000;-39.953995;-623.918152;2133.826660;0.268398;0.000000;0.000000;0.000000;0.000000;2.000000;79.876442;-412.050293;2284.187500;0.546219;0.000000;0.000000;0.000000;0.000000;1.000000;296.675385;-309.590759;2296.940918;0.429711;0.000000;0.000000;0.000000;0.000000;1.000000;317.267334;-221.286804;2255.499512;0.237256;0.000000;0.000000;0.000000;0.000000;0.000000;251.434662;-130.921539;2251.573242;0.288162;0.000000;0.000000;0.000000;0.000000;0.000000;186.528854;-225.637726;2244.720215;0.420031;0.000000;0.000000;0.000000;0.000000;0.000000;-77.407303;-661.094360;1926.289185;0.052654;0.000000;0.000000;0.000000;0.000000;2.000000;-61.784012;-605.557800;1802.959717;0.101861;0.000000;0.000000;0.000000;0.000000;2.000000;56.566185;-339.257996;1795.219116;0.124727;0.000000;0.000000;0.000000;0.000000;2.000000;191.818665;-186.371490;1927.370483;0.139441;0.000000;0.000000;0.000000;0.000000;2.000000;203.478317;-151.262878;2028.137573;0.159591;0.000000;0.000000;0.000000;0.000000;2.000000;204.016678;-45.708473;2058.954346;0.283018;0.000000;0.000000;0.000000;0.000000;2.000000;204.074539;-117.080063;2034.081421;0.124020;0.000000;0.000000;0.000000;0.000000;2.000000;7.247810;-161.003647;2093.479004;0.080751;0.000000;0.000000;0.000000;0.000000;1.000000;91.677353;243.731384;2122.681396;0.285338;0.000000;0.000000;0.000000;0.000000;1.000000;104.418671;639.007385;2145.035156;0.457637;0.000000;0.000000;0.000000;0.000000;1.000000;258.778564;756.445984;2145.797363;0.545599;0.000000;0.000000;0.000000;0.000000;1.000000;-6.535660;-140.077530;1915.705933;0.072817;0.000000;0.000000;0.000000;0.000000;2.000000;25.926575;272.327667;1932.739258;0.145049;0.000000;0.000000;0.000000;0.000000;2.000000;-25.683395;667.498657;1970.154663;0.312027;0.000000;0.000000;0.000000;0.000000;2.000000;104.966148;783.565430;1934.046143;0.184358;0.000000;0.000000;0.000000;0.000000;2.000000;-77.504257;-783.782593;1957.782715;0.071646;0.000000;0.000000;0.000000;0.000000;2.000000;57.846962;-772.685242;1861.686768;0.126578;0.000000;0.000000;0.000000;0.000000;2.000000;61.454620;-806.515869;1908.597534;0.076440;0.000000;0.000000;0.000000;0.000000;2.000000;2.793274;-809.723633;2025.965210;0.078391;0.000000;0.000000;0.000000;0.000000;1.000000;34.828339;-821.008240;1863.751709;0.098172;0.000000;0.000000;0.000000;0.000000;2.000000;-87.397385;-871.728699;1893.569580;0.046661;0.000000;0.000000;0.000000;0.000000;2.000000;18613966848.000000
0.000000;-150.000000;2000.000000;0.000000;0.000000;0.000000;0.000000;0.000000;2.000000;-22.975708;-331.134949;1979.426270;0.073900;0.000000;0.000000;0.000000;0.000000;2.000000;-48.422256;-474.895081;1963.211792;0.126820;0.000000;0.000000;0.000000;0.000000;2.000000;-76.340805;-696.704895;1959.044434;0.152927;0.000000;0.000000;0.000000;0.000000;2.000000;-75.117584;-660.587341;1994.291382;0.108481;0.000000;0.000000;0.000000;0.000000;2.000000;-56.341858;-616.293945;2133.437500;0.551720;0.000000;0.000000;0.000000;0.000000;2.000000;55.532013;-398.466736;2278.479004;0.868412;0.000000;0.000000;0.000000;0.000000;1.000000;271.502502;-299.833679;2304.725342;0.857469;0.000000;0.000000;0.000000;0.000000;1.000000;325.562927;-224.113098;2270.386719;0.527198;0.000000;0.000000;0.000000;0.000000;0.000000;256.781525;-137.859116;2255.758301;0.296246;0.000000;0.000000;0.000000;0.000000;0.000000;176.470795;-219.856155;2248.406250;0.371486;0.000000;0.000000;0.000000;0.000000;0.000000;-70.485931;-659.251648;1925.149780;0.221330;0.000000;0.000000;0.000000;0.000000;2.000000;-43.970444;-608.088074;1802.576294;0.549208;0.000000;0.000000;0.000000;0.000000;2.000000;67.299957;-340.442810;1793.617065;0.333165;0.000000;0.000000;0.000000;0.000000;2.000000;204.280945;-190.289658;1924.783447;0.406415;0.000000;0.000000;0.000000;0.000000;2.000000;219.741364;-151.735535;2023.154419;0.519285;0.000000;0.000000;0.000000;0.000000;2.000000;223.538925;-48.462646;2059.012207;0.601674;0.000000;0.000000;0.000000;0.000000;2.000000;209.462982;-118.515244;2033.754883;0.170467;0.000000;0.000000;0.000000;0.000000;2.000000;1.475044;-160.781616;2093.276367;0.176410;0.000000;0.000000;0.000000;0.000000;2.000000;98.772324;238.170944;2130.271973;0.359634;0.000000;0.000000;0.000000;0.000000;1.000000;113.776390;631.199402;2154.168701;0.464783;0.000000;0.000000;0.000000;0.000000;1.000000;268.593567;745.910461;2164.157227;0.712058;0.000000;0.000000;0.000000;0.000000;1.000000;-1.330124;-140.277756;1915.888550;0.159075;0.000000;0.000000;0.000000;0.000000;2.000000;29.826912;269.876953;1936.751099;0.186416;0.000000;0.000000;0.000000;0.000000;2.000000;-21.507446;663.007751;1973.688110;0.215990;0.000000;0.000000;0.000000;0.000000;2.000000;107.785545;781.108032;1944.569214;0.340818;0.000000;0.000000;0.000000;0.000000;2.000000;-73.031342;-780.767273;1958.380127;0.165629;0.000000;0.000000;0.000000;0.000000;2.000000;60.635513;-771.865601;1861.207153;0.089899;0.000000;0.000000;0.000000;0.000000;2.000000;65.793434;-801.575500;1910.337769;0.207567;0.000000;0.000000;0.000000;0.000000;2.000000;8.123360;-797.926147;2027.417603;0.397549;0.000000;0.000000;0.000000;0.000000;1.000000;39.722427;-820.508118;1867.193604;0.183230;0.000000;0.000000;0.000000;0.000000;2.000000;-79.579346;-873.328064;1901.630249;0.346148;0.000000;0.000000;0.000000;0.000000;2.000000;18613999616.000000
0.000000;-150.000000;2000.000000;0.000000;0.000000;0.000000;0.000000;0.000000;2.000000;-23.007706;-331.368652;1978.991333;0.015100;0.000000;0.000000;0.000000;0.000000;2.000000;-50.092331;-475.033539;1962.532227;0.055186;0.000000;0.000000;0.000000;0.000000;2.000000;-72.743484;-697.789612;1958.347290;0.116621;0.000000;0.000000;0.000000;0.000000;2.000000;-72.593796;-661.577271;1993.629517;0.085163;0.000000;0.000000;0.000000;0.000000;2.000000;-58.137680;-615.238647;2132.866211;0.065914;0.000000;0.000000;0.000000;0.000000;2.000000;36.676422;-391.395416;2281.715576;0.622448;0.000000;0.000000;0.000000;0.000000;1.000000;251.853516;-290.200256;2308.083008;0.675645;0.000000;0.000000;0.000000;0.000000;1.000000;318.819519;-225.896240;2272.781006;0.225057;0.000000;0.000000;0.000000;0.000000;0.000000;254.286377;-135.967819;2259.695313;0.153509;0.000000;0.000000;0.000000;0.000000;0.000000;170.180649;-204.354218;2239.500488;0.578377;0.000000;0.000000;0.000000;0.000000;1.000000;-67.564728;-660.169189;1924.409790;0.096132;0.000000;0.000000;0.000000;0.000000;2.000000;-41.572952;-606.497131;1802.567871;0.087810;0.000000;0.000000;0.000000;0.000000;2.000000;68.564651;-338.222137;1786.650024;0.226469;0.000000;0.000000;0.000000;0.000000;2.000000;203.957855;-190.560577;1922.884644;0.059358;0.000000;0.000000;0.000000;0.000000;2.000000;222.934921;-154.674408;2021.826904;0.138504;0.000000;0.000000;0.000000;0.000000;2.000000;228.615967;-52.348602;2060.551758;0.200692;0.000000;0.000000;0.000000;0.000000;2.000000;214.662994;-115.549561;2030.377319;0.209759;0.000000;0.000000;0.000000;0.000000;2.000000;1.921043;-161.060547;2093.381836;0.016373;0.000000;0.000000;0.000000;0.000000;2.000000;104.248352;237.142181;2131.949707;0.177580;0.000000;0.000000;0.000000;0.000000;1.000000;118.184540;630.635742;2158.703369;0.193763;0.000000;0.000000;0.000000;0.000000;1.000000;272.926331;745.905579;2169.172852;0.202268;0.000000;0.000000;0.000000;0.000000;1.000000;-1.732285;-140.026245;1915.793701;0.014762;0.000000;0.000000;0.000000;0.000000;2.000000;31.582047;270.593506;1936.734131;0.057857;0.000000;0.000000;0.000000;0.000000;2.000000;-21.465668;663.633484;1978.527222;0.148913;0.000000;0.000000;0.000000;0.000000;2.000000;107.388931;783.014526;1951.062622;0.206882;0.000000;0.000000;0.000000;0.000000;2.000000;-67.426132;-781.879639;1957.762695;0.175408;0.000000;0.000000;0.000000;0.000000;2.000000;70.365776;-771.642151;1866.210083;0.333965;0.000000;0.000000;0.000000;0.000000;2.000000;73.333618;-802.574402;1914.869751;0.270199;0.000000;0.000000;0.000000;0.000000;2.000000;10.852585;-801.249268;2029.734131;0.149062;0.000000;0.000000;0.000000;0.000000;1.000000;48.895149;-820.337036;1870.195679;0.294586;0.000000;0.000000;0.000000;0.000000;2.000000;-72.222275;-873.182434;1898.531860;0.243659;0.000000;0.000000;0.000000;0.000000;2.000000;18614032384.000000
0.000000;-150.000000;2000.000000;0.000000;0.000000;0.000000;0.000000;0.000000;2.000000;-23.258942;-335.279236;1987.811768;0.277221;0.000000;0.000000;0.000000;0.000000;2.000000;-47.124985;-482.645203;1978.094360;0.504831;0.000000;0.000000;0.000000;0.000000;2.000000;-61.860001;-709.816101;1983.924927;0.869916;0.000000;0.000000;0.000000;0.000000;2.000000;-64.100510;-671.391296;2018.008911;0.793283;0.000000;0.000000;0.000000;0.000000;2.000000;-55.997070;-619.190125;2158.338867;0.742936;0.000000;0.000000;0.000000;0.000000;2.000000;14.447647;-373.598267;2295.230469;0.905330;0.000000;0.000000;0.000000;0.000000;1.000000;240.162323;-283.369629;2305.060547;0.398483;0.000000;0.000000;0.000000;0.000000;1.000000;313.075256;-221.245117;2273.034180;0.212417;0.000000;0.000000;0.000000;0.000000;0.000000;247.924133;-129.042633;2263.047363;0.286754;0.000000;0.000000;0.000000;0.000000;0.000000;163.952698;-191.060410;2233.902588;0.451271;0.000000;0.000000;0.000000;0.000000;1.000000;-56.947922;-673.029602;1947.803467;0.825174;0.000000;0.000000;0.000000;0.000000;1.000000;-14.968002;-628.823853;1824.063477;1.173186;0.000000;0.000000;0.000000;0.000000;1.000000;57.132339;-356.829224;1734.360229;1.627612;0.000000;0.000000;0.000000;0.000000;1.000000;241.843353;-229.920273;1836.677368;2.931403;0.000000;0.000000;0.000000;0.000000;1.000000;266.292236;-185.292160;1932.788696;2.977326;0.000000;0.000000;0.000000;0.000000;1.000000;234.428040;-99.597977;1996.445313;2.293467;0.000000;0.000000;0.000000;0.000000;1.000000;202.407379;-152.517715;1952.882202;2.491137;0.000000;0.000000;0.000000;0.000000;1.000000;-0.415306;-156.226013;2095.437500;0.165140;0.000000;0.000000;0.000000;0.000000;2.000000;122.466095;242.521912;2142.637207;0.626024;0.000000;0.000000;0.000000;0.000000;1.000000;107.241333;643.126465;2160.865234;0.481000;0.000000;0.000000;0.000000;0.000000;1.000000;265.851715;757.770081;2178.536133;0.479318;0.000000;0.000000;0.000000;0.000000;1.000000;0.374496;-144.385712;1913.939819;0.148915;0.000000;0.000000;0.000000;0.000000;2.000000;34.847397;273.064636;1936.190063;0.118652;0.000000;0.000000;0.000000;0.000000;2.000000;-28.416595;671.092163;1981.201050;0.302741;0.000000;0.000000;0.000000;0.000000;2.000000;107.568428;787.971558;1958.119507;0.247753;0.000000;0.000000;0.000000;0.000000;2.000000;-53.365784;-794.999634;1987.532227;1.017947;0.000000;0.000000;0.000000;0.000000;2.000000;60.367382;-762.315979;1867.511963;0.394492;0.000000;0.000000;0.000000;0.000000;2.000000;72.237808;-806.488892;1904.317749;0.324791;0.000000;0.000000;0.000000;0.000000;2.000000;39.312538;-836.478699;2029.609375;1.300811;0.000000;0.000000;0.000000;0.000000;1.000000;35.506851;-810.410217;1863.784302;0.512914;0.000000;0.000000;0.000000;0.000000;2.000000;-81.591171;-866.989075;1908.208740;0.425805;0.000000;0.000000;0.000000;0.000000;2.000000;18614067200.000000
0.000000;-150.000000;2000.000000;0.000000;0.000000;0.000000;0.000000;0.000000;2.000000;-21.495880;-335.330444;1988.159424;0.054863;0.000000;0.000000;0.000000;0.000000;2.000000;-42.919754;-482.936127;1978.635864;0.129697;0.000000;0.000000;0.000000;0.000000;2.000000;-55.736038;-710.035278;1982.920654;0.189503;0.000000;0.000000;0.000000;0.000000;2.000000;-59.056671;-671.859131;2017.119995;0.156949;0.000000;0.000000;0.000000;0.000000;2.000000;-59.595413;-618.210938;2156.979980;0.121126;0.000000;0.000000;0.000000;0.000000;2.000000;-3.798584;-371.321075;2297.640625;0.565950;0.000000;0.000000;0.000000;0.000000;1.000000;222.370712;-283.590607;2312.484863;0.588373;0.000000;0.000000;0.000000;0.000000;1.000000;304.142456;-230.694366;2286.085449;0.562235;0.000000;0.000000;0.000000;0.000000;0.000000;250.117279;-132.446259;2270.298340;0.253445;0.000000;0.000000;0.000000;0.000000;0.000000;163.119720;-184.911392;2234.334229;0.189825;0.000000;0.000000;0.000000;0.000000;1.000000;-50.373978;-673.042725;1947.147583;0.201617;0.000000;0.000000;0.000000;0.000000;1.000000;-6.269592;-629.714355;1823.987549;0.266852;0.000000;0.000000;0.000000;0.000000;1.000000;68.062790;-365.866516;1714.831055;0.736566;0.000000;0.000000;0.000000;0.000000;1.000000;270.303284;-258.785126;1805.422729;1.562071;0.000000;0.000000;0.000000;0.000000;1.000000;276.135803;-201.748611;1897.707886;1.220083;0.000000;0.000000;0.000000;0.000000;1.000000;251.852219;-122.794266;1972.295532;1.151965;0.000000;0.000000;0.000000;0.000000;1.000000;212.337585;-187.719131;1917.334351;1.556516;0.000000;0.000000;0.000000;0.000000;1.000000;-2.064507;-155.852127;2095.346191;0.051682;0.000000;0.000000;0.000000;0.000000;2.000000;127.110336;239.576660;2149.510254;0.268628;0.000000;0.000000;0.000000;0.000000;1.000000;98.737595;639.055420;2168.105957;0.362781;0.000000;0.000000;0.000000;0.000000;1.000000;256.374481;754.160645;2189.053467;0.445870;0.000000;0.000000;0.000000;0.000000;1.000000;1.861664;-144.722885;1914.022095;0.046604;0.000000;0.000000;0.000000;0.000000;2.000000;39.139648;271.868286;1939.855591;0.176081;0.000000;0.000000;0.000000;0.000000;2.000000;-27.177078;668.647949;1987.831421;0.218946;0.000000;0.000000;0.000000;0.000000;2.000000;109.563156;783.690063;1961.579590;0.178684;0.000000;0.000000;0.000000;0.000000;2.000000;-46.570740;-795.076416;1986.251465;0.211033;0.000000;0.000000;0.000000;0.000000;2.000000;80.394409;-774.418091;1877.595825;0.777586;0.000000;0.000000;0.000000;0.000000;2.000000;84.626266;-818.970947;1915.506714;0.636106;0.000000;0.000000;0.000000;0.000000;2.000000;37.435509;-844.219971;2037.089966;0.333480;0.000000;0.000000;0.000000;0.000000;1.000000;51.721100;-820.052612;1871.714966;0.624510;0.000000;0.000000;0.000000;0.000000;2.000000;-73.623276;-865.139160;1904.968872;0.268496;0.000000;0.000000;0.000000;0.000000;2.000000;18614099968.000000
0.000000;-150.000000;2000.000000;0.000000;0.000000;0.000000;0.000000;0.000000;2.000000;-23.107658;-330.498474;1979.548950;0.305307;0.000000;0.000000;0.000000;0.000000;2.000000;-48.031441;-473.853760;1963.453613;0.561987;0.000000;0.000000;0.000000;0.000000;2.000000;-63.919594;-696.109863;1960.826904;0.835213;0.000000;0.000000;0.000000;0.000000;2.000000;-64.609093;-659.863342;1995.708862;0.767907;0.000000;0.000000;0.000000;0.000000;2.000000;-54.154106;-612.560303;2134.208496;0.735010;0.000000;0.000000;0.000000;0.000000;2.000000;28.760689;-379.482666;2272.958984;1.271489;0.000000;0.000000;0.000000;0.000000;1.000000;226.009491;-251.910202;2311.579590;0.973558;0.000000;0.000000;0.000000;0.000000;1.000000;309.281891;-220.801453;2268.376465;0.638607;0.000000;0.000000;0.000000;0.000000;0.000000;245.013947;-131.351593;2281.374023;0.373654;0.000000;0.000000;0.000000;0.000000;0.000000;163.105103;-174.373169;2220.971436;0.519354;0.000000;0.000000;0.000000;0.000000;1.000000;-60.131752;-658.754700;1926.789185;0.815354;0.000000;0.000000;0.000000;0.000000;2.000000;-41.093681;-607.955566;1803.186890;1.404747;0.000000;0.000000;0.000000;0.000000;2.000000;62.179066;-338.166077;1794.639771;2.584348;0.000000;0.000000;0.000000;0.000000;2.000000;216.048416;-199.546310;1918.033691;4.221372;0.000000;0.000000;0.000000;0.000000;2.000000;206.589554;-139.483383;2005.371582;4.348633;0.000000;0.000000;0.000000;0.000000;2.000000;226.449326;-71.076614;2087.896729;3.941810;0.000000;0.000000;0.000000;0.000000;2.000000;177.264557;-114.905701;1970.205322;2.947318;0.000000;0.000000;0.000000;0.000000;2.000000;2.080788;-160.796936;2092.941895;0.210140;0.000000;0.000000;0.000000;0.000000;2.000000;111.051369;232.191956;2143.242188;0.572327;0.000000;0.000000;0.000000;0.000000;1.000000;107.038788;623.602661;2174.792236;0.572889;0.000000;0.000000;0.000000;0.000000;1.000000;253.417572;747.205505;2191.215820;0.239894;0.000000;0.000000;0.000000;0.000000;1.000000;-1.876335;-140.263931;1916.190308;0.189494;0.000000;0.000000;0.000000;0.000000;2.000000;33.192635;267.698181;1944.806152;0.268251;0.000000;0.000000;0.000000;0.000000;2.000000;-26.901421;656.845032;1994.090698;0.407799;0.000000;0.000000;0.000000;0.000000;2.000000;96.455093;781.917664;1973.151367;0.536336;0.000000;0.000000;0.000000;0.000000;2.000000;-56.117302;-779.590210;1960.726440;0.956562;0.000000;0.000000;0.000000;0.000000;2.000000;83.233780;-780.049866;1872.500244;0.247444;0.000000;0.000000;0.000000;0.000000;2.000000;82.733765;-811.101074;1920.833618;0.295709;0.000000;0.000000;0.000000;0.000000;2.000000;18.499512;-805.176331;2033.838135;1.327971;0.000000;0.000000;0.000000;0.000000;1.000000;58.021481;-826.669373;1875.813599;0.305595;0.000000;0.000000;0.000000;0.000000;2.000000;-66.843498;-869.614197;1901.301880;0.271997;0.000000;0.000000;0.000000;0.000000;2.000000;18614132736.000000
0.000000;-150.000000;2000.000000;0.000000;0.000000;0.000000;0.000000;0.000000;2.000000;-24.039261;-330.164795;1978.968628;0.032950;0.000000;0.000000;0.000000;0.000000;2.000000;-48.800003;-473.388367;1962.493042;0.037778;0.000000;0.000000;0.000000;0.000000;2.000000;-65.066162;-695.441467;1959.776245;0.048619;0.000000;0.000000;0.000000;0.000000;2.000000;-65.095291;-659.280884;1994.697510;0.036314;0.000000;0.000000;0.000000;0.000000;2.000000;-50.710480;-612.008789;2132.732910;0.108767;0.000000;0.000000;0.000000;0.000000;2.000000;33.757927;-376.120605;2265.201660;0.282083;0.000000;0.000000;0.000000;0.000000;1.000000;226.285187;-240.528336;2298.859619;0.490322;0.000000;0.000000;0.000000;0.000000;1.000000;310.006134;-213.229691;2254.150879;0.463334;0.000000;0.000000;0.000000;0.000000;1.000000;242.984436;-131.271439;2286.896973;0.169019;0.000000;0.000000;0.000000;0.000000;0.000000;161.851547;-166.803345;2209.282715;0.401601;0.000000;0.000000;0.000000;0.000000;1.000000;-61.811935;-658.064270;1925.766602;0.059874;0.000000;0.000000;0.000000;0.000000;2.000000;-42.998901;-606.985840;1802.359985;0.065836;0.000000;0.000000;0.000000;0.000000;2.000000;60.296303;-337.392029;1795.766846;0.066833;0.000000;0.000000;0.000000;0.000000;2.000000;210.231812;-193.626038;1917.738892;0.238534;0.000000;0.000000;0.000000;0.000000;2.000000;209.669098;-138.189117;2008.478516;0.131031;0.000000;0.000000;0.000000;0.000000;2.000000;237.980560;-74.424706;2092.134277;0.365730;0.000000;0.000000;0.000000;0.000000;2.000000;175.563812;-111.389023;1975.053955;0.178839;0.000000;0.000000;0.000000;0.000000;2.000000;3.997505;-161.359100;2092.738281;0.057669;0.000000;0.000000;0.000000;0.000000;1.000000;110.409752;232.211136;2141.320801;0.058185;0.000000;0.000000;0.000000;0.000000;1.000000;111.206772;623.114197;2175.486328;0.122171;0.000000;0.000000;0.000000;0.000000;1.000000;257.997437;746.397095;2188.533447;0.154204;0.000000;0.000000;0.000000;0.000000;1.000000;-3.604729;-139.757004;1916.373779;0.052003;0.000000;0.000000;0.000000;0.000000;2.000000;30.137856;268.035614;1944.396362;0.089056;0.000000;0.000000;0.000000;0.000000;2.000000;-29.419083;656.442200;1997.526978;0.122900;0.000000;0.000000;0.000000;0.000000;2.000000;91.626442;783.615295;1976.922607;0.182608;0.000000;0.000000;0.000000;0.000000;2.000000;-57.403366;-778.868225;1959.402832;0.056919;0.000000;0.000000;0.000000;0.000000;2.000000;79.336456;-779.859436;1867.416260;0.184075;0.000000;0.000000;0.000000;0.000000;2.000000;79.218048;-812.727356;1914.480713;0.213716;0.000000;0.000000;0.000000;0.000000;2.000000;18.305634;-809.400024;2029.299438;0.178165;0.000000;0.000000;0.000000;0.000000;1.000000;52.870224;-825.796265;1869.643555;0.232221;0.000000;0.000000;0.000000;0.000000;2.000000;-72.384323;-866.083252;1896.941772;0.226487;0.000000;0.000000;0.000000;0.000000;2.000000;18614167552.000000
0.000000;-150.000000;2000.000000;0.000000;0.000000;0.000000;0.000000;0.000000;2.000000;-23.762291;-330.200775;1979.627075;0.021827;0.000000;0.000000;0.000000;0.000000;2.000000;-46.763252;-473.714142;1963.664307;0.072387;0.000000;0.000000;0.000000;0.000000;2.000000;-66.428215;-695.407166;1961.591187;0.069258;0.000000;0.000000;0.000000;0.000000;2.000000;-64.776100;-659.264893;1996.462402;0.054736;0.000000;0.000000;0.000000;0.000000;2.000000;-41.149544;-614.441895;2133.977539;0.303463;0.000000;0.000000;0.000000;0.000000;2.000000;45.459473;-379.226288;2266.009766;0.370288;0.000000;0.000000;0.000000;0.000000;1.000000;234.172089;-237.181122;2293.379395;0.310380;0.000000;0.000000;0.000000;0.000000;1.000000;314.801422;-204.839920;2246.494141;0.376257;0.000000;0.000000;0.000000;0.000000;1.000000;242.737656;-134.180420;2292.159668;0.183662;0.000000;0.000000;0.000000;0.000000;0.000000;162.372070;-166.477448;2208.861816;0.022721;0.000000;0.000000;0.000000;0.000000;1.000000;-63.726982;-658.098633;1927.488647;0.078603;0.000000;0.000000;0.000000;0.000000;2.000000;-47.490456;-607.359375;1803.637695;0.142965;0.000000;0.000000;0.000000;0.000000;2.000000;58.713493;-339.063354;1795.661011;0.070322;0.000000;0.000000;0.000000;0.000000;2.000000;206.635468;-197.721603;1922.627197;0.223431;0.000000;0.000000;0.000000;0.000000;2.000000;208.981323;-138.772522;2011.043579;0.082977;0.000000;0.000000;0.000000;0.000000;2.000000;240.377197;-72.720268;2091.711914;0.090670;0.000000;0.000000;0.000000;0.000000;2.000000;174.098724;-112.204910;1975.542847;0.053307;0.000000;0.000000;0.000000;0.000000;2.000000;5.962173;-161.256027;2092.606445;0.060174;0.000000;0.000000;0.000000;0.000000;1.000000;108.786758;233.475693;2137.957520;0.120322;0.000000;0.000000;0.000000;0.000000;1.000000;115.102898;624.298584;2170.578125;0.194627;0.000000;0.000000;0.000000;0.000000;1.000000;264.663269;744.341309;2180.947021;0.314514;0.000000;0.000000;0.000000;0.000000;1.000000;-5.376358;-139.849960;1916.492676;0.054262;0.000000;0.000000;0.000000;0.000000;2.000000;28.402336;267.483093;1948.417114;0.134706;0.000000;0.000000;0.000000;0.000000;2.000000;-31.722603;655.476990;2002.694214;0.175146;0.000000;0.000000;0.000000;0.000000;2.000000;90.606842;780.375793;1977.010132;0.103677;0.000000;0.000000;0.000000;0.000000;2.000000;-60.035805;-778.905151;1961.009644;0.094126;0.000000;0.000000;0.000000;0.000000;2.000000;75.130363;-770.700317;1867.197021;0.307651;0.000000;0.000000;0.000000;0.000000;2.000000;79.070740;-800.252380;1916.225952;0.384440;0.000000;0.000000;0.000000;0.000000;2.000000;19.156281;-796.270569;2031.487427;0.407033;0.000000;0.000000;0.000000;0.000000;1.000000;53.980087;-819.024719;1872.739380;0.229734;0.000000;0.000000;0.000000;0.000000;2.000000;-65.718254;-871.062561;1904.464233;0.342311;0.000000;0.000000;0.000000;0.000000;2.000000;18614200320.000000
0.000000;-150.000000;2000.000000;0.000000;0.000000;0.000000;0.000000;0.000000;2.000000;-21.857079;-333.683960;1988.502563;0.296722;0.000000;0.000000;0.000000;0.000000;2.000000;-43.073830;-480.049500;1979.522339;0.533164;0.000000;0.000000;0.000000;0.000000;2.000000;-54.756233;-705.276672;1977.404419;0.671179;0.000000;0.000000;0.000000;0.000000;2.000000;-56.335945;-668.518066;2012.604980;0.623515;0.000000;0.000000;0.000000;0.000000;2.000000;-45.700996;-620.612549;2152.769043;0.619374;0.000000;0.000000;0.000000;0.000000;2.000000;16.433479;-372.440674;2283.014893;1.047303;0.000000;0.000000;0.000000;0.000000;1.000000;226.742188;-254.983841;2288.463867;0.607524;0.000000;0.000000;0.000000;0.000000;1.000000;306.616547;-209.073273;2249.488281;0.295687;0.000000;0.000000;0.000000;0.000000;1.000000;241.791687;-128.322098;2292.819092;0.182212;0.000000;0.000000;0.000000;0.000000;0.000000;162.352249;-162.730011;2206.239258;0.139587;0.000000;0.000000;0.000000;0.000000;1.000000;-51.496605;-667.492432;1942.869019;0.664682;0.000000;0.000000;0.000000;0.000000;1.000000;-16.089287;-618.346680;1820.411133;1.137001;0.000000;0.000000;0.000000;0.000000;1.000000;47.655197;-343.996643;1741.477905;1.694325;0.000000;0.000000;0.000000;0.000000;1.000000;239.737579;-225.678360;1834.428711;2.998855;0.000000;0.000000;0.000000;0.000000;1.000000;241.268524;-170.566635;1926.957031;2.915008;0.000000;0.000000;0.000000;0.000000;1.000000;245.656708;-109.980652;2019.066895;2.496761;0.000000;0.000000;0.000000;0.000000;1.000000;182.208893;-148.349472;1936.117554;1.650930;0.000000;0.000000;0.000000;0.000000;1.000000;4.502754;-156.444473;2094.397461;0.162887;0.000000;0.000000;0.000000;0.000000;1.000000;125.497429;237.973587;2146.910645;0.594612;0.000000;0.000000;0.000000;0.000000;1.000000;98.733551;633.665283;2173.116943;0.580746;0.000000;0.000000;0.000000;0.000000;1.000000;250.892151;754.029297;2188.484131;0.562972;0.000000;0.000000;0.000000;0.000000;1.000000;-4.060333;-144.188736;1914.877686;0.146881;0.000000;0.000000;0.000000;0.000000;2.000000;29.321388;268.839783;1944.608154;0.126541;0.000000;0.000000;0.000000;0.000000;2.000000;-33.587837;661.822327;1998.675537;0.236176;0.000000;0.000000;0.000000;0.000000;2.000000;94.461723;785.207947;1977.674194;0.189727;0.000000;0.000000;0.000000;0.000000;2.000000;-45.214394;-789.598816;1977.571167;0.752685;0.000000;0.000000;0.000000;0.000000;2.000000;80.850632;-764.706238;1871.014893;0.278408;0.000000;0.000000;0.000000;0.000000;2.000000;87.409241;-806.945007;1910.434570;0.371089;0.000000;0.000000;0.000000;0.000000;2.000000;40.314590;-830.357178;2031.174194;1.224386;0.000000;0.000000;0.000000;0.000000;1.000000;55.721085;-812.012939;1866.613525;0.289068;0.000000;0.000000;0.000000;0.000000;2.000000;-65.734062;-863.907776;1899.504639;0.265676;0.000000;0.000000;0.000000;0.000000;2.000000;18614233088.000000
0.000000;-150.000000;2000.000000;0.000000;0.000000;0.000000;0.000000;0.000000;2.000000;-22.968849;-331.064575;1980.989380;0.245178;0.000000;0.000000;0.000000;0.000000;2.000000;-48.240990;-474.821533;1966.270020;0.462475;0.000000;0.000000;0.000000;0.000000;2.000000;-58.598640;-697.812195;1960.398926;0.578764;0.000000;0.000000;0.000000;0.000000;2.000000;-60.467293;-662.015991;1995.851074;0.562748;0.000000;0.000000;0.000000;0.000000;2.000000;-48.992393;-616.799683;2135.291504;0.555081;0.000000;0.000000;0.000000;0.000000;2.000000;29.002983;-373.055481;2258.970703;0.828199;0.000000;0.000000;0.000000;0.000000;1.000000;226.972000;-241.896500;2281.730469;0.449210;0.000000;0.000000;0.000000;0.000000;1.000000;310.941986;-200.638229;2249.226074;0.289400;0.000000;0.000000;0.000000;0.000000;1.000000;242.452454;-130.381866;2301.434082;0.271070;0.000000;0.000000;0.000000;0.000000;0.000000;160.921234;-157.465210;2205.467285;0.168157;0.000000;0.000000;0.000000;0.000000;1.000000;-55.466698;-659.816711;1926.847534;0.555526;0.000000;0.000000;0.000000;0.000000;2.000000;-30.128044;-605.908203;1805.401245;0.733120;0.000000;0.000000;0.000000;0.000000;2.000000;47.423386;-326.974304;1797.745117;1.794011;0.000000;0.000000;0.000000;0.000000;2.000000;214.188385;-197.370453;1915.025635;2.721026;0.000000;0.000000;0.000000;0.000000;2.000000;212.696121;-140.907898;2005.482422;2.705975;0.000000;0.000000;0.000000;0.000000;2.000000;228.800446;-76.614326;2092.323730;2.509876;0.000000;0.000000;0.000000;0.000000;2.000000;178.222977;-115.113907;1977.048950;1.613647;0.000000;0.000000;0.000000;0.000000;2.000000;4.949974;-160.400421;2093.077148;0.128002;0.000000;0.000000;0.000000;0.000000;1.000000;122.072502;230.068024;2151.162842;0.293206;0.000000;0.000000;0.000000;0.000000;1.000000;103.366188;621.653381;2185.447510;0.544027;0.000000;0.000000;0.000000;0.000000;1.000000;249.184296;746.400024;2202.924805;0.501135;0.000000;0.000000;0.000000;0.000000;1.000000;-4.463600;-140.621475;1916.068359;0.115426;0.000000;0.000000;0.000000;0.000000;2.000000;28.541328;268.000366;1949.703857;0.159392;0.000000;0.000000;0.000000;0.000000;2.000000;-32.719826;656.984924;2005.182861;0.248862;0.000000;0.000000;0.000000;0.000000;2.000000;89.812019;783.472107;1984.752075;0.263813;0.000000;0.000000;0.000000;0.000000;2.000000;-48.701714;-781.239441;1959.194824;0.625224;0.000000;0.000000;0.000000;0.000000;2.000000;89.943039;-772.703125;1869.627441;0.371948;0.000000;0.000000;0.000000;0.000000;2.000000;89.410103;-809.735168;1913.704712;0.144701;0.000000;0.000000;0.000000;0.000000;2.000000;26.392014;-817.245239;2027.612061;0.593683;0.000000;0.000000;0.000000;0.000000;1.000000;63.880905;-819.041504;1867.297241;0.329322;0.000000;0.000000;0.000000;0.000000;2.000000;-61.714256;-862.925476;1888.779907;0.350811;0.000000;0.000000;0.000000;0.000000;2.000000;18614265856.000000
0.000000;-150.000000;2000.000000;0.000000;0.000000;0.000000;0.000000;0.000000;2.000000;-22.887901;-330.803894;1980.616333;0.013277;0.000000;0.000000;0.000000;0.000000;2.000000;-47.937691;-474.381653;1965.589478;0.024851;0.000000;0.000000;0.000000;0.000000;2.000000;-57.591179;-697.102905;1958.907837;0.055557;0.000000;0.000000;0.000000;0.000000;2.000000;-59.500328;-661.490662;1994.453735;0.051087;0.000000;0.000000;0.000000;0.000000;2.000000;-42.507713;-618.462280;2133.830566;0.196806;0.000000;0.000000;0.000000;0.000000;2.000000;37.379890;-375.281189;2256.595215;0.258133;0.000000;0.000000;0.000000;0.000000;1.000000;232.572693;-239.905441;2275.145020;0.254806;0.000000;0.000000;0.000000;0.000000;1.000000;314.533813;-193.727142;2244.562500;0.260747;0.000000;0.000000;0.000000;0.000000;1.000000;242.335709;-131.397156;2301.344238;0.029467;0.000000;0.000000;0.000000;0.000000;0.000000;162.795074;-153.845642;2204.506348;0.120278;0.000000;0.000000;0.000000;0.000000;1.000000;-54.649162;-659.019409;1925.535156;0.049967;0.000000;0.000000;0.000000;0.000000;2.000000;-29.558617;-604.594543;1804.455322;0.049288;0.000000;0.000000;0.000000;0.000000;2.000000;48.821686;-326.265198;1796.856445;0.051763;0.000000;0.000000;0.000000;0.000000;2.000000;214.827820;-197.621033;1915.641846;0.026502;0.000000;0.000000;0.000000;0.000000;2.000000;211.382797;-140.378647;2005.396362;0.040745;0.000000;0.000000;0.000000;0.000000;2.000000;226.973785;-74.309074;2090.815918;0.094933;0.000000;0.000000;0.000000;0.000000;2.000000;178.423828;-116.625931;1979.039917;0.072038;0.000000;0.000000;0.000000;0.000000;2.000000;4.947083;-160.590012;2092.938232;0.006751;0.000000;0.000000;0.000000;0.000000;1.000000;120.900818;229.488419;2152.345215;0.050626;0.000000;0.000000;0.000000;0.000000;1.000000;104.905510;620.661804;2187.085449;0.070564;0.000000;0.000000;0.000000;0.000000;1.000000;250.612671;744.956055;2206.010254;0.106099;0.000000;0.000000;0.000000;0.000000;1.000000;-4.461014;-140.450516;1916.193481;0.006085;0.000000;0.000000;0.000000;0.000000;2.000000;28.278229;267.643372;1950.241455;0.020017;0.000000;0.000000;0.000000;0.000000;2.000000;-32.582863;656.119019;2006.180420;0.038144;0.000000;0.000000;0.000000;0.000000;2.000000;88.952141;783.108643;1984.845337;0.026947;0.000000;0.000000;0.000000;0.000000;2.000000;-47.446083;-780.389648;1957.372192;0.068095;0.000000;0.000000;0.000000;0.000000;2.000000;91.070221;-770.875244;1868.084229;0.075955;0.000000;0.000000;0.000000;0.000000;2.000000;91.659698;-805.828735;1913.736572;0.129480;0.000000;0.000000;0.000000;0.000000;2.000000;28.467110;-810.468811;2027.514771;0.203576;0.000000;0.000000;0.000000;0.000000;1.000000;66.747261;-818.131653;1867.770996;0.087442;0.000000;0.000000;0.000000;0.000000;2.000000;-57.125755;-865.488342;1890.773682;0.161454;0.000000;0.000000;0.000000;0.000000;2.000000;18614300672.000000
0.000000;-150.000000;2000.000000;0.000000;0.000000;0.000000;0.000000;0.000000;2.000000;-22.887917;-330.803894;1980.616211;0.000004;0.000000;0.000000;0.000000;0.000000;2.000000;-47.937737;-474.381714;1965.589233;0.000008;0.000000;0.000000;0.000000;0.000000;2.000000;-57.591194;-697.102966;1958.907593;0.000008;0.000000;0.000000;0.000000;0.000000;2.000000;-59.500298;-661.490784;1994.453369;0.000012;0.000000;0.000000;0.000000;0.000000;2.000000;-42.507378;-618.462402;2133.830078;0.000018;0.000000;0.000000;0.000000;0.000000;2.000000;37.380531;-375.281158;2256.594238;0.000036;0.000000;0.000000;0.000000;0.000000;1.000000;232.573364;-239.905396;2275.143555;0.000049;0.000000;0.000000;0.000000;0.000000;1.000000;314.534424;-193.727097;2244.560791;0.000055;0.000000;0.000000;0.000000;0.000000;1.000000;242.336472;-131.397079;2301.342529;0.000057;0.000000;0.000000;0.000000;0.000000;0.000000;162.795593;-153.845596;2204.504883;0.000047;0.000000;0.000000;0.000000;0.000000;1.000000;-54.649239;-659.019470;1925.534912;0.000008;0.000000;0.000000;0.000000;0.000000;2.000000;-29.559151;-604.594666;1804.454956;0.000020;0.000000;0.000000;0.000000;0.000000;2.000000;48.820786;-326.265198;1796.854980;0.000052;0.000000;0.000000;0.000000;0.000000;2.000000;214.826797;-197.619919;1915.639404;0.000088;0.000000;0.000000;0.000000;0.000000;2.000000;211.381699;-140.376251;2005.393066;0.000129;0.000000;0.000000;0.000000;0.000000;2.000000;226.972672;-74.305367;2090.811523;0.000179;0.000000;0.000000;0.000000;0.000000;2.000000;178.422943;-116.623993;1979.036011;0.000136;0.000000;0.000000;0.000000;0.000000;2.000000;4.947098;-160.590057;2092.938232;0.000001;0.000000;0.000000;0.000000;0.000000;1.000000;120.900909;229.488327;2152.345215;0.000004;0.000000;0.000000;0.000000;0.000000;1.000000;104.905777;620.661682;2187.085938;0.000017;0.000000;0.000000;0.000000;0.000000;1.000000;250.613007;744.955933;2206.010498;0.000013;0.000000;0.000000;0.000000;0.000000;1.000000;-4.461021;-140.450485;1916.193481;0.000001;0.000000;0.000000;0.000000;0.000000;2.000000;28.278282;267.643433;1950.241577;0.000004;0.000000;0.000000;0.000000;0.000000;2.000000;-32.582741;656.119019;2006.180664;0.000008;0.000000;0.000000;0.000000;0.000000;2.000000;88.952400;783.108521;1984.845581;0.000011;0.000000;0.000000;0.000000;0.000000;2.000000;-47.446098;-780.389709;1957.371948;0.000008;0.000000;0.000000;0.000000;0.000000;2.000000;91.069763;-770.875183;1868.083252;0.000033;0.000000;0.000000;0.000000;0.000000;2.000000;91.659393;-805.828796;1913.735474;0.000035;0.000000;0.000000;0.000000;0.000000;2.000000;28.467346;-810.469299;2027.513794;0.000034;0.000000;0.000000;0.000000;0.000000;1.000000;66.746704;-818.131592;1867.769897;0.000038;0.000000;0.000000;0.000000;0.000000;2.000000;-57.126259;-865.488220;1890.772949;0.000027;0.000000;0.000000;0.000000;0.000000;2.000000;18614333440.000000
0.000000;-150.000000;2000.000000;0.000000;0.000000;0.000000;0.000000;0.000000;2.000000;-22.920113;-330.672729;1979.992188;0.019485;0.000000;0.000000;0.000000;0.000000;2.000000;-47.820854;-474.173218;1964.442871;0.035737;0.000000;0.000000;0.000000;0.000000;2.000000;-56.748833;-696.793213;1955.983398;0.093348;0.000000;0.000000;0.000000;0.000000;2.000000;-59.037025;-661.472290;1991.773926;0.082985;0.000000;0.000000;0.000000;0.000000;2.000000;-43.055916;-618.644897;2131.282959;0.079709;0.000000;0.000000;0.000000;0.000000;2.000000;35.983131;-375.375488;2254.212891;0.084311;0.000000;0.000000;0.000000;0.000000;1.000000;230.720108;-239.530029;2273.142822;0.084011;0.000000;0.000000;0.000000;0.000000;1.000000;313.298157;-193.039032;2244.883789;0.044289;0.000000;0.000000;0.000000;0.000000;1.000000;241.224579;-131.404175;2302.506836;0.049132;0.000000;0.000000;0.000000;0.000000;0.000000;162.350342;-151.087219;2204.167969;0.085886;0.000000;0.000000;0.000000;0.000000;1.000000;-53.666756;-658.458008;1922.937622;0.086459;0.000000;0.000000;0.000000;0.000000;2.000000;-27.774162;-602.927734;1802.578735;0.093987;0.000000;0.000000;0.000000;0.000000;2.000000;50.400688;-324.601624;1796.374146;0.071536;0.000000;0.000000;0.000000;0.000000;2.000000;212.707886;-192.215729;1916.001343;0.177491;0.000000;0.000000;0.000000;0.000000;2.000000;209.129517;-131.994080;2003.738159;0.269648;0.000000;0.000000;0.000000;0.000000;2.000000;223.066345;-62.058487;2086.272949;0.416030;0.000000;0.000000;0.000000;0.000000;2.000000;178.709366;-111.920425;1984.609863;0.222744;0.000000;0.000000;0.000000;0.000000;2.000000;4.741615;-160.887573;2092.884521;0.011156;0.000000;0.000000;0.000000;0.000000;1.000000;121.008430;228.711151;2153.900879;0.053171;0.000000;0.000000;0.000000;0.000000;1.000000;105.822174;619.691406;2189.746582;0.090839;0.000000;0.000000;0.000000;0.000000;1.000000;252.290344;742.826782;2209.721191;0.140235;0.000000;0.000000;0.000000;0.000000;1.000000;-4.275711;-140.182190;1916.241821;0.010060;0.000000;0.000000;0.000000;0.000000;2.000000;28.755379;267.676727;1951.234009;0.033620;0.000000;0.000000;0.000000;0.000000;2.000000;-33.174217;655.863159;2007.110352;0.034522;0.000000;0.000000;0.000000;0.000000;2.000000;89.728790;781.639893;1986.925171;0.081227;0.000000;0.000000;0.000000;0.000000;2.000000;-46.344643;-780.008789;1953.888306;0.112104;0.000000;0.000000;0.000000;0.000000;2.000000;95.830032;-767.212646;1871.093872;0.205032;0.000000;0.000000;0.000000;0.000000;2.000000;94.100723;-804.805054;1914.544189;0.084475;0.000000;0.000000;0.000000;0.000000;2.000000;26.193031;-815.272583;2025.126709;0.177795;0.000000;0.000000;0.000000;0.000000;1.000000;70.987648;-813.997681;1866.959839;0.182420;0.000000;0.000000;0.000000;0.000000;2.000000;-54.252037;-860.834106;1881.998535;0.315547;0.000000;0.000000;0.000000;0.000000;2.000000;18614366208.000000
0.000000;-150.000000;2000.000000;0.000000;0.000000;0.000000;0.000000;0.000000;2.000000;-21.852493;-329.453491;1977.582520;0.083408;0.000000;0.000000;0.000000;0.000000;2.000000;-45.726685;-472.088562;1960.446045;0.142765;0.000000;0.000000;0.000000;0.000000;2.000000;-57.914032;-693.267334;1951.915283;0.158206;0.000000;0.000000;0.000000;0.000000;2.000000;-56.503647;-658.320007;1987.712524;0.164622;0.000000;0.000000;0.000000;0.000000;2.000000;-28.083160;-618.793274;2125.318115;0.462943;0.000000;0.000000;0.000000;0.000000;2.000000;52.691605;-384.453064;2260.137451;0.572057;0.000000;0.000000;0.000000;0.000000;1.000000;239.671982;-239.849258;2274.724121;0.261261;0.000000;0.000000;0.000000;0.000000;1.000000;314.359406;-185.147141;2241.610352;0.247286;0.000000;0.000000;0.000000;0.000000;1.000000;238.659012;-132.692001;2302.361816;0.082557;0.000000;0.000000;0.000000;0.000000;0.000000;163.103867;-154.105576;2207.305176;0.126901;0.000000;0.000000;0.000000;0.000000;1.000000;-57.435471;-655.010986;1919.084351;0.183763;0.000000;0.000000;0.000000;0.000000;2.000000;-45.020325;-601.196960;1796.686523;0.525820;0.000000;0.000000;0.000000;0.000000;2.000000;54.299858;-331.434326;1792.132935;0.256704;0.000000;0.000000;0.000000;0.000000;2.000000;194.565491;-184.788406;1919.937988;0.574311;0.000000;0.000000;0.000000;0.000000;2.000000;191.414551;-122.854416;2005.737427;0.575417;0.000000;0.000000;0.000000;0.000000;2.000000;208.036255;-42.528099;2076.675781;0.759623;0.000000;0.000000;0.000000;0.000000;2.000000;169.052155;-111.162964;1999.500122;0.510222;0.000000;0.000000;0.000000;0.000000;2.000000;9.614471;-162.630981;2091.739502;0.152243;0.000000;0.000000;0.000000;0.000000;1.000000;114.615417;229.293045;2141.354980;0.404781;0.000000;0.000000;0.000000;0.000000;1.000000;113.954819;617.946655;2180.853516;0.349743;0.000000;0.000000;0.000000;0.000000;1.000000;259.706116;741.519470;2189.595215;0.617203;0.000000;0.000000;0.000000;0.000000;1.000000;-8.669800;-138.610077;1917.274658;0.137287;0.000000;0.000000;0.000000;0.000000;2.000000;25.650414;266.889435;1950.801758;0.092838;0.000000;0.000000;0.000000;0.000000;2.000000;-35.942169;652.210205;2010.584717;0.165190;0.000000;0.000000;0.000000;0.000000;2.000000;86.383499;776.478455;1986.769287;0.176720;0.000000;0.000000;0.000000;0.000000;2.000000;-48.768402;-776.102783;1948.527954;0.202824;0.000000;0.000000;0.000000;0.000000;2.000000;93.953926;-768.056641;1867.993286;0.106876;0.000000;0.000000;0.000000;0.000000;2.000000;92.864655;-798.961304;1916.055542;0.176967;0.000000;0.000000;0.000000;0.000000;2.000000;23.034760;-797.060364;2025.030151;0.530914;0.000000;0.000000;0.000000;0.000000;1.000000;71.600311;-815.875000;1870.102051;0.106595;0.000000;0.000000;0.000000;0.000000;2.000000;-50.928146;-866.089355;1889.145020;0.272088;0.000000;0.000000;0.000000;0.000000;2.000000;18614401024.000000
0.000000;-150.000000;2000.000000;0.000000;0.000000;0.000000;0.000000;0.000000;2.000000;-21.979828;-329.289764;1977.762939;0.008389;0.000000;0.000000;0.000000;0.000000;2.000000;-44.111267;-472.074829;1960.677246;0.049803;0.000000;0.000000;0.000000;0.000000;2.000000;-57.297195;-693.029175;1953.192139;0.043881;0.000000;0.000000;0.000000;0.000000;2.000000;-55.272003;-657.980713;1988.795898;0.051118;0.000000;0.000000;0.000000;0.000000;2.000000;-26.813919;-616.634766;2125.714844;0.077370;0.000000;0.000000;0.000000;0.000000;2.000000;56.955120;-382.726898;2258.903320;0.145336;0.000000;0.000000;0.000000;0.000000;1.000000;242.551727;-236.826233;2274.656250;0.127431;0.000000;0.000000;0.000000;0.000000;1.000000;314.369202;-179.423248;2240.067383;0.180915;0.000000;0.000000;0.000000;0.000000;1.000000;235.903992;-133.910568;2302.694824;0.092494;0.000000;0.000000;0.000000;0.000000;0.000000;160.758575;-155.358047;2209.248535;0.100503;0.000000;0.000000;0.000000;0.000000;1.000000;-57.098892;-654.938843;1920.236938;0.036709;0.000000;0.000000;0.000000;0.000000;2.000000;-47.650162;-601.626221;1797.491089;0.084944;0.000000;0.000000;0.000000;0.000000;2.000000;49.804195;-331.444824;1794.430420;0.154075;0.000000;0.000000;0.000000;0.000000;2.000000;192.102997;-184.922119;1919.688965;0.075643;0.000000;0.000000;0.000000;0.000000;2.000000;187.248093;-123.036636;2005.323486;0.127897;0.000000;0.000000;0.000000;0.000000;2.000000;204.371536;-44.210495;2077.658691;0.126664;0.000000;0.000000;0.000000;0.000000;2.000000;165.239838;-109.799011;1996.917114;0.146567;0.000000;0.000000;0.000000;0.000000;2.000000;12.308685;-162.832947;2091.301270;0.083529;0.000000;0.000000;0.000000;0.000000;1.000000;120.030113;228.370941;2137.546631;0.203972;0.000000;0.000000;0.000000;0.000000;1.000000;123.304985;616.760193;2175.934570;0.324448;0.000000;0.000000;0.000000;0.000000;1.000000;270.394348;738.688171;2180.504883;0.436827;0.000000;0.000000;0.000000;0.000000;1.000000;-11.099289;-138.427979;1917.669556;0.075320;0.000000;0.000000;0.000000;0.000000;2.000000;20.539421;266.703857;1953.606445;0.178007;0.000000;0.000000;0.000000;0.000000;2.000000;-39.972595;652.278870;2010.374512;0.123184;0.000000;0.000000;0.000000;0.000000;2.000000;82.892494;776.392273;1989.972168;0.144606;0.000000;0.000000;0.000000;0.000000;2.000000;-48.542068;-775.837769;1950.015137;0.046615;0.000000;0.000000;0.000000;0.000000;2.000000;90.882065;-774.860840;1863.814453;0.261092;0.000000;0.000000;0.000000;0.000000;2.000000;90.677750;-804.448425;1912.648682;0.208097;0.000000;0.000000;0.000000;0.000000;2.000000;25.460754;-797.331726;2024.095825;0.079767;0.000000;0.000000;0.000000;0.000000;1.000000;67.037003;-821.752258;1868.079468;0.235316;0.000000;0.000000;0.000000;0.000000;2.000000;-56.150925;-867.089966;1893.249878;0.205010;0.000000;0.000000;0.000000;0.000000;2.000000;18614433792.000000
0.000000;-150.000000;2000.000000;0.000000;0.000000;0.000000;0.000000;0.000000;2.000000;-19.880196;-329.302185;1977.210938;0.066254;0.000000;0.000000;0.000000;0.000000;2.000000;-40.783272;-472.077820;1959.603027;0.106722;0.000000;0.000000;0.000000;0.000000;2.000000;-53.356880;-692.895264;1952.855469;0.120756;0.000000;0.000000;0.000000;0.000000;2.000000;-51.398369;-657.756653;1988.311768;0.119330;0.000000;0.000000;0.000000;0.000000;2.000000;-22.165550;-616.881714;2125.071289;0.143408;0.000000;0.000000;0.000000;0.000000;2.000000;67.198792;-385.054443;2257.732178;0.322566;0.000000;0.000000;0.000000;0.000000;1.000000;253.092987;-239.869553;2273.447998;0.336856;0.000000;0.000000;0.000000;0.000000;1.000000;318.557800;-176.362366;2237.207520;0.180782;0.000000;0.000000;0.000000;0.000000;1.000000;239.583221;-134.806854;2301.744629;0.119147;0.000000;0.000000;0.000000;0.000000;0.000000;167.104584;-157.095016;2209.468750;0.200901;0.000000;0.000000;0.000000;0.000000;1.000000;-53.292488;-654.945862;1919.805420;0.116907;0.000000;0.000000;0.000000;0.000000;2.000000;-43.930489;-602.669983;1796.737061;0.120124;0.000000;0.000000;0.000000;0.000000;2.000000;53.862827;-332.899902;1792.337158;0.146266;0.000000;0.000000;0.000000;0.000000;2.000000;195.008881;-186.183212;1918.265991;0.105977;0.000000;0.000000;0.000000;0.000000;2.000000;192.328033;-124.511139;2004.034302;0.166151;0.000000;0.000000;0.000000;0.000000;2.000000;210.254974;-45.084030;2075.367188;0.194521;0.000000;0.000000;0.000000;0.000000;2.000000;170.154037;-112.130508;1997.283691;0.166369;0.000000;0.000000;0.000000;0.000000;2.000000;9.723267;-162.713440;2091.545898;0.079337;0.000000;0.000000;0.000000;0.000000;1.000000;116.580139;228.441055;2137.020020;0.106526;0.000000;0.000000;0.000000;0.000000;1.000000;125.557556;616.627930;2172.958984;0.113965;0.000000;0.000000;0.000000;0.000000;1.000000;273.749969;736.794434;2180.512207;0.117588;0.000000;0.000000;0.000000;0.000000;1.000000;-8.767891;-138.535736;1917.449097;0.071542;0.000000;0.000000;0.000000;0.000000;2.000000;24.638123;266.060364;1953.725098;0.126666;0.000000;0.000000;0.000000;0.000000;2.000000;-36.459206;651.221375;2010.252563;0.112033;0.000000;0.000000;0.000000;0.000000;2.000000;84.931915;776.491089;1989.438354;0.064406;0.000000;0.000000;0.000000;0.000000;2.000000;-44.384758;-775.616150;1949.942993;0.127070;0.000000;0.000000;0.000000;0.000000;2.000000;93.017708;-774.816772;1860.819458;0.112265;0.000000;0.000000;0.000000;0.000000;2.000000;94.337219;-803.016602;1910.392700;0.138280;0.000000;0.000000;0.000000;0.000000;2.000000;31.453186;-793.861572;2022.894165;0.214483;0.000000;0.000000;0.000000;0.000000;1.000000;70.062759;-821.902344;1866.875244;0.099489;0.000000;0.000000;0.000000;0.000000;2.000000;-51.692543;-868.430725;1895.918091;0.163758;0.000000;0.000000;0.000000;0.000000;2.000000;18614466560.000000
