posX0;posY0;posZ0;posVel0;rotX0;rotY0;rotZ0;rotVel0;confidence0;posX1;posY1;posZ1;posVel1;rotX1;rotY1;rotZ1;rotVel1;confidence1;posX2;posY2;posZ2;posVel2;rotX2;rotY2;rotZ2;rotVel2;confidence2;posX3;posY3;posZ3;posVel3;rotX3;rotY3;rotZ3;rotVel3;confidence3;posX4;posY4;posZ4;posVel4;rotX4;rotY4;rotZ4;rotVel4;confidence4;posX5;posY5;posZ5;posVel5;rotX5;rotY5;rotZ5;rotVel5;confidence5;posX6;posY6;posZ6;posVel6;rotX6;rotY6;rotZ6;rotVel6;confidence6;posX7;posY7;posZ7;posVel7;rotX7;rotY7;rotZ7;rotVel7;confidence7;posX8;posY8;posZ8;posVel8;rotX8;rotY8;rotZ8;rotVel8;confidence8;posX9;posY9;posZ9;posVel9;rotX9;rotY9;rotZ9;rotVel9;confidence9;posX10;posY10;posZ10;posVel10;rotX10;rotY10;rotZ10;rotVel10;confidence10;posX11;posY11;posZ11;posVel11;rotX11;rotY11;rotZ11;rotVel11;confidence11;posX12;posY12;posZ12;posVel12;rotX12;rotY12;rotZ12;rotVel12;confidence12;posX13;posY13;posZ13;posVel13;rotX13;rotY13;rotZ13;rotVel13;confidence13;posX14;posY14;posZ14;posVel14;rotX14;rotY14;rotZ14;rotVel14;confidence14;posX15;posY15;posZ15;posVel15;rotX15;rotY15;rotZ15;rotVel15;confidence15;posX16;posY16;posZ16;posVel16;rotX16;rotY16;rotZ16;rotVel16;confidence16;posX17;posY17;posZ17;posVel17;rotX17;rotY17;rotZ17;rotVel17;confidence17;posX18;posY18;posZ18;posVel18;rotX18;rotY18;rotZ18;rotVel18;confidence18;posX19;posY19;posZ19;posVel19;rotX19;rotY19;rotZ19;rotVel19;confidence19;posX20;posY20;posZ20;posVel20;rotX20;rotY20;rotZ20;rotVel20;confidence20;posX21;posY21;posZ21;posVel21;rotX21;rotY21;rotZ21;rotVel21;confidence21;posX22;posY22;posZ22;posVel22;rotX22;rotY22;rotZ22;rotVel22;confidence22;posX23;posY23;posZ23;posVel23;rotX23;rotY23;rotZ23;rotVel23;confidence23;posX24;posY24;posZ24;posVel24;rotX24;rotY24;rotZ24;rotVel24;confidence24;posX25;posY25;posZ25;posVel25;rotX25;rotY25;rotZ25;rotVel25;confidence25;posX26;posY26;posZ26;posVel26;rotX26;rotY26;rotZ26;rotVel26;confidence26;posX27;posY27;posZ27;posVel27;rotX27;rotY27;rotZ27;rotVel27;confidence27;posX28;posY28;posZ28;posVel28;rotX28;rotY28;rotZ28;rotVel28;confidence28;posX29;posY29;posZ29;posVel29;rotX29;rotY29;rotZ29;rotVel29;confidence29;posX30;posY30;posZ30;posVel30;rotX30;rotY30;rotZ30;rotVel30;confidence30;posX31;posY31;posZ31;posVel31;rotX31;rotY31;rotZ31;rotVel31;confidence31;TimeStamp
0.000000;-150.000000;2000.000000;0.000000;0.000000;0.000000;0.000000;0.000000;2.000000;4.158619;-288.137482;2103.843750;0.000000;0.000000;0.000000;0.000000;0.000000;2.000000;7.203196;-402.792297;2180.939941;0.000000;0.000000;0.000000;0.000000;0.000000;2.000000;22.079737;-606.085449;2232.937988;0.000000;0.000000;0.000000;0.000000;0.000000;2.000000;52.213173;-570.811768;2222.772461;0.000000;0.000000;0.000000;0.000000;0.000000;2.000000;186.876999;-546.275635;2201.565430;0.000000;0.000000;0.000000;0.000000;0.000000;2.000000;208.800995;-388.333832;1986.459717;0.000000;0.000000;0.000000;0.000000;0.000000;2.000000;74.606621;-561.486694;2036.618408;0.000000;0.000000;0.000000;0.000000;0.000000;2.000000;120.997963;-590.159607;2112.322998;0.000000;0.000000;0.000000;0.000000;0.000000;2.000000;28.645851;-615.074097;2154.894531;0.000000;0.000000;0.000000;0.000000;0.000000;2.000000;37.113049;-598.241699;2164.862305;0.000000;0.000000;0.000000;0.000000;0.000000;2.000000;-12.731579;-573.660645;2227.875488;0.000000;0.000000;0.000000;0.000000;0.000000;2.000000;-137.346619;-557.070435;2207.053223;0.000000;0.000000;0.000000;0.000000;0.000000;2.000000;-268.173645;-323.672455;2153.716064;0.000000;0.000000;0.000000;0.000000;0.000000;2.000000;-233.110260;-227.297546;1950.553345;0.000000;0.000000;0.000000;0.000000;0.000000;2.000000;-178.635117;-212.443100;1867.461182;0.000000;0.000000;0.000000;0.000000;0.000000;2.000000;-137.382278;-166.129868;1785.337524;0.000000;0.000000;0.000000;0.000000;0.000000;2.000000;-131.960068;-207.755859;1881.664673;0.000000;0.000000;0.000000;0.000000;0.000000;2.000000;88.261909;-150.312759;1996.049438;0.000000;0.000000;0.000000;0.000000;0.000000;2.000000;230.024231;-105.621216;1637.752441;0.000000;0.000000;0.000000;0.000000;0.000000;2.000000;204.946548;255.695892;1716.826416;0.000000;0.000000;0.000000;0.000000;0.000000;2.000000;216.113373;423.732819;1649.081787;0.000000;0.000000;0.000000;0.000000;0.000000;2.000000;-79.589645;-149.717957;2003.562500;0.000000;0.000000;0.000000;0.000000;0.000000;2.000000;-210.331055;-81.175476;1645.295166;0.000000;0.000000;0.000000;0.000000;0.000000;2.000000;-161.315369;277.680023;1740.994995;0.000000;0.000000;0.000000;0.000000;0.000000;2.000000;-157.952286;425.984650;1664.269409;0.000000;0.000000;0.000000;0.000000;0.000000;2.000000;26.759220;-684.808594;2239.691406;0.000000;0.000000;0.000000;0.000000;0.000000;2.000000;48.931965;-760.165161;2105.258301;0.000000;0.000000;0.000000;0.000000;0.000000;2.000000;78.230743;-776.490784;2147.877930;0.000000;0.000000;0.000000;0.000000;0.000000;2.000000;120.022133;-723.462463;2250.494141;0.000000;0.000000;0.000000;0.000000;0.000000;2.000000;29.074099;-787.424072;2142.349609;0.000000;0.000000;0.000000;0.000000;0.000000;2.000000;-35.088943;-765.716370;2249.722412;0.000000;0.000000;0.000000;0.000000;0.000000;2.000000;3820400128.000000
0.000000;-149.999985;2000.000000;0.000000;0.000000;0.000000;0.000000;0.000000;2.000000;4.662996;-288.262115;2104.232666;0.019501;0.000000;0.000000;0.000000;0.000000;2.000000;8.023302;-403.573181;2180.831787;0.034182;0.000000;0.000000;0.000000;0.000000;2.000000;20.794205;-608.242859;2229.594971;0.125638;0.000000;0.000000;0.000000;0.000000;2.000000;51.316444;-573.247803;2219.184570;0.133067;0.000000;0.000000;0.000000;0.000000;2.000000;186.260101;-553.110474;2193.734131;0.312882;0.000000;0.000000;0.000000;0.000000;2.000000;201.655823;-395.772156;1976.958496;0.421376;0.000000;0.000000;0.000000;0.000000;2.000000;62.546738;-559.674316;2043.989624;0.428183;0.000000;0.000000;0.000000;0.000000;2.000000;111.882034;-588.320618;2118.055664;0.328261;0.000000;0.000000;0.000000;0.000000;2.000000;22.586739;-616.054138;2165.628174;0.371534;0.000000;0.000000;0.000000;0.000000;2.000000;29.676834;-600.274902;2172.238770;0.320605;0.000000;0.000000;0.000000;0.000000;2.000000;-13.653454;-575.116699;2225.851074;0.079886;0.000000;0.000000;0.000000;0.000000;2.000000;-138.962097;-556.647156;2209.744141;0.095163;0.000000;0.000000;0.000000;0.000000;2.000000;-270.123291;-322.473999;2157.848145;0.141932;0.000000;0.000000;0.000000;0.000000;2.000000;-238.289551;-231.131073;1951.345337;0.195077;0.000000;0.000000;0.000000;0.000000;2.000000;-182.629547;-209.827942;1870.221313;0.165709;0.000000;0.000000;0.000000;0.000000;2.000000;-143.348999;-166.926773;1785.074463;0.181053;0.000000;0.000000;0.000000;0.000000;2.000000;-119.114784;-199.589142;1943.408813;1.910839;0.000000;0.000000;0.000000;0.000000;2.000000;88.411041;-150.428741;1995.475952;0.018143;0.000000;0.000000;0.000000;0.000000;2.000000;228.627197;-104.115891;1635.937012;0.082364;0.000000;0.000000;0.000000;0.000000;2.000000;201.634735;257.490051;1716.529541;0.113529;0.000000;0.000000;0.000000;0.000000;2.000000;216.156403;425.668945;1648.798340;0.058811;0.000000;0.000000;0.000000;0.000000;2.000000;-79.724129;-149.613342;2004.079468;0.016356;0.000000;0.000000;0.000000;0.000000;2.000000;-218.429962;-80.717865;1648.041748;0.257338;0.000000;0.000000;0.000000;0.000000;2.000000;-162.353973;278.768494;1740.377930;0.048862;0.000000;0.000000;0.000000;0.000000;2.000000;-157.714874;427.415222;1663.651978;0.047359;0.000000;0.000000;0.000000;0.000000;2.000000;24.330833;-687.281616;2235.101074;0.172833;0.000000;0.000000;0.000000;0.000000;2.000000;55.858410;-767.690796;2105.177734;0.307340;0.000000;0.000000;0.000000;0.000000;2.000000;83.689995;-780.997864;2149.915771;0.221359;0.000000;0.000000;0.000000;0.000000;2.000000;118.514931;-721.806702;2252.056641;0.082041;0.000000;0.000000;0.000000;0.000000;2.000000;35.202770;-794.108521;2142.576660;0.272584;0.000000;0.000000;0.000000;0.000000;2.000000;-35.008423;-770.200928;2245.923096;0.176627;0.000000;0.000000;0.000000;0.000000;2.000000;3820433408.000000
0.000000;-150.000000;2000.000000;0.000000;0.000000;0.000000;0.000000;0.000000;2.000000;10.725157;-290.218964;2102.181885;0.201086;0.000000;0.000000;0.000000;0.000000;2.000000;18.870197;-405.947174;2178.688965;0.339799;0.000000;0.000000;0.000000;0.000000;2.000000;33.272034;-612.383423;2222.569824;0.447901;0.000000;0.000000;0.000000;0.000000;2.000000;63.478447;-577.158447;2211.272217;0.451534;0.000000;0.000000;0.000000;0.000000;2.000000;198.125198;-558.903870;2180.645020;0.558659;0.000000;0.000000;0.000000;0.000000;2.000000;201.640121;-393.935730;1967.870728;0.278590;0.000000;0.000000;0.000000;0.000000;2.000000;64.538086;-557.146301;2042.950439;0.101615;0.000000;0.000000;0.000000;0.000000;2.000000;113.874847;-593.724670;2113.879395;0.213777;0.000000;0.000000;0.000000;0.000000;2.000000;26.349804;-619.634766;2166.346191;0.157565;0.000000;0.000000;0.000000;0.000000;2.000000;32.559540;-602.244629;2170.587402;0.116053;0.000000;0.000000;0.000000;0.000000;2.000000;-1.293037;-578.944336;2221.325439;0.411902;0.000000;0.000000;0.000000;0.000000;2.000000;-127.920639;-563.084778;2209.770508;0.384049;0.000000;0.000000;0.000000;0.000000;2.000000;-262.846802;-328.443512;2164.968262;0.354616;0.000000;0.000000;0.000000;0.000000;2.000000;-223.173828;-246.051575;1955.181763;0.648527;0.000000;0.000000;0.000000;0.000000;2.000000;-179.865067;-211.767944;1870.597290;0.102107;0.000000;0.000000;0.000000;0.000000;2.000000;-144.801132;-170.620377;1782.353149;0.144596;0.000000;0.000000;0.000000;0.000000;2.000000;-107.070847;-200.093216;1958.331299;0.576415;0.000000;0.000000;0.000000;0.000000;2.000000;88.479187;-149.054855;1992.010132;0.112044;0.000000;0.000000;0.000000;0.000000;2.000000;230.821777;-106.025040;1631.395508;0.162054;0.000000;0.000000;0.000000;0.000000;2.000000;199.989090;255.967926;1714.950195;0.082396;0.000000;0.000000;0.000000;0.000000;2.000000;214.709015;425.007782;1647.657227;0.058838;0.000000;0.000000;0.000000;0.000000;2.000000;-79.785568;-150.852280;2007.204956;0.101041;0.000000;0.000000;0.000000;0.000000;2.000000;-219.156281;-85.826324;1649.188232;0.158824;0.000000;0.000000;0.000000;0.000000;2.000000;-161.758408;275.761444;1737.900513;0.118432;0.000000;0.000000;0.000000;0.000000;2.000000;-151.566254;425.592010;1662.722412;0.194719;0.000000;0.000000;0.000000;0.000000;2.000000;36.736610;-691.816040;2226.237305;0.477973;0.000000;0.000000;0.000000;0.000000;2.000000;61.011307;-770.651428;2093.159424;0.402866;0.000000;0.000000;0.000000;0.000000;2.000000;91.072975;-784.943115;2136.360840;0.478708;0.000000;0.000000;0.000000;0.000000;2.000000;131.698639;-727.469482;2237.869141;0.606318;0.000000;0.000000;0.000000;0.000000;2.000000;41.989441;-797.600708;2131.280029;0.409656;0.000000;0.000000;0.000000;0.000000;2.000000;-22.899509;-774.728638;2238.815430;0.443293;0.000000;0.000000;0.000000;0.000000;2.000000;3820466688.000000
0.000000;-150.000015;2000.000000;0.000000;0.000000;0.000000;0.000000;0.000000;2.000000;11.220022;-289.887970;2102.789307;0.025557;0.000000;0.000000;0.000000;0.000000;2.000000;19.664940;-406.274200;2178.438965;0.026894;0.000000;0.000000;0.000000;0.000000;2.000000;33.001183;-612.112671;2226.027832;0.104542;0.000000;0.000000;0.000000;0.000000;2.000000;63.333202;-577.374878;2213.484863;0.066945;0.000000;0.000000;0.000000;0.000000;2.000000;196.705399;-559.624268;2177.082031;0.117263;0.000000;0.000000;0.000000;0.000000;2.000000;196.400299;-387.009033;1970.186157;0.270092;0.000000;0.000000;0.000000;0.000000;2.000000;64.097191;-555.788147;2041.971802;0.052016;0.000000;0.000000;0.000000;0.000000;2.000000;110.939178;-597.614319;2111.770020;0.159558;0.000000;0.000000;0.000000;0.000000;2.000000;26.317158;-618.578125;2170.931152;0.141384;0.000000;0.000000;0.000000;0.000000;2.000000;32.875824;-600.108276;2170.249023;0.065685;0.000000;0.000000;0.000000;0.000000;2.000000;-1.296036;-578.350342;2224.788574;0.105580;0.000000;0.000000;0.000000;0.000000;2.000000;-127.740891;-561.544312;2211.673340;0.073762;0.000000;0.000000;0.000000;0.000000;2.000000;-260.391418;-324.568726;2171.405518;0.237515;0.000000;0.000000;0.000000;0.000000;2.000000;-220.874817;-244.331238;1960.580688;0.183744;0.000000;0.000000;0.000000;0.000000;2.000000;-180.801025;-212.462936;1873.411621;0.091533;0.000000;0.000000;0.000000;0.000000;2.000000;-151.539063;-170.517227;1783.361328;0.204739;0.000000;0.000000;0.000000;0.000000;2.000000;-105.098099;-197.250122;1958.721313;0.104639;0.000000;0.000000;0.000000;0.000000;2.000000;88.539047;-148.765335;1992.015869;0.008885;0.000000;0.000000;0.000000;0.000000;2.000000;228.887970;-104.837189;1630.431763;0.074088;0.000000;0.000000;0.000000;0.000000;2.000000;199.448929;257.249329;1715.247803;0.042731;0.000000;0.000000;0.000000;0.000000;2.000000;215.850586;425.780457;1646.729370;0.049930;0.000000;0.000000;0.000000;0.000000;2.000000;-79.839554;-151.113388;2007.199829;0.008013;0.000000;0.000000;0.000000;0.000000;2.000000;-220.489594;-88.648483;1648.928345;0.094113;0.000000;0.000000;0.000000;0.000000;2.000000;-161.567245;272.028748;1741.397217;0.153794;0.000000;0.000000;0.000000;0.000000;2.000000;-151.545654;421.985962;1666.184204;0.150204;0.000000;0.000000;0.000000;0.000000;2.000000;35.804852;-691.546753;2231.156494;0.150658;0.000000;0.000000;0.000000;0.000000;2.000000;58.218719;-759.500610;2091.770508;0.347920;0.000000;0.000000;0.000000;0.000000;2.000000;89.501083;-776.587402;2133.097900;0.273645;0.000000;0.000000;0.000000;0.000000;2.000000;131.605713;-726.408813;2237.923828;0.032035;0.000000;0.000000;0.000000;0.000000;2.000000;40.476383;-789.650696;2128.116699;0.261088;0.000000;0.000000;0.000000;0.000000;2.000000;-22.305035;-776.237061;2238.566406;0.049289;0.000000;0.000000;0.000000;0.000000;2.000000;3820499968.000000
0.000000;-150.000015;2000.000000;0.000000;0.000000;0.000000;0.000000;0.000000;2.000000;11.220022;-289.887970;2102.789307;0.000000;0.000000;0.000000;0.000000;0.000000;2.000000;19.664940;-406.274200;2178.438965;0.000000;0.000000;0.000000;0.000000;0.000000;2.000000;33.001183;-612.112671;2226.027832;0.000000;0.000000;0.000000;0.000000;0.000000;2.000000;63.333202;-577.374878;2213.484863;0.000000;0.000000;0.000000;0.000000;0.000000;2.000000;196.705399;-559.624268;2177.082031;0.000000;0.000000;0.000000;0.000000;0.000000;2.000000;196.400299;-387.009033;1970.186157;0.000000;0.000000;0.000000;0.000000;0.000000;2.000000;64.097191;-555.788147;2041.971802;0.000000;0.000000;0.000000;0.000000;0.000000;2.000000;110.939178;-597.614319;2111.770020;0.000000;0.000000;0.000000;0.000000;0.000000;2.000000;26.317158;-618.578125;2170.931152;0.000000;0.000000;0.000000;0.000000;0.000000;2.000000;32.875824;-600.108276;2170.249023;0.000000;0.000000;0.000000;0.000000;0.000000;2.000000;-1.296036;-578.350342;2224.788574;0.000000;0.000000;0.000000;0.000000;0.000000;2.000000;-127.740891;-561.544312;2211.673340;0.000000;0.000000;0.000000;0.000000;0.000000;2.000000;-260.391418;-324.568726;2171.405518;0.000000;0.000000;0.000000;0.000000;0.000000;2.000000;-220.874817;-244.331238;1960.580688;0.000000;0.000000;0.000000;0.000000;0.000000;2.000000;-180.801025;-212.462936;1873.411621;0.000000;0.000000;0.000000;0.000000;0.000000;2.000000;-151.539063;-170.517227;1783.361328;0.000000;0.000000;0.000000;0.000000;0.000000;2.000000;-105.098099;-197.250122;1958.721313;0.000000;0.000000;0.000000;0.000000;0.000000;2.000000;88.539047;-148.765335;1992.015869;0.000000;0.000000;0.000000;0.000000;0.000000;2.000000;228.887970;-104.837189;1630.431763;0.000000;0.000000;0.000000;0.000000;0.000000;2.000000;199.448929;257.249329;1715.247803;0.000000;0.000000;0.000000;0.000000;0.000000;2.000000;215.850586;425.780457;1646.729370;0.000000;0.000000;0.000000;0.000000;0.000000;2.000000;-79.839554;-151.113388;2007.199829;0.000000;0.000000;0.000000;0.000000;0.000000;2.000000;-220.489594;-88.648483;1648.928345;0.000000;0.000000;0.000000;0.000000;0.000000;2.000000;-161.567245;272.028748;1741.397217;0.000000;0.000000;0.000000;0.000000;0.000000;2.000000;-151.545654;421.985962;1666.184204;0.000000;0.000000;0.000000;0.000000;0.000000;2.000000;35.804852;-691.546753;2231.156494;0.000000;0.000000;0.000000;0.000000;0.000000;2.000000;58.218719;-759.500610;2091.770508;0.000000;0.000000;0.000000;0.000000;0.000000;2.000000;89.501083;-776.587402;2133.097900;0.000000;0.000000;0.000000;0.000000;0.000000;2.000000;131.605713;-726.408813;2237.923828;0.000000;0.000000;0.000000;0.000000;0.000000;2.000000;40.476383;-789.650696;2128.116699;0.000000;0.000000;0.000000;0.000000;0.000000;2.000000;-22.305035;-776.237061;2238.566406;0.000000;0.000000;0.000000;0.000000;0.000000;2.000000;3820533248.000000
0.000000;-150.000000;2000.000000;0.000000;0.000000;0.000000;0.000000;0.000000;2.000000;11.543236;-289.748657;2102.780273;0.010498;0.000000;0.000000;0.000000;0.000000;2.000000;20.135632;-406.495392;2177.713379;0.026620;0.000000;0.000000;0.000000;0.000000;2.000000;33.065971;-612.813965;2222.745850;0.100092;0.000000;0.000000;0.000000;0.000000;2.000000;63.379753;-578.109680;2210.166504;0.101356;0.000000;0.000000;0.000000;0.000000;2.000000;196.193054;-561.314697;2171.625000;0.171034;0.000000;0.000000;0.000000;0.000000;2.000000;191.133102;-388.640869;1965.033813;0.225033;0.000000;0.000000;0.000000;0.000000;2.000000;60.583984;-557.741455;2038.851807;0.151731;0.000000;0.000000;0.000000;0.000000;2.000000;108.486893;-599.369812;2107.975098;0.144542;0.000000;0.000000;0.000000;0.000000;2.000000;26.291975;-620.126465;2170.435547;0.048483;0.000000;0.000000;0.000000;0.000000;2.000000;33.057697;-600.878967;2168.441895;0.058833;0.000000;0.000000;0.000000;0.000000;2.000000;-1.048687;-578.884216;2222.384766;0.073794;0.000000;0.000000;0.000000;0.000000;2.000000;-127.579559;-561.509399;2211.771484;0.005726;0.000000;0.000000;0.000000;0.000000;2.000000;-259.504272;-323.835663;2174.370850;0.094848;0.000000;0.000000;0.000000;0.000000;2.000000;-222.079559;-244.298843;1963.036865;0.081582;0.000000;0.000000;0.000000;0.000000;2.000000;-184.207047;-213.973663;1874.410278;0.115027;0.000000;0.000000;0.000000;0.000000;2.000000;-157.159073;-173.418259;1783.105591;0.188745;0.000000;0.000000;0.000000;0.000000;2.000000;-105.963150;-198.608047;1956.916748;0.072114;0.000000;0.000000;0.000000;0.000000;2.000000;88.443710;-148.948502;1991.496704;0.016660;0.000000;0.000000;0.000000;0.000000;2.000000;224.416519;-107.089630;1628.231689;0.163072;0.000000;0.000000;0.000000;0.000000;2.000000;198.025635;255.291351;1711.878540;0.123708;0.000000;0.000000;0.000000;0.000000;2.000000;212.438095;424.886810;1645.853516;0.108381;0.000000;0.000000;0.000000;0.000000;2.000000;-79.753571;-150.948181;2007.667969;0.015023;0.000000;0.000000;0.000000;0.000000;2.000000;-226.638275;-89.098557;1652.035645;0.205866;0.000000;0.000000;0.000000;0.000000;2.000000;-163.208145;271.456635;1741.085693;0.052644;0.000000;0.000000;0.000000;0.000000;2.000000;-155.250626;419.154633;1661.490601;0.197284;0.000000;0.000000;0.000000;0.000000;2.000000;35.524136;-692.270691;2226.931396;0.128097;0.000000;0.000000;0.000000;0.000000;2.000000;57.098667;-763.733154;2089.275391;0.150265;0.000000;0.000000;0.000000;0.000000;2.000000;90.569290;-777.650879;2130.033691;0.101827;0.000000;0.000000;0.000000;0.000000;2.000000;133.204102;-721.672607;2231.576660;0.240910;0.000000;0.000000;0.000000;0.000000;2.000000;42.224586;-793.480957;2127.168457;0.128692;0.000000;0.000000;0.000000;0.000000;2.000000;-17.563946;-779.593567;2239.128418;0.174025;0.000000;0.000000;0.000000;0.000000;2.000000;3820566784.000000
0.000000;-150.000000;2000.000000;0.000000;0.000000;0.000000;0.000000;0.000000;2.000000;13.408131;-289.262604;2101.471680;0.069997;0.000000;0.000000;0.000000;0.000000;2.000000;23.413727;-404.866760;2176.481201;0.116052;0.000000;0.000000;0.000000;0.000000;2.000000;31.372911;-610.295776;2220.869873;0.107196;0.000000;0.000000;0.000000;0.000000;2.000000;62.294674;-576.539124;2208.260986;0.081047;0.000000;0.000000;0.000000;0.000000;2.000000;195.503754;-565.727295;2171.976074;0.134612;0.000000;0.000000;0.000000;0.000000;2.000000;185.558136;-392.510864;1968.103760;0.223816;0.000000;0.000000;0.000000;0.000000;2.000000;55.813881;-558.399902;2046.411743;0.269329;0.000000;0.000000;0.000000;0.000000;2.000000;95.334244;-615.128540;2109.036621;0.617601;0.000000;0.000000;0.000000;0.000000;2.000000;12.873341;-631.060303;2171.517090;0.521123;0.000000;0.000000;0.000000;0.000000;1.000000;30.813417;-608.841919;2174.690186;0.311526;0.000000;0.000000;0.000000;0.000000;2.000000;-1.688698;-575.730103;2220.737793;0.108634;0.000000;0.000000;0.000000;0.000000;2.000000;-127.800652;-560.066650;2211.716797;0.043889;0.000000;0.000000;0.000000;0.000000;2.000000;-261.893524;-325.806702;2172.403809;0.110251;0.000000;0.000000;0.000000;0.000000;2.000000;-222.823273;-244.733887;1963.425659;0.028404;0.000000;0.000000;0.000000;0.000000;2.000000;-188.891693;-212.630890;1874.508057;0.146462;0.000000;0.000000;0.000000;0.000000;2.000000;-163.045746;-174.314606;1782.581787;0.179613;0.000000;0.000000;0.000000;0.000000;2.000000;-107.241371;-199.293060;1959.185791;0.080916;0.000000;0.000000;0.000000;0.000000;2.000000;87.680649;-149.348068;1989.308960;0.070649;0.000000;0.000000;0.000000;0.000000;2.000000;218.879211;-105.862289;1626.950195;0.174720;0.000000;0.000000;0.000000;0.000000;2.000000;196.677185;254.608124;1710.272583;0.066271;0.000000;0.000000;0.000000;0.000000;2.000000;206.835999;425.580231;1650.255493;0.215094;0.000000;0.000000;0.000000;0.000000;2.000000;-79.065498;-150.587891;2009.640625;0.063704;0.000000;0.000000;0.000000;0.000000;2.000000;-228.310638;-88.804855;1657.514160;0.172344;0.000000;0.000000;0.000000;0.000000;2.000000;-169.134491;271.690033;1740.106201;0.180627;0.000000;0.000000;0.000000;0.000000;2.000000;-158.688019;420.114410;1664.330933;0.137055;0.000000;0.000000;0.000000;0.000000;2.000000;31.864950;-689.325867;2224.898438;0.153788;0.000000;0.000000;0.000000;0.000000;2.000000;55.179760;-753.081421;2084.812500;0.351779;0.000000;0.000000;0.000000;0.000000;2.000000;88.979851;-767.763184;2124.588867;0.342520;0.000000;0.000000;0.000000;0.000000;2.000000;129.853241;-715.652710;2228.011230;0.233100;0.000000;0.000000;0.000000;0.000000;2.000000;41.434059;-784.859741;2121.051758;0.318516;0.000000;0.000000;0.000000;0.000000;2.000000;-18.111572;-778.236328;2232.948242;0.190839;0.000000;0.000000;0.000000;0.000000;2.000000;3820600064.000000
0.000000;-150.000000;2000.000000;0.000000;0.000000;0.000000;0.000000;0.000000;2.000000;14.415169;-289.261566;2102.027344;0.034560;0.000000;0.000000;0.000000;0.000000;2.000000;25.175518;-405.117432;2177.143555;0.057055;0.000000;0.000000;0.000000;0.000000;2.000000;33.407242;-611.533997;2219.187988;0.087607;0.000000;0.000000;0.000000;0.000000;2.000000;64.357391;-577.515320;2206.936279;0.079287;0.000000;0.000000;0.000000;0.000000;2.000000;197.848297;-565.843506;2170.708496;0.080162;0.000000;0.000000;0.000000;0.000000;2.000000;191.638718;-387.216614;1970.562256;0.253273;0.000000;0.000000;0.000000;0.000000;2.000000;54.745094;-553.421570;2036.584229;0.332580;0.000000;0.000000;0.000000;0.000000;2.000000;104.838448;-607.913757;2093.716797;0.583490;0.000000;0.000000;0.000000;0.000000;2.000000;23.500225;-661.997803;2132.031982;1.540717;0.000000;0.000000;0.000000;0.000000;1.000000;31.474403;-600.949585;2169.953613;0.277292;0.000000;0.000000;0.000000;0.000000;2.000000;0.228806;-576.925232;2219.482666;0.077664;0.000000;0.000000;0.000000;0.000000;2.000000;-125.832703;-558.645142;2210.439453;0.082428;0.000000;0.000000;0.000000;0.000000;2.000000;-261.461212;-323.596161;2177.097412;0.156433;0.000000;0.000000;0.000000;0.000000;2.000000;-221.826447;-244.585587;1966.855835;0.107427;0.000000;0.000000;0.000000;0.000000;2.000000;-188.527771;-211.849792;1877.662720;0.098264;0.000000;0.000000;0.000000;0.000000;2.000000;-162.254486;-174.692200;1785.112671;0.080482;0.000000;0.000000;0.000000;0.000000;2.000000;-106.334335;-199.005447;1957.634888;0.054674;0.000000;0.000000;0.000000;0.000000;2.000000;87.838402;-149.028534;1988.915649;0.015948;0.000000;0.000000;0.000000;0.000000;2.000000;219.808868;-105.409821;1625.875732;0.044806;0.000000;0.000000;0.000000;0.000000;2.000000;197.544815;255.891602;1709.467407;0.052463;0.000000;0.000000;0.000000;0.000000;2.000000;208.459015;427.445129;1649.950806;0.074848;0.000000;0.000000;0.000000;0.000000;2.000000;-79.207756;-150.875992;2009.995361;0.014382;0.000000;0.000000;0.000000;0.000000;2.000000;-230.304138;-88.589478;1657.742798;0.060640;0.000000;0.000000;0.000000;0.000000;2.000000;-167.954666;271.608643;1743.245850;0.100811;0.000000;0.000000;0.000000;0.000000;2.000000;-157.875305;420.451294;1667.374512;0.095198;0.000000;0.000000;0.000000;0.000000;2.000000;33.991543;-690.791748;2222.286133;0.110385;0.000000;0.000000;0.000000;0.000000;2.000000;50.447971;-759.455933;2083.142090;0.243768;0.000000;0.000000;0.000000;0.000000;2.000000;86.625183;-772.386719;2121.586914;0.180121;0.000000;0.000000;0.000000;0.000000;2.000000;132.546799;-716.052734;2220.940430;0.227675;0.000000;0.000000;0.000000;0.000000;2.000000;39.056038;-790.122925;2121.269531;0.173665;0.000000;0.000000;0.000000;0.000000;2.000000;-14.506195;-780.068604;2236.231445;0.156525;0.000000;0.000000;0.000000;0.000000;2.000000;3820633344.000000
0.000000;-150.000000;2000.000000;0.000000;0.000000;0.000000;0.000000;0.000000;2.000000;12.373819;-291.323914;2102.666016;0.089280;0.000000;0.000000;0.000000;0.000000;2.000000;21.517323;-409.181000;2177.668457;0.165047;0.000000;0.000000;0.000000;0.000000;2.000000;35.759022;-617.432007;2220.581543;0.195334;0.000000;0.000000;0.000000;0.000000;2.000000;66.083855;-582.155823;2208.305664;0.154361;0.000000;0.000000;0.000000;0.000000;2.000000;199.530472;-565.308960;2168.342529;0.088697;0.000000;0.000000;0.000000;0.000000;2.000000;193.203735;-378.721130;1971.567627;0.261320;0.000000;0.000000;0.000000;0.000000;2.000000;54.785896;-550.658325;2027.312866;0.290699;0.000000;0.000000;0.000000;0.000000;2.000000;105.120544;-602.797729;2087.988281;0.230939;0.000000;0.000000;0.000000;0.000000;2.000000;20.052876;-660.208374;2114.760254;0.531943;0.000000;0.000000;0.000000;0.000000;2.000000;32.600536;-601.082031;2161.861572;0.245526;0.000000;0.000000;0.000000;0.000000;2.000000;1.201900;-583.452515;2220.636475;0.201308;0.000000;0.000000;0.000000;0.000000;2.000000;-126.243576;-564.622681;2212.494141;0.190329;0.000000;0.000000;0.000000;0.000000;2.000000;-260.388092;-325.495758;2177.719727;0.068172;0.000000;0.000000;0.000000;0.000000;2.000000;-223.671051;-244.581757;1964.988281;0.078875;0.000000;0.000000;0.000000;0.000000;2.000000;-189.747192;-211.660400;1874.864380;0.091898;0.000000;0.000000;0.000000;0.000000;2.000000;-163.271866;-173.714569;1781.442261;0.118157;0.000000;0.000000;0.000000;0.000000;2.000000;-106.956940;-198.713959;1954.623535;0.092813;0.000000;0.000000;0.000000;0.000000;2.000000;88.954895;-149.367859;1990.148926;0.051017;0.000000;0.000000;0.000000;0.000000;2.000000;219.240036;-104.983765;1622.087158;0.115825;0.000000;0.000000;0.000000;0.000000;2.000000;194.091446;259.513611;1708.933105;0.151229;0.000000;0.000000;0.000000;0.000000;2.000000;209.598709;429.936035;1641.630737;0.263203;0.000000;0.000000;0.000000;0.000000;2.000000;-80.214539;-150.570023;2008.883179;0.046006;0.000000;0.000000;0.000000;0.000000;2.000000;-233.146973;-92.040970;1652.137695;0.215451;0.000000;0.000000;0.000000;0.000000;2.000000;-168.525253;270.969727;1741.932373;0.047119;0.000000;0.000000;0.000000;0.000000;2.000000;-158.350418;418.801147;1660.288940;0.219071;0.000000;0.000000;0.000000;0.000000;2.000000;38.696171;-697.492188;2223.857910;0.250501;0.000000;0.000000;0.000000;0.000000;2.000000;57.607323;-761.051147;2080.748291;0.231841;0.000000;0.000000;0.000000;0.000000;2.000000;91.105957;-778.632385;2120.587891;0.232914;0.000000;0.000000;0.000000;0.000000;2.000000;136.199280;-730.167603;2225.952881;0.463262;0.000000;0.000000;0.000000;0.000000;2.000000;41.952477;-792.950439;2117.029785;0.176133;0.000000;0.000000;0.000000;0.000000;2.000000;-17.257664;-784.475952;2230.879395;0.224135;0.000000;0.000000;0.000000;0.000000;2.000000;3820666624.000000
0.000000;-150.000015;2000.000000;0.000000;0.000000;0.000000;0.000000;0.000000;2.000000;11.888134;-292.203491;2102.138672;0.034097;0.000000;0.000000;0.000000;0.000000;2.000000;20.671387;-410.393036;2177.213135;0.046472;0.000000;0.000000;0.000000;0.000000;2.000000;36.639874;-619.018188;2219.936523;0.057860;0.000000;0.000000;0.000000;0.000000;2.000000;66.743347;-583.400635;2207.703613;0.046033;0.000000;0.000000;0.000000;0.000000;2.000000;200.640182;-565.710388;2168.578369;0.036160;0.000000;0.000000;0.000000;0.000000;2.000000;192.578156;-379.068604;1971.129150;0.025218;0.000000;0.000000;0.000000;0.000000;2.000000;54.109512;-551.291626;2027.822266;0.031772;0.000000;0.000000;0.000000;0.000000;2.000000;106.705070;-605.791382;2084.697754;0.141896;0.000000;0.000000;0.000000;0.000000;2.000000;18.409212;-659.717041;2109.041992;0.179389;0.000000;0.000000;0.000000;0.000000;2.000000;30.694042;-602.103027;2162.024414;0.065168;0.000000;0.000000;0.000000;0.000000;2.000000;1.729610;-585.254333;2220.016602;0.059411;0.000000;0.000000;0.000000;0.000000;2.000000;-126.321030;-568.304749;2212.989990;0.111662;0.000000;0.000000;0.000000;0.000000;2.000000;-262.713379;-330.005432;2176.671631;0.155679;0.000000;0.000000;0.000000;0.000000;2.000000;-223.874527;-245.321594;1965.260376;0.024463;0.000000;0.000000;0.000000;0.000000;2.000000;-189.756943;-212.365067;1874.979736;0.021458;0.000000;0.000000;0.000000;0.000000;2.000000;-163.107758;-174.390106;1781.373047;0.020992;0.000000;0.000000;0.000000;0.000000;2.000000;-106.963959;-199.084259;1955.484009;0.028149;0.000000;0.000000;0.000000;0.000000;2.000000;89.134155;-149.705276;1990.035889;0.011973;0.000000;0.000000;0.000000;0.000000;2.000000;219.139008;-105.550980;1620.962402;0.037973;0.000000;0.000000;0.000000;0.000000;2.000000;194.045380;259.602539;1708.496216;0.013468;0.000000;0.000000;0.000000;0.000000;2.000000;209.253296;430.187866;1640.480469;0.036873;0.000000;0.000000;0.000000;0.000000;2.000000;-80.376198;-150.265808;2008.985107;0.010795;0.000000;0.000000;0.000000;0.000000;2.000000;-235.420425;-93.347031;1651.978027;0.078929;0.000000;0.000000;0.000000;0.000000;2.000000;-168.289063;269.674133;1743.265625;0.056310;0.000000;0.000000;0.000000;0.000000;2.000000;-159.060593;417.630859;1660.998169;0.046326;0.000000;0.000000;0.000000;0.000000;2.000000;40.243961;-699.224854;2223.110352;0.073336;0.000000;0.000000;0.000000;0.000000;2.000000;56.580978;-764.596680;2080.133301;0.112439;0.000000;0.000000;0.000000;0.000000;2.000000;91.227936;-781.356689;2119.501953;0.088200;0.000000;0.000000;0.000000;0.000000;2.000000;138.305527;-730.965698;2223.395508;0.102399;0.000000;0.000000;0.000000;0.000000;2.000000;42.051891;-796.239441;2117.248535;0.099092;0.000000;0.000000;0.000000;0.000000;2.000000;-14.757973;-786.845947;2232.546631;0.114990;0.000000;0.000000;0.000000;0.000000;2.000000;3820699904.000000
0.000000;-150.000015;2000.000000;0.000000;0.000000;0.000000;0.000000;0.000000;2.000000;12.504976;-291.405090;2101.401367;0.037262;0.000000;0.000000;0.000000;0.000000;2.000000;21.716686;-409.415375;2175.156250;0.074721;0.000000;0.000000;0.000000;0.000000;2.000000;35.217335;-617.379272;2215.631836;0.143750;0.000000;0.000000;0.000000;0.000000;2.000000;65.503662;-582.256958;2203.533691;0.134128;0.000000;0.000000;0.000000;0.000000;2.000000;199.991074;-566.476196;2168.833496;0.030886;0.000000;0.000000;0.000000;0.000000;2.000000;192.835495;-380.797699;1972.640991;0.068917;0.000000;0.000000;0.000000;0.000000;2.000000;56.016434;-553.904114;2025.103149;0.126000;0.000000;0.000000;0.000000;0.000000;2.000000;108.087830;-605.429443;2084.262207;0.044556;0.000000;0.000000;0.000000;0.000000;2.000000;19.802879;-655.531738;2113.583008;0.188778;0.000000;0.000000;0.000000;0.000000;1.000000;31.907225;-602.355042;2159.034424;0.096510;0.000000;0.000000;0.000000;0.000000;2.000000;0.959072;-583.365112;2216.307617;0.126227;0.000000;0.000000;0.000000;0.000000;2.000000;-126.568832;-567.583801;2211.326172;0.054573;0.000000;0.000000;0.000000;0.000000;2.000000;-257.122589;-327.879791;2175.189697;0.183746;0.000000;0.000000;0.000000;0.000000;2.000000;-222.461319;-246.236511;1963.338257;0.076191;0.000000;0.000000;0.000000;0.000000;2.000000;-189.095718;-211.833603;1873.997192;0.038708;0.000000;0.000000;0.000000;0.000000;2.000000;-161.931427;-174.357208;1781.024170;0.036600;0.000000;0.000000;0.000000;0.000000;2.000000;-106.313736;-199.715714;1955.178833;0.028518;0.000000;0.000000;0.000000;0.000000;2.000000;88.599121;-149.321152;1990.020508;0.019645;0.000000;0.000000;0.000000;0.000000;2.000000;220.190643;-105.120758;1623.992920;0.096509;0.000000;0.000000;0.000000;0.000000;2.000000;196.121567;258.961609;1706.645508;0.085109;0.000000;0.000000;0.000000;0.000000;2.000000;210.067764;430.316101;1643.389038;0.090147;0.000000;0.000000;0.000000;0.000000;2.000000;-79.893723;-150.612183;2008.998901;0.017715;0.000000;0.000000;0.000000;0.000000;2.000000;-235.633255;-95.914444;1654.499756;0.107496;0.000000;0.000000;0.000000;0.000000;2.000000;-168.390366;266.899048;1736.790894;0.210076;0.000000;0.000000;0.000000;0.000000;2.000000;-157.138031;419.378662;1665.866455;0.164548;0.000000;0.000000;0.000000;0.000000;2.000000;37.777172;-697.179199;2218.041992;0.178808;0.000000;0.000000;0.000000;0.000000;2.000000;56.864120;-764.242004;2077.230225;0.087617;0.000000;0.000000;0.000000;0.000000;2.000000;93.178360;-777.087524;2116.113281;0.172622;0.000000;0.000000;0.000000;0.000000;2.000000;137.480301;-720.794006;2217.283203;0.354710;0.000000;0.000000;0.000000;0.000000;2.000000;45.614014;-795.808716;2115.131104;0.124233;0.000000;0.000000;0.000000;0.000000;2.000000;-9.535908;-788.123718;2230.516602;0.171357;0.000000;0.000000;0.000000;0.000000;2.000000;3820733440.000000
0.000000;-150.000015;2000.000000;0.000000;0.000000;0.000000;0.000000;0.000000;2.000000;12.581858;-291.745758;2102.107422;0.023669;0.000000;0.000000;0.000000;0.000000;2.000000;21.673473;-410.949219;2175.002197;0.046339;0.000000;0.000000;0.000000;0.000000;2.000000;39.067554;-618.597656;2219.807617;0.174553;0.000000;0.000000;0.000000;0.000000;2.000000;68.869568;-582.958984;2207.269775;0.152568;0.000000;0.000000;0.000000;0.000000;2.000000;203.776062;-565.512451;2172.754883;0.166305;0.000000;0.000000;0.000000;0.000000;2.000000;194.776154;-374.998291;1979.821655;0.283411;0.000000;0.000000;0.000000;0.000000;2.000000;53.776039;-548.300903;2023.773926;0.185672;0.000000;0.000000;0.000000;0.000000;2.000000;100.744270;-615.129150;2071.361328;0.532830;0.000000;0.000000;0.000000;0.000000;2.000000;13.970419;-655.339172;2117.256836;0.207205;0.000000;0.000000;0.000000;0.000000;2.000000;32.900322;-600.757813;2156.935059;0.084695;0.000000;0.000000;0.000000;0.000000;2.000000;3.980946;-585.154846;2219.496582;0.142544;0.000000;0.000000;0.000000;0.000000;2.000000;-124.136841;-570.102661;2214.203857;0.136182;0.000000;0.000000;0.000000;0.000000;2.000000;-258.343872;-331.913330;2173.395020;0.137638;0.000000;0.000000;0.000000;0.000000;2.000000;-221.709564;-247.053619;1962.150269;0.048860;0.000000;0.000000;0.000000;0.000000;2.000000;-187.643906;-212.665283;1872.610596;0.065296;0.000000;0.000000;0.000000;0.000000;2.000000;-160.511734;-174.140869;1779.595215;0.060874;0.000000;0.000000;0.000000;0.000000;2.000000;-105.360916;-199.437546;1955.484375;0.031207;0.000000;0.000000;0.000000;0.000000;2.000000;88.930176;-149.459915;1989.791626;0.012792;0.000000;0.000000;0.000000;0.000000;2.000000;220.829727;-105.746582;1622.155273;0.061412;0.000000;0.000000;0.000000;0.000000;2.000000;196.159119;258.882080;1708.856567;0.066491;0.000000;0.000000;0.000000;0.000000;2.000000;210.771271;429.669739;1642.199219;0.045850;0.000000;0.000000;0.000000;0.000000;2.000000;-80.192261;-150.487061;2009.205322;0.011536;0.000000;0.000000;0.000000;0.000000;2.000000;-233.537384;-94.134781;1652.214844;0.107422;0.000000;0.000000;0.000000;0.000000;2.000000;-167.270065;268.674011;1741.892334;0.165756;0.000000;0.000000;0.000000;0.000000;2.000000;-157.071152;419.306458;1665.480957;0.011955;0.000000;0.000000;0.000000;0.000000;2.000000;43.242203;-698.583374;2223.805176;0.242353;0.000000;0.000000;0.000000;0.000000;2.000000;52.722855;-762.513306;2079.898682;0.156882;0.000000;0.000000;0.000000;0.000000;2.000000;89.816673;-778.782715;2117.030762;0.116439;0.000000;0.000000;0.000000;0.000000;2.000000;141.595703;-728.223389;2218.282227;0.256960;0.000000;0.000000;0.000000;0.000000;2.000000;41.000256;-794.637756;2117.454590;0.159160;0.000000;0.000000;0.000000;0.000000;2.000000;-9.235794;-787.217651;2235.633301;0.156399;0.000000;0.000000;0.000000;0.000000;2.000000;3820766720.000000
0.000000;-150.000015;2000.000000;0.000000;0.000000;0.000000;0.000000;0.000000;2.000000;12.253277;-291.432373;2101.770020;0.016998;0.000000;0.000000;0.000000;0.000000;2.000000;21.070072;-410.357574;2174.426514;0.030725;0.000000;0.000000;0.000000;0.000000;2.000000;36.199211;-617.583740;2219.270996;0.092826;0.000000;0.000000;0.000000;0.000000;2.000000;66.288101;-582.388306;2206.665039;0.081493;0.000000;0.000000;0.000000;0.000000;2.000000;201.317596;-566.559204;2173.415527;0.082707;0.000000;0.000000;0.000000;0.000000;2.000000;194.591034;-380.320587;1977.271851;0.177418;0.000000;0.000000;0.000000;0.000000;2.000000;54.124222;-551.371460;2028.039429;0.158271;0.000000;0.000000;0.000000;0.000000;2.000000;97.995926;-617.042419;2079.526367;0.265176;0.000000;0.000000;0.000000;0.000000;2.000000;10.192020;-654.129761;2125.430664;0.273009;0.000000;0.000000;0.000000;0.000000;1.000000;33.289051;-601.025330;2162.220703;0.159455;0.000000;0.000000;0.000000;0.000000;2.000000;1.582539;-583.841858;2219.008301;0.083460;0.000000;0.000000;0.000000;0.000000;2.000000;-126.136703;-568.171143;2214.430176;0.083820;0.000000;0.000000;0.000000;0.000000;2.000000;-258.198395;-329.365570;2175.314453;0.095949;0.000000;0.000000;0.000000;0.000000;2.000000;-221.593170;-245.680374;1964.276001;0.076124;0.000000;0.000000;0.000000;0.000000;2.000000;-187.442566;-213.258881;1874.348022;0.055500;0.000000;0.000000;0.000000;0.000000;2.000000;-160.805527;-175.531189;1781.178589;0.063928;0.000000;0.000000;0.000000;0.000000;2.000000;-104.661484;-201.025467;1954.715698;0.057025;0.000000;0.000000;0.000000;0.000000;2.000000;88.687874;-149.659882;1989.794556;0.009440;0.000000;0.000000;0.000000;0.000000;2.000000;221.013794;-104.981018;1623.564453;0.048505;0.000000;0.000000;0.000000;0.000000;2.000000;196.436920;258.614441;1710.238403;0.043109;0.000000;0.000000;0.000000;0.000000;2.000000;210.872925;429.452820;1645.059326;0.086242;0.000000;0.000000;0.000000;0.000000;2.000000;-79.973755;-150.306732;2009.202759;0.008513;0.000000;0.000000;0.000000;0.000000;2.000000;-234.234894;-94.945786;1653.620361;0.053073;0.000000;0.000000;0.000000;0.000000;2.000000;-167.386658;267.475342;1740.037354;0.066456;0.000000;0.000000;0.000000;0.000000;2.000000;-156.546326;418.693115;1665.916626;0.027563;0.000000;0.000000;0.000000;0.000000;2.000000;39.478130;-697.391052;2223.325439;0.119514;0.000000;0.000000;0.000000;0.000000;2.000000;51.023071;-762.516418;2080.577148;0.054994;0.000000;0.000000;0.000000;0.000000;2.000000;90.669937;-774.086792;2116.596680;0.144006;0.000000;0.000000;0.000000;0.000000;2.000000;139.902908;-716.646240;2214.995117;0.365181;0.000000;0.000000;0.000000;0.000000;2.000000;43.952438;-794.885193;2118.894043;0.098970;0.000000;0.000000;0.000000;0.000000;2.000000;-2.889046;-790.528137;2238.235840;0.228866;0.000000;0.000000;0.000000;0.000000;2.000000;3820800000.000000
0.000000;-149.999985;2000.000000;0.000001;0.000000;0.000000;0.000000;0.000000;2.000000;12.474958;-290.564270;2101.458008;0.028508;0.000000;0.000000;0.000000;0.000000;2.000000;21.495090;-408.591553;2174.222412;0.054924;0.000000;0.000000;0.000000;0.000000;2.000000;34.141876;-615.439941;2216.509277;0.121891;0.000000;0.000000;0.000000;0.000000;2.000000;64.452164;-580.679810;2204.134277;0.107059;0.000000;0.000000;0.000000;0.000000;2.000000;199.653381;-566.178467;2174.050293;0.054730;0.000000;0.000000;0.000000;0.000000;2.000000;197.786804;-378.692444;1980.861938;0.152485;0.000000;0.000000;0.000000;0.000000;2.000000;57.348328;-548.468384;2030.944336;0.156888;0.000000;0.000000;0.000000;0.000000;2.000000;101.377029;-618.653564;2074.940430;0.177915;0.000000;0.000000;0.000000;0.000000;2.000000;13.694139;-673.197876;2095.380127;1.074568;0.000000;0.000000;0.000000;0.000000;1.000000;32.950718;-600.273438;2162.088867;0.025090;0.000000;0.000000;0.000000;0.000000;2.000000;0.141087;-581.417236;2216.852295;0.106681;0.000000;0.000000;0.000000;0.000000;2.000000;-126.904091;-565.360291;2212.857178;0.099495;0.000000;0.000000;0.000000;0.000000;2.000000;-257.538361;-326.932739;2176.368164;0.082096;0.000000;0.000000;0.000000;0.000000;2.000000;-219.956787;-247.776306;1964.997192;0.082787;0.000000;0.000000;0.000000;0.000000;2.000000;-186.587128;-214.072647;1875.819092;0.056679;0.000000;0.000000;0.000000;0.000000;2.000000;-159.691345;-176.821838;1783.109009;0.077392;0.000000;0.000000;0.000000;0.000000;2.000000;-104.217796;-202.121811;1954.297607;0.037694;0.000000;0.000000;0.000000;0.000000;2.000000;88.226624;-149.624390;1989.672241;0.014378;0.000000;0.000000;0.000000;0.000000;2.000000;220.945526;-104.504913;1625.726563;0.066555;0.000000;0.000000;0.000000;0.000000;2.000000;197.438263;257.354492;1711.929932;0.070157;0.000000;0.000000;0.000000;0.000000;2.000000;211.368195;427.975647;1648.660156;0.117892;0.000000;0.000000;0.000000;0.000000;2.000000;-79.557823;-150.338699;2009.312866;0.012964;0.000000;0.000000;0.000000;0.000000;2.000000;-232.638123;-95.089813;1655.344971;0.070755;0.000000;0.000000;0.000000;0.000000;2.000000;-167.120361;265.813354;1740.904785;0.056898;0.000000;0.000000;0.000000;0.000000;2.000000;-157.876953;417.618958;1669.734009;0.125689;0.000000;0.000000;0.000000;0.000000;2.000000;36.387100;-694.925537;2219.663086;0.161942;0.000000;0.000000;0.000000;0.000000;2.000000;58.792675;-766.481567;2082.245117;0.266855;0.000000;0.000000;0.000000;0.000000;2.000000;95.876068;-775.347900;2121.226563;0.212748;0.000000;0.000000;0.000000;0.000000;2.000000;136.971466;-712.344604;2219.177734;0.200652;0.000000;0.000000;0.000000;0.000000;2.000000;49.719746;-796.887207;2121.406738;0.198371;0.000000;0.000000;0.000000;0.000000;2.000000;-5.035259;-787.618652;2236.333984;0.122751;0.000000;0.000000;0.000000;0.000000;2.000000;3820833280.000000
0.000000;-150.000000;2000.000000;0.000000;0.000000;0.000000;0.000000;0.000000;2.000000;12.516333;-290.526245;2101.461182;0.001691;0.000000;0.000000;0.000000;0.000000;2.000000;21.574780;-408.503967;2174.260986;0.003742;0.000000;0.000000;0.000000;0.000000;2.000000;34.323631;-615.292297;2216.651855;0.008238;0.000000;0.000000;0.000000;0.000000;2.000000;64.611908;-580.528748;2204.260254;0.007614;0.000000;0.000000;0.000000;0.000000;2.000000;199.730896;-565.909119;2173.961182;0.008837;0.000000;0.000000;0.000000;0.000000;2.000000;196.633881;-379.397522;1979.904053;0.049774;0.000000;0.000000;0.000000;0.000000;2.000000;57.177418;-549.485840;2031.494507;0.035133;0.000000;0.000000;0.000000;0.000000;2.000000;101.953606;-619.122925;2075.577148;0.029413;0.000000;0.000000;0.000000;0.000000;2.000000;15.244068;-674.682678;2097.312012;0.086771;0.000000;0.000000;0.000000;0.000000;2.000000;34.253269;-601.166443;2162.983887;0.054545;0.000000;0.000000;0.000000;0.000000;2.000000;0.310837;-581.291626;2216.976563;0.007362;0.000000;0.000000;0.000000;0.000000;2.000000;-126.720131;-565.285522;2212.942871;0.006499;0.000000;0.000000;0.000000;0.000000;2.000000;-257.409149;-326.958344;2176.304199;0.004400;0.000000;0.000000;0.000000;0.000000;2.000000;-219.841217;-247.872803;1964.941284;0.004826;0.000000;0.000000;0.000000;0.000000;2.000000;-186.483154;-214.101120;1875.801758;0.003281;0.000000;0.000000;0.000000;0.000000;2.000000;-159.687286;-176.667740;1783.153687;0.004823;0.000000;0.000000;0.000000;0.000000;2.000000;-104.210091;-201.890778;1954.609253;0.011659;0.000000;0.000000;0.000000;0.000000;2.000000;88.213074;-149.599869;1989.672119;0.000842;0.000000;0.000000;0.000000;0.000000;2.000000;220.990906;-104.388702;1625.822021;0.004720;0.000000;0.000000;0.000000;0.000000;2.000000;197.290436;257.396423;1712.042603;0.005725;0.000000;0.000000;0.000000;0.000000;2.000000;211.182281;428.012146;1648.828857;0.007623;0.000000;0.000000;0.000000;0.000000;2.000000;-79.545609;-150.360809;2009.313110;0.000759;0.000000;0.000000;0.000000;0.000000;2.000000;-232.666443;-95.320862;1655.394531;0.007151;0.000000;0.000000;0.000000;0.000000;2.000000;-167.373444;265.578674;1740.892334;0.010378;0.000000;0.000000;0.000000;0.000000;2.000000;-158.485321;417.343689;1669.649292;0.020225;0.000000;0.000000;0.000000;0.000000;2.000000;36.608490;-694.763062;2219.847656;0.009942;0.000000;0.000000;0.000000;0.000000;2.000000;58.613487;-765.307861;2081.869629;0.037418;0.000000;0.000000;0.000000;0.000000;2.000000;95.909546;-774.296143;2120.608154;0.036675;0.000000;0.000000;0.000000;0.000000;2.000000;137.237122;-711.805908;2218.766602;0.021871;0.000000;0.000000;0.000000;0.000000;2.000000;49.840363;-796.002502;2120.864258;0.031393;0.000000;0.000000;0.000000;0.000000;2.000000;-4.389183;-787.703064;2236.093018;0.020874;0.000000;0.000000;0.000000;0.000000;2.000000;3820866560.000000
0.000000;-150.000000;2000.000000;0.000000;0.000000;0.000000;0.000000;0.000000;2.000000;12.520967;-290.532867;2101.461914;0.000242;0.000000;0.000000;0.000000;0.000000;2.000000;21.583080;-408.517487;2174.259277;0.000476;0.000000;0.000000;0.000000;0.000000;2.000000;34.343822;-615.314392;2216.641113;0.000948;0.000000;0.000000;0.000000;0.000000;2.000000;64.631470;-580.546997;2204.252441;0.000831;0.000000;0.000000;0.000000;0.000000;2.000000;199.755997;-565.915161;2173.961914;0.000770;0.000000;0.000000;0.000000;0.000000;2.000000;196.638153;-379.404510;1979.891113;0.000457;0.000000;0.000000;0.000000;0.000000;2.000000;57.213398;-549.526062;2031.492432;0.001610;0.000000;0.000000;0.000000;0.000000;2.000000;102.027061;-619.150024;2075.564453;0.002365;0.000000;0.000000;0.000000;0.000000;2.000000;15.373650;-674.785156;2097.348145;0.005043;0.000000;0.000000;0.000000;0.000000;2.000000;34.351463;-601.256958;2162.982422;0.003982;0.000000;0.000000;0.000000;0.000000;2.000000;0.327618;-581.314819;2216.966309;0.000907;0.000000;0.000000;0.000000;0.000000;2.000000;-126.708084;-565.313477;2212.921875;0.001103;0.000000;0.000000;0.000000;0.000000;2.000000;-257.405945;-326.980988;2176.277588;0.001046;0.000000;0.000000;0.000000;0.000000;2.000000;-219.823654;-247.880417;1964.914429;0.000983;0.000000;0.000000;0.000000;0.000000;2.000000;-186.462875;-214.091904;1875.778198;0.000967;0.000000;0.000000;0.000000;0.000000;2.000000;-159.675217;-176.626831;1783.136597;0.001370;0.000000;0.000000;0.000000;0.000000;2.000000;-104.198013;-201.865433;1954.608521;0.000837;0.000000;0.000000;0.000000;0.000000;2.000000;88.216202;-149.596436;1989.672485;0.000139;0.000000;0.000000;0.000000;0.000000;2.000000;221.002975;-104.370010;1625.813110;0.000715;0.000000;0.000000;0.000000;0.000000;2.000000;197.290878;257.428955;1712.028442;0.001058;0.000000;0.000000;0.000000;0.000000;2.000000;211.187119;428.037537;1648.778076;0.001699;0.000000;0.000000;0.000000;0.000000;2.000000;-79.548431;-150.363922;2009.312744;0.000126;0.000000;0.000000;0.000000;0.000000;2.000000;-232.676620;-95.326340;1655.382324;0.000501;0.000000;0.000000;0.000000;0.000000;2.000000;-167.414978;265.593689;1740.875244;0.001412;0.000000;0.000000;0.000000;0.000000;2.000000;-158.588196;417.360901;1669.615479;0.003270;0.000000;0.000000;0.000000;0.000000;2.000000;36.633793;-694.788025;2219.833008;0.001146;0.000000;0.000000;0.000000;0.000000;2.000000;58.680698;-765.364929;2081.872070;0.002630;0.000000;0.000000;0.000000;0.000000;2.000000;95.971588;-774.337402;2120.621582;0.002258;0.000000;0.000000;0.000000;0.000000;2.000000;137.269165;-711.813721;2218.777100;0.001032;0.000000;0.000000;0.000000;0.000000;2.000000;49.904625;-796.052734;2120.873535;0.002448;0.000000;0.000000;0.000000;0.000000;2.000000;-4.352177;-787.734558;2236.093018;0.001449;0.000000;0.000000;0.000000;0.000000;2.000000;3820900096.000000
0.000000;-150.000000;2000.000000;0.000000;0.000000;0.000000;0.000000;0.000000;2.000000;11.791866;-289.633209;2102.791016;0.052969;0.000000;0.000000;0.000000;0.000000;2.000000;20.834949;-404.251404;2180.790771;0.235489;0.000000;0.000000;0.000000;0.000000;2.000000;35.376835;-612.177612;2216.592773;0.099244;0.000000;0.000000;0.000000;0.000000;2.000000;65.484001;-576.625305;2206.137695;0.133234;0.000000;0.000000;0.000000;0.000000;2.000000;199.902924;-558.246216;2174.751465;0.231697;0.000000;0.000000;0.000000;0.000000;2.000000;197.760651;-379.682281;1973.321533;0.200438;0.000000;0.000000;0.000000;0.000000;2.000000;64.118729;-553.688538;2027.246094;0.273819;0.000000;0.000000;0.000000;0.000000;2.000000;104.355949;-620.642456;2079.176270;0.136698;0.000000;0.000000;0.000000;0.000000;2.000000;20.965990;-682.726807;2095.634766;0.296366;0.000000;0.000000;0.000000;0.000000;2.000000;35.197491;-601.456177;2159.182373;0.117133;0.000000;0.000000;0.000000;0.000000;2.000000;0.898029;-578.648987;2217.183838;0.082177;0.000000;0.000000;0.000000;0.000000;2.000000;-125.843529;-561.841309;2209.091797;0.157496;0.000000;0.000000;0.000000;0.000000;2.000000;-254.847351;-321.818848;2177.809082;0.179132;0.000000;0.000000;0.000000;0.000000;2.000000;-220.752258;-242.393936;1965.969727;0.170183;0.000000;0.000000;0.000000;0.000000;2.000000;-185.726288;-213.712112;1875.686890;0.025053;0.000000;0.000000;0.000000;0.000000;2.000000;-160.572998;-175.910217;1782.721191;0.036704;0.000000;0.000000;0.000000;0.000000;2.000000;-104.113548;-199.186249;1954.945801;0.081179;0.000000;0.000000;0.000000;0.000000;2.000000;88.377869;-149.028824;1991.180786;0.048668;0.000000;0.000000;0.000000;0.000000;2.000000;221.293396;-101.280746;1627.678711;0.108790;0.000000;0.000000;0.000000;0.000000;2.000000;197.770233;261.007904;1711.912842;0.108556;0.000000;0.000000;0.000000;0.000000;2.000000;210.900726;431.125702;1647.179443;0.104843;0.000000;0.000000;0.000000;0.000000;2.000000;-79.694199;-150.875763;2007.952637;0.043886;0.000000;0.000000;0.000000;0.000000;2.000000;-231.691742;-89.723785;1654.526489;0.172851;0.000000;0.000000;0.000000;0.000000;2.000000;-167.892761;270.844513;1742.615479;0.166835;0.000000;0.000000;0.000000;0.000000;2.000000;-161.882996;422.312653;1670.421021;0.180350;0.000000;0.000000;0.000000;0.000000;2.000000;38.678715;-691.679688;2217.200684;0.136950;0.000000;0.000000;0.000000;0.000000;2.000000;56.523964;-772.323364;2084.234863;0.230126;0.000000;0.000000;0.000000;0.000000;2.000000;97.520172;-774.193359;2120.132324;0.048991;0.000000;0.000000;0.000000;0.000000;2.000000;140.104065;-699.333069;2208.634277;0.490695;0.000000;0.000000;0.000000;0.000000;2.000000;54.028316;-799.968140;2126.300781;0.236198;0.000000;0.000000;0.000000;0.000000;2.000000;8.646444;-786.131165;2244.785156;0.472327;0.000000;0.000000;0.000000;0.000000;2.000000;3820933376.000000
0.000000;-149.999985;2000.000000;0.000000;0.000000;0.000000;0.000000;0.000000;2.000000;11.791853;-289.633911;2102.791504;0.000026;0.000000;0.000000;0.000000;0.000000;2.000000;20.834902;-404.252930;2180.791016;0.000046;0.000000;0.000000;0.000000;0.000000;2.000000;35.376366;-612.180176;2216.593018;0.000079;0.000000;0.000000;0.000000;0.000000;2.000000;65.483772;-576.627686;2206.138184;0.000073;0.000000;0.000000;0.000000;0.000000;2.000000;199.903580;-558.249512;2174.751953;0.000102;0.000000;0.000000;0.000000;0.000000;2.000000;197.761688;-379.684784;1973.321411;0.000081;0.000000;0.000000;0.000000;0.000000;2.000000;64.120102;-553.694397;2027.240234;0.000252;0.000000;0.000000;0.000000;0.000000;2.000000;104.357834;-620.652222;2079.165527;0.000440;0.000000;0.000000;0.000000;0.000000;2.000000;20.967094;-682.738892;2095.614746;0.000703;0.000000;0.000000;0.000000;0.000000;2.000000;35.195805;-601.478821;2159.170898;0.000764;0.000000;0.000000;0.000000;0.000000;2.000000;0.897449;-578.651306;2217.183838;0.000072;0.000000;0.000000;0.000000;0.000000;2.000000;-125.844620;-561.843445;2209.090576;0.000081;0.000000;0.000000;0.000000;0.000000;2.000000;-254.849579;-321.820496;2177.805664;0.000132;0.000000;0.000000;0.000000;0.000000;2.000000;-220.752747;-242.394974;1965.965820;0.000122;0.000000;0.000000;0.000000;0.000000;2.000000;-185.726913;-213.710739;1875.683228;0.000119;0.000000;0.000000;0.000000;0.000000;2.000000;-160.576340;-175.903107;1782.718628;0.000248;0.000000;0.000000;0.000000;0.000000;2.000000;-104.114899;-199.184937;1954.936523;0.000284;0.000000;0.000000;0.000000;0.000000;2.000000;88.378281;-149.028732;1991.180908;0.000013;0.000000;0.000000;0.000000;0.000000;2.000000;221.296082;-101.279373;1627.678101;0.000092;0.000000;0.000000;0.000000;0.000000;2.000000;197.771347;261.010437;1711.914185;0.000092;0.000000;0.000000;0.000000;0.000000;2.000000;210.903015;431.129395;1647.181763;0.000148;0.000000;0.000000;0.000000;0.000000;2.000000;-79.694580;-150.875824;2007.952637;0.000012;0.000000;0.000000;0.000000;0.000000;2.000000;-231.690613;-89.727188;1654.523315;0.000144;0.000000;0.000000;0.000000;0.000000;2.000000;-167.895706;270.844482;1742.608765;0.000220;0.000000;0.000000;0.000000;0.000000;2.000000;-161.887222;422.311829;1670.410889;0.000331;0.000000;0.000000;0.000000;0.000000;2.000000;38.678123;-691.682617;2217.200684;0.000090;0.000000;0.000000;0.000000;0.000000;2.000000;56.520485;-772.331177;2084.236816;0.000264;0.000000;0.000000;0.000000;0.000000;2.000000;97.516281;-774.202759;2120.135254;0.000318;0.000000;0.000000;0.000000;0.000000;2.000000;140.103607;-699.342285;2208.635742;0.000281;0.000000;0.000000;0.000000;0.000000;2.000000;54.022610;-799.974854;2126.303467;0.000277;0.000000;0.000000;0.000000;0.000000;2.000000;8.639734;-786.132080;2244.787109;0.000212;0.000000;0.000000;0.000000;0.000000;2.000000;3820966656.000000
0.000000;-149.999985;2000.000000;0.000000;0.000000;0.000000;0.000000;0.000000;2.000000;11.791853;-289.633911;2102.791504;0.000000;0.000000;0.000000;0.000000;0.000000;2.000000;20.834902;-404.252930;2180.791016;0.000000;0.000000;0.000000;0.000000;0.000000;2.000000;35.376366;-612.180176;2216.593018;0.000000;0.000000;0.000000;0.000000;0.000000;2.000000;65.483772;-576.627686;2206.138184;0.000000;0.000000;0.000000;0.000000;0.000000;2.000000;199.903580;-558.249512;2174.751953;0.000000;0.000000;0.000000;0.000000;0.000000;2.000000;197.761688;-379.684784;1973.321411;0.000000;0.000000;0.000000;0.000000;0.000000;2.000000;64.120102;-553.694397;2027.240234;0.000000;0.000000;0.000000;0.000000;0.000000;2.000000;104.357834;-620.652222;2079.165527;0.000000;0.000000;0.000000;0.000000;0.000000;2.000000;20.967094;-682.738892;2095.614746;0.000000;0.000000;0.000000;0.000000;0.000000;2.000000;35.195805;-601.478821;2159.170898;0.000000;0.000000;0.000000;0.000000;0.000000;2.000000;0.897449;-578.651306;2217.183838;0.000000;0.000000;0.000000;0.000000;0.000000;2.000000;-125.844620;-561.843445;2209.090576;0.000000;0.000000;0.000000;0.000000;0.000000;2.000000;-254.849579;-321.820496;2177.805664;0.000000;0.000000;0.000000;0.000000;0.000000;2.000000;-220.752747;-242.394974;1965.965820;0.000000;0.000000;0.000000;0.000000;0.000000;2.000000;-185.726913;-213.710739;1875.683228;0.000000;0.000000;0.000000;0.000000;0.000000;2.000000;-160.576340;-175.903107;1782.718628;0.000000;0.000000;0.000000;0.000000;0.000000;2.000000;-104.114899;-199.184937;1954.936523;0.000000;0.000000;0.000000;0.000000;0.000000;2.000000;88.378281;-149.028732;1991.180908;0.000000;0.000000;0.000000;0.000000;0.000000;2.000000;221.296082;-101.279373;1627.678101;0.000000;0.000000;0.000000;0.000000;0.000000;2.000000;197.771347;261.010437;1711.914185;0.000000;0.000000;0.000000;0.000000;0.000000;2.000000;210.903015;431.129395;1647.181763;0.000000;0.000000;0.000000;0.000000;0.000000;2.000000;-79.694580;-150.875824;2007.952637;0.000000;0.000000;0.000000;0.000000;0.000000;2.000000;-231.690613;-89.727188;1654.523315;0.000000;0.000000;0.000000;0.000000;0.000000;2.000000;-167.895706;270.844482;1742.608765;0.000000;0.000000;0.000000;0.000000;0.000000;2.000000;-161.887222;422.311829;1670.410889;0.000000;0.000000;0.000000;0.000000;0.000000;2.000000;38.678123;-691.682617;2217.200684;0.000000;0.000000;0.000000;0.000000;0.000000;2.000000;56.520485;-772.331177;2084.236816;0.000000;0.000000;0.000000;0.000000;0.000000;2.000000;97.516281;-774.202759;2120.135254;0.000000;0.000000;0.000000;0.000000;0.000000;2.000000;140.103607;-699.342285;2208.635742;0.000000;0.000000;0.000000;0.000000;0.000000;2.000000;54.022610;-799.974854;2126.303467;0.000000;0.000000;0.000000;0.000000;0.000000;2.000000;8.639734;-786.132080;2244.787109;0.000000;0.000000;0.000000;0.000000;0.000000;2.000000;3820999936.000000
0.000000;-149.999985;2000.000000;0.000000;0.000000;0.000000;0.000000;0.000000;2.000000;11.791853;-289.633911;2102.791504;0.000000;0.000000;0.000000;0.000000;0.000000;2.000000;20.834902;-404.252930;2180.791016;0.000000;0.000000;0.000000;0.000000;0.000000;2.000000;35.376366;-612.180176;2216.593018;0.000000;0.000000;0.000000;0.000000;0.000000;2.000000;65.483772;-576.627686;2206.138184;0.000000;0.000000;0.000000;0.000000;0.000000;2.000000;199.903580;-558.249512;2174.751953;0.000000;0.000000;0.000000;0.000000;0.000000;2.000000;197.761688;-379.684784;1973.321411;0.000000;0.000000;0.000000;0.000000;0.000000;2.000000;64.120102;-553.694397;2027.240234;0.000000;0.000000;0.000000;0.000000;0.000000;2.000000;104.357834;-620.652222;2079.165527;0.000000;0.000000;0.000000;0.000000;0.000000;2.000000;20.967094;-682.738892;2095.614746;0.000000;0.000000;0.000000;0.000000;0.000000;2.000000;35.195805;-601.478821;2159.170898;0.000000;0.000000;0.000000;0.000000;0.000000;2.000000;0.897449;-578.651306;2217.183838;0.000000;0.000000;0.000000;0.000000;0.000000;2.000000;-125.844620;-561.843445;2209.090576;0.000000;0.000000;0.000000;0.000000;0.000000;2.000000;-254.849579;-321.820496;2177.805664;0.000000;0.000000;0.000000;0.000000;0.000000;2.000000;-220.752747;-242.394974;1965.965820;0.000000;0.000000;0.000000;0.000000;0.000000;2.000000;-185.726913;-213.710739;1875.683228;0.000000;0.000000;0.000000;0.000000;0.000000;2.000000;-160.576340;-175.903107;1782.718628;0.000000;0.000000;0.000000;0.000000;0.000000;2.000000;-104.114899;-199.184937;1954.936523;0.000000;0.000000;0.000000;0.000000;0.000000;2.000000;88.378281;-149.028732;1991.180908;0.000000;0.000000;0.000000;0.000000;0.000000;2.000000;221.296082;-101.279373;1627.678101;0.000000;0.000000;0.000000;0.000000;0.000000;2.000000;197.771347;261.010437;1711.914185;0.000000;0.000000;0.000000;0.000000;0.000000;2.000000;210.903015;431.129395;1647.181763;0.000000;0.000000;0.000000;0.000000;0.000000;2.000000;-79.694580;-150.875824;2007.952637;0.000000;0.000000;0.000000;0.000000;0.000000;2.000000;-231.690613;-89.727188;1654.523315;0.000000;0.000000;0.000000;0.000000;0.000000;2.000000;-167.895706;270.844482;1742.608765;0.000000;0.000000;0.000000;0.000000;0.000000;2.000000;-161.887222;422.311829;1670.410889;0.000000;0.000000;0.000000;0.000000;0.000000;2.000000;38.678123;-691.682617;2217.200684;0.000000;0.000000;0.000000;0.000000;0.000000;2.000000;56.520485;-772.331177;2084.236816;0.000000;0.000000;0.000000;0.000000;0.000000;2.000000;97.516281;-774.202759;2120.135254;0.000000;0.000000;0.000000;0.000000;0.000000;2.000000;140.103607;-699.342285;2208.635742;0.000000;0.000000;0.000000;0.000000;0.000000;2.000000;54.022610;-799.974854;2126.303467;0.000000;0.000000;0.000000;0.000000;0.000000;2.000000;8.639734;-786.132080;2244.787109;0.000000;0.000000;0.000000;0.000000;0.000000;2.000000;3821033472.000000
0.000000;-150.000000;2000.000000;0.000000;0.000000;0.000000;0.000000;0.000000;2.000000;14.453901;-290.537170;2102.966064;0.084631;0.000000;0.000000;0.000000;0.000000;2.000000;25.774540;-404.827148;2182.604492;0.159052;0.000000;0.000000;0.000000;0.000000;2.000000;39.682159;-614.604370;2215.139648;0.154766;0.000000;0.000000;0.000000;0.000000;2.000000;70.081451;-578.787476;2205.146484;0.155517;0.000000;0.000000;0.000000;0.000000;2.000000;205.042450;-560.547852;2172.362793;0.183757;0.000000;0.000000;0.000000;0.000000;2.000000;200.126648;-370.033325;1979.995117;0.359677;0.000000;0.000000;0.000000;0.000000;2.000000;73.662109;-554.655273;2019.676758;0.367004;0.000000;0.000000;0.000000;0.000000;2.000000;103.129555;-625.950073;2074.008545;0.225201;0.000000;0.000000;0.000000;0.000000;2.000000;21.635202;-687.427917;2102.117676;0.241736;0.000000;0.000000;0.000000;0.000000;2.000000;46.375534;-606.546082;2152.045166;0.426471;0.000000;0.000000;0.000000;0.000000;2.000000;5.129005;-580.760620;2216.364258;0.144190;0.000000;0.000000;0.000000;0.000000;2.000000;-122.431290;-563.686768;2209.775879;0.118369;0.000000;0.000000;0.000000;0.000000;2.000000;-257.198273;-325.530640;2174.484375;0.165435;0.000000;0.000000;0.000000;0.000000;2.000000;-217.958466;-245.680344;1962.226807;0.171516;0.000000;0.000000;0.000000;0.000000;2.000000;-183.440979;-214.906631;1871.765381;0.140955;0.000000;0.000000;0.000000;0.000000;2.000000;-159.532013;-173.980133;1779.110352;0.126802;0.000000;0.000000;0.000000;0.000000;2.000000;-100.758728;-200.380661;1958.004150;0.141271;0.000000;0.000000;0.000000;0.000000;2.000000;88.824020;-147.754639;1990.595947;0.044204;0.000000;0.000000;0.000000;0.000000;2.000000;227.579117;-103.776443;1626.313843;0.207251;0.000000;0.000000;0.000000;0.000000;2.000000;196.765213;258.996490;1715.755249;0.133780;0.000000;0.000000;0.000000;0.000000;2.000000;212.385239;428.761871;1647.676758;0.085239;0.000000;0.000000;0.000000;0.000000;2.000000;-80.096512;-152.024750;2008.479980;0.039860;0.000000;0.000000;0.000000;0.000000;2.000000;-232.406403;-92.725006;1652.330078;0.113666;0.000000;0.000000;0.000000;0.000000;2.000000;-170.423126;270.588654;1740.008179;0.109238;0.000000;0.000000;0.000000;0.000000;2.000000;-161.294525;423.358307;1668.565186;0.066195;0.000000;0.000000;0.000000;0.000000;2.000000;42.700294;-694.588867;2214.427246;0.170815;0.000000;0.000000;0.000000;0.000000;2.000000;62.855652;-771.452759;2078.490479;0.258355;0.000000;0.000000;0.000000;0.000000;2.000000;101.383743;-778.143188;2116.948242;0.191558;0.000000;0.000000;0.000000;0.000000;2.000000;144.146149;-710.229126;2211.766113;0.361408;0.000000;0.000000;0.000000;0.000000;2.000000;55.415741;-800.645264;2119.266113;0.216502;0.000000;0.000000;0.000000;0.000000;2.000000;3.354431;-787.859985;2235.925293;0.314361;0.000000;0.000000;0.000000;0.000000;2.000000;3821066752.000000
0.000000;-150.000000;2000.000000;0.000000;0.000000;0.000000;0.000000;0.000000;2.000000;13.042696;-290.122955;2103.440918;0.046439;0.000000;0.000000;0.000000;0.000000;2.000000;23.331757;-403.358337;2184.484375;0.102598;0.000000;0.000000;0.000000;0.000000;2.000000;37.414085;-612.741577;2218.164307;0.126640;0.000000;0.000000;0.000000;0.000000;2.000000;67.780815;-576.951660;2208.190918;0.127241;0.000000;0.000000;0.000000;0.000000;2.000000;202.135727;-558.594116;2173.591797;0.111529;0.000000;0.000000;0.000000;0.000000;2.000000;199.864426;-369.797394;1979.841919;0.011556;0.000000;0.000000;0.000000;0.000000;2.000000;71.633614;-552.394348;2021.937378;0.113775;0.000000;0.000000;0.000000;0.000000;2.000000;100.379105;-628.440796;2069.657715;0.171822;0.000000;0.000000;0.000000;0.000000;2.000000;22.385618;-688.438477;2108.482422;0.194952;0.000000;0.000000;0.000000;0.000000;2.000000;46.925110;-606.268188;2154.076660;0.063786;0.000000;0.000000;0.000000;0.000000;2.000000;2.821918;-578.990234;2218.990723;0.117746;0.000000;0.000000;0.000000;0.000000;2.000000;-124.760208;-563.391479;2211.570801;0.088796;0.000000;0.000000;0.000000;0.000000;2.000000;-256.886444;-323.927856;2177.165527;0.094328;0.000000;0.000000;0.000000;0.000000;2.000000;-220.016266;-246.810028;1963.708740;0.083417;0.000000;0.000000;0.000000;0.000000;2.000000;-183.674667;-217.702820;1873.517090;0.099394;0.000000;0.000000;0.000000;0.000000;2.000000;-160.601288;-175.143082;1781.497192;0.086007;0.000000;0.000000;0.000000;0.000000;2.000000;-103.772507;-200.783417;1953.129517;0.172632;0.000000;0.000000;0.000000;0.000000;2.000000;88.817429;-148.188263;1991.255371;0.023715;0.000000;0.000000;0.000000;0.000000;2.000000;227.271820;-103.985962;1627.280273;0.031116;0.000000;0.000000;0.000000;0.000000;2.000000;196.741837;258.711304;1715.653320;0.009127;0.000000;0.000000;0.000000;0.000000;2.000000;211.871063;427.829590;1646.326782;0.051661;0.000000;0.000000;0.000000;0.000000;2.000000;-80.090576;-151.633713;2007.885498;0.021382;0.000000;0.000000;0.000000;0.000000;2.000000;-232.709900;-93.239899;1652.120972;0.019027;0.000000;0.000000;0.000000;0.000000;2.000000;-169.534912;269.442444;1740.034180;0.043579;0.000000;0.000000;0.000000;0.000000;2.000000;-161.286392;421.566040;1667.486816;0.062851;0.000000;0.000000;0.000000;0.000000;2.000000;40.585533;-692.648071;2217.886719;0.135072;0.000000;0.000000;0.000000;0.000000;2.000000;73.417564;-764.376221;2081.783691;0.394622;0.000000;0.000000;0.000000;0.000000;2.000000;107.002441;-774.220825;2123.946533;0.294304;0.000000;0.000000;0.000000;0.000000;2.000000;140.963501;-712.208496;2225.945068;0.440683;0.000000;0.000000;0.000000;0.000000;2.000000;60.352745;-794.915588;2120.020996;0.228391;0.000000;0.000000;0.000000;0.000000;2.000000;-4.171745;-785.001587;2230.432373;0.292851;0.000000;0.000000;0.000000;0.000000;2.000000;3821100032.000000
0.000000;-150.000000;2000.000000;0.000000;0.000000;0.000000;0.000000;0.000000;2.000000;12.296183;-291.224335;2103.684082;0.040642;0.000000;0.000000;0.000000;0.000000;2.000000;21.667278;-408.265747;2180.676270;0.193232;0.000000;0.000000;0.000000;0.000000;2.000000;39.525078;-617.555054;2220.153809;0.168869;0.000000;0.000000;0.000000;0.000000;2.000000;69.514954;-581.157288;2209.951172;0.146569;0.000000;0.000000;0.000000;0.000000;2.000000;204.075363;-558.465637;2175.555664;0.083030;0.000000;0.000000;0.000000;0.000000;2.000000;201.113861;-373.070984;1976.489624;0.145711;0.000000;0.000000;0.000000;0.000000;2.000000;70.201126;-554.398071;2022.489380;0.075848;0.000000;0.000000;0.000000;0.000000;2.000000;102.201294;-629.315125;2070.960693;0.072257;0.000000;0.000000;0.000000;0.000000;2.000000;22.560152;-688.858154;2108.738770;0.015680;0.000000;0.000000;0.000000;0.000000;2.000000;46.976440;-607.724609;2155.971924;0.071838;0.000000;0.000000;0.000000;0.000000;2.000000;4.008320;-584.382385;2219.304443;0.166167;0.000000;0.000000;0.000000;0.000000;2.000000;-123.614197;-566.697876;2206.624756;0.182055;0.000000;0.000000;0.000000;0.000000;2.000000;-255.615067;-324.731506;2177.263184;0.045290;0.000000;0.000000;0.000000;0.000000;2.000000;-219.739853;-244.689423;1963.328369;0.065268;0.000000;0.000000;0.000000;0.000000;2.000000;-184.744858;-212.640778;1872.962524;0.156357;0.000000;0.000000;0.000000;0.000000;2.000000;-159.145340;-172.497452;1779.873779;0.103020;0.000000;0.000000;0.000000;0.000000;2.000000;-102.389572;-198.912216;1955.130615;0.092215;0.000000;0.000000;0.000000;0.000000;2.000000;89.370934;-148.235229;1991.805054;0.023482;0.000000;0.000000;0.000000;0.000000;2.000000;229.575180;-103.750397;1626.177124;0.077066;0.000000;0.000000;0.000000;0.000000;2.000000;197.230682;260.458221;1716.547485;0.060770;0.000000;0.000000;0.000000;0.000000;2.000000;212.238541;429.719940;1644.870361;0.072550;0.000000;0.000000;0.000000;0.000000;2.000000;-80.589706;-151.591385;2007.389771;0.021176;0.000000;0.000000;0.000000;0.000000;2.000000;-232.907303;-91.517914;1649.372559;0.097635;0.000000;0.000000;0.000000;0.000000;2.000000;-168.990173;273.368256;1736.743774;0.154786;0.000000;0.000000;0.000000;0.000000;2.000000;-161.585114;425.990204;1662.966797;0.190262;0.000000;0.000000;0.000000;0.000000;2.000000;44.447002;-697.799805;2221.970703;0.229096;0.000000;0.000000;0.000000;0.000000;2.000000;66.365089;-766.971924;2081.405518;0.226097;0.000000;0.000000;0.000000;0.000000;2.000000;103.474609;-777.645508;2120.713623;0.176814;0.000000;0.000000;0.000000;0.000000;2.000000;145.736511;-717.324158;2221.461914;0.249689;0.000000;0.000000;0.000000;0.000000;2.000000;56.427650;-798.512817;2120.142578;0.160022;0.000000;0.000000;0.000000;0.000000;2.000000;0.737427;-791.047607;2236.243164;0.291976;0.000000;0.000000;0.000000;0.000000;2.000000;3821133312.000000
0.000000;-149.999985;2000.000000;0.000000;0.000000;0.000000;0.000000;0.000000;2.000000;12.288507;-291.101776;2103.863037;0.006522;0.000000;0.000000;0.000000;0.000000;2.000000;21.657431;-408.058380;2180.993896;0.011402;0.000000;0.000000;0.000000;0.000000;2.000000;39.387756;-617.447449;2220.041992;0.006226;0.000000;0.000000;0.000000;0.000000;2.000000;69.403915;-581.040161;2209.942383;0.004857;0.000000;0.000000;0.000000;0.000000;2.000000;204.035019;-559.006714;2175.374023;0.017193;0.000000;0.000000;0.000000;0.000000;2.000000;200.657547;-372.267639;1977.560913;0.042508;0.000000;0.000000;0.000000;0.000000;2.000000;69.700226;-553.735229;2022.918823;0.028102;0.000000;0.000000;0.000000;0.000000;2.000000;102.301788;-629.262573;2070.030273;0.028164;0.000000;0.000000;0.000000;0.000000;2.000000;24.085962;-690.212097;2108.547363;0.061565;0.000000;0.000000;0.000000;0.000000;2.000000;46.869038;-609.102051;2155.673828;0.042470;0.000000;0.000000;0.000000;0.000000;2.000000;3.885334;-584.255615;2219.232910;0.005726;0.000000;0.000000;0.000000;0.000000;2.000000;-123.706589;-566.845276;2205.835938;0.024272;0.000000;0.000000;0.000000;0.000000;2.000000;-257.346344;-326.102753;2173.845459;0.122272;0.000000;0.000000;0.000000;0.000000;2.000000;-219.583649;-246.820465;1959.942993;0.120292;0.000000;0.000000;0.000000;0.000000;2.000000;-184.210495;-215.335281;1869.521851;0.132294;0.000000;0.000000;0.000000;0.000000;2.000000;-158.892334;-174.887955;1776.483276;0.124886;0.000000;0.000000;0.000000;0.000000;2.000000;-102.452911;-200.523468;1951.664917;0.114858;0.000000;0.000000;0.000000;0.000000;2.000000;89.378220;-148.214005;1991.851563;0.001552;0.000000;0.000000;0.000000;0.000000;2.000000;231.853561;-104.230652;1627.025513;0.074465;0.000000;0.000000;0.000000;0.000000;2.000000;197.863541;259.727295;1717.860229;0.048989;0.000000;0.000000;0.000000;0.000000;2.000000;212.412140;428.377686;1644.645508;0.041226;0.000000;0.000000;0.000000;0.000000;2.000000;-80.596268;-151.610489;2007.347778;0.001400;0.000000;0.000000;0.000000;0.000000;2.000000;-234.655579;-91.963501;1649.988647;0.057285;0.000000;0.000000;0.000000;0.000000;2.000000;-169.180847;272.571106;1737.736938;0.038693;0.000000;0.000000;0.000000;0.000000;2.000000;-162.730789;424.412842;1662.264893;0.062261;0.000000;0.000000;0.000000;0.000000;2.000000;44.272148;-697.701111;2221.692139;0.010318;0.000000;0.000000;0.000000;0.000000;2.000000;69.840515;-768.003052;2082.302246;0.112212;0.000000;0.000000;0.000000;0.000000;2.000000;106.399658;-777.654297;2122.385254;0.101233;0.000000;0.000000;0.000000;0.000000;2.000000;145.858231;-715.583740;2223.213867;0.074294;0.000000;0.000000;0.000000;0.000000;2.000000;59.709702;-799.288208;2121.198486;0.106185;0.000000;0.000000;0.000000;0.000000;2.000000;1.810642;-791.492554;2236.197266;0.034937;0.000000;0.000000;0.000000;0.000000;2.000000;3821166592.000000
0.000000;-150.000000;2000.000000;0.000000;0.000000;0.000000;0.000000;0.000000;2.000000;12.287306;-291.103455;2103.865479;0.000095;0.000000;0.000000;0.000000;0.000000;2.000000;21.655218;-408.061157;2180.999023;0.000186;0.000000;0.000000;0.000000;0.000000;2.000000;39.380013;-617.453613;2220.049805;0.000376;0.000000;0.000000;0.000000;0.000000;2.000000;69.397537;-581.046875;2209.948242;0.000327;0.000000;0.000000;0.000000;0.000000;2.000000;204.030334;-559.022034;2175.372314;0.000480;0.000000;0.000000;0.000000;0.000000;2.000000;200.629944;-372.307587;1977.530396;0.001710;0.000000;0.000000;0.000000;0.000000;2.000000;69.688431;-553.783447;2022.918823;0.001480;0.000000;0.000000;0.000000;0.000000;2.000000;102.312172;-629.312988;2070.014404;0.001606;0.000000;0.000000;0.000000;0.000000;2.000000;24.136692;-690.306946;2108.547852;0.003207;0.000000;0.000000;0.000000;0.000000;2.000000;46.889858;-609.197266;2155.663574;0.002922;0.000000;0.000000;0.000000;0.000000;2.000000;3.878124;-584.260071;2219.241455;0.000359;0.000000;0.000000;0.000000;0.000000;2.000000;-123.715965;-566.845520;2205.850586;0.000519;0.000000;0.000000;0.000000;0.000000;2.000000;-257.352142;-326.094208;2173.874023;0.000906;0.000000;0.000000;0.000000;0.000000;2.000000;-219.600403;-246.804413;1959.968384;0.001026;0.000000;0.000000;0.000000;0.000000;2.000000;-184.222748;-215.309250;1869.550659;0.001214;0.000000;0.000000;0.000000;0.000000;2.000000;-158.899536;-174.853668;1776.515259;0.001415;0.000000;0.000000;0.000000;0.000000;2.000000;-102.469002;-200.494308;1951.735352;0.002323;0.000000;0.000000;0.000000;0.000000;2.000000;89.379608;-148.215271;1991.850952;0.000059;0.000000;0.000000;0.000000;0.000000;2.000000;231.850128;-104.242325;1627.015015;0.000479;0.000000;0.000000;0.000000;0.000000;2.000000;197.873413;259.725220;1717.841064;0.000646;0.000000;0.000000;0.000000;0.000000;2.000000;212.427124;428.375000;1644.618896;0.000914;0.000000;0.000000;0.000000;0.000000;2.000000;-80.597527;-151.609375;2007.348389;0.000053;0.000000;0.000000;0.000000;0.000000;2.000000;-234.651642;-91.958649;1649.980957;0.000295;0.000000;0.000000;0.000000;0.000000;2.000000;-169.176422;272.584412;1737.719238;0.000673;0.000000;0.000000;0.000000;0.000000;2.000000;-162.736511;424.423889;1662.235840;0.000942;0.000000;0.000000;0.000000;0.000000;2.000000;44.261822;-697.708618;2221.700684;0.000458;0.000000;0.000000;0.000000;0.000000;2.000000;69.781265;-768.022583;2082.305176;0.001862;0.000000;0.000000;0.000000;0.000000;2.000000;106.345703;-777.684692;2122.382080;0.001849;0.000000;0.000000;0.000000;0.000000;2.000000;145.844116;-715.623657;2223.203125;0.001302;0.000000;0.000000;0.000000;0.000000;2.000000;59.647934;-799.304199;2121.204590;0.001911;0.000000;0.000000;0.000000;0.000000;2.000000;1.772762;-791.487793;2236.216309;0.001272;0.000000;0.000000;0.000000;0.000000;2.000000;3821200128.000000
0.000000;-150.000000;2000.000000;0.000000;0.000000;0.000000;0.000000;0.000000;2.000000;12.283226;-291.929443;2104.346680;0.028724;0.000000;0.000000;0.000000;0.000000;2.000000;21.983025;-407.160980;2185.324463;0.133121;0.000000;0.000000;0.000000;0.000000;2.000000;40.243107;-618.005493;2222.605469;0.082733;0.000000;0.000000;0.000000;0.000000;2.000000;70.303955;-581.319641;2212.395996;0.078858;0.000000;0.000000;0.000000;0.000000;2.000000;205.925491;-559.760742;2178.294434;0.106982;0.000000;0.000000;0.000000;0.000000;2.000000;202.743088;-374.011505;1977.537231;0.081567;0.000000;0.000000;0.000000;0.000000;2.000000;70.039307;-554.608704;2027.315552;0.134833;0.000000;0.000000;0.000000;0.000000;2.000000;105.442963;-634.104004;2066.191406;0.206811;0.000000;0.000000;0.000000;0.000000;2.000000;26.795208;-698.684021;2099.098877;0.387756;0.000000;0.000000;0.000000;0.000000;2.000000;47.101288;-615.696411;2157.829590;0.205945;0.000000;0.000000;0.000000;0.000000;2.000000;4.547058;-584.625916;2222.499756;0.100550;0.000000;0.000000;0.000000;0.000000;2.000000;-123.852371;-568.083374;2208.928711;0.099775;0.000000;0.000000;0.000000;0.000000;2.000000;-259.468719;-327.353912;2172.439697;0.085645;0.000000;0.000000;0.000000;0.000000;2.000000;-218.865250;-246.594910;1958.253784;0.056409;0.000000;0.000000;0.000000;0.000000;2.000000;-182.863358;-215.572739;1867.296997;0.079479;0.000000;0.000000;0.000000;0.000000;2.000000;-157.444214;-174.780029;1773.800293;0.092587;0.000000;0.000000;0.000000;0.000000;2.000000;-100.963745;-199.747986;1953.840332;0.080928;0.000000;0.000000;0.000000;0.000000;2.000000;89.964851;-147.039078;1993.437012;0.061884;0.000000;0.000000;0.000000;0.000000;2.000000;233.449554;-105.135010;1626.457520;0.057531;0.000000;0.000000;0.000000;0.000000;2.000000;198.363144;260.771271;1717.523682;0.035992;0.000000;0.000000;0.000000;0.000000;2.000000;213.232193;430.104279;1643.433228;0.067487;0.000000;0.000000;0.000000;0.000000;2.000000;-81.125259;-152.669998;2005.917969;0.055808;0.000000;0.000000;0.000000;0.000000;2.000000;-233.607681;-90.240646;1646.012939;0.133660;0.000000;0.000000;0.000000;0.000000;2.000000;-167.688187;275.897247;1735.691284;0.124988;0.000000;0.000000;0.000000;0.000000;2.000000;-163.186691;428.704620;1659.957031;0.146345;0.000000;0.000000;0.000000;0.000000;2.000000;45.159687;-698.704895;2223.531006;0.068182;0.000000;0.000000;0.000000;0.000000;2.000000;64.992310;-765.002258;2080.322754;0.180255;0.000000;0.000000;0.000000;0.000000;2.000000;103.487213;-775.762085;2118.685547;0.151830;0.000000;0.000000;0.000000;0.000000;2.000000;147.319733;-716.281250;2220.104980;0.104989;0.000000;0.000000;0.000000;0.000000;2.000000;56.602448;-797.669495;2118.857666;0.125539;0.000000;0.000000;0.000000;0.000000;2.000000;3.422752;-793.585449;2237.067627;0.084174;0.000000;0.000000;0.000000;0.000000;2.000000;3821233408.000000
0.000000;-150.000015;2000.000000;0.000000;0.000000;0.000000;0.000000;0.000000;2.000000;9.870283;-292.268463;2102.435791;0.046523;0.000000;0.000000;0.000000;0.000000;2.000000;17.681919;-406.869293;2183.122314;0.072729;0.000000;0.000000;0.000000;0.000000;2.000000;33.764046;-616.685181;2220.213379;0.105643;0.000000;0.000000;0.000000;0.000000;2.000000;64.082840;-580.382446;2210.725098;0.097798;0.000000;0.000000;0.000000;0.000000;2.000000;200.044266;-562.261353;2179.405762;0.097456;0.000000;0.000000;0.000000;0.000000;2.000000;209.908249;-379.073486;1978.617188;0.132799;0.000000;0.000000;0.000000;0.000000;2.000000;72.163834;-552.097534;2035.162109;0.127826;0.000000;0.000000;0.000000;0.000000;2.000000;92.843430;-627.388550;2088.876709;0.402708;0.000000;0.000000;0.000000;0.000000;2.000000;24.523380;-708.325989;2098.428711;0.149168;0.000000;0.000000;0.000000;0.000000;2.000000;51.484196;-606.349304;2163.740723;0.178729;0.000000;0.000000;0.000000;0.000000;2.000000;-1.510303;-583.270081;2219.446533;0.103929;0.000000;0.000000;0.000000;0.000000;2.000000;-129.629745;-571.314026;2205.471680;0.112195;0.000000;0.000000;0.000000;0.000000;2.000000;-256.225586;-327.374512;2169.925537;0.061652;0.000000;0.000000;0.000000;0.000000;2.000000;-216.858978;-248.400467;1956.268921;0.050336;0.000000;0.000000;0.000000;0.000000;2.000000;-182.849930;-216.781754;1865.404541;0.033740;0.000000;0.000000;0.000000;0.000000;2.000000;-158.680527;-175.966232;1772.254517;0.034669;0.000000;0.000000;0.000000;0.000000;2.000000;-98.894852;-203.316422;1956.803589;0.076305;0.000000;0.000000;0.000000;0.000000;2.000000;89.473099;-148.695282;1993.190918;0.026219;0.000000;0.000000;0.000000;0.000000;2.000000;233.406113;-110.319550;1628.424194;0.083311;0.000000;0.000000;0.000000;0.000000;2.000000;199.090714;254.268921;1716.112183;0.100563;0.000000;0.000000;0.000000;0.000000;2.000000;212.155106;425.414307;1648.774902;0.108016;0.000000;0.000000;0.000000;0.000000;2.000000;-80.681824;-151.176559;2006.140137;0.023642;0.000000;0.000000;0.000000;0.000000;2.000000;-232.872437;-93.933365;1647.711182;0.062056;0.000000;0.000000;0.000000;0.000000;2.000000;-170.355286;271.050476;1735.282471;0.083342;0.000000;0.000000;0.000000;0.000000;2.000000;-168.300873;426.098938;1666.485474;0.130601;0.000000;0.000000;0.000000;0.000000;2.000000;38.126717;-696.958252;2221.103027;0.114822;0.000000;0.000000;0.000000;0.000000;2.000000;69.135353;-761.025879;2079.875000;0.086538;0.000000;0.000000;0.000000;0.000000;2.000000;102.722763;-774.401489;2121.439941;0.047563;0.000000;0.000000;0.000000;0.000000;2.000000;138.546753;-719.525269;2227.612305;0.180194;0.000000;0.000000;0.000000;0.000000;2.000000;55.326202;-793.777344;2116.337402;0.072255;0.000000;0.000000;0.000000;0.000000;2.000000;-9.088146;-789.304688;2227.958008;0.241244;0.000000;0.000000;0.000000;0.000000;2.000000;3821299968.000000
0.000000;-150.000015;2000.000000;0.000000;0.000000;0.000000;0.000000;0.000000;2.000000;9.874056;-292.035034;2102.644531;0.009410;0.000000;0.000000;0.000000;0.000000;2.000000;17.693573;-406.603210;2183.283203;0.009350;0.000000;0.000000;0.000000;0.000000;2.000000;34.961502;-615.741943;2223.096191;0.097987;0.000000;0.000000;0.000000;0.000000;2.000000;65.110443;-579.292847;2213.721924;0.100669;0.000000;0.000000;0.000000;0.000000;2.000000;202.137833;-560.992249;2187.871094;0.264791;0.000000;0.000000;0.000000;0.000000;2.000000;211.671448;-382.030090;1983.429321;0.177785;0.000000;0.000000;0.000000;0.000000;2.000000;81.567108;-560.218750;2041.653931;0.421230;0.000000;0.000000;0.000000;0.000000;2.000000;96.767082;-630.886108;2102.890137;0.449723;0.000000;0.000000;0.000000;0.000000;2.000000;22.175947;-706.600952;2105.020508;0.216551;0.000000;0.000000;0.000000;0.000000;2.000000;53.541306;-605.874512;2171.464355;0.240594;0.000000;0.000000;0.000000;0.000000;2.000000;-0.573921;-582.670776;2221.315918;0.065354;0.000000;0.000000;0.000000;0.000000;2.000000;-128.548737;-571.003052;2206.270508;0.041456;0.000000;0.000000;0.000000;0.000000;2.000000;-257.092865;-328.614838;2168.030518;0.072873;0.000000;0.000000;0.000000;0.000000;2.000000;-211.921661;-244.614105;1957.558594;0.190934;0.000000;0.000000;0.000000;0.000000;2.000000;-178.277908;-215.877274;1865.650879;0.140238;0.000000;0.000000;0.000000;0.000000;2.000000;-155.755005;-175.216492;1772.066284;0.090923;0.000000;0.000000;0.000000;0.000000;2.000000;-93.111816;-202.062363;1959.189819;0.191721;0.000000;0.000000;0.000000;0.000000;2.000000;89.485214;-148.130966;1993.978149;0.029107;0.000000;0.000000;0.000000;0.000000;2.000000;242.279785;-108.466110;1633.137207;0.307005;0.000000;0.000000;0.000000;0.000000;2.000000;202.974243;256.544067;1716.239990;0.135298;0.000000;0.000000;0.000000;0.000000;2.000000;211.681335;427.335327;1647.505859;0.070631;0.000000;0.000000;0.000000;0.000000;2.000000;-80.692749;-151.685425;2005.430298;0.026246;0.000000;0.000000;0.000000;0.000000;2.000000;-223.406784;-86.925507;1644.555298;0.366375;0.000000;0.000000;0.000000;0.000000;2.000000;-169.575317;278.177185;1736.653687;0.219327;0.000000;0.000000;0.000000;0.000000;2.000000;-168.771545;433.130554;1667.775879;0.215280;0.000000;0.000000;0.000000;0.000000;2.000000;40.014656;-695.925903;2225.003662;0.133857;0.000000;0.000000;0.000000;0.000000;2.000000;79.110435;-765.143555;2088.354980;0.412401;0.000000;0.000000;0.000000;0.000000;2.000000;113.182358;-772.665894;2130.956055;0.428089;0.000000;0.000000;0.000000;0.000000;2.000000;141.984711;-708.266724;2233.808594;0.399728;0.000000;0.000000;0.000000;0.000000;2.000000;67.955467;-796.784790;2126.633789;0.497891;0.000000;0.000000;0.000000;0.000000;2.000000;1.765533;-791.768616;2237.130127;0.433361;0.000000;0.000000;0.000000;0.000000;2.000000;3821333248.000000
0.000000;-150.000000;2000.000000;0.000000;0.000000;0.000000;0.000000;0.000000;2.000000;8.452566;-291.476563;2102.830322;0.045877;0.000000;0.000000;0.000000;0.000000;2.000000;15.237501;-404.017975;2185.803955;0.130216;0.000000;0.000000;0.000000;0.000000;2.000000;33.011848;-613.569885;2220.124512;0.124204;0.000000;0.000000;0.000000;0.000000;2.000000;63.042858;-576.760193;2212.539551;0.103670;0.000000;0.000000;0.000000;0.000000;2.000000;200.875000;-558.564331;2193.644043;0.190505;0.000000;0.000000;0.000000;0.000000;2.000000;217.384140;-387.201447;1984.057983;0.230537;0.000000;0.000000;0.000000;0.000000;2.000000;85.294426;-561.677551;2046.762085;0.193510;0.000000;0.000000;0.000000;0.000000;2.000000;99.220352;-630.324707;2110.211914;0.230863;0.000000;0.000000;0.000000;0.000000;2.000000;28.412630;-708.458862;2098.861816;0.267169;0.000000;0.000000;0.000000;0.000000;2.000000;52.469456;-607.876465;2173.753174;0.096141;0.000000;0.000000;0.000000;0.000000;2.000000;-2.626274;-580.777588;2218.382813;0.120754;0.000000;0.000000;0.000000;0.000000;2.000000;-130.405380;-571.529358;2202.647461;0.122404;0.000000;0.000000;0.000000;0.000000;2.000000;-262.297638;-331.972504;2162.763184;0.242447;0.000000;0.000000;0.000000;0.000000;2.000000;-218.076111;-246.531342;1953.273560;0.230810;0.000000;0.000000;0.000000;0.000000;2.000000;-178.934052;-219.234924;1863.395020;0.122196;0.000000;0.000000;0.000000;0.000000;2.000000;-152.834442;-176.782074;1771.833984;0.099053;0.000000;0.000000;0.000000;0.000000;2.000000;-99.299774;-204.851120;1956.833618;0.214238;0.000000;0.000000;0.000000;0.000000;2.000000;89.351677;-148.041046;1995.350464;0.041201;0.000000;0.000000;0.000000;0.000000;2.000000;241.419189;-109.788162;1635.070313;0.074400;0.000000;0.000000;0.000000;0.000000;2.000000;202.312851;254.792084;1716.083496;0.056035;0.000000;0.000000;0.000000;0.000000;2.000000;209.972214;426.544281;1650.882568;0.115291;0.000000;0.000000;0.000000;0.000000;2.000000;-80.572334;-151.766464;2004.192627;0.037159;0.000000;0.000000;0.000000;0.000000;2.000000;-224.244659;-88.932526;1644.376465;0.065071;0.000000;0.000000;0.000000;0.000000;2.000000;-171.055298;275.643219;1735.200073;0.097650;0.000000;0.000000;0.000000;0.000000;2.000000;-169.758072;432.677399;1672.291626;0.138490;0.000000;0.000000;0.000000;0.000000;2.000000;38.593048;-693.549927;2219.927734;0.172411;0.000000;0.000000;0.000000;0.000000;2.000000;70.078079;-759.630005;2080.228271;0.397860;0.000000;0.000000;0.000000;0.000000;2.000000;103.360344;-772.379578;2122.033691;0.395772;0.000000;0.000000;0.000000;0.000000;2.000000;138.672272;-716.091309;2227.230469;0.320420;0.000000;0.000000;0.000000;0.000000;2.000000;56.090530;-791.712280;2117.020508;0.479815;0.000000;0.000000;0.000000;0.000000;2.000000;-8.656826;-785.461426;2227.950684;0.454839;0.000000;0.000000;0.000000;0.000000;2.000000;3821366784.000000
0.000000;-150.000000;2000.000000;0.000000;0.000000;0.000000;0.000000;0.000000;2.000000;9.090363;-291.818420;2102.043945;0.032111;0.000000;0.000000;0.000000;0.000000;2.000000;16.365051;-405.015533;2183.872070;0.073594;0.000000;0.000000;0.000000;0.000000;2.000000;34.019226;-614.445007;2217.855225;0.079103;0.000000;0.000000;0.000000;0.000000;2.000000;64.035156;-577.696411;2210.179199;0.081918;0.000000;0.000000;0.000000;0.000000;2.000000;201.571594;-561.359375;2188.532227;0.176309;0.000000;0.000000;0.000000;0.000000;2.000000;212.678741;-380.115570;1987.375244;0.274335;0.000000;0.000000;0.000000;0.000000;2.000000;88.138275;-560.258240;2048.775635;0.113055;0.000000;0.000000;0.000000;0.000000;2.000000;99.994370;-627.714111;2113.782471;0.134926;0.000000;0.000000;0.000000;0.000000;2.000000;33.231197;-708.447510;2097.882080;0.147752;0.000000;0.000000;0.000000;0.000000;2.000000;53.223637;-608.768188;2173.647705;0.035236;0.000000;0.000000;0.000000;0.000000;2.000000;-1.554668;-581.634949;2216.313965;0.074599;0.000000;0.000000;0.000000;0.000000;2.000000;-129.181000;-571.406982;2200.863281;0.065125;0.000000;0.000000;0.000000;0.000000;2.000000;-262.130737;-332.660339;2161.289063;0.049136;0.000000;0.000000;0.000000;0.000000;2.000000;-217.654129;-246.572388;1952.338135;0.030860;0.000000;0.000000;0.000000;0.000000;2.000000;-178.362274;-219.201965;1862.647217;0.028303;0.000000;0.000000;0.000000;0.000000;2.000000;-152.220963;-176.850830;1771.153809;0.027600;0.000000;0.000000;0.000000;0.000000;2.000000;-99.305008;-203.991058;1955.275146;0.053487;0.000000;0.000000;0.000000;0.000000;2.000000;89.269714;-147.491638;1995.533691;0.017576;0.000000;0.000000;0.000000;0.000000;2.000000;244.327545;-108.257416;1637.008545;0.114650;0.000000;0.000000;0.000000;0.000000;2.000000;202.303085;255.402985;1719.180664;0.094857;0.000000;0.000000;0.000000;0.000000;2.000000;211.233673;425.076508;1649.314331;0.074849;0.000000;0.000000;0.000000;0.000000;2.000000;-80.498428;-152.261887;2004.027466;0.015848;0.000000;0.000000;0.000000;0.000000;2.000000;-224.866348;-89.328613;1644.878174;0.026793;0.000000;0.000000;0.000000;0.000000;2.000000;-168.421326;275.794525;1729.985962;0.175589;0.000000;0.000000;0.000000;0.000000;2.000000;-160.777481;421.365387;1644.428711;0.943029;0.000000;0.000000;0.000000;0.000000;2.000000;39.494732;-694.362488;2217.547363;0.080288;0.000000;0.000000;0.000000;0.000000;2.000000;64.524330;-765.047852;2078.954590;0.236254;0.000000;0.000000;0.000000;0.000000;2.000000;102.921143;-771.519287;2117.639893;0.135178;0.000000;0.000000;0.000000;0.000000;2.000000;141.634048;-705.435669;2215.563721;0.483044;0.000000;0.000000;0.000000;0.000000;2.000000;57.938042;-796.105713;2118.529297;0.150216;0.000000;0.000000;0.000000;0.000000;2.000000;4.059975;-790.097778;2235.016602;0.458802;0.000000;0.000000;0.000000;0.000000;2.000000;3821400064.000000
