posX0;posY0;posZ0;posVel0;rotX0;rotY0;rotZ0;rotVel0;confidence0;posX1;posY1;posZ1;posVel1;rotX1;rotY1;rotZ1;rotVel1;confidence1;posX2;posY2;posZ2;posVel2;rotX2;rotY2;rotZ2;rotVel2;confidence2;posX3;posY3;posZ3;posVel3;rotX3;rotY3;rotZ3;rotVel3;confidence3;posX4;posY4;posZ4;posVel4;rotX4;rotY4;rotZ4;rotVel4;confidence4;posX5;posY5;posZ5;posVel5;rotX5;rotY5;rotZ5;rotVel5;confidence5;posX6;posY6;posZ6;posVel6;rotX6;rotY6;rotZ6;rotVel6;confidence6;posX7;posY7;posZ7;posVel7;rotX7;rotY7;rotZ7;rotVel7;confidence7;posX8;posY8;posZ8;posVel8;rotX8;rotY8;rotZ8;rotVel8;confidence8;posX9;posY9;posZ9;posVel9;rotX9;rotY9;rotZ9;rotVel9;confidence9;posX10;posY10;posZ10;posVel10;rotX10;rotY10;rotZ10;rotVel10;confidence10;posX11;posY11;posZ11;posVel11;rotX11;rotY11;rotZ11;rotVel11;confidence11;posX12;posY12;posZ12;posVel12;rotX12;rotY12;rotZ12;rotVel12;confidence12;posX13;posY13;posZ13;posVel13;rotX13;rotY13;rotZ13;rotVel13;confidence13;posX14;posY14;posZ14;posVel14;rotX14;rotY14;rotZ14;rotVel14;confidence14;posX15;posY15;posZ15;posVel15;rotX15;rotY15;rotZ15;rotVel15;confidence15;posX16;posY16;posZ16;posVel16;rotX16;rotY16;rotZ16;rotVel16;confidence16;posX17;posY17;posZ17;posVel17;rotX17;rotY17;rotZ17;rotVel17;confidence17;posX18;posY18;posZ18;posVel18;rotX18;rotY18;rotZ18;rotVel18;confidence18;posX19;posY19;posZ19;posVel19;rotX19;rotY19;rotZ19;rotVel19;confidence19;posX20;posY20;posZ20;posVel20;rotX20;rotY20;rotZ20;rotVel20;confidence20;posX21;posY21;posZ21;posVel21;rotX21;rotY21;rotZ21;rotVel21;confidence21;posX22;posY22;posZ22;posVel22;rotX22;rotY22;rotZ22;rotVel22;confidence22;posX23;posY23;posZ23;posVel23;rotX23;rotY23;rotZ23;rotVel23;confidence23;posX24;posY24;posZ24;posVel24;rotX24;rotY24;rotZ24;rotVel24;confidence24;posX25;posY25;posZ25;posVel25;rotX25;rotY25;rotZ25;rotVel25;confidence25;posX26;posY26;posZ26;posVel26;rotX26;rotY26;rotZ26;rotVel26;confidence26;posX27;posY27;posZ27;posVel27;rotX27;rotY27;rotZ27;rotVel27;confidence27;posX28;posY28;posZ28;posVel28;rotX28;rotY28;rotZ28;rotVel28;confidence28;posX29;posY29;posZ29;posVel29;rotX29;rotY29;rotZ29;rotVel29;confidence29;posX30;posY30;posZ30;posVel30;rotX30;rotY30;rotZ30;rotVel30;confidence30;posX31;posY31;posZ31;posVel31;rotX31;rotY31;rotZ31;rotVel31;confidence31;TimeStamp
0.000000;-150.000015;2000.000000;0.000000;0.000000;0.000000;0.000000;0.000000;2.000000;13.362459;-295.437469;2102.018555;0.000000;0.000000;0.000000;0.000000;0.000000;2.000000;24.042723;-411.728577;2183.547852;0.000000;0.000000;0.000000;0.000000;0.000000;2.000000;49.666122;-623.839478;2220.338135;0.000000;0.000000;0.000000;0.000000;0.000000;2.000000;78.872955;-585.406738;2212.242432;0.000000;0.000000;0.000000;0.000000;0.000000;2.000000;203.663849;-538.021240;2161.652588;0.000000;0.000000;0.000000;0.000000;0.000000;2.000000;245.795776;-300.062195;2028.427002;0.000000;0.000000;0.000000;0.000000;0.000000;2.000000;151.974060;-211.492874;1836.086060;0.000000;0.000000;0.000000;0.000000;0.000000;2.000000;163.683777;-151.566147;1761.804688;0.000000;0.000000;0.000000;0.000000;0.000000;2.000000;171.708862;-108.879395;1663.031738;0.000000;0.000000;0.000000;0.000000;0.000000;2.000000;101.270020;-99.185272;1761.403076;0.000000;0.000000;0.000000;0.000000;0.000000;2.000000;12.252584;-591.790833;2218.322754;0.000000;0.000000;0.000000;0.000000;0.000000;2.000000;-118.367607;-600.508484;2207.913086;0.000000;0.000000;0.000000;0.000000;0.000000;2.000000;-244.122070;-526.551636;1967.552002;0.000000;0.000000;0.000000;0.000000;0.000000;2.000000;-68.088821;-676.978394;2004.873047;0.000000;0.000000;0.000000;0.000000;0.000000;2.000000;-17.264320;-754.075867;2051.692383;0.000000;0.000000;0.000000;0.000000;0.000000;2.000000;13.623035;-841.794800;2102.682617;0.000000;0.000000;0.000000;0.000000;0.000000;2.000000;-2.517490;-759.930298;2050.843750;0.000000;0.000000;0.000000;0.000000;0.000000;2.000000;90.601242;-147.844925;1991.205322;0.000000;0.000000;0.000000;0.000000;0.000000;2.000000;260.226654;-103.133865;1631.980957;0.000000;0.000000;0.000000;0.000000;0.000000;2.000000;217.948914;266.021851;1720.874878;0.000000;0.000000;0.000000;0.000000;0.000000;2.000000;218.165741;435.304077;1641.250977;0.000000;0.000000;0.000000;0.000000;0.000000;2.000000;-81.699120;-151.943375;2007.930664;0.000000;0.000000;0.000000;0.000000;0.000000;2.000000;-213.286102;-84.899750;1636.904785;0.000000;0.000000;0.000000;0.000000;0.000000;2.000000;-143.846222;283.148987;1730.557983;0.000000;0.000000;0.000000;0.000000;0.000000;2.000000;-135.858856;436.354065;1652.527100;0.000000;0.000000;0.000000;0.000000;0.000000;2.000000;58.207092;-704.960571;2220.854980;0.000000;0.000000;0.000000;0.000000;0.000000;2.000000;69.039032;-745.719238;2066.035156;0.000000;0.000000;0.000000;0.000000;0.000000;2.000000;88.166328;-782.546143;2103.477539;0.000000;0.000000;0.000000;0.000000;0.000000;2.000000;135.697952;-775.274231;2220.581543;0.000000;0.000000;0.000000;0.000000;0.000000;2.000000;37.302460;-774.799744;2094.605957;0.000000;0.000000;0.000000;0.000000;0.000000;2.000000;-28.927307;-762.682739;2206.787109;0.000000;0.000000;0.000000;0.000000;0.000000;2.000000;4016066560.000000
0.000000;-149.999985;2000.000000;0.000001;0.000000;0.000000;0.000000;0.000000;2.000000;13.362709;-295.439117;2102.016846;0.000071;0.000000;0.000000;0.000000;0.000000;2.000000;24.043018;-411.732941;2183.542725;0.000201;0.000000;0.000000;0.000000;0.000000;2.000000;49.668667;-623.845459;2220.324707;0.000445;0.000000;0.000000;0.000000;0.000000;2.000000;78.875168;-585.411987;2212.230713;0.000389;0.000000;0.000000;0.000000;0.000000;2.000000;203.665741;-538.023071;2161.642578;0.000309;0.000000;0.000000;0.000000;0.000000;2.000000;245.794342;-300.060425;2028.421143;0.000187;0.000000;0.000000;0.000000;0.000000;2.000000;151.969360;-211.490112;1836.081787;0.000207;0.000000;0.000000;0.000000;0.000000;2.000000;163.677170;-151.563278;1761.799927;0.000257;0.000000;0.000000;0.000000;0.000000;2.000000;171.700912;-108.876511;1663.026733;0.000293;0.000000;0.000000;0.000000;0.000000;2.000000;101.257706;-99.200562;1761.382690;0.000844;0.000000;0.000000;0.000000;0.000000;2.000000;12.254705;-591.796997;2218.310547;0.000413;0.000000;0.000000;0.000000;0.000000;2.000000;-118.365128;-600.520081;2207.897461;0.000585;0.000000;0.000000;0.000000;0.000000;2.000000;-244.130829;-526.553955;1967.544678;0.000347;0.000000;0.000000;0.000000;0.000000;2.000000;-68.080643;-676.970825;2004.828491;0.001370;0.000000;0.000000;0.000000;0.000000;2.000000;-17.220100;-754.068359;2051.608887;0.002826;0.000000;0.000000;0.000000;0.000000;2.000000;13.771523;-841.765259;2102.574219;0.005552;0.000000;0.000000;0.000000;0.000000;2.000000;-2.429447;-759.930969;2050.701172;0.004997;0.000000;0.000000;0.000000;0.000000;2.000000;90.601440;-147.844467;1991.205444;0.000015;0.000000;0.000000;0.000000;0.000000;2.000000;260.226501;-103.128784;1631.980469;0.000152;0.000000;0.000000;0.000000;0.000000;2.000000;217.950211;266.027039;1720.878418;0.000191;0.000000;0.000000;0.000000;0.000000;2.000000;218.168274;435.310120;1641.255615;0.000239;0.000000;0.000000;0.000000;0.000000;2.000000;-81.699295;-151.943695;2007.930420;0.000013;0.000000;0.000000;0.000000;0.000000;2.000000;-213.286560;-84.892883;1636.905029;0.000205;0.000000;0.000000;0.000000;0.000000;2.000000;-143.844254;283.153198;1730.569336;0.000366;0.000000;0.000000;0.000000;0.000000;2.000000;-135.845337;436.363892;1652.550293;0.000852;0.000000;0.000000;0.000000;0.000000;2.000000;58.210548;-704.966614;2220.838379;0.000537;0.000000;0.000000;0.000000;0.000000;2.000000;69.042290;-745.742432;2066.022949;0.000788;0.000000;0.000000;0.000000;0.000000;2.000000;88.175507;-782.562500;2103.468994;0.000615;0.000000;0.000000;0.000000;0.000000;2.000000;135.710342;-775.270752;2220.571289;0.000491;0.000000;0.000000;0.000000;0.000000;2.000000;37.310261;-774.823486;2094.598633;0.000777;0.000000;0.000000;0.000000;0.000000;2.000000;-28.917316;-762.701416;2206.780762;0.000659;0.000000;0.000000;0.000000;0.000000;2.000000;4016100096.000000
0.000000;-150.000000;2000.000000;0.000000;0.000000;0.000000;0.000000;0.000000;2.000000;13.360884;-295.440979;2102.015625;0.000087;0.000000;0.000000;0.000000;0.000000;2.000000;24.039541;-411.737976;2183.538086;0.000231;0.000000;0.000000;0.000000;0.000000;2.000000;49.658398;-623.853638;2220.311768;0.000554;0.000000;0.000000;0.000000;0.000000;2.000000;78.866257;-585.420715;2212.218994;0.000514;0.000000;0.000000;0.000000;0.000000;2.000000;203.658676;-538.033875;2161.631836;0.000505;0.000000;0.000000;0.000000;0.000000;2.000000;245.794769;-300.067230;2028.417725;0.000229;0.000000;0.000000;0.000000;0.000000;2.000000;151.970123;-211.488998;1836.080688;0.000052;0.000000;0.000000;0.000000;0.000000;2.000000;163.679749;-151.563751;1761.797485;0.000108;0.000000;0.000000;0.000000;0.000000;2.000000;171.704559;-108.879105;1663.022949;0.000176;0.000000;0.000000;0.000000;0.000000;2.000000;101.259186;-99.218491;1761.359375;0.000885;0.000000;0.000000;0.000000;0.000000;2.000000;12.245352;-591.803833;2218.299072;0.000490;0.000000;0.000000;0.000000;0.000000;2.000000;-118.375214;-600.523438;2207.885742;0.000475;0.000000;0.000000;0.000000;0.000000;2.000000;-244.151047;-526.536499;1967.543213;0.000804;0.000000;0.000000;0.000000;0.000000;2.000000;-68.096527;-676.958557;2004.791504;0.001264;0.000000;0.000000;0.000000;0.000000;2.000000;-17.215168;-754.058716;2051.545898;0.001920;0.000000;0.000000;0.000000;0.000000;2.000000;13.849676;-841.739380;2102.495361;0.003425;0.000000;0.000000;0.000000;0.000000;2.000000;-2.391689;-759.928894;2050.593262;0.003436;0.000000;0.000000;0.000000;0.000000;2.000000;90.601807;-147.845581;1991.205444;0.000035;0.000000;0.000000;0.000000;0.000000;2.000000;260.223083;-103.132706;1631.976563;0.000195;0.000000;0.000000;0.000000;0.000000;2.000000;217.957886;266.026123;1720.873535;0.000275;0.000000;0.000000;0.000000;0.000000;2.000000;218.178772;435.305298;1641.240479;0.000572;0.000000;0.000000;0.000000;0.000000;2.000000;-81.699638;-151.942734;2007.930420;0.000031;0.000000;0.000000;0.000000;0.000000;2.000000;-213.286057;-84.884399;1636.904541;0.000256;0.000000;0.000000;0.000000;0.000000;2.000000;-143.833252;283.158203;1730.581421;0.000514;0.000000;0.000000;0.000000;0.000000;2.000000;-135.819443;436.374878;1652.574097;0.001107;0.000000;0.000000;0.000000;0.000000;2.000000;58.197601;-704.975464;2220.822266;0.000676;0.000000;0.000000;0.000000;0.000000;2.000000;68.994934;-745.783508;2066.011963;0.001912;0.000000;0.000000;0.000000;0.000000;2.000000;88.135063;-782.596741;2103.461914;0.001606;0.000000;0.000000;0.000000;0.000000;2.000000;135.695374;-775.282471;2220.552734;0.000798;0.000000;0.000000;0.000000;0.000000;2.000000;37.267982;-774.857910;2094.600342;0.001639;0.000000;0.000000;0.000000;0.000000;2.000000;-28.935432;-762.710571;2206.794922;0.000744;0.000000;0.000000;0.000000;0.000000;2.000000;4016133376.000000
0.000000;-150.000015;2000.000000;0.000000;0.000000;0.000000;0.000000;0.000000;2.000000;13.611660;-295.312683;2102.153076;0.009418;0.000000;0.000000;0.000000;0.000000;2.000000;24.440569;-411.967773;2183.132568;0.018476;0.000000;0.000000;0.000000;0.000000;2.000000;50.372036;-624.203125;2218.933350;0.047808;0.000000;0.000000;0.000000;0.000000;2.000000;79.528809;-585.661316;2211.193359;0.037395;0.000000;0.000000;0.000000;0.000000;2.000000;204.720291;-537.934082;2161.945801;0.033400;0.000000;0.000000;0.000000;0.000000;2.000000;245.750977;-300.009735;2028.333984;0.003324;0.000000;0.000000;0.000000;0.000000;2.000000;152.959030;-212.006393;1835.244385;0.041906;0.000000;0.000000;0.000000;0.000000;2.000000;163.673981;-152.674576;1760.342041;0.055016;0.000000;0.000000;0.000000;0.000000;2.000000;170.778625;-110.771622;1661.167725;0.084353;0.000000;0.000000;0.000000;0.000000;2.000000;100.757523;-102.141113;1758.487427;0.124042;0.000000;0.000000;0.000000;0.000000;2.000000;12.895178;-592.232666;2216.892578;0.048305;0.000000;0.000000;0.000000;0.000000;2.000000;-117.750931;-600.415771;2206.428711;0.047740;0.000000;0.000000;0.000000;0.000000;2.000000;-244.107925;-525.379150;1966.730469;0.042514;0.000000;0.000000;0.000000;0.000000;2.000000;-69.633934;-678.124634;2001.841431;0.105922;0.000000;0.000000;0.000000;0.000000;2.000000;-17.513985;-753.102173;2050.630371;0.040786;0.000000;0.000000;0.000000;0.000000;2.000000;20.413519;-836.183960;2104.545166;0.265630;0.000000;0.000000;0.000000;0.000000;2.000000;3.575706;-760.614441;2041.388306;0.330271;0.000000;0.000000;0.000000;0.000000;2.000000;90.604065;-147.609833;1991.327271;0.007974;0.000000;0.000000;0.000000;0.000000;2.000000;259.655457;-103.477112;1631.775635;0.020844;0.000000;0.000000;0.000000;0.000000;2.000000;218.779739;265.842590;1720.589355;0.026705;0.000000;0.000000;0.000000;0.000000;2.000000;220.226028;434.840942;1640.391846;0.068038;0.000000;0.000000;0.000000;0.000000;2.000000;-81.701668;-152.155334;2007.820557;0.007191;0.000000;0.000000;0.000000;0.000000;2.000000;-212.343246;-85.014435;1636.492554;0.031162;0.000000;0.000000;0.000000;0.000000;2.000000;-144.143051;283.056641;1730.912231;0.013956;0.000000;0.000000;0.000000;0.000000;2.000000;-133.603973;435.943970;1652.574463;0.067818;0.000000;0.000000;0.000000;0.000000;2.000000;59.101372;-705.302979;2219.066162;0.060156;0.000000;0.000000;0.000000;0.000000;2.000000;57.779663;-748.604187;2064.568848;0.350187;0.000000;0.000000;0.000000;0.000000;2.000000;80.140045;-784.665894;2100.947266;0.259399;0.000000;0.000000;0.000000;0.000000;2.000000;136.865341;-775.104614;2213.709473;0.208679;0.000000;0.000000;0.000000;0.000000;2.000000;28.670515;-777.401184;2096.071289;0.273005;0.000000;0.000000;0.000000;0.000000;2.000000;-28.424057;-763.817200;2213.000488;0.190029;0.000000;0.000000;0.000000;0.000000;2.000000;4016166656.000000
0.000000;-150.000015;2000.000000;0.000000;0.000000;0.000000;0.000000;0.000000;2.000000;12.779325;-295.585846;2101.464111;0.033488;0.000000;0.000000;0.000000;0.000000;2.000000;22.952980;-412.424591;2181.935547;0.058993;0.000000;0.000000;0.000000;0.000000;2.000000;48.338100;-624.698120;2216.154541;0.104538;0.000000;0.000000;0.000000;0.000000;2.000000;77.551758;-586.213135;2208.757813;0.095707;0.000000;0.000000;0.000000;0.000000;2.000000;203.380310;-539.117310;2161.090820;0.059542;0.000000;0.000000;0.000000;0.000000;2.000000;242.466461;-300.745361;2028.440674;0.101189;0.000000;0.000000;0.000000;0.000000;2.000000;150.793610;-212.451813;1835.311401;0.066459;0.000000;0.000000;0.000000;0.000000;2.000000;161.146362;-153.802567;1759.982788;0.083867;0.000000;0.000000;0.000000;0.000000;2.000000;168.985504;-113.013062;1660.552979;0.088207;0.000000;0.000000;0.000000;0.000000;2.000000;98.336487;-102.654068;1757.967285;0.075987;0.000000;0.000000;0.000000;0.000000;2.000000;10.982075;-592.674438;2214.293945;0.097866;0.000000;0.000000;0.000000;0.000000;2.000000;-119.595100;-600.861023;2205.213867;0.067692;0.000000;0.000000;0.000000;0.000000;2.000000;-243.312042;-526.257507;1964.435791;0.077606;0.000000;0.000000;0.000000;0.000000;2.000000;-70.195290;-679.198181;2003.183228;0.054320;0.000000;0.000000;0.000000;0.000000;2.000000;-18.571220;-756.062012;2049.198730;0.103777;0.000000;0.000000;0.000000;0.000000;2.000000;18.224722;-841.220215;2100.312988;0.208322;0.000000;0.000000;0.000000;0.000000;2.000000;0.694908;-763.453613;2041.648071;0.121787;0.000000;0.000000;0.000000;0.000000;2.000000;90.561852;-147.474655;1992.217407;0.027083;0.000000;0.000000;0.000000;0.000000;2.000000;257.058441;-104.086182;1631.963379;0.080351;0.000000;0.000000;0.000000;0.000000;2.000000;215.974792;264.803528;1720.323853;0.090234;0.000000;0.000000;0.000000;0.000000;2.000000;216.486908;433.991760;1641.090210;0.117110;0.000000;0.000000;0.000000;0.000000;2.000000;-81.663605;-152.277237;2007.018066;0.024417;0.000000;0.000000;0.000000;0.000000;2.000000;-214.990814;-85.910034;1637.068237;0.085746;0.000000;0.000000;0.000000;0.000000;2.000000;-146.373169;281.651245;1731.111816;0.079434;0.000000;0.000000;0.000000;0.000000;2.000000;-136.027008;435.014160;1654.183838;0.091761;0.000000;0.000000;0.000000;0.000000;2.000000;56.882088;-705.709473;2215.698975;0.121791;0.000000;0.000000;0.000000;0.000000;2.000000;49.636478;-748.846008;2061.537842;0.261188;0.000000;0.000000;0.000000;0.000000;2.000000;74.172058;-784.480042;2096.806396;0.218336;0.000000;0.000000;0.000000;0.000000;2.000000;135.483704;-773.998840;2206.868652;0.212320;0.000000;0.000000;0.000000;0.000000;2.000000;22.484108;-778.152283;2094.186523;0.195631;0.000000;0.000000;0.000000;0.000000;2.000000;-29.641144;-765.714600;2213.351563;0.068551;0.000000;0.000000;0.000000;0.000000;2.000000;4016199936.000000
0.000000;-150.000015;2000.000000;0.000000;0.000000;0.000000;0.000000;0.000000;2.000000;12.855213;-295.093506;2101.860352;0.018980;0.000000;0.000000;0.000000;0.000000;2.000000;23.053085;-411.877563;2182.167725;0.017970;0.000000;0.000000;0.000000;0.000000;2.000000;48.736233;-623.986389;2215.871826;0.025737;0.000000;0.000000;0.000000;0.000000;2.000000;77.859619;-585.494385;2208.464355;0.024903;0.000000;0.000000;0.000000;0.000000;2.000000;203.273941;-537.579346;2160.930176;0.046219;0.000000;0.000000;0.000000;0.000000;2.000000;242.867798;-298.589539;2030.102295;0.082040;0.000000;0.000000;0.000000;0.000000;2.000000;151.241425;-212.353119;1836.287598;0.032161;0.000000;0.000000;0.000000;0.000000;2.000000;162.313904;-153.121231;1761.637451;0.063712;0.000000;0.000000;0.000000;0.000000;2.000000;170.322433;-111.434921;1662.705933;0.089023;0.000000;0.000000;0.000000;0.000000;2.000000;99.291290;-102.153076;1759.947144;0.067224;0.000000;0.000000;0.000000;0.000000;2.000000;11.377768;-592.028137;2214.189453;0.022811;0.000000;0.000000;0.000000;0.000000;2.000000;-119.053146;-600.681274;2205.253174;0.017066;0.000000;0.000000;0.000000;0.000000;2.000000;-241.796432;-525.858948;1964.357788;0.046788;0.000000;0.000000;0.000000;0.000000;2.000000;-69.290993;-678.882507;2004.136719;0.040300;0.000000;0.000000;0.000000;0.000000;2.000000;-16.442940;-754.792847;2050.123291;0.078866;0.000000;0.000000;0.000000;0.000000;2.000000;11.072872;-843.951172;2100.031006;0.228433;0.000000;0.000000;0.000000;0.000000;2.000000;4.223450;-762.181152;2040.484131;0.117110;0.000000;0.000000;0.000000;0.000000;2.000000;90.456596;-147.625992;1991.965576;0.009306;0.000000;0.000000;0.000000;0.000000;2.000000;257.919739;-103.305008;1632.697754;0.041009;0.000000;0.000000;0.000000;0.000000;2.000000;217.267441;265.507813;1719.996582;0.044967;0.000000;0.000000;0.000000;0.000000;2.000000;216.957489;434.588257;1640.953247;0.023021;0.000000;0.000000;0.000000;0.000000;2.000000;-81.568695;-152.140778;2007.244873;0.008385;0.000000;0.000000;0.000000;0.000000;2.000000;-214.920502;-85.225250;1637.814209;0.030268;0.000000;0.000000;0.000000;0.000000;2.000000;-144.407608;281.683655;1731.491211;0.059700;0.000000;0.000000;0.000000;0.000000;2.000000;-135.716034;435.121887;1654.876709;0.022873;0.000000;0.000000;0.000000;0.000000;2.000000;57.353031;-704.910400;2215.236328;0.030907;0.000000;0.000000;0.000000;0.000000;2.000000;39.126247;-742.024780;2060.575195;0.374721;0.000000;0.000000;0.000000;0.000000;2.000000;65.409470;-779.244690;2092.724121;0.327812;0.000000;0.000000;0.000000;0.000000;2.000000;134.066681;-773.734253;2198.591797;0.250520;0.000000;0.000000;0.000000;0.000000;2.000000;13.813490;-772.177612;2093.847168;0.314147;0.000000;0.000000;0.000000;0.000000;2.000000;-29.947418;-763.631226;2216.531250;0.113721;0.000000;0.000000;0.000000;0.000000;2.000000;4016233472.000000
0.000000;-149.999985;2000.000000;0.000001;0.000000;0.000000;0.000000;0.000000;2.000000;13.591784;-295.956940;2101.588379;0.035068;0.000000;0.000000;0.000000;0.000000;2.000000;24.442307;-412.795837;2182.584717;0.051583;0.000000;0.000000;0.000000;0.000000;2.000000;49.808887;-626.468506;2210.962402;0.168414;0.000000;0.000000;0.000000;0.000000;2.000000;79.102005;-587.733276;2204.448730;0.143104;0.000000;0.000000;0.000000;0.000000;2.000000;205.499451;-538.372192;2159.620117;0.081173;0.000000;0.000000;0.000000;0.000000;2.000000;242.901703;-299.570129;2025.862061;0.130777;0.000000;0.000000;0.000000;0.000000;2.000000;152.184036;-208.866272;1832.720825;0.152532;0.000000;0.000000;0.000000;0.000000;2.000000;164.055008;-149.699371;1757.722168;0.164772;0.000000;0.000000;0.000000;0.000000;2.000000;169.732315;-107.423492;1658.480835;0.175958;0.000000;0.000000;0.000000;0.000000;2.000000;99.382729;-101.435730;1755.614258;0.131996;0.000000;0.000000;0.000000;0.000000;2.000000;12.391018;-594.288208;2210.161621;0.142080;0.000000;0.000000;0.000000;0.000000;2.000000;-118.760727;-601.755493;2204.918457;0.034932;0.000000;0.000000;0.000000;0.000000;2.000000;-240.694260;-526.058350;1962.774414;0.058278;0.000000;0.000000;0.000000;0.000000;2.000000;-69.256332;-679.892822;2008.317017;0.129231;0.000000;0.000000;0.000000;0.000000;2.000000;-11.502003;-754.536377;2051.161133;0.151901;0.000000;0.000000;0.000000;0.000000;2.000000;16.706821;-845.338867;2098.411865;0.181010;0.000000;0.000000;0.000000;0.000000;2.000000;9.693398;-761.312500;2039.219238;0.170706;0.000000;0.000000;0.000000;0.000000;2.000000;90.735931;-147.317749;1991.713867;0.014610;0.000000;0.000000;0.000000;0.000000;2.000000;258.782013;-104.356995;1631.045776;0.064300;0.000000;0.000000;0.000000;0.000000;2.000000;217.700272;265.566895;1719.114014;0.029590;0.000000;0.000000;0.000000;0.000000;2.000000;219.954575;435.525513;1640.484375;0.095404;0.000000;0.000000;0.000000;0.000000;2.000000;-81.820572;-152.418686;2007.471924;0.013174;0.000000;0.000000;0.000000;0.000000;2.000000;-213.331741;-85.804230;1635.868286;0.077463;0.000000;0.000000;0.000000;0.000000;2.000000;-144.719635;282.677246;1730.182129;0.050265;0.000000;0.000000;0.000000;0.000000;2.000000;-134.718964;437.726929;1655.688599;0.087292;0.000000;0.000000;0.000000;0.000000;2.000000;58.274094;-707.644531;2208.255859;0.226959;0.000000;0.000000;0.000000;0.000000;2.000000;17.524654;-753.246582;2059.714355;0.731903;0.000000;0.000000;0.000000;0.000000;2.000000;50.199474;-787.970947;2088.997070;0.538676;0.000000;0.000000;0.000000;0.000000;2.000000;134.572861;-774.685059;2182.621338;0.480972;0.000000;0.000000;0.000000;0.000000;2.000000;-1.012882;-782.669434;2097.999268;0.559846;0.000000;0.000000;0.000000;0.000000;2.000000;-25.432369;-769.489868;2226.005371;0.361163;0.000000;0.000000;0.000000;0.000000;2.000000;4016266752.000000
0.000000;-150.000000;2000.000000;0.000000;0.000000;0.000000;0.000000;0.000000;2.000000;13.595510;-295.851135;2101.011719;0.017617;0.000000;0.000000;0.000000;0.000000;2.000000;24.572920;-411.545654;2183.044434;0.040217;0.000000;0.000000;0.000000;0.000000;2.000000;48.552525;-625.101440;2209.598145;0.069231;0.000000;0.000000;0.000000;0.000000;2.000000;78.010208;-586.608704;2203.245850;0.059368;0.000000;0.000000;0.000000;0.000000;2.000000;203.593124;-536.486267;2158.031738;0.093650;0.000000;0.000000;0.000000;0.000000;2.000000;241.759705;-297.061279;2026.953613;0.089086;0.000000;0.000000;0.000000;0.000000;2.000000;149.938782;-208.511810;1833.979980;0.078080;0.000000;0.000000;0.000000;0.000000;2.000000;162.331619;-149.015152;1759.616089;0.079642;0.000000;0.000000;0.000000;0.000000;2.000000;168.870743;-106.268387;1660.903687;0.084706;0.000000;0.000000;0.000000;0.000000;2.000000;98.478851;-99.819290;1757.801514;0.086118;0.000000;0.000000;0.000000;0.000000;2.000000;11.440311;-592.735413;2209.234863;0.061389;0.000000;0.000000;0.000000;0.000000;2.000000;-119.566986;-597.843872;2205.386475;0.120829;0.000000;0.000000;0.000000;0.000000;2.000000;-242.779678;-524.050171;1964.063110;0.095222;0.000000;0.000000;0.000000;0.000000;2.000000;-71.095306;-676.696655;2009.864624;0.120164;0.000000;0.000000;0.000000;0.000000;2.000000;-11.338291;-751.991943;2047.978882;0.122527;0.000000;0.000000;0.000000;0.000000;2.000000;16.227249;-844.740479;2091.094727;0.221070;0.000000;0.000000;0.000000;0.000000;2.000000;10.004845;-758.416809;2033.472412;0.193590;0.000000;0.000000;0.000000;0.000000;2.000000;90.455086;-147.908173;1990.845581;0.032660;0.000000;0.000000;0.000000;0.000000;2.000000;258.231201;-101.524734;1631.508789;0.087808;0.000000;0.000000;0.000000;0.000000;2.000000;216.651489;267.512329;1719.208862;0.066471;0.000000;0.000000;0.000000;0.000000;2.000000;216.213135;437.918274;1642.576660;0.147515;0.000000;0.000000;0.000000;0.000000;2.000000;-81.567337;-151.886292;2008.254761;0.029447;0.000000;0.000000;0.000000;0.000000;2.000000;-214.893463;-86.419525;1638.094727;0.083783;0.000000;0.000000;0.000000;0.000000;2.000000;-147.110641;282.364746;1728.048950;0.096739;0.000000;0.000000;0.000000;0.000000;2.000000;-132.385956;437.260437;1654.956787;0.074796;0.000000;0.000000;0.000000;0.000000;2.000000;56.425652;-706.121704;2206.236328;0.094134;0.000000;0.000000;0.000000;0.000000;2.000000;14.604099;-750.832642;2058.125977;0.123452;0.000000;0.000000;0.000000;0.000000;2.000000;47.753475;-785.445190;2086.751953;0.125351;0.000000;0.000000;0.000000;0.000000;2.000000;132.775635;-772.247009;2179.398438;0.132897;0.000000;0.000000;0.000000;0.000000;2.000000;-3.283684;-780.603638;2096.288086;0.105606;0.000000;0.000000;0.000000;0.000000;2.000000;-26.443645;-768.573364;2224.330566;0.064918;0.000000;0.000000;0.000000;0.000000;2.000000;4016300032.000000
0.000000;-150.000000;2000.000000;0.000000;0.000000;0.000000;0.000000;0.000000;2.000000;14.000257;-296.442932;2101.013672;0.021544;0.000000;0.000000;0.000000;0.000000;2.000000;25.244955;-413.086517;2182.382324;0.054289;0.000000;0.000000;0.000000;0.000000;2.000000;49.028301;-627.133789;2210.266113;0.065853;0.000000;0.000000;0.000000;0.000000;2.000000;78.617310;-588.610352;2203.620605;0.063852;0.000000;0.000000;0.000000;0.000000;2.000000;203.984131;-538.173279;2156.873047;0.062609;0.000000;0.000000;0.000000;0.000000;2.000000;242.453186;-296.959778;2027.484985;0.026428;0.000000;0.000000;0.000000;0.000000;2.000000;150.112122;-207.747406;1834.257080;0.024981;0.000000;0.000000;0.000000;0.000000;2.000000;162.535629;-148.989685;1758.955322;0.020794;0.000000;0.000000;0.000000;0.000000;2.000000;169.260254;-107.359970;1659.438477;0.056135;0.000000;0.000000;0.000000;0.000000;2.000000;98.618279;-100.189743;1755.836914;0.060219;0.000000;0.000000;0.000000;0.000000;2.000000;11.853802;-594.623169;2209.760010;0.060174;0.000000;0.000000;0.000000;0.000000;2.000000;-119.512871;-598.938721;2204.445313;0.043413;0.000000;0.000000;0.000000;0.000000;2.000000;-242.228333;-522.881836;1962.619629;0.058208;0.000000;0.000000;0.000000;0.000000;2.000000;-71.312187;-677.841858;2006.994141;0.093092;0.000000;0.000000;0.000000;0.000000;2.000000;-11.745060;-753.537598;2045.428345;0.090443;0.000000;0.000000;0.000000;0.000000;2.000000;15.262146;-846.703003;2088.756836;0.096194;0.000000;0.000000;0.000000;0.000000;2.000000;9.073357;-759.855347;2032.279907;0.062736;0.000000;0.000000;0.000000;0.000000;2.000000;90.702362;-147.743439;1990.700195;0.009940;0.000000;0.000000;0.000000;0.000000;2.000000;257.311676;-102.860931;1629.342896;0.081308;0.000000;0.000000;0.000000;0.000000;2.000000;216.531616;267.244720;1717.750488;0.044698;0.000000;0.000000;0.000000;0.000000;2.000000;216.599304;437.173737;1638.766479;0.117230;0.000000;0.000000;0.000000;0.000000;2.000000;-81.790314;-152.034866;2008.385986;0.008965;0.000000;0.000000;0.000000;0.000000;2.000000;-214.949615;-86.863373;1636.864136;0.039345;0.000000;0.000000;0.000000;0.000000;2.000000;-146.216614;282.826569;1727.194824;0.039660;0.000000;0.000000;0.000000;0.000000;2.000000;-132.503204;437.829926;1652.965088;0.062345;0.000000;0.000000;0.000000;0.000000;2.000000;56.803940;-708.419800;2207.372070;0.077860;0.000000;0.000000;0.000000;0.000000;2.000000;26.377953;-752.045410;2055.696289;0.363070;0.000000;0.000000;0.000000;0.000000;2.000000;56.918369;-787.233765;2086.737793;0.280583;0.000000;0.000000;0.000000;0.000000;2.000000;134.658432;-775.326721;2186.207520;0.231571;0.000000;0.000000;0.000000;0.000000;2.000000;5.181713;-781.936035;2092.239746;0.284787;0.000000;0.000000;0.000000;0.000000;2.000000;-28.057556;-770.345276;2218.479004;0.190005;0.000000;0.000000;0.000000;0.000000;2.000000;4016333312.000000
0.000000;-150.000000;2000.000000;0.000000;0.000000;0.000000;0.000000;0.000000;2.000000;14.027285;-296.496765;2100.955811;0.002510;0.000000;0.000000;0.000000;0.000000;2.000000;25.226030;-413.733032;2181.494141;0.033015;0.000000;0.000000;0.000000;0.000000;2.000000;48.463356;-627.672180;2210.763184;0.027802;0.000000;0.000000;0.000000;0.000000;2.000000;78.147644;-589.280945;2203.759766;0.024953;0.000000;0.000000;0.000000;0.000000;2.000000;203.622803;-539.094971;2156.999023;0.029987;0.000000;0.000000;0.000000;0.000000;2.000000;242.578003;-298.153656;2027.204712;0.037039;0.000000;0.000000;0.000000;0.000000;2.000000;150.112244;-211.964096;1832.647827;0.135617;0.000000;0.000000;0.000000;0.000000;2.000000;161.912323;-151.355621;1758.715576;0.073870;0.000000;0.000000;0.000000;0.000000;2.000000;169.545074;-107.733856;1660.112793;0.024698;0.000000;0.000000;0.000000;0.000000;2.000000;98.845268;-101.602585;1756.419800;0.046428;0.000000;0.000000;0.000000;0.000000;2.000000;11.381580;-595.051880;2210.154297;0.022531;0.000000;0.000000;0.000000;0.000000;2.000000;-120.000946;-599.503967;2205.102051;0.029883;0.000000;0.000000;0.000000;0.000000;2.000000;-241.654266;-520.961182;1963.509277;0.065900;0.000000;0.000000;0.000000;0.000000;2.000000;-71.776039;-678.495117;2002.584839;0.134660;0.000000;0.000000;0.000000;0.000000;2.000000;-12.922035;-752.653687;2044.936279;0.046635;0.000000;0.000000;0.000000;0.000000;2.000000;15.568819;-843.575806;2091.943604;0.134476;0.000000;0.000000;0.000000;0.000000;2.000000;9.078289;-759.420654;2031.145386;0.036507;0.000000;0.000000;0.000000;0.000000;2.000000;90.683022;-147.929245;1990.404785;0.010502;0.000000;0.000000;0.000000;0.000000;2.000000;257.183411;-103.399216;1628.919922;0.020928;0.000000;0.000000;0.000000;0.000000;2.000000;216.534775;266.438721;1718.625122;0.035739;0.000000;0.000000;0.000000;0.000000;2.000000;217.983124;436.464844;1639.829590;0.056596;0.000000;0.000000;0.000000;0.000000;2.000000;-81.772865;-151.867279;2008.652344;0.009470;0.000000;0.000000;0.000000;0.000000;2.000000;-215.249756;-86.836456;1637.186890;0.013268;0.000000;0.000000;0.000000;0.000000;2.000000;-144.986191;282.248474;1728.929932;0.066234;0.000000;0.000000;0.000000;0.000000;2.000000;-136.735825;437.203796;1653.766846;0.130804;0.000000;0.000000;0.000000;0.000000;2.000000;55.988060;-709.005249;2208.398438;0.043146;0.000000;0.000000;0.000000;0.000000;2.000000;20.997932;-751.388062;2057.342529;0.170208;0.000000;0.000000;0.000000;0.000000;2.000000;52.443901;-786.837402;2087.166992;0.135590;0.000000;0.000000;0.000000;0.000000;2.000000;133.148132;-775.757324;2184.357910;0.072909;0.000000;0.000000;0.000000;0.000000;2.000000;0.894264;-781.574219;2094.264404;0.142886;0.000000;0.000000;0.000000;0.000000;2.000000;-28.535217;-771.007446;2221.544922;0.095336;0.000000;0.000000;0.000000;0.000000;2.000000;4016366592.000000
0.000000;-150.000000;2000.000000;0.000000;0.000000;0.000000;0.000000;0.000000;2.000000;14.113764;-296.264984;2100.962891;0.007380;0.000000;0.000000;0.000000;0.000000;2.000000;25.383148;-413.304810;2181.522705;0.013628;0.000000;0.000000;0.000000;0.000000;2.000000;48.720631;-626.997314;2210.894043;0.021887;0.000000;0.000000;0.000000;0.000000;2.000000;78.353424;-588.630432;2203.884033;0.020680;0.000000;0.000000;0.000000;0.000000;2.000000;203.721161;-538.524597;2157.188477;0.018160;0.000000;0.000000;0.000000;0.000000;2.000000;242.684006;-297.839661;2027.512695;0.013491;0.000000;0.000000;0.000000;0.000000;2.000000;150.351974;-211.814285;1833.097656;0.015842;0.000000;0.000000;0.000000;0.000000;2.000000;162.129654;-151.617889;1758.951782;0.012360;0.000000;0.000000;0.000000;0.000000;2.000000;169.630157;-108.492676;1660.239502;0.023080;0.000000;0.000000;0.000000;0.000000;2.000000;98.828537;-101.488449;1757.148438;0.021998;0.000000;0.000000;0.000000;0.000000;2.000000;11.656164;-594.433105;2210.255859;0.020412;0.000000;0.000000;0.000000;0.000000;2.000000;-119.586655;-598.941895;2205.066406;0.020848;0.000000;0.000000;0.000000;0.000000;2.000000;-241.562363;-520.545654;1963.919312;0.017622;0.000000;0.000000;0.000000;0.000000;2.000000;-71.379044;-677.910645;2000.870483;0.055291;0.000000;0.000000;0.000000;0.000000;2.000000;-12.597397;-752.590820;2042.136841;0.084056;0.000000;0.000000;0.000000;0.000000;2.000000;16.060577;-843.860474;2088.116455;0.115372;0.000000;0.000000;0.000000;0.000000;2.000000;9.567299;-759.298828;2027.623657;0.106083;0.000000;0.000000;0.000000;0.000000;2.000000;90.589432;-147.883774;1990.402100;0.003104;0.000000;0.000000;0.000000;0.000000;2.000000;257.108734;-103.481781;1629.356201;0.013426;0.000000;0.000000;0.000000;0.000000;2.000000;216.318527;266.143524;1718.228149;0.016099;0.000000;0.000000;0.000000;0.000000;2.000000;216.353394;436.224701;1639.988037;0.049348;0.000000;0.000000;0.000000;0.000000;2.000000;-81.688477;-151.908279;2008.654785;0.002799;0.000000;0.000000;0.000000;0.000000;2.000000;-215.421570;-88.048401;1637.511475;0.037761;0.000000;0.000000;0.000000;0.000000;2.000000;-146.125397;281.085907;1728.146362;0.053867;0.000000;0.000000;0.000000;0.000000;2.000000;-137.117661;436.285065;1653.977173;0.030323;0.000000;0.000000;0.000000;0.000000;2.000000;56.288727;-708.245239;2208.581055;0.024972;0.000000;0.000000;0.000000;0.000000;2.000000;20.945490;-747.924805;2057.045898;0.103660;0.000000;0.000000;0.000000;0.000000;2.000000;52.115128;-784.036438;2086.253906;0.088392;0.000000;0.000000;0.000000;0.000000;2.000000;132.867981;-775.102356;2183.458984;0.034201;0.000000;0.000000;0.000000;0.000000;2.000000;0.660938;-778.515259;2093.459717;0.094574;0.000000;0.000000;0.000000;0.000000;2.000000;-28.594234;-769.766479;2220.782715;0.043462;0.000000;0.000000;0.000000;0.000000;2.000000;4016400128.000000
0.000000;-150.000015;2000.000000;0.000000;0.000000;0.000000;0.000000;0.000000;2.000000;14.041121;-295.454590;2101.408447;0.027874;0.000000;0.000000;0.000000;0.000000;2.000000;25.259096;-411.800537;2182.391113;0.052325;0.000000;0.000000;0.000000;0.000000;2.000000;49.840385;-625.056641;2210.136230;0.071071;0.000000;0.000000;0.000000;0.000000;2.000000;79.176048;-586.533691;2203.543457;0.068448;0.000000;0.000000;0.000000;0.000000;2.000000;205.117950;-537.834473;2157.937012;0.051937;0.000000;0.000000;0.000000;0.000000;2.000000;243.286987;-297.899933;2028.006714;0.023493;0.000000;0.000000;0.000000;0.000000;2.000000;150.889984;-210.972549;1834.671387;0.056010;0.000000;0.000000;0.000000;0.000000;2.000000;162.272278;-151.325195;1760.311523;0.042013;0.000000;0.000000;0.000000;0.000000;2.000000;170.010376;-108.952347;1661.567261;0.043738;0.000000;0.000000;0.000000;0.000000;2.000000;99.252701;-102.452988;1756.830688;0.033069;0.000000;0.000000;0.000000;0.000000;2.000000;12.652048;-592.807495;2209.617188;0.060413;0.000000;0.000000;0.000000;0.000000;2.000000;-118.267570;-598.164551;2204.852051;0.046455;0.000000;0.000000;0.000000;0.000000;2.000000;-241.609039;-522.249756;1964.372314;0.053002;0.000000;0.000000;0.000000;0.000000;2.000000;-69.355186;-676.274292;2002.313232;0.089416;0.000000;0.000000;0.000000;0.000000;2.000000;-12.023464;-751.480835;2044.053711;0.068756;0.000000;0.000000;0.000000;0.000000;2.000000;16.443043;-842.414429;2090.246094;0.078198;0.000000;0.000000;0.000000;0.000000;2.000000;10.674904;-758.462646;2028.920044;0.057065;0.000000;0.000000;0.000000;0.000000;2.000000;90.421410;-147.605408;1990.914917;0.018245;0.000000;0.000000;0.000000;0.000000;2.000000;257.912415;-102.953751;1631.386475;0.067503;0.000000;0.000000;0.000000;0.000000;2.000000;216.529327;266.188477;1718.130127;0.007115;0.000000;0.000000;0.000000;0.000000;2.000000;217.004089;436.288574;1640.985352;0.035833;0.000000;0.000000;0.000000;0.000000;2.000000;-81.536964;-152.159363;2008.192627;0.016447;0.000000;0.000000;0.000000;0.000000;2.000000;-213.634125;-89.000305;1637.347412;0.061050;0.000000;0.000000;0.000000;0.000000;2.000000;-145.529266;279.742249;1726.628052;0.063501;0.000000;0.000000;0.000000;0.000000;2.000000;-135.614044;436.757202;1657.500854;0.115988;0.000000;0.000000;0.000000;0.000000;2.000000;57.931984;-706.043457;2207.232422;0.091964;0.000000;0.000000;0.000000;0.000000;2.000000;9.997028;-744.321533;2059.234863;0.352529;0.000000;0.000000;0.000000;0.000000;2.000000;41.249626;-781.775269;2086.338379;0.333492;0.000000;0.000000;0.000000;0.000000;2.000000;128.893768;-776.614502;2177.259277;0.225895;0.000000;0.000000;0.000000;0.000000;2.000000;-9.096378;-773.649658;2097.129883;0.345683;0.000000;0.000000;0.000000;0.000000;2.000000;-28.641655;-763.011353;2225.848145;0.253711;0.000000;0.000000;0.000000;0.000000;2.000000;4016433408.000000
0.000000;-150.000000;2000.000000;0.000000;0.000000;0.000000;0.000000;0.000000;2.000000;14.377934;-295.835083;2100.847168;0.022750;0.000000;0.000000;0.000000;0.000000;2.000000;25.952463;-411.709229;2182.480957;0.021187;0.000000;0.000000;0.000000;0.000000;2.000000;47.976921;-625.634888;2207.241943;0.104884;0.000000;0.000000;0.000000;0.000000;2.000000;77.771637;-587.383911;2201.100586;0.088440;0.000000;0.000000;0.000000;0.000000;2.000000;203.978287;-538.076294;2156.851563;0.047846;0.000000;0.000000;0.000000;0.000000;2.000000;242.150742;-297.343781;2028.342285;0.039327;0.000000;0.000000;0.000000;0.000000;2.000000;150.124313;-210.973511;1834.551025;0.023289;0.000000;0.000000;0.000000;0.000000;2.000000;161.305450;-151.143951;1760.293579;0.029562;0.000000;0.000000;0.000000;0.000000;2.000000;169.174179;-108.600388;1661.620239;0.027308;0.000000;0.000000;0.000000;0.000000;2.000000;98.405037;-101.179337;1757.857178;0.055360;0.000000;0.000000;0.000000;0.000000;2.000000;11.183140;-592.924194;2207.260986;0.083504;0.000000;0.000000;0.000000;0.000000;2.000000;-119.868607;-595.141602;2203.308594;0.112766;0.000000;0.000000;0.000000;0.000000;2.000000;-242.833389;-521.464294;1961.906250;0.086031;0.000000;0.000000;0.000000;0.000000;2.000000;-71.960236;-676.765564;2001.025391;0.088559;0.000000;0.000000;0.000000;0.000000;2.000000;-13.609711;-750.790100;2043.488892;0.054687;0.000000;0.000000;0.000000;0.000000;2.000000;16.436882;-840.529541;2091.022949;0.061259;0.000000;0.000000;0.000000;0.000000;2.000000;9.389673;-757.911743;2027.452515;0.060909;0.000000;0.000000;0.000000;0.000000;2.000000;90.428391;-147.335632;1990.960449;0.008224;0.000000;0.000000;0.000000;0.000000;2.000000;256.968689;-102.375107;1630.980957;0.035425;0.000000;0.000000;0.000000;0.000000;2.000000;215.294235;266.697601;1718.062744;0.040193;0.000000;0.000000;0.000000;0.000000;2.000000;217.318680;436.786285;1640.868652;0.018036;0.000000;0.000000;0.000000;0.000000;2.000000;-81.543259;-152.402588;2008.151367;0.007415;0.000000;0.000000;0.000000;0.000000;2.000000;-215.138321;-87.862732;1638.034668;0.060314;0.000000;0.000000;0.000000;0.000000;2.000000;-147.690872;281.091583;1727.120239;0.077983;0.000000;0.000000;0.000000;0.000000;2.000000;-136.648849;437.234100;1656.165771;0.052740;0.000000;0.000000;0.000000;0.000000;2.000000;55.064892;-706.676270;2203.208008;0.149688;0.000000;0.000000;0.000000;0.000000;2.000000;11.654430;-741.373779;2052.930176;0.214976;0.000000;0.000000;0.000000;0.000000;2.000000;43.258511;-778.864502;2079.583740;0.229102;0.000000;0.000000;0.000000;0.000000;2.000000;128.584473;-774.374207;2172.737305;0.151922;0.000000;0.000000;0.000000;0.000000;2.000000;-7.532097;-772.405884;2089.401855;0.239851;0.000000;0.000000;0.000000;0.000000;2.000000;-30.373051;-766.459106;2217.894043;0.265637;0.000000;0.000000;0.000000;0.000000;2.000000;4016466688.000000
0.000000;-150.000015;2000.000000;0.000000;0.000000;0.000000;0.000000;0.000000;2.000000;13.962189;-296.645905;2100.020508;0.036968;0.000000;0.000000;0.000000;0.000000;2.000000;25.275488;-412.567841;2181.855469;0.037850;0.000000;0.000000;0.000000;0.000000;2.000000;49.340752;-626.920166;2202.452637;0.154534;0.000000;0.000000;0.000000;0.000000;2.000000;78.796478;-588.249084;2196.978027;0.130266;0.000000;0.000000;0.000000;0.000000;2.000000;205.449280;-538.757141;2153.791504;0.104052;0.000000;0.000000;0.000000;0.000000;2.000000;245.774399;-296.940491;2027.439087;0.112868;0.000000;0.000000;0.000000;0.000000;2.000000;150.874710;-212.141098;1834.081299;0.044028;0.000000;0.000000;0.000000;0.000000;2.000000;162.467102;-151.850922;1760.143677;0.041109;0.000000;0.000000;0.000000;0.000000;2.000000;169.970734;-108.559494;1661.657104;0.023992;0.000000;0.000000;0.000000;0.000000;2.000000;99.580299;-102.469467;1757.524658;0.053383;0.000000;0.000000;0.000000;0.000000;2.000000;12.214388;-594.525452;2203.187012;0.135132;0.000000;0.000000;0.000000;0.000000;2.000000;-118.959473;-598.317383;2200.658203;0.127259;0.000000;0.000000;0.000000;0.000000;2.000000;-242.097565;-521.763916;1959.933594;0.063901;0.000000;0.000000;0.000000;0.000000;2.000000;-70.956085;-677.067505;1999.185791;0.063625;0.000000;0.000000;0.000000;0.000000;2.000000;-12.138149;-751.567383;2040.390503;0.105681;0.000000;0.000000;0.000000;0.000000;2.000000;22.629076;-840.218994;2086.958984;0.222752;0.000000;0.000000;0.000000;0.000000;2.000000;10.910994;-758.322632;2024.067993;0.112181;0.000000;0.000000;0.000000;0.000000;2.000000;90.520645;-147.542206;1990.967529;0.006801;0.000000;0.000000;0.000000;0.000000;2.000000;257.939117;-103.745804;1630.836670;0.050650;0.000000;0.000000;0.000000;0.000000;2.000000;216.632004;265.636902;1718.345947;0.052001;0.000000;0.000000;0.000000;0.000000;2.000000;218.675018;435.431946;1640.088989;0.062177;0.000000;0.000000;0.000000;0.000000;2.000000;-81.626450;-152.216339;2008.144897;0.006132;0.000000;0.000000;0.000000;0.000000;2.000000;-214.167755;-86.941467;1637.375732;0.044820;0.000000;0.000000;0.000000;0.000000;2.000000;-146.834381;281.769470;1729.081665;0.067460;0.000000;0.000000;0.000000;0.000000;2.000000;-135.771347;437.049255;1655.881958;0.028263;0.000000;0.000000;0.000000;0.000000;2.000000;57.167908;-707.875854;2196.834473;0.204865;0.000000;0.000000;0.000000;0.000000;2.000000;8.214800;-739.172852;2047.355103;0.207651;0.000000;0.000000;0.000000;0.000000;2.000000;39.644588;-777.912109;2072.496094;0.240764;0.000000;0.000000;0.000000;0.000000;2.000000;127.960587;-777.063965;2163.093018;0.301435;0.000000;0.000000;0.000000;0.000000;2.000000;-10.678547;-770.272827;2083.990234;0.198717;0.000000;0.000000;0.000000;0.000000;2.000000;-29.417622;-765.678711;2213.323486;0.142251;0.000000;0.000000;0.000000;0.000000;2.000000;4016499968.000000
0.000000;-150.000015;2000.000000;0.000000;0.000000;0.000000;0.000000;0.000000;2.000000;16.079767;-296.387909;2099.089844;0.069934;0.000000;0.000000;0.000000;0.000000;2.000000;29.134020;-411.964539;2180.381104;0.125434;0.000000;0.000000;0.000000;0.000000;2.000000;50.875900;-626.177979;2197.643066;0.153332;0.000000;0.000000;0.000000;0.000000;2.000000;80.648216;-587.851685;2192.860352;0.136188;0.000000;0.000000;0.000000;0.000000;2.000000;207.877792;-538.112305;2153.270020;0.077110;0.000000;0.000000;0.000000;0.000000;2.000000;246.052246;-297.140717;2026.509399;0.029770;0.000000;0.000000;0.000000;0.000000;2.000000;151.603119;-211.551971;1834.143799;0.028213;0.000000;0.000000;0.000000;0.000000;2.000000;163.268143;-151.674072;1760.271362;0.024946;0.000000;0.000000;0.000000;0.000000;2.000000;171.002975;-108.852295;1661.964966;0.033541;0.000000;0.000000;0.000000;0.000000;2.000000;100.301262;-102.111267;1757.873047;0.026358;0.000000;0.000000;0.000000;0.000000;2.000000;14.196701;-593.520020;2198.785156;0.148173;0.000000;0.000000;0.000000;0.000000;2.000000;-116.623672;-594.818604;2196.672852;0.174125;0.000000;0.000000;0.000000;0.000000;2.000000;-240.761292;-519.809509;1956.998901;0.113301;0.000000;0.000000;0.000000;0.000000;2.000000;-70.632317;-674.573486;1998.369507;0.079450;0.000000;0.000000;0.000000;0.000000;2.000000;-13.066402;-745.470398;2046.335693;0.257399;0.000000;0.000000;0.000000;0.000000;2.000000;46.138916;-814.539551;2100.101074;1.118201;0.000000;0.000000;0.000000;0.000000;2.000000;11.193918;-753.120422;2030.408691;0.246591;0.000000;0.000000;0.000000;0.000000;2.000000;90.060173;-147.262680;1989.429443;0.048969;0.000000;0.000000;0.000000;0.000000;2.000000;258.590485;-103.072998;1631.250122;0.030759;0.000000;0.000000;0.000000;0.000000;2.000000;217.550583;265.393494;1717.553955;0.037171;0.000000;0.000000;0.000000;0.000000;2.000000;219.721237;435.526489;1641.454346;0.051764;0.000000;0.000000;0.000000;0.000000;2.000000;-81.211212;-152.468399;2009.531982;0.044161;0.000000;0.000000;0.000000;0.000000;2.000000;-213.243988;-86.433563;1640.055176;0.086519;0.000000;0.000000;0.000000;0.000000;2.000000;-145.822754;281.952026;1727.868408;0.047782;0.000000;0.000000;0.000000;0.000000;2.000000;-134.758972;438.376221;1658.462158;0.092337;0.000000;0.000000;0.000000;0.000000;2.000000;57.865189;-706.860474;2190.805176;0.184911;0.000000;0.000000;0.000000;0.000000;2.000000;4.668148;-732.950195;2042.315186;0.263158;0.000000;0.000000;0.000000;0.000000;2.000000;36.370636;-772.573486;2065.253174;0.287709;0.000000;0.000000;0.000000;0.000000;2.000000;126.903412;-775.241699;2153.032959;0.308843;0.000000;0.000000;0.000000;0.000000;2.000000;-13.392033;-764.960327;2078.354980;0.246581;0.000000;0.000000;0.000000;0.000000;2.000000;-28.426338;-764.345459;2207.840820;0.172141;0.000000;0.000000;0.000000;0.000000;2.000000;4016533248.000000
0.000000;-150.000000;2000.000000;0.000000;0.000000;0.000000;0.000000;0.000000;2.000000;16.013700;-297.212219;2098.728516;0.026910;0.000000;0.000000;0.000000;0.000000;2.000000;29.234928;-411.903870;2181.887207;0.045047;0.000000;0.000000;0.000000;0.000000;2.000000;51.761555;-626.953857;2194.279785;0.106257;0.000000;0.000000;0.000000;0.000000;2.000000;81.459427;-588.351685;2189.944824;0.091463;0.000000;0.000000;0.000000;0.000000;2.000000;209.498535;-539.882874;2150.023926;0.120384;0.000000;0.000000;0.000000;0.000000;2.000000;251.239319;-297.733368;2025.050293;0.161644;0.000000;0.000000;0.000000;0.000000;2.000000;151.793091;-212.807968;1834.174805;0.037889;0.000000;0.000000;0.000000;0.000000;2.000000;163.544907;-153.125687;1759.827393;0.046011;0.000000;0.000000;0.000000;0.000000;2.000000;171.094940;-110.587280;1661.070190;0.058274;0.000000;0.000000;0.000000;0.000000;2.000000;100.487518;-103.641266;1757.077759;0.051717;0.000000;0.000000;0.000000;0.000000;2.000000;14.923553;-594.338867;2196.588867;0.073178;0.000000;0.000000;0.000000;0.000000;2.000000;-116.213753;-597.894043;2195.163086;0.102889;0.000000;0.000000;0.000000;0.000000;2.000000;-240.322601;-521.068420;1955.174316;0.067382;0.000000;0.000000;0.000000;0.000000;2.000000;-70.028198;-677.101379;1994.579834;0.137026;0.000000;0.000000;0.000000;0.000000;2.000000;-12.464828;-748.334656;2042.643555;0.140489;0.000000;0.000000;0.000000;0.000000;2.000000;38.667725;-823.708557;2096.777588;0.366339;0.000000;0.000000;0.000000;0.000000;2.000000;11.035606;-755.691833;2028.381958;0.097744;0.000000;0.000000;0.000000;0.000000;2.000000;90.283676;-147.408768;1989.219727;0.010124;0.000000;0.000000;0.000000;0.000000;2.000000;259.174835;-105.079544;1629.803711;0.075788;0.000000;0.000000;0.000000;0.000000;2.000000;217.860046;264.026154;1717.718384;0.042090;0.000000;0.000000;0.000000;0.000000;2.000000;218.964966;434.998138;1642.258545;0.036494;0.000000;0.000000;0.000000;0.000000;2.000000;-81.412766;-152.336594;2009.721069;0.009130;0.000000;0.000000;0.000000;0.000000;2.000000;-212.798462;-90.284805;1638.183594;0.128371;0.000000;0.000000;0.000000;0.000000;2.000000;-145.140442;279.069977;1726.247559;0.100675;0.000000;0.000000;0.000000;0.000000;2.000000;-134.839172;436.334137;1657.492310;0.067453;0.000000;0.000000;0.000000;0.000000;2.000000;58.876415;-707.666260;2185.591309;0.160180;0.000000;0.000000;0.000000;0.000000;2.000000;0.924892;-738.373291;2039.320068;0.215836;0.000000;0.000000;0.000000;0.000000;2.000000;32.801861;-777.719360;2062.847656;0.200036;0.000000;0.000000;0.000000;0.000000;2.000000;126.019730;-778.580200;2148.307129;0.174535;0.000000;0.000000;0.000000;0.000000;2.000000;-16.584579;-768.870605;2077.098633;0.155118;0.000000;0.000000;0.000000;0.000000;2.000000;-27.915184;-763.348755;2207.194336;0.038565;0.000000;0.000000;0.000000;0.000000;2.000000;4016566784.000000
0.000000;-150.000015;2000.000000;0.000000;0.000000;0.000000;0.000000;0.000000;2.000000;15.208031;-297.344635;2098.786133;0.024595;0.000000;0.000000;0.000000;0.000000;2.000000;27.784203;-412.120850;2182.025391;0.044272;0.000000;0.000000;0.000000;0.000000;2.000000;49.078213;-627.339722;2195.151611;0.085567;0.000000;0.000000;0.000000;0.000000;2.000000;79.017212;-588.901489;2190.799072;0.079480;0.000000;0.000000;0.000000;0.000000;2.000000;207.458893;-540.756104;2151.583496;0.081490;0.000000;0.000000;0.000000;0.000000;2.000000;248.902328;-299.142059;2025.239868;0.082191;0.000000;0.000000;0.000000;0.000000;2.000000;151.495346;-213.473083;1833.535156;0.029135;0.000000;0.000000;0.000000;0.000000;2.000000;163.039368;-153.884079;1759.031128;0.036366;0.000000;0.000000;0.000000;0.000000;2.000000;170.829453;-111.534729;1660.164551;0.040183;0.000000;0.000000;0.000000;0.000000;2.000000;100.361221;-104.705399;1755.470459;0.058046;0.000000;0.000000;0.000000;0.000000;2.000000;12.400352;-594.500305;2197.237305;0.078431;0.000000;0.000000;0.000000;0.000000;2.000000;-118.817596;-597.109070;2196.596191;0.092370;0.000000;0.000000;0.000000;0.000000;2.000000;-241.017166;-520.600708;1955.398315;0.026046;0.000000;0.000000;0.000000;0.000000;2.000000;-71.043961;-676.000854;1999.020630;0.140821;0.000000;0.000000;0.000000;0.000000;2.000000;-10.343906;-748.987305;2040.189087;0.099425;0.000000;0.000000;0.000000;0.000000;2.000000;37.606155;-830.768433;2087.600342;0.349373;0.000000;0.000000;0.000000;0.000000;2.000000;12.559359;-755.408875;2023.872803;0.143271;0.000000;0.000000;0.000000;0.000000;2.000000;90.362808;-147.703369;1989.514404;0.012744;0.000000;0.000000;0.000000;0.000000;2.000000;259.719604;-105.419281;1630.135498;0.021715;0.000000;0.000000;0.000000;0.000000;2.000000;217.801941;263.744202;1718.181885;0.016395;0.000000;0.000000;0.000000;0.000000;2.000000;220.330887;434.344238;1641.736572;0.048131;0.000000;0.000000;0.000000;0.000000;2.000000;-81.484116;-152.070984;2009.455444;0.011489;0.000000;0.000000;0.000000;0.000000;2.000000;-213.702194;-88.978424;1638.218018;0.047743;0.000000;0.000000;0.000000;0.000000;2.000000;-145.473343;280.111816;1727.613647;0.052584;0.000000;0.000000;0.000000;0.000000;2.000000;-134.980484;436.089478;1655.851440;0.050031;0.000000;0.000000;0.000000;0.000000;2.000000;55.775173;-708.148804;2186.729004;0.100312;0.000000;0.000000;0.000000;0.000000;2.000000;5.796978;-736.889099;2037.085327;0.167123;0.000000;0.000000;0.000000;0.000000;2.000000;37.116611;-776.195923;2061.464111;0.143642;0.000000;0.000000;0.000000;0.000000;2.000000;125.932968;-777.262634;2151.558105;0.105436;0.000000;0.000000;0.000000;0.000000;2.000000;-13.089314;-768.414063;2073.354980;0.154507;0.000000;0.000000;0.000000;0.000000;2.000000;-31.079044;-765.643677;2202.838867;0.175844;0.000000;0.000000;0.000000;0.000000;2.000000;4016600064.000000
0.000000;-149.999985;2000.000000;0.000001;0.000000;0.000000;0.000000;0.000000;2.000000;14.954569;-298.321320;2097.696289;0.044628;0.000000;0.000000;0.000000;0.000000;2.000000;27.135921;-414.824280;2178.825195;0.127377;0.000000;0.000000;0.000000;0.000000;2.000000;51.381065;-629.971558;2191.782715;0.145909;0.000000;0.000000;0.000000;0.000000;2.000000;80.826767;-591.083374;2187.480957;0.131132;0.000000;0.000000;0.000000;0.000000;2.000000;208.145676;-540.485229;2147.159180;0.134780;0.000000;0.000000;0.000000;0.000000;2.000000;247.452362;-294.792358;2027.542236;0.154165;0.000000;0.000000;0.000000;0.000000;2.000000;149.078903;-215.584320;1833.274780;0.096736;0.000000;0.000000;0.000000;0.000000;2.000000;161.959915;-155.607040;1759.171509;0.061239;0.000000;0.000000;0.000000;0.000000;2.000000;169.783691;-112.478668;1660.520508;0.043661;0.000000;0.000000;0.000000;0.000000;2.000000;98.902298;-106.110565;1756.342651;0.066267;0.000000;0.000000;0.000000;0.000000;2.000000;14.218065;-597.603333;2193.876221;0.147908;0.000000;0.000000;0.000000;0.000000;2.000000;-116.982193;-604.494141;2193.002930;0.252868;0.000000;0.000000;0.000000;0.000000;2.000000;-240.993011;-519.457031;1955.264771;0.034606;0.000000;0.000000;0.000000;0.000000;2.000000;-66.515259;-672.489624;1989.871216;0.324394;0.000000;0.000000;0.000000;0.000000;2.000000;-12.864811;-748.953247;2034.636353;0.183241;0.000000;0.000000;0.000000;0.000000;2.000000;29.466038;-832.491638;2084.520020;0.266598;0.000000;0.000000;0.000000;0.000000;2.000000;10.229631;-756.016235;2021.793579;0.095587;0.000000;0.000000;0.000000;0.000000;2.000000;90.593887;-146.775696;1991.027588;0.053783;0.000000;0.000000;0.000000;0.000000;2.000000;257.163269;-108.015137;1629.485840;0.111200;0.000000;0.000000;0.000000;0.000000;2.000000;215.905746;261.673218;1717.390747;0.087658;0.000000;0.000000;0.000000;0.000000;2.000000;218.535370;430.585754;1636.829346;0.193410;0.000000;0.000000;0.000000;0.000000;2.000000;-81.692490;-152.907471;2008.090820;0.048501;0.000000;0.000000;0.000000;0.000000;2.000000;-215.023529;-92.881317;1636.290283;0.136693;0.000000;0.000000;0.000000;0.000000;2.000000;-146.533051;276.349915;1726.657593;0.120900;0.000000;0.000000;0.000000;0.000000;2.000000;-136.778549;433.127563;1656.108887;0.104402;0.000000;0.000000;0.000000;0.000000;2.000000;59.193588;-710.759094;2183.281738;0.165627;0.000000;0.000000;0.000000;0.000000;2.000000;3.791592;-735.495972;2034.654541;0.103529;0.000000;0.000000;0.000000;0.000000;2.000000;34.408104;-776.294556;2057.566650;0.142644;0.000000;0.000000;0.000000;0.000000;2.000000;125.826096;-781.869873;2145.041504;0.239828;0.000000;0.000000;0.000000;0.000000;2.000000;-15.167290;-766.898621;2071.069824;0.103378;0.000000;0.000000;0.000000;0.000000;2.000000;-29.259235;-765.417236;2201.195801;0.073986;0.000000;0.000000;0.000000;0.000000;2.000000;4016633344.000000
0.000000;-150.000000;2000.000000;0.000000;0.000000;0.000000;0.000000;0.000000;2.000000;15.403852;-298.435547;2097.933105;0.015642;0.000000;0.000000;0.000000;0.000000;2.000000;27.880560;-415.650543;2178.358398;0.036246;0.000000;0.000000;0.000000;0.000000;2.000000;51.516727;-631.415894;2186.707520;0.158608;0.000000;0.000000;0.000000;0.000000;2.000000;81.119965;-592.477051;2183.194336;0.135728;0.000000;0.000000;0.000000;0.000000;2.000000;209.396286;-540.916992;2146.545898;0.043818;0.000000;0.000000;0.000000;0.000000;2.000000;247.733505;-295.692566;2024.731812;0.089076;0.000000;0.000000;0.000000;0.000000;2.000000;149.532471;-216.497498;1829.964111;0.104090;0.000000;0.000000;0.000000;0.000000;2.000000;162.304398;-155.534027;1756.464600;0.082023;0.000000;0.000000;0.000000;0.000000;2.000000;169.945999;-111.180130;1658.168823;0.080868;0.000000;0.000000;0.000000;0.000000;2.000000;98.533585;-104.936554;1755.805420;0.040346;0.000000;0.000000;0.000000;0.000000;2.000000;14.400799;-598.939087;2189.541016;0.136418;0.000000;0.000000;0.000000;0.000000;2.000000;-117.074463;-603.827393;2191.306885;0.054830;0.000000;0.000000;0.000000;0.000000;2.000000;-241.942627;-521.783081;1952.476563;0.112776;0.000000;0.000000;0.000000;0.000000;2.000000;-65.274551;-672.459351;1988.626099;0.052825;0.000000;0.000000;0.000000;0.000000;2.000000;-11.156551;-748.518555;2033.869019;0.057767;0.000000;0.000000;0.000000;0.000000;2.000000;29.927845;-832.710144;2084.029297;0.021286;0.000000;0.000000;0.000000;0.000000;2.000000;11.040510;-755.439148;2022.657349;0.039598;0.000000;0.000000;0.000000;0.000000;2.000000;90.703636;-146.643158;1990.821167;0.008075;0.000000;0.000000;0.000000;0.000000;2.000000;258.811371;-108.715286;1629.249512;0.054272;0.000000;0.000000;0.000000;0.000000;2.000000;215.799286;261.486755;1716.604858;0.024480;0.000000;0.000000;0.000000;0.000000;2.000000;219.414841;430.913086;1636.520020;0.029690;0.000000;0.000000;0.000000;0.000000;2.000000;-81.791458;-153.027023;2008.276978;0.007283;0.000000;0.000000;0.000000;0.000000;2.000000;-214.657776;-91.026093;1636.000244;0.057483;0.000000;0.000000;0.000000;0.000000;2.000000;-145.586868;278.582397;1726.820679;0.073023;0.000000;0.000000;0.000000;0.000000;2.000000;-136.607010;433.789001;1652.192627;0.119454;0.000000;0.000000;0.000000;0.000000;2.000000;59.082985;-712.146118;2176.461182;0.209166;0.000000;0.000000;0.000000;0.000000;2.000000;-1.401768;-739.328247;2030.002197;0.239069;0.000000;0.000000;0.000000;0.000000;2.000000;29.654202;-779.999756;2052.749756;0.231839;0.000000;0.000000;0.000000;0.000000;2.000000;123.953079;-784.678772;2137.445801;0.249766;0.000000;0.000000;0.000000;0.000000;2.000000;-19.451035;-769.892090;2067.679688;0.187179;0.000000;0.000000;0.000000;0.000000;2.000000;-29.315006;-765.743896;2198.330566;0.086669;0.000000;0.000000;0.000000;0.000000;2.000000;4016666624.000000
0.000000;-149.999985;2000.000000;0.000000;0.000000;0.000000;0.000000;0.000000;2.000000;13.588890;-298.715454;2097.822021;0.055282;0.000000;0.000000;0.000000;0.000000;2.000000;24.827137;-414.245361;2180.860840;0.125916;0.000000;0.000000;0.000000;0.000000;2.000000;47.480450;-630.175781;2188.414795;0.136856;0.000000;0.000000;0.000000;0.000000;2.000000;77.268387;-591.352417;2185.094971;0.133408;0.000000;0.000000;0.000000;0.000000;2.000000;205.393250;-541.036804;2146.179443;0.120840;0.000000;0.000000;0.000000;0.000000;2.000000;247.741547;-296.816742;2023.591187;0.048123;0.000000;0.000000;0.000000;0.000000;2.000000;150.027161;-214.752213;1829.730347;0.054959;0.000000;0.000000;0.000000;0.000000;2.000000;162.374146;-155.075241;1755.093750;0.043488;0.000000;0.000000;0.000000;0.000000;2.000000;168.396820;-112.026382;1656.091309;0.081917;0.000000;0.000000;0.000000;0.000000;2.000000;98.294640;-104.429672;1755.011963;0.029188;0.000000;0.000000;0.000000;0.000000;2.000000;10.502039;-597.538269;2191.318359;0.135455;0.000000;0.000000;0.000000;0.000000;2.000000;-120.985451;-602.840393;2192.026367;0.123115;0.000000;0.000000;0.000000;0.000000;2.000000;-240.262695;-521.958008;1949.918335;0.092112;0.000000;0.000000;0.000000;0.000000;2.000000;-65.800682;-673.062134;1994.276489;0.171477;0.000000;0.000000;0.000000;0.000000;2.000000;-8.818478;-747.492065;2038.738525;0.165216;0.000000;0.000000;0.000000;0.000000;2.000000;33.356857;-831.616089;2088.132080;0.163997;0.000000;0.000000;0.000000;0.000000;2.000000;7.642328;-752.849487;2035.596436;0.409442;0.000000;0.000000;0.000000;0.000000;2.000000;90.782669;-147.482376;1991.216431;0.027975;0.000000;0.000000;0.000000;0.000000;2.000000;257.531708;-107.924530;1629.129150;0.045345;0.000000;0.000000;0.000000;0.000000;2.000000;215.541626;262.560425;1716.014038;0.037629;0.000000;0.000000;0.000000;0.000000;2.000000;219.016266;431.498779;1634.838623;0.054824;0.000000;0.000000;0.000000;0.000000;2.000000;-81.862724;-152.270218;2007.920410;0.025229;0.000000;0.000000;0.000000;0.000000;2.000000;-215.085327;-90.606323;1635.655273;0.020775;0.000000;0.000000;0.000000;0.000000;2.000000;-144.915466;278.655457;1727.269287;0.024362;0.000000;0.000000;0.000000;0.000000;2.000000;-137.429199;434.806885;1654.413086;0.077443;0.000000;0.000000;0.000000;0.000000;2.000000;54.698853;-710.910522;2177.866943;0.143237;0.000000;0.000000;0.000000;0.000000;2.000000;-1.968616;-741.805298;2030.594971;0.078405;0.000000;0.000000;0.000000;0.000000;2.000000;31.123569;-780.539917;2053.865234;0.057760;0.000000;0.000000;0.000000;0.000000;2.000000;124.323975;-779.513855;2139.915771;0.172390;0.000000;0.000000;0.000000;0.000000;2.000000;-18.711018;-773.349976;2068.076904;0.106924;0.000000;0.000000;0.000000;0.000000;2.000000;-30.675995;-769.649292;2198.583984;0.124504;0.000000;0.000000;0.000000;0.000000;2.000000;4016699904.000000
0.000000;-150.000000;2000.000000;0.000000;0.000000;0.000000;0.000000;0.000000;2.000000;14.098040;-297.683380;2098.649414;0.042265;0.000000;0.000000;0.000000;0.000000;2.000000;25.643715;-413.610352;2180.587891;0.031901;0.000000;0.000000;0.000000;0.000000;2.000000;48.818718;-628.748230;2194.128906;0.180101;0.000000;0.000000;0.000000;0.000000;2.000000;78.451324;-590.023926;2189.865479;0.151818;0.000000;0.000000;0.000000;0.000000;2.000000;205.483215;-539.937317;2148.232666;0.069502;0.000000;0.000000;0.000000;0.000000;2.000000;250.472015;-296.647583;2026.000732;0.108705;0.000000;0.000000;0.000000;0.000000;2.000000;150.279724;-214.845230;1833.865112;0.123554;0.000000;0.000000;0.000000;0.000000;2.000000;162.806366;-154.489960;1760.060669;0.149688;0.000000;0.000000;0.000000;0.000000;2.000000;170.915329;-111.043610;1661.621826;0.183562;0.000000;0.000000;0.000000;0.000000;2.000000;99.965370;-105.972244;1756.162842;0.075996;0.000000;0.000000;0.000000;0.000000;2.000000;11.814331;-596.216003;2195.991211;0.150003;0.000000;0.000000;0.000000;0.000000;2.000000;-119.322983;-603.156738;2194.519043;0.089839;0.000000;0.000000;0.000000;0.000000;2.000000;-238.086975;-524.243408;1952.174072;0.115661;0.000000;0.000000;0.000000;0.000000;2.000000;-63.227051;-670.639648;2006.993652;0.393582;0.000000;0.000000;0.000000;0.000000;2.000000;-6.765514;-743.702393;2053.833252;0.468094;0.000000;0.000000;0.000000;0.000000;2.000000;56.041916;-810.872437;2106.681396;1.070565;0.000000;0.000000;0.000000;0.000000;2.000000;8.260040;-748.826233;2052.960938;0.531822;0.000000;0.000000;0.000000;0.000000;2.000000;90.518143;-147.794525;1990.365723;0.028149;0.000000;0.000000;0.000000;0.000000;2.000000;259.201599;-107.507034;1630.158569;0.059805;0.000000;0.000000;0.000000;0.000000;2.000000;217.177658;262.106720;1717.316162;0.063801;0.000000;0.000000;0.000000;0.000000;2.000000;217.427322;432.175079;1639.368164;0.144548;0.000000;0.000000;0.000000;0.000000;2.000000;-81.624199;-151.988785;2008.687622;0.025385;0.000000;0.000000;0.000000;0.000000;2.000000;-214.101654;-89.864899;1637.106079;0.056751;0.000000;0.000000;0.000000;0.000000;2.000000;-145.968201;279.088776;1728.183716;0.043541;0.000000;0.000000;0.000000;0.000000;2.000000;-135.845673;434.801788;1655.535889;0.057884;0.000000;0.000000;0.000000;0.000000;2.000000;56.286362;-709.556702;2185.847168;0.245958;0.000000;0.000000;0.000000;0.000000;2.000000;-2.945358;-736.416870;2039.150513;0.302901;0.000000;0.000000;0.000000;0.000000;2.000000;30.512003;-775.665039;2060.701172;0.251024;0.000000;0.000000;0.000000;0.000000;2.000000;125.083710;-776.907471;2144.852539;0.167999;0.000000;0.000000;0.000000;0.000000;2.000000;-18.954830;-768.918579;2075.984375;0.270390;0.000000;0.000000;0.000000;0.000000;2.000000;-28.503700;-768.786133;2206.475586;0.245423;0.000000;0.000000;0.000000;0.000000;2.000000;4016733440.000000
0.000000;-150.000000;2000.000000;0.000000;0.000000;0.000000;0.000000;0.000000;2.000000;13.796717;-297.541168;2098.413574;0.012266;0.000000;0.000000;0.000000;0.000000;2.000000;25.093670;-413.278107;2180.277832;0.021439;0.000000;0.000000;0.000000;0.000000;2.000000;50.131050;-627.804077;2194.874023;0.053489;0.000000;0.000000;0.000000;0.000000;2.000000;79.386185;-588.885010;2190.634766;0.049946;0.000000;0.000000;0.000000;0.000000;2.000000;206.088593;-538.920166;2148.600586;0.037246;0.000000;0.000000;0.000000;0.000000;2.000000;250.652390;-296.663330;2025.118164;0.027072;0.000000;0.000000;0.000000;0.000000;2.000000;151.147675;-214.859985;1833.051636;0.035747;0.000000;0.000000;0.000000;0.000000;2.000000;163.598480;-154.442856;1759.476440;0.029609;0.000000;0.000000;0.000000;0.000000;2.000000;171.579865;-110.836655;1661.278564;0.023319;0.000000;0.000000;0.000000;0.000000;2.000000;100.695038;-105.133713;1756.725830;0.037440;0.000000;0.000000;0.000000;0.000000;2.000000;12.873690;-595.657593;2196.360840;0.037658;0.000000;0.000000;0.000000;0.000000;2.000000;-117.883759;-604.870056;2192.850098;0.083878;0.000000;0.000000;0.000000;0.000000;2.000000;-240.722839;-520.813904;1954.801270;0.152067;0.000000;0.000000;0.000000;0.000000;2.000000;-66.110458;-667.945923;2006.838745;0.118658;0.000000;0.000000;0.000000;0.000000;2.000000;-10.492756;-740.491577;2055.120117;0.152796;0.000000;0.000000;0.000000;0.000000;2.000000;53.470791;-805.125122;2109.400879;0.206082;0.000000;0.000000;0.000000;0.000000;2.000000;3.596165;-745.383423;2055.602051;0.191414;0.000000;0.000000;0.000000;0.000000;2.000000;90.421234;-147.677002;1990.806274;0.014007;0.000000;0.000000;0.000000;0.000000;2.000000;258.671570;-106.940063;1631.124512;0.037233;0.000000;0.000000;0.000000;0.000000;2.000000;217.339020;262.404785;1717.190796;0.010859;0.000000;0.000000;0.000000;0.000000;2.000000;218.461304;432.650940;1640.331299;0.044803;0.000000;0.000000;0.000000;0.000000;2.000000;-81.536804;-152.094742;2008.290283;0.012632;0.000000;0.000000;0.000000;0.000000;2.000000;-213.200546;-89.694702;1637.120605;0.027559;0.000000;0.000000;0.000000;0.000000;2.000000;-145.289307;278.949646;1727.113403;0.038314;0.000000;0.000000;0.000000;0.000000;2.000000;-134.843658;434.395447;1654.561646;0.043733;0.000000;0.000000;0.000000;0.000000;2.000000;58.384281;-708.451294;2187.001953;0.079254;0.000000;0.000000;0.000000;0.000000;2.000000;-2.166302;-737.284424;2041.490601;0.078561;0.000000;0.000000;0.000000;0.000000;2.000000;31.286224;-776.266296;2063.309326;0.083723;0.000000;0.000000;0.000000;0.000000;2.000000;126.457581;-776.581665;2146.497070;0.065130;0.000000;0.000000;0.000000;0.000000;2.000000;-17.941048;-769.107605;2078.903076;0.093015;0.000000;0.000000;0.000000;0.000000;2.000000;-26.306602;-766.942383;2209.257324;0.120060;0.000000;0.000000;0.000000;0.000000;2.000000;4016766720.000000
0.000000;-150.000000;2000.000000;0.000000;0.000000;0.000000;0.000000;0.000000;2.000000;12.584698;-295.100525;2101.485107;0.123380;0.000000;0.000000;0.000000;0.000000;2.000000;22.585276;-411.651855;2181.832031;0.101241;0.000000;0.000000;0.000000;0.000000;2.000000;48.963394;-623.728149;2213.349121;0.569572;0.000000;0.000000;0.000000;0.000000;2.000000;77.918755;-585.105774;2206.388672;0.488798;0.000000;0.000000;0.000000;0.000000;2.000000;201.912430;-535.849121;2157.080566;0.298645;0.000000;0.000000;0.000000;0.000000;2.000000;246.662491;-296.759796;2028.867432;0.164541;0.000000;0.000000;0.000000;0.000000;2.000000;151.414459;-211.304703;1836.814697;0.155763;0.000000;0.000000;0.000000;0.000000;2.000000;163.273438;-151.585938;1762.834595;0.132841;0.000000;0.000000;0.000000;0.000000;2.000000;171.290802;-108.950485;1664.460449;0.111484;0.000000;0.000000;0.000000;0.000000;2.000000;100.569550;-102.880005;1759.126709;0.099018;0.000000;0.000000;0.000000;0.000000;2.000000;11.538807;-591.931641;2211.944092;0.483113;0.000000;0.000000;0.000000;0.000000;2.000000;-118.414825;-601.484131;2199.959229;0.237144;0.000000;0.000000;0.000000;0.000000;2.000000;-241.397186;-518.931030;1962.150635;0.228865;0.000000;0.000000;0.000000;0.000000;2.000000;-66.458214;-665.840210;2011.445557;0.152559;0.000000;0.000000;0.000000;0.000000;2.000000;-15.057381;-739.449158;2062.261963;0.256605;0.000000;0.000000;0.000000;0.000000;2.000000;40.449173;-809.038147;2119.224365;0.504034;0.000000;0.000000;0.000000;0.000000;2.000000;-0.613411;-744.800598;2062.741699;0.249661;0.000000;0.000000;0.000000;0.000000;2.000000;90.320862;-147.997131;1991.663452;0.027659;0.000000;0.000000;0.000000;0.000000;2.000000;258.252533;-103.275131;1633.233887;0.127684;0.000000;0.000000;0.000000;0.000000;2.000000;218.814590;265.254822;1720.144653;0.131064;0.000000;0.000000;0.000000;0.000000;2.000000;217.134430;434.535461;1642.120117;0.087666;0.000000;0.000000;0.000000;0.000000;2.000000;-81.446297;-151.806076;2007.517578;0.024934;0.000000;0.000000;0.000000;0.000000;2.000000;-213.209213;-84.607269;1638.120605;0.155793;0.000000;0.000000;0.000000;0.000000;2.000000;-144.834122;282.352661;1731.144775;0.159112;0.000000;0.000000;0.000000;0.000000;2.000000;-134.503555;436.907288;1657.531128;0.117314;0.000000;0.000000;0.000000;0.000000;2.000000;57.865719;-704.505371;2211.895752;0.757510;0.000000;0.000000;0.000000;0.000000;2.000000;8.859882;-737.165527;2063.249512;0.732977;0.000000;0.000000;0.000000;0.000000;2.000000;41.580441;-774.801392;2088.041016;0.806148;0.000000;0.000000;0.000000;0.000000;2.000000;130.281876;-771.244629;2177.654053;0.956769;0.000000;0.000000;0.000000;0.000000;2.000000;-8.708729;-768.752808;2099.906250;0.689467;0.000000;0.000000;0.000000;0.000000;2.000000;-26.487999;-764.794617;2228.994629;0.596594;0.000000;0.000000;0.000000;0.000000;2.000000;4016800000.000000
0.000000;-150.000000;2000.000000;0.000000;0.000000;0.000000;0.000000;0.000000;2.000000;13.250605;-295.319214;2101.222656;0.022489;0.000000;0.000000;0.000000;0.000000;2.000000;23.906069;-411.019318;2182.815918;0.053013;0.000000;0.000000;0.000000;0.000000;2.000000;49.274963;-623.760010;2211.172852;0.066066;0.000000;0.000000;0.000000;0.000000;2.000000;78.414932;-585.205750;2204.460205;0.059909;0.000000;0.000000;0.000000;0.000000;2.000000;202.651581;-536.298950;2155.235840;0.061225;0.000000;0.000000;0.000000;0.000000;2.000000;247.416382;-295.974823;2029.095215;0.033412;0.000000;0.000000;0.000000;0.000000;2.000000;152.612915;-210.705017;1836.619385;0.040693;0.000000;0.000000;0.000000;0.000000;2.000000;164.407257;-151.102768;1762.480835;0.038529;0.000000;0.000000;0.000000;0.000000;2.000000;172.318665;-108.660034;1663.963501;0.035398;0.000000;0.000000;0.000000;0.000000;2.000000;101.567795;-102.022141;1759.166016;0.039567;0.000000;0.000000;0.000000;0.000000;2.000000;12.021175;-591.705444;2210.567383;0.044357;0.000000;0.000000;0.000000;0.000000;2.000000;-118.316902;-600.116455;2201.675781;0.066015;0.000000;0.000000;0.000000;0.000000;2.000000;-240.522522;-516.842957;1963.573364;0.080343;0.000000;0.000000;0.000000;0.000000;2.000000;-65.857750;-665.297424;2009.586670;0.060922;0.000000;0.000000;0.000000;0.000000;2.000000;-19.057304;-746.192871;2053.376953;0.356067;0.000000;0.000000;0.000000;0.000000;2.000000;14.870518;-834.021118;2101.472656;1.199494;0.000000;0.000000;0.000000;0.000000;2.000000;-7.321457;-751.981628;2055.668945;0.363804;0.000000;0.000000;0.000000;0.000000;2.000000;90.252121;-148.399429;1990.483276;0.037523;0.000000;0.000000;0.000000;0.000000;2.000000;261.100067;-102.014511;1633.452393;0.093803;0.000000;0.000000;0.000000;0.000000;2.000000;219.871735;266.422363;1720.656128;0.049759;0.000000;0.000000;0.000000;0.000000;2.000000;219.830841;435.857971;1642.755249;0.092239;0.000000;0.000000;0.000000;0.000000;2.000000;-81.384300;-151.443298;2008.581543;0.033829;0.000000;0.000000;0.000000;0.000000;2.000000;-212.387451;-83.836182;1638.801514;0.039562;0.000000;0.000000;0.000000;0.000000;2.000000;-143.548523;283.373718;1731.191040;0.049351;0.000000;0.000000;0.000000;0.000000;2.000000;-133.678284;437.506653;1656.463745;0.044362;0.000000;0.000000;0.000000;0.000000;2.000000;57.663017;-704.597656;2208.523193;0.101560;0.000000;0.000000;0.000000;0.000000;2.000000;16.685356;-752.929932;2061.652100;0.531015;0.000000;0.000000;0.000000;0.000000;2.000000;50.743320;-786.085327;2090.724121;0.444147;0.000000;0.000000;0.000000;0.000000;2.000000;135.489594;-769.053711;2182.664551;0.226909;0.000000;0.000000;0.000000;0.000000;2.000000;-0.277687;-782.414185;2100.322266;0.482540;0.000000;0.000000;0.000000;0.000000;2.000000;-23.338295;-768.733154;2227.960449;0.154688;0.000000;0.000000;0.000000;0.000000;2.000000;4016833280.000000
0.000000;-150.000000;2000.000000;0.000000;0.000000;0.000000;0.000000;0.000000;2.000000;13.000891;-295.950684;2101.635742;0.023883;0.000000;0.000000;0.000000;0.000000;2.000000;23.518551;-411.604919;2184.327148;0.050072;0.000000;0.000000;0.000000;0.000000;2.000000;49.518642;-625.137756;2212.976318;0.068586;0.000000;0.000000;0.000000;0.000000;2.000000;78.672226;-586.389587;2205.977051;0.058331;0.000000;0.000000;0.000000;0.000000;2.000000;202.688721;-536.529724;2155.467285;0.009884;0.000000;0.000000;0.000000;0.000000;2.000000;247.686707;-295.159912;2028.923218;0.026311;0.000000;0.000000;0.000000;0.000000;2.000000;152.169037;-211.794067;1834.826538;0.064427;0.000000;0.000000;0.000000;0.000000;2.000000;164.610718;-151.112518;1761.157715;0.040226;0.000000;0.000000;0.000000;0.000000;2.000000;172.426788;-107.208923;1662.786865;0.056230;0.000000;0.000000;0.000000;0.000000;2.000000;101.502655;-101.381317;1758.940063;0.020511;0.000000;0.000000;0.000000;0.000000;2.000000;12.057081;-593.010376;2212.566895;0.071753;0.000000;0.000000;0.000000;0.000000;2.000000;-118.930473;-602.015015;2206.170898;0.147778;0.000000;0.000000;0.000000;0.000000;2.000000;-238.356018;-518.014526;1965.560791;0.095097;0.000000;0.000000;0.000000;0.000000;2.000000;-66.281586;-669.759766;2015.361938;0.219671;0.000000;0.000000;0.000000;0.000000;2.000000;-22.775635;-746.183716;2070.196045;0.517584;0.000000;0.000000;0.000000;0.000000;2.000000;-2.393978;-833.793396;2126.585449;0.915735;0.000000;0.000000;0.000000;0.000000;2.000000;-11.879463;-753.031311;2073.837646;0.563735;0.000000;0.000000;0.000000;0.000000;2.000000;90.671692;-148.242416;1990.925537;0.018916;0.000000;0.000000;0.000000;0.000000;2.000000;260.057922;-103.269196;1631.186279;0.083896;0.000000;0.000000;0.000000;0.000000;2.000000;219.323669;266.300049;1720.686646;0.016898;0.000000;0.000000;0.000000;0.000000;2.000000;219.879303;436.008423;1641.543091;0.036731;0.000000;0.000000;0.000000;0.000000;2.000000;-81.762650;-151.584885;2008.182983;0.017052;0.000000;0.000000;0.000000;0.000000;2.000000;-212.579803;-84.860229;1636.407715;0.078448;0.000000;0.000000;0.000000;0.000000;2.000000;-143.096466;283.145630;1731.738281;0.022403;0.000000;0.000000;0.000000;0.000000;2.000000;-135.751099;437.031799;1654.618530;0.084599;0.000000;0.000000;0.000000;0.000000;2.000000;58.051109;-706.300415;2210.390625;0.076827;0.000000;0.000000;0.000000;0.000000;2.000000;28.239342;-747.197205;2057.954102;0.403175;0.000000;0.000000;0.000000;0.000000;2.000000;60.358341;-781.900024;2087.857422;0.326659;0.000000;0.000000;0.000000;0.000000;2.000000;138.267395;-769.461243;2187.015625;0.155596;0.000000;0.000000;0.000000;0.000000;2.000000;8.532684;-778.802856;2093.830811;0.346275;0.000000;0.000000;0.000000;0.000000;2.000000;-24.153717;-771.760315;2220.453613;0.244447;0.000000;0.000000;0.000000;0.000000;2.000000;4016866560.000000
0.000000;-149.999985;2000.000000;0.000000;0.000000;0.000000;0.000000;0.000000;2.000000;12.578636;-295.711578;2101.776611;0.015067;0.000000;0.000000;0.000000;0.000000;2.000000;22.796055;-410.863831;2185.003906;0.036874;0.000000;0.000000;0.000000;0.000000;2.000000;48.064297;-624.038208;2215.571289;0.094568;0.000000;0.000000;0.000000;0.000000;2.000000;77.330666;-585.461426;2208.378906;0.086578;0.000000;0.000000;0.000000;0.000000;2.000000;201.365021;-536.301025;2157.558105;0.074104;0.000000;0.000000;0.000000;0.000000;2.000000;247.389191;-296.105865;2029.647339;0.036614;0.000000;0.000000;0.000000;0.000000;2.000000;153.252625;-212.268753;1835.305176;0.038053;0.000000;0.000000;0.000000;0.000000;2.000000;165.362946;-151.673279;1761.612915;0.031096;0.000000;0.000000;0.000000;0.000000;2.000000;172.828278;-107.891220;1663.257568;0.027464;0.000000;0.000000;0.000000;0.000000;2.000000;102.439079;-102.820847;1758.637085;0.051999;0.000000;0.000000;0.000000;0.000000;2.000000;10.723150;-591.841309;2214.718262;0.083143;0.000000;0.000000;0.000000;0.000000;2.000000;-120.038704;-601.488464;2206.985352;0.043913;0.000000;0.000000;0.000000;0.000000;2.000000;-239.525360;-517.506226;1966.668091;0.050356;0.000000;0.000000;0.000000;0.000000;2.000000;-65.748955;-667.882080;2013.734619;0.075775;0.000000;0.000000;0.000000;0.000000;2.000000;-18.436546;-741.986206;2068.440674;0.187474;0.000000;0.000000;0.000000;0.000000;2.000000;-4.547646;-832.457764;2122.052734;0.154850;0.000000;0.000000;0.000000;0.000000;2.000000;6.581532;-749.912476;2057.770996;0.735666;0.000000;0.000000;0.000000;0.000000;2.000000;90.610802;-148.444702;1991.027954;0.007001;0.000000;0.000000;0.000000;0.000000;2.000000;260.740875;-103.452713;1632.006104;0.032284;0.000000;0.000000;0.000000;0.000000;2.000000;220.095734;266.060974;1720.436646;0.025227;0.000000;0.000000;0.000000;0.000000;2.000000;219.839264;435.704224;1641.513672;0.009191;0.000000;0.000000;0.000000;0.000000;2.000000;-81.707741;-151.402435;2008.090576;0.006314;0.000000;0.000000;0.000000;0.000000;2.000000;-211.907867;-84.787079;1636.429932;0.020166;0.000000;0.000000;0.000000;0.000000;2.000000;-142.512115;283.026917;1731.285156;0.022332;0.000000;0.000000;0.000000;0.000000;2.000000;-133.460815;437.491577;1655.835571;0.078543;0.000000;0.000000;0.000000;0.000000;2.000000;56.380348;-705.176392;2213.720459;0.116035;0.000000;0.000000;0.000000;0.000000;2.000000;44.077003;-744.121765;2058.517578;0.481373;0.000000;0.000000;0.000000;0.000000;2.000000;72.894028;-779.011047;2091.340088;0.397405;0.000000;0.000000;0.000000;0.000000;2.000000;139.105255;-767.479370;2198.642578;0.352588;0.000000;0.000000;0.000000;0.000000;2.000000;20.746431;-776.307861;2091.529297;0.378001;0.000000;0.000000;0.000000;0.000000;2.000000;-25.875801;-771.203857;2213.691895;0.208723;0.000000;0.000000;0.000000;0.000000;2.000000;4016900096.000000
0.000000;-150.000015;2000.000000;0.000001;0.000000;0.000000;0.000000;0.000000;2.000000;11.734436;-295.965027;2101.720703;0.026538;0.000000;0.000000;0.000000;0.000000;2.000000;21.256443;-411.587067;2184.539551;0.052983;0.000000;0.000000;0.000000;0.000000;2.000000;45.185493;-624.344238;2219.756348;0.152909;0.000000;0.000000;0.000000;0.000000;2.000000;74.730583;-586.038940;2212.050293;0.136291;0.000000;0.000000;0.000000;0.000000;2.000000;200.042648;-539.016846;2162.082275;0.163458;0.000000;0.000000;0.000000;0.000000;2.000000;244.687454;-300.498108;2030.212646;0.155876;0.000000;0.000000;0.000000;0.000000;2.000000;153.466644;-212.514389;1836.130249;0.026655;0.000000;0.000000;0.000000;0.000000;2.000000;164.739716;-152.500504;1761.749512;0.031391;0.000000;0.000000;0.000000;0.000000;2.000000;171.947159;-109.643356;1662.890381;0.059955;0.000000;0.000000;0.000000;0.000000;2.000000;101.296188;-102.832748;1759.618042;0.045258;0.000000;0.000000;0.000000;0.000000;2.000000;7.990234;-591.972534;2217.876953;0.125569;0.000000;0.000000;0.000000;0.000000;2.000000;-122.730255;-602.447266;2209.113281;0.107048;0.000000;0.000000;0.000000;0.000000;2.000000;-240.148239;-517.257996;1967.984619;0.044394;0.000000;0.000000;0.000000;0.000000;2.000000;-68.744644;-670.994995;2013.646484;0.129842;0.000000;0.000000;0.000000;0.000000;2.000000;-26.620975;-740.857788;2077.533936;0.369170;0.000000;0.000000;0.000000;0.000000;2.000000;-15.965603;-826.339233;2139.554443;0.654273;0.000000;0.000000;0.000000;0.000000;2.000000;6.100155;-751.535889;2060.962402;0.108557;0.000000;0.000000;0.000000;0.000000;2.000000;90.660568;-149.101242;1990.831177;0.020649;0.000000;0.000000;0.000000;0.000000;2.000000;260.400665;-104.003082;1631.343506;0.027828;0.000000;0.000000;0.000000;0.000000;2.000000;219.924438;265.642700;1720.389648;0.013655;0.000000;0.000000;0.000000;0.000000;2.000000;218.838882;434.873413;1640.303223;0.053382;0.000000;0.000000;0.000000;0.000000;2.000000;-81.752625;-150.810471;2008.267944;0.018618;0.000000;0.000000;0.000000;0.000000;2.000000;-213.046387;-85.289063;1636.513428;0.037472;0.000000;0.000000;0.000000;0.000000;2.000000;-142.015762;282.128113;1732.726563;0.053176;0.000000;0.000000;0.000000;0.000000;2.000000;-134.141937;436.044983;1655.780396;0.048073;0.000000;0.000000;0.000000;0.000000;2.000000;53.120590;-705.595825;2219.656982;0.203894;0.000000;0.000000;0.000000;0.000000;2.000000;58.748543;-743.803345;2063.776855;0.468418;0.000000;0.000000;0.000000;0.000000;2.000000;82.461884;-779.559937;2099.669434;0.381531;0.000000;0.000000;0.000000;0.000000;2.000000;135.465149;-770.079834;2214.354492;0.490876;0.000000;0.000000;0.000000;0.000000;2.000000;30.731461;-775.467651;2093.542480;0.307108;0.000000;0.000000;0.000000;0.000000;2.000000;-30.272648;-769.452759;2209.250488;0.195023;0.000000;0.000000;0.000000;0.000000;2.000000;4016933376.000000
0.000000;-150.000015;2000.000000;0.000000;0.000000;0.000000;0.000000;0.000000;2.000000;10.345539;-296.396545;2102.019287;0.044613;0.000000;0.000000;0.000000;0.000000;2.000000;18.640259;-413.249023;2183.840332;0.095473;0.000000;0.000000;0.000000;0.000000;2.000000;43.603329;-625.902161;2222.121094;0.097471;0.000000;0.000000;0.000000;0.000000;2.000000;73.047165;-587.469238;2213.913086;0.086826;0.000000;0.000000;0.000000;0.000000;2.000000;198.397812;-540.207764;2163.268066;0.070660;0.000000;0.000000;0.000000;0.000000;2.000000;243.981354;-301.635681;2030.397949;0.040615;0.000000;0.000000;0.000000;0.000000;2.000000;153.172058;-212.409821;1836.009399;0.010070;0.000000;0.000000;0.000000;0.000000;2.000000;163.942474;-152.743271;1760.971436;0.034259;0.000000;0.000000;0.000000;0.000000;2.000000;171.354126;-110.594696;1661.534424;0.052865;0.000000;0.000000;0.000000;0.000000;2.000000;101.041580;-102.914047;1757.976440;0.049976;0.000000;0.000000;0.000000;0.000000;2.000000;6.163086;-593.661804;2219.730957;0.093243;0.000000;0.000000;0.000000;0.000000;2.000000;-124.776901;-606.659912;2213.017090;0.183207;0.000000;0.000000;0.000000;0.000000;2.000000;-239.581879;-523.146179;1969.250854;0.181772;0.000000;0.000000;0.000000;0.000000;2.000000;-66.042618;-672.156616;2024.479736;0.337302;0.000000;0.000000;0.000000;0.000000;2.000000;-31.645683;-741.500854;2093.746094;0.510371;0.000000;0.000000;0.000000;0.000000;2.000000;-18.404034;-821.553711;2162.584717;0.710585;0.000000;0.000000;0.000000;0.000000;2.000000;12.163651;-755.293945;2068.206055;0.305486;0.000000;0.000000;0.000000;0.000000;2.000000;90.942146;-149.584229;1991.374390;0.023423;0.000000;0.000000;0.000000;0.000000;2.000000;259.276825;-105.031021;1630.067627;0.059701;0.000000;0.000000;0.000000;0.000000;2.000000;219.244370;265.236084;1720.755005;0.026218;0.000000;0.000000;0.000000;0.000000;2.000000;219.169830;434.485779;1639.631714;0.025332;0.000000;0.000000;0.000000;0.000000;2.000000;-82.006531;-150.374954;2007.778076;0.021122;0.000000;0.000000;0.000000;0.000000;2.000000;-214.259125;-86.397583;1635.039429;0.066325;0.000000;0.000000;0.000000;0.000000;2.000000;-141.700897;281.858093;1730.721069;0.061537;0.000000;0.000000;0.000000;0.000000;2.000000;-134.908691;434.734436;1650.710205;0.159034;0.000000;0.000000;0.000000;0.000000;2.000000;51.952549;-707.307190;2223.157715;0.122234;0.000000;0.000000;0.000000;0.000000;2.000000;57.149010;-739.656860;2065.539551;0.143663;0.000000;0.000000;0.000000;0.000000;2.000000;80.352554;-777.208984;2100.122314;0.095878;0.000000;0.000000;0.000000;0.000000;2.000000;133.527954;-772.926147;2215.382324;0.107967;0.000000;0.000000;0.000000;0.000000;2.000000;28.567272;-772.097900;2094.129395;0.121624;0.000000;0.000000;0.000000;0.000000;2.000000;-32.584610;-769.614136;2210.252930;0.075874;0.000000;0.000000;0.000000;0.000000;2.000000;4016966656.000000
0.000000;-149.999985;2000.000000;0.000001;0.000000;0.000000;0.000000;0.000000;2.000000;11.158691;-296.969177;2101.656250;0.031813;0.000000;0.000000;0.000000;0.000000;2.000000;20.114960;-414.199310;2183.303223;0.055130;0.000000;0.000000;0.000000;0.000000;2.000000;45.001465;-627.385925;2220.816895;0.072722;0.000000;0.000000;0.000000;0.000000;2.000000;74.513000;-588.894897;2212.611328;0.072836;0.000000;0.000000;0.000000;0.000000;2.000000;200.783752;-542.231934;2163.000488;0.094360;0.000000;0.000000;0.000000;0.000000;2.000000;245.521942;-303.397003;2029.310425;0.077536;0.000000;0.000000;0.000000;0.000000;2.000000;154.339874;-214.708801;1834.366089;0.091878;0.000000;0.000000;0.000000;0.000000;2.000000;165.396973;-154.494873;1759.590820;0.080008;0.000000;0.000000;0.000000;0.000000;2.000000;173.068466;-111.672989;1660.255493;0.071973;0.000000;0.000000;0.000000;0.000000;2.000000;102.423889;-105.216843;1756.046997;0.099370;0.000000;0.000000;0.000000;0.000000;2.000000;7.527859;-595.034058;2218.681641;0.066152;0.000000;0.000000;0.000000;0.000000;2.000000;-123.693726;-608.066162;2213.115723;0.053419;0.000000;0.000000;0.000000;0.000000;2.000000;-237.712418;-525.987793;1967.927124;0.109673;0.000000;0.000000;0.000000;0.000000;2.000000;-64.806763;-675.838379;2024.601807;0.116754;0.000000;0.000000;0.000000;0.000000;2.000000;-30.276943;-745.451172;2093.804688;0.125635;0.000000;0.000000;0.000000;0.000000;2.000000;-26.869648;-829.984009;2158.647949;0.377979;0.000000;0.000000;0.000000;0.000000;2.000000;6.128647;-758.051758;2077.668945;0.347277;0.000000;0.000000;0.000000;0.000000;2.000000;91.062202;-149.326935;1990.977295;0.014668;0.000000;0.000000;0.000000;0.000000;2.000000;261.458435;-106.418472;1629.660400;0.078645;0.000000;0.000000;0.000000;0.000000;2.000000;220.729126;264.481506;1720.280273;0.052038;0.000000;0.000000;0.000000;0.000000;2.000000;219.997681;433.684631;1638.309570;0.052693;0.000000;0.000000;0.000000;0.000000;2.000000;-82.114807;-150.606918;2008.136108;0.013225;0.000000;0.000000;0.000000;0.000000;2.000000;-212.571381;-87.237061;1633.911987;0.065999;0.000000;0.000000;0.000000;0.000000;2.000000;-141.795303;281.755615;1730.819092;0.005119;0.000000;0.000000;0.000000;0.000000;2.000000;-133.256271;434.489014;1650.055420;0.053915;0.000000;0.000000;0.000000;0.000000;2.000000;53.265617;-708.946533;2221.541260;0.079639;0.000000;0.000000;0.000000;0.000000;2.000000;60.232071;-740.971558;2063.638184;0.115788;0.000000;0.000000;0.000000;0.000000;2.000000;82.858124;-778.797974;2098.462891;0.102148;0.000000;0.000000;0.000000;0.000000;2.000000;134.734024;-775.080627;2214.576172;0.078046;0.000000;0.000000;0.000000;0.000000;2.000000;31.086620;-773.394714;2091.840820;0.109444;0.000000;0.000000;0.000000;0.000000;2.000000;-31.573956;-770.890625;2207.416992;0.098259;0.000000;0.000000;0.000000;0.000000;2.000000;4016999936.000000
0.000000;-150.000000;2000.000000;0.000000;0.000000;0.000000;0.000000;0.000000;2.000000;11.268087;-297.109436;2101.704590;0.005539;0.000000;0.000000;0.000000;0.000000;2.000000;20.308407;-414.474396;2183.357910;0.010238;0.000000;0.000000;0.000000;0.000000;2.000000;45.735088;-627.742432;2221.101563;0.025959;0.000000;0.000000;0.000000;0.000000;2.000000;75.175941;-589.161377;2212.819580;0.022363;0.000000;0.000000;0.000000;0.000000;2.000000;201.404480;-542.043335;2163.185059;0.020267;0.000000;0.000000;0.000000;0.000000;2.000000;245.867859;-302.721130;2029.794800;0.027061;0.000000;0.000000;0.000000;0.000000;2.000000;154.404419;-214.159729;1834.692627;0.019293;0.000000;0.000000;0.000000;0.000000;2.000000;165.782013;-154.047913;1759.779297;0.018609;0.000000;0.000000;0.000000;0.000000;2.000000;173.563202;-111.375763;1660.289307;0.017372;0.000000;0.000000;0.000000;0.000000;2.000000;102.531174;-103.563980;1757.397095;0.064209;0.000000;0.000000;0.000000;0.000000;2.000000;8.155037;-595.450745;2218.968018;0.024207;0.000000;0.000000;0.000000;0.000000;2.000000;-123.203178;-608.806580;2215.012695;0.062939;0.000000;0.000000;0.000000;0.000000;2.000000;-240.245636;-529.569458;1970.042603;0.146346;0.000000;0.000000;0.000000;0.000000;2.000000;-66.727249;-678.635132;2027.723633;0.138534;0.000000;0.000000;0.000000;0.000000;2.000000;-29.390648;-746.381226;2097.450195;0.116144;0.000000;0.000000;0.000000;0.000000;2.000000;-28.666191;-831.722839;2161.460938;0.113086;0.000000;0.000000;0.000000;0.000000;2.000000;5.722576;-758.550293;2081.954346;0.130209;0.000000;0.000000;0.000000;0.000000;2.000000;91.141205;-149.235748;1991.007690;0.003739;0.000000;0.000000;0.000000;0.000000;2.000000;261.756042;-107.006470;1629.341309;0.022001;0.000000;0.000000;0.000000;0.000000;2.000000;220.818237;264.239899;1719.806763;0.016196;0.000000;0.000000;0.000000;0.000000;2.000000;221.161194;433.673615;1637.949829;0.036596;0.000000;0.000000;0.000000;0.000000;2.000000;-82.186043;-150.689178;2008.108765;0.003371;0.000000;0.000000;0.000000;0.000000;2.000000;-211.856201;-87.644562;1633.197754;0.032746;0.000000;0.000000;0.000000;0.000000;2.000000;-141.428558;281.500946;1731.068237;0.015364;0.000000;0.000000;0.000000;0.000000;2.000000;-132.988068;436.045929;1653.494263;0.113713;0.000000;0.000000;0.000000;0.000000;2.000000;54.191319;-709.351379;2221.903809;0.032255;0.000000;0.000000;0.000000;0.000000;2.000000;59.476311;-742.287231;2063.985596;0.046772;0.000000;0.000000;0.000000;0.000000;2.000000;84.776550;-778.643799;2098.610352;0.058000;0.000000;0.000000;0.000000;0.000000;2.000000;138.872955;-771.308472;2213.649414;0.170558;0.000000;0.000000;0.000000;0.000000;2.000000;32.623470;-775.965637;2093.059570;0.097167;0.000000;0.000000;0.000000;0.000000;2.000000;-27.682198;-775.750549;2210.031982;0.202914;0.000000;0.000000;0.000000;0.000000;2.000000;4017033216.000000
