posX0;posY0;posZ0;posVel0;rotX0;rotY0;rotZ0;rotVel0;confidence0;posX1;posY1;posZ1;posVel1;rotX1;rotY1;rotZ1;rotVel1;confidence1;posX2;posY2;posZ2;posVel2;rotX2;rotY2;rotZ2;rotVel2;confidence2;posX3;posY3;posZ3;posVel3;rotX3;rotY3;rotZ3;rotVel3;confidence3;posX4;posY4;posZ4;posVel4;rotX4;rotY4;rotZ4;rotVel4;confidence4;posX5;posY5;posZ5;posVel5;rotX5;rotY5;rotZ5;rotVel5;confidence5;posX6;posY6;posZ6;posVel6;rotX6;rotY6;rotZ6;rotVel6;confidence6;posX7;posY7;posZ7;posVel7;rotX7;rotY7;rotZ7;rotVel7;confidence7;posX8;posY8;posZ8;posVel8;rotX8;rotY8;rotZ8;rotVel8;confidence8;posX9;posY9;posZ9;posVel9;rotX9;rotY9;rotZ9;rotVel9;confidence9;posX10;posY10;posZ10;posVel10;rotX10;rotY10;rotZ10;rotVel10;confidence10;posX11;posY11;posZ11;posVel11;rotX11;rotY11;rotZ11;rotVel11;confidence11;posX12;posY12;posZ12;posVel12;rotX12;rotY12;rotZ12;rotVel12;confidence12;posX13;posY13;posZ13;posVel13;rotX13;rotY13;rotZ13;rotVel13;confidence13;posX14;posY14;posZ14;posVel14;rotX14;rotY14;rotZ14;rotVel14;confidence14;posX15;posY15;posZ15;posVel15;rotX15;rotY15;rotZ15;rotVel15;confidence15;posX16;posY16;posZ16;posVel16;rotX16;rotY16;rotZ16;rotVel16;confidence16;posX17;posY17;posZ17;posVel17;rotX17;rotY17;rotZ17;rotVel17;confidence17;posX18;posY18;posZ18;posVel18;rotX18;rotY18;rotZ18;rotVel18;confidence18;posX19;posY19;posZ19;posVel19;rotX19;rotY19;rotZ19;rotVel19;confidence19;posX20;posY20;posZ20;posVel20;rotX20;rotY20;rotZ20;rotVel20;confidence20;posX21;posY21;posZ21;posVel21;rotX21;rotY21;rotZ21;rotVel21;confidence21;posX22;posY22;posZ22;posVel22;rotX22;rotY22;rotZ22;rotVel22;confidence22;posX23;posY23;posZ23;posVel23;rotX23;rotY23;rotZ23;rotVel23;confidence23;posX24;posY24;posZ24;posVel24;rotX24;rotY24;rotZ24;rotVel24;confidence24;posX25;posY25;posZ25;posVel25;rotX25;rotY25;rotZ25;rotVel25;confidence25;posX26;posY26;posZ26;posVel26;rotX26;rotY26;rotZ26;rotVel26;confidence26;posX27;posY27;posZ27;posVel27;rotX27;rotY27;rotZ27;rotVel27;confidence27;posX28;posY28;posZ28;posVel28;rotX28;rotY28;rotZ28;rotVel28;confidence28;posX29;posY29;posZ29;posVel29;rotX29;rotY29;rotZ29;rotVel29;confidence29;posX30;posY30;posZ30;posVel30;rotX30;rotY30;rotZ30;rotVel30;confidence30;posX31;posY31;posZ31;posVel31;rotX31;rotY31;rotZ31;rotVel31;confidence31;TimeStamp
0.000000;-150.000000;2000.000000;0.000000;0.000000;0.000000;0.000000;0.000000;2.000000;4.828514;-299.897003;2118.224609;0.000000;0.000000;0.000000;0.000000;0.000000;2.000000;5.535849;-431.110229;2196.270020;0.000000;0.000000;0.000000;0.000000;0.000000;2.000000;1.958731;-636.531860;2304.881592;0.000000;0.000000;0.000000;0.000000;0.000000;2.000000;38.610706;-603.964966;2286.205566;0.000000;0.000000;0.000000;0.000000;0.000000;2.000000;186.174377;-569.143311;2265.530273;0.000000;0.000000;0.000000;0.000000;0.000000;2.000000;299.957855;-303.195984;2327.377686;0.000000;0.000000;0.000000;0.000000;0.000000;2.000000;314.377411;-106.669312;2176.355957;0.000000;0.000000;0.000000;0.000000;0.000000;2.000000;271.277832;-29.830322;2122.853516;0.000000;0.000000;0.000000;0.000000;0.000000;2.000000;240.461792;44.201782;2039.500000;0.000000;0.000000;0.000000;0.000000;0.000000;2.000000;257.370605;-22.405548;2082.054932;0.000000;0.000000;0.000000;0.000000;0.000000;2.000000;-33.243279;-600.173828;2289.642578;0.000000;0.000000;0.000000;0.000000;0.000000;2.000000;-169.665833;-565.693604;2293.738281;0.000000;0.000000;0.000000;0.000000;0.000000;2.000000;-258.024414;-283.565765;2352.376953;0.000000;0.000000;0.000000;0.000000;0.000000;2.000000;-256.481750;-97.841263;2182.928711;0.000000;0.000000;0.000000;0.000000;0.000000;2.000000;-232.740082;-24.912903;2102.711426;0.000000;0.000000;0.000000;0.000000;0.000000;2.000000;-181.075150;7.738770;2006.846680;0.000000;0.000000;0.000000;0.000000;0.000000;2.000000;-211.972763;-42.251343;2066.586426;0.000000;0.000000;0.000000;0.000000;0.000000;2.000000;96.403664;-157.411682;1986.665405;0.000000;0.000000;0.000000;0.000000;0.000000;2.000000;110.367477;88.301361;1635.856567;0.000000;0.000000;0.000000;0.000000;0.000000;2.000000;127.603882;385.039734;1354.124268;0.000000;0.000000;0.000000;0.000000;0.000000;2.000000;89.336128;319.205078;1168.612427;0.000000;0.000000;0.000000;0.000000;0.000000;2.000000;-86.931435;-143.316574;2012.024414;0.000000;0.000000;0.000000;0.000000;0.000000;2.000000;-60.434769;-57.197006;1593.547485;0.000000;0.000000;0.000000;0.000000;0.000000;2.000000;-38.170345;317.315430;1418.859619;0.000000;0.000000;0.000000;0.000000;0.000000;1.000000;-76.823380;336.502869;1239.477051;0.000000;0.000000;0.000000;0.000000;0.000000;1.000000;-0.326969;-719.455200;2332.525879;0.000000;0.000000;0.000000;0.000000;0.000000;2.000000;18.376991;-780.101196;2172.656738;0.000000;0.000000;0.000000;0.000000;0.000000;2.000000;45.685547;-810.221191;2216.664795;0.000000;0.000000;0.000000;0.000000;0.000000;2.000000;94.808037;-778.504761;2339.120605;0.000000;0.000000;0.000000;0.000000;0.000000;2.000000;-9.473127;-812.853027;2207.567383;0.000000;0.000000;0.000000;0.000000;0.000000;2.000000;-81.293945;-798.165527;2327.131836;0.000000;0.000000;0.000000;0.000000;0.000000;2.000000;10816666624.000000
0.000000;-150.000000;2000.000000;0.000000;0.000000;0.000000;0.000000;0.000000;2.000000;5.372337;-298.795349;2117.603027;0.040745;0.000000;0.000000;0.000000;0.000000;2.000000;6.784252;-429.012695;2195.381104;0.076875;0.000000;0.000000;0.000000;0.000000;2.000000;2.275099;-634.310242;2300.945068;0.134091;0.000000;0.000000;0.000000;0.000000;2.000000;38.863831;-601.505737;2283.555176;0.107257;0.000000;0.000000;0.000000;0.000000;2.000000;186.016190;-565.982910;2269.500732;0.150248;0.000000;0.000000;0.000000;0.000000;2.000000;294.376709;-298.444031;2324.752441;0.230410;0.000000;0.000000;0.000000;0.000000;2.000000;313.567139;-106.138779;2171.474609;0.147269;0.000000;0.000000;0.000000;0.000000;2.000000;279.945007;-22.950073;2122.113281;0.328208;0.000000;0.000000;0.000000;0.000000;2.000000;251.828598;54.012085;2041.540161;0.448415;0.000000;0.000000;0.000000;0.000000;2.000000;256.532776;-14.906891;2084.211426;0.232228;0.000000;0.000000;0.000000;0.000000;2.000000;-32.607979;-598.257568;2285.430664;0.138220;0.000000;0.000000;0.000000;0.000000;2.000000;-167.665985;-561.933044;2286.517578;0.248085;0.000000;0.000000;0.000000;0.000000;2.000000;-257.318329;-282.117584;2344.280762;0.244287;0.000000;0.000000;0.000000;0.000000;2.000000;-253.359131;-93.074265;2181.061035;0.177466;0.000000;0.000000;0.000000;0.000000;2.000000;-232.159302;-18.752045;2102.415771;0.183334;0.000000;0.000000;0.000000;0.000000;2.000000;-179.850479;19.491455;2009.895264;0.361128;0.000000;0.000000;0.000000;0.000000;2.000000;-212.279938;-38.221649;2060.428711;0.217965;0.000000;0.000000;0.000000;0.000000;2.000000;95.939133;-156.457825;1987.446655;0.038991;0.000000;0.000000;0.000000;0.000000;2.000000;109.308945;88.754730;1639.651245;0.117352;0.000000;0.000000;0.000000;0.000000;2.000000;127.204407;395.732300;1373.181152;0.646760;0.000000;0.000000;0.000000;0.000000;2.000000;107.086014;334.716309;1184.588379;0.842687;0.000000;0.000000;0.000000;0.000000;2.000000;-86.512535;-144.176682;2011.319824;0.035161;0.000000;0.000000;0.000000;0.000000;2.000000;-59.435596;-56.050720;1596.132813;0.088760;0.000000;0.000000;0.000000;0.000000;2.000000;-40.045403;326.626648;1446.983887;0.878457;0.000000;0.000000;0.000000;0.000000;1.000000;-73.275604;358.944702;1269.634399;1.117373;0.000000;0.000000;0.000000;0.000000;1.000000;-0.026344;-717.010498;2327.450195;0.166956;0.000000;0.000000;0.000000;0.000000;2.000000;18.365982;-781.493652;2170.261719;0.081984;0.000000;0.000000;0.000000;0.000000;2.000000;46.524437;-809.552307;2214.570313;0.069641;0.000000;0.000000;0.000000;0.000000;2.000000;95.767921;-773.477722;2334.781250;0.198564;0.000000;0.000000;0.000000;0.000000;2.000000;-8.290779;-813.572876;2206.148926;0.058652;0.000000;0.000000;0.000000;0.000000;2.000000;-78.845627;-796.995361;2325.157959;0.099300;0.000000;0.000000;0.000000;0.000000;2.000000;10816700416.000000
0.000000;-150.000000;2000.000000;0.000000;0.000000;0.000000;0.000000;0.000000;2.000000;3.239346;-297.414825;2116.637451;0.082949;0.000000;0.000000;0.000000;0.000000;2.000000;4.561037;-425.403687;2195.425049;0.129366;0.000000;0.000000;0.000000;0.000000;2.000000;0.686495;-631.184692;2295.338379;0.201803;0.000000;0.000000;0.000000;0.000000;2.000000;36.846581;-597.824341;2279.606445;0.175879;0.000000;0.000000;0.000000;0.000000;2.000000;182.271271;-563.722229;2260.051758;0.317761;0.000000;0.000000;0.000000;0.000000;2.000000;290.548523;-299.671387;2317.993408;0.239997;0.000000;0.000000;0.000000;0.000000;2.000000;309.688080;-105.417343;2170.893555;0.121708;0.000000;0.000000;0.000000;0.000000;2.000000;279.660583;-20.131531;2124.832031;0.119824;0.000000;0.000000;0.000000;0.000000;2.000000;264.601379;64.922882;2050.636230;0.582980;0.000000;0.000000;0.000000;0.000000;2.000000;255.418243;-19.454407;2076.576660;0.273318;0.000000;0.000000;0.000000;0.000000;2.000000;-34.034184;-595.579224;2280.041504;0.188742;0.000000;0.000000;0.000000;0.000000;2.000000;-167.753693;-559.196899;2281.340820;0.178712;0.000000;0.000000;0.000000;0.000000;2.000000;-258.300293;-282.847382;2340.293945;0.127268;0.000000;0.000000;0.000000;0.000000;2.000000;-267.430054;-90.984848;2184.195801;0.444535;0.000000;0.000000;0.000000;0.000000;2.000000;-232.024139;-24.240326;2105.270508;0.188837;0.000000;0.000000;0.000000;0.000000;2.000000;-208.748505;6.636414;2000.236694;1.009221;0.000000;0.000000;0.000000;0.000000;2.000000;-209.851318;-42.906509;2098.717285;1.179520;0.000000;0.000000;0.000000;0.000000;2.000000;95.833138;-152.922607;1993.644653;0.217777;0.000000;0.000000;0.000000;0.000000;2.000000;104.265366;76.545380;1639.734253;0.403147;0.000000;0.000000;0.000000;0.000000;2.000000;110.326729;320.954437;1319.134644;2.862414;0.000000;0.000000;0.000000;0.000000;2.000000;142.527100;244.370392;1140.046875;3.258729;0.000000;0.000000;0.000000;0.000000;1.000000;-86.416962;-147.364548;2005.730835;0.196379;0.000000;0.000000;0.000000;0.000000;2.000000;-60.238571;-56.956940;1594.954102;0.051568;0.000000;0.000000;0.000000;0.000000;2.000000;-59.102470;327.396454;1459.802856;0.701301;0.000000;0.000000;0.000000;0.000000;1.000000;-75.362762;373.163788;1284.781250;0.637201;0.000000;0.000000;0.000000;0.000000;1.000000;-1.024572;-713.726868;2319.710693;0.258372;0.000000;0.000000;0.000000;0.000000;2.000000;23.179890;-786.084900;2168.539063;0.209709;0.000000;0.000000;0.000000;0.000000;2.000000;47.691437;-812.507202;2215.230957;0.099028;0.000000;0.000000;0.000000;0.000000;2.000000;91.314980;-772.334839;2334.940186;0.140381;0.000000;0.000000;0.000000;0.000000;2.000000;-6.209801;-815.119141;2204.117676;0.100511;0.000000;0.000000;0.000000;0.000000;2.000000;-81.674500;-790.374756;2317.061523;0.330644;0.000000;0.000000;0.000000;0.000000;2.000000;10816733184.000000
0.000000;-150.000000;2000.000000;0.000000;0.000000;0.000000;0.000000;0.000000;2.000000;1.490891;-295.511993;2117.922852;0.085411;0.000000;0.000000;0.000000;0.000000;2.000000;0.668161;-422.591492;2197.116455;0.150673;0.000000;0.000000;0.000000;0.000000;2.000000;-0.587450;-629.061890;2293.659668;0.088518;0.000000;0.000000;0.000000;0.000000;2.000000;35.016205;-595.533936;2277.651367;0.104285;0.000000;0.000000;0.000000;0.000000;2.000000;178.427322;-557.287170;2255.414551;0.260836;0.000000;0.000000;0.000000;0.000000;2.000000;291.117859;-297.083862;2316.776123;0.086283;0.000000;0.000000;0.000000;0.000000;2.000000;306.429626;-102.594971;2171.062744;0.127668;0.000000;0.000000;0.000000;0.000000;2.000000;278.841339;-19.095490;2121.195313;0.114499;0.000000;0.000000;0.000000;0.000000;2.000000;261.366638;59.800842;2041.577026;0.322505;0.000000;0.000000;0.000000;0.000000;2.000000;255.301468;-10.482025;2081.620117;0.304610;0.000000;0.000000;0.000000;0.000000;2.000000;-35.573158;-593.428955;2279.755615;0.078707;0.000000;0.000000;0.000000;0.000000;2.000000;-168.327988;-555.680176;2283.479248;0.122979;0.000000;0.000000;0.000000;0.000000;2.000000;-259.618134;-279.163391;2334.368164;0.210137;0.000000;0.000000;0.000000;0.000000;2.000000;-271.514893;-92.471283;2173.719727;0.335645;0.000000;0.000000;0.000000;0.000000;2.000000;-233.710861;-17.015686;2104.976318;0.219719;0.000000;0.000000;0.000000;0.000000;2.000000;-213.674454;8.162231;1998.213989;0.163925;0.000000;0.000000;0.000000;0.000000;2.000000;-219.859222;-31.630249;2081.948242;0.667325;0.000000;0.000000;0.000000;0.000000;2.000000;95.166725;-155.912674;1991.500854;0.110649;0.000000;0.000000;0.000000;0.000000;2.000000;103.484329;82.346191;1645.361694;0.240281;0.000000;0.000000;0.000000;0.000000;2.000000;110.865219;342.580048;1339.477173;0.878750;0.000000;0.000000;0.000000;0.000000;2.000000;133.762146;272.603119;1157.098389;1.009919;0.000000;0.000000;0.000000;0.000000;1.000000;-85.816025;-144.668304;2007.664063;0.099777;0.000000;0.000000;0.000000;0.000000;2.000000;-61.219269;-48.871689;1599.636108;0.278006;0.000000;0.000000;0.000000;0.000000;2.000000;-55.971550;336.889679;1473.483643;0.501411;0.000000;0.000000;0.000000;0.000000;1.000000;-75.246300;386.475616;1300.524902;0.610129;0.000000;0.000000;0.000000;0.000000;1.000000;-1.610615;-711.648865;2316.748779;0.108467;0.000000;0.000000;0.000000;0.000000;2.000000;21.533003;-780.025269;2164.272217;0.224666;0.000000;0.000000;0.000000;0.000000;2.000000;45.268486;-808.109863;2210.108398;0.212261;0.000000;0.000000;0.000000;0.000000;2.000000;89.140785;-772.279724;2330.545654;0.145102;0.000000;0.000000;0.000000;0.000000;2.000000;-8.436464;-809.320557;2198.826172;0.241470;0.000000;0.000000;0.000000;0.000000;2.000000;-83.469307;-786.269653;2311.785400;0.204834;0.000000;0.000000;0.000000;0.000000;2.000000;10816766976.000000
0.000000;-150.000000;2000.000000;0.000000;0.000000;0.000000;0.000000;0.000000;2.000000;2.161098;-295.891998;2116.705322;0.043970;0.000000;0.000000;0.000000;0.000000;2.000000;2.285864;-422.125061;2196.558594;0.054127;0.000000;0.000000;0.000000;0.000000;2.000000;-0.326159;-627.124756;2294.870605;0.070171;0.000000;0.000000;0.000000;0.000000;2.000000;35.409443;-594.088501;2278.543213;0.053203;0.000000;0.000000;0.000000;0.000000;2.000000;179.581802;-559.391968;2257.956055;0.106690;0.000000;0.000000;0.000000;0.000000;2.000000;288.764587;-297.722076;2315.960449;0.078464;0.000000;0.000000;0.000000;0.000000;2.000000;305.629547;-101.638214;2173.594727;0.086136;0.000000;0.000000;0.000000;0.000000;2.000000;280.247375;-18.362579;2122.695801;0.066620;0.000000;0.000000;0.000000;0.000000;2.000000;262.741028;58.703064;2041.700317;0.053812;0.000000;0.000000;0.000000;0.000000;2.000000;255.828400;-8.577698;2084.917969;0.117324;0.000000;0.000000;0.000000;0.000000;2.000000;-34.987572;-591.470581;2280.686035;0.068538;0.000000;0.000000;0.000000;0.000000;2.000000;-167.937042;-555.894165;2285.955078;0.076771;0.000000;0.000000;0.000000;0.000000;2.000000;-259.127228;-278.763092;2328.831543;0.170066;0.000000;0.000000;0.000000;0.000000;2.000000;-270.182983;-89.627441;2171.955566;0.109921;0.000000;0.000000;0.000000;0.000000;2.000000;-234.430161;-17.564728;2099.025391;0.183695;0.000000;0.000000;0.000000;0.000000;2.000000;-206.913300;1.905151;1993.024292;0.322675;0.000000;0.000000;0.000000;0.000000;2.000000;-222.373520;-25.865662;2077.956055;0.227330;0.000000;0.000000;0.000000;0.000000;2.000000;95.044662;-154.872589;1992.148804;0.037581;0.000000;0.000000;0.000000;0.000000;2.000000;102.871994;76.883545;1642.851685;0.184412;0.000000;0.000000;0.000000;0.000000;2.000000;110.577179;363.580597;1363.041016;0.963293;0.000000;0.000000;0.000000;0.000000;2.000000;128.644043;316.430695;1173.453491;1.436124;0.000000;0.000000;0.000000;0.000000;1.000000;-85.705948;-145.606186;2007.079712;0.033890;0.000000;0.000000;0.000000;0.000000;2.000000;-56.270683;-41.137802;1602.576904;0.294221;0.000000;0.000000;0.000000;0.000000;2.000000;-51.752174;345.035431;1480.946533;0.360897;0.000000;0.000000;0.000000;0.000000;1.000000;-70.547752;398.407684;1309.534180;0.478277;0.000000;0.000000;0.000000;0.000000;1.000000;-1.905842;-709.270813;2318.706055;0.094423;0.000000;0.000000;0.000000;0.000000;2.000000;21.625214;-776.968750;2166.445068;0.114480;0.000000;0.000000;0.000000;0.000000;2.000000;45.952511;-804.633789;2212.040527;0.123149;0.000000;0.000000;0.000000;0.000000;2.000000;89.651672;-768.285156;2332.022949;0.130906;0.000000;0.000000;0.000000;0.000000;2.000000;-7.641981;-806.702515;2201.016602;0.106957;0.000000;0.000000;0.000000;0.000000;2.000000;-82.363998;-785.020813;2314.041504;0.085620;0.000000;0.000000;0.000000;0.000000;2.000000;10816799744.000000
0.000000;-150.000000;2000.000000;0.000000;0.000000;0.000000;0.000000;0.000000;2.000000;-0.414654;-296.750336;2115.832031;0.084399;0.000000;0.000000;0.000000;0.000000;2.000000;-1.780901;-422.170532;2197.116211;0.121480;0.000000;0.000000;0.000000;0.000000;2.000000;-5.001890;-627.538757;2294.968262;0.138939;0.000000;0.000000;0.000000;0.000000;2.000000;30.857031;-594.327759;2279.174072;0.136190;0.000000;0.000000;0.000000;0.000000;2.000000;175.382339;-559.190369;2261.309082;0.159139;0.000000;0.000000;0.000000;0.000000;2.000000;284.066071;-295.842102;2313.238525;0.170047;0.000000;0.000000;0.000000;0.000000;2.000000;302.194244;-98.490662;2172.530029;0.141434;0.000000;0.000000;0.000000;0.000000;2.000000;280.567261;-12.852966;2123.734863;0.166189;0.000000;0.000000;0.000000;0.000000;2.000000;261.321350;65.365082;2044.152344;0.214237;0.000000;0.000000;0.000000;0.000000;2.000000;250.294250;-5.812622;2086.445313;0.188572;0.000000;0.000000;0.000000;0.000000;2.000000;-39.614040;-591.941101;2280.409180;0.137860;0.000000;0.000000;0.000000;0.000000;2.000000;-172.208786;-554.603943;2284.567139;0.138293;0.000000;0.000000;0.000000;0.000000;2.000000;-264.504150;-277.187164;2324.388428;0.211617;0.000000;0.000000;0.000000;0.000000;2.000000;-279.171234;-88.674896;2166.818848;0.307654;0.000000;0.000000;0.000000;0.000000;2.000000;-239.493423;-16.108917;2096.358398;0.174745;0.000000;0.000000;0.000000;0.000000;2.000000;-208.954910;-0.148163;1990.525513;0.113183;0.000000;0.000000;0.000000;0.000000;2.000000;-227.589752;-24.587280;2073.824707;0.200515;0.000000;0.000000;0.000000;0.000000;2.000000;95.287895;-154.566040;1994.556274;0.072179;0.000000;0.000000;0.000000;0.000000;2.000000;92.894272;70.887024;1640.768799;0.349961;0.000000;0.000000;0.000000;0.000000;2.000000;86.065392;327.102325;1332.456787;1.584497;0.000000;0.000000;0.000000;0.000000;2.000000;149.803299;255.731049;1161.037231;1.937442;0.000000;0.000000;0.000000;0.000000;2.000000;-85.925285;-145.882599;2004.908813;0.065086;0.000000;0.000000;0.000000;0.000000;2.000000;-61.553154;-25.403717;1604.268555;0.493701;0.000000;0.000000;0.000000;0.000000;2.000000;-62.207954;362.341522;1486.785889;0.622802;0.000000;0.000000;0.000000;0.000000;1.000000;-79.198471;409.836700;1313.348999;0.438942;0.000000;0.000000;0.000000;0.000000;1.000000;-6.623722;-709.797241;2318.604492;0.140514;0.000000;0.000000;0.000000;0.000000;2.000000;15.502104;-774.430298;2164.693359;0.202888;0.000000;0.000000;0.000000;0.000000;2.000000;38.911308;-803.892944;2209.686279;0.220799;0.000000;0.000000;0.000000;0.000000;2.000000;83.254593;-771.710144;2330.709473;0.218222;0.000000;0.000000;0.000000;0.000000;2.000000;-14.717858;-804.183350;2198.472412;0.234675;0.000000;0.000000;0.000000;0.000000;2.000000;-89.211876;-783.163086;2311.875977;0.219534;0.000000;0.000000;0.000000;0.000000;2.000000;10816833536.000000
0.000000;-150.000000;2000.000000;0.000000;0.000000;0.000000;0.000000;0.000000;2.000000;-1.047598;-297.244354;2112.426270;0.106785;0.000000;0.000000;0.000000;0.000000;2.000000;-2.335615;-418.917999;2196.863525;0.100987;0.000000;0.000000;0.000000;0.000000;2.000000;-5.843809;-622.189636;2294.306152;0.166483;0.000000;0.000000;0.000000;0.000000;2.000000;29.740955;-589.380310;2278.560547;0.155907;0.000000;0.000000;0.000000;0.000000;2.000000;174.293106;-557.394714;2267.712891;0.205670;0.000000;0.000000;0.000000;0.000000;2.000000;283.603943;-296.168976;2314.177246;0.033453;0.000000;0.000000;0.000000;0.000000;2.000000;300.018402;-99.675552;2175.869141;0.126888;0.000000;0.000000;0.000000;0.000000;2.000000;279.756317;-16.801361;2123.716309;0.123012;0.000000;0.000000;0.000000;0.000000;2.000000;260.965240;57.111542;2041.411499;0.265626;0.000000;0.000000;0.000000;0.000000;2.000000;251.898468;-5.404816;2089.694336;0.111278;0.000000;0.000000;0.000000;0.000000;2.000000;-40.085915;-586.887390;2279.812988;0.155963;0.000000;0.000000;0.000000;0.000000;2.000000;-171.731979;-550.687317;2282.742188;0.132665;0.000000;0.000000;0.000000;0.000000;2.000000;-266.957367;-276.687286;2319.458008;0.168752;0.000000;0.000000;0.000000;0.000000;2.000000;-277.837646;-87.513260;2165.896973;0.060865;0.000000;0.000000;0.000000;0.000000;2.000000;-239.783264;-13.233124;2097.882324;0.099716;0.000000;0.000000;0.000000;0.000000;2.000000;-202.995056;10.819702;1996.727417;0.425365;0.000000;0.000000;0.000000;0.000000;2.000000;-230.079086;-21.631165;2069.174316;0.184528;0.000000;0.000000;0.000000;0.000000;2.000000;94.471771;-154.271057;1995.286499;0.034612;0.000000;0.000000;0.000000;0.000000;2.000000;88.702774;72.353088;1646.818359;0.229014;0.000000;0.000000;0.000000;0.000000;2.000000;83.785507;326.424927;1341.417847;0.282938;0.000000;0.000000;0.000000;0.000000;2.000000;176.024658;267.643494;1180.540039;1.061479;0.000000;0.000000;0.000000;0.000000;2.000000;-85.189362;-146.148621;2004.250244;0.031213;0.000000;0.000000;0.000000;0.000000;2.000000;-44.501801;-16.923248;1611.700439;0.623859;0.000000;0.000000;0.000000;0.000000;2.000000;40.930119;315.877197;1404.023193;4.277478;0.000000;0.000000;0.000000;0.000000;2.000000;44.672680;315.894409;1225.077393;5.455831;0.000000;0.000000;0.000000;0.000000;2.000000;-7.585239;-703.643921;2317.919434;0.191210;0.000000;0.000000;0.000000;0.000000;2.000000;8.229458;-767.767273;2164.682373;0.301008;0.000000;0.000000;0.000000;0.000000;2.000000;30.861103;-798.308716;2208.651855;0.300655;0.000000;0.000000;0.000000;0.000000;2.000000;78.632980;-769.280396;2327.836914;0.181867;0.000000;0.000000;0.000000;0.000000;2.000000;-22.441330;-795.972778;2198.596924;0.344025;0.000000;0.000000;0.000000;0.000000;2.000000;-92.950653;-772.280640;2312.519043;0.351707;0.000000;0.000000;0.000000;0.000000;2.000000;10816866304.000000
0.000000;-150.000015;2000.000000;0.000000;0.000000;0.000000;0.000000;0.000000;2.000000;-1.122728;-297.238007;2112.339111;0.003410;0.000000;0.000000;0.000000;0.000000;2.000000;-2.463200;-418.852173;2196.780518;0.004908;0.000000;0.000000;0.000000;0.000000;2.000000;-6.135582;-622.013672;2294.284668;0.010103;0.000000;0.000000;0.000000;0.000000;2.000000;29.464819;-589.239319;2278.552979;0.009178;0.000000;0.000000;0.000000;0.000000;2.000000;174.003708;-557.322632;2267.959229;0.011447;0.000000;0.000000;0.000000;0.000000;2.000000;283.327576;-296.319885;2315.090820;0.028596;0.000000;0.000000;0.000000;0.000000;2.000000;300.208832;-99.550247;2177.363037;0.044720;0.000000;0.000000;0.000000;0.000000;2.000000;280.056671;-16.083710;2126.180664;0.076475;0.000000;0.000000;0.000000;0.000000;2.000000;260.696014;58.616699;2044.771362;0.109240;0.000000;0.000000;0.000000;0.000000;2.000000;253.336395;0.595337;2095.637939;0.253526;0.000000;0.000000;0.000000;0.000000;2.000000;-40.339973;-586.712280;2279.756836;0.009281;0.000000;0.000000;0.000000;0.000000;2.000000;-171.908081;-550.383240;2282.613525;0.011074;0.000000;0.000000;0.000000;0.000000;2.000000;-266.665649;-276.280243;2319.047363;0.019165;0.000000;0.000000;0.000000;0.000000;2.000000;-277.156952;-87.343430;2165.287598;0.027499;0.000000;0.000000;0.000000;0.000000;2.000000;-238.756149;-13.048187;2097.537598;0.032525;0.000000;0.000000;0.000000;0.000000;2.000000;-201.125763;12.165955;1997.014648;0.068698;0.000000;0.000000;0.000000;0.000000;2.000000;-229.045593;-21.023987;2069.143555;0.035483;0.000000;0.000000;0.000000;0.000000;2.000000;94.443558;-154.286499;1995.325806;0.001503;0.000000;0.000000;0.000000;0.000000;2.000000;89.176331;72.805023;1647.308228;0.024195;0.000000;0.000000;0.000000;0.000000;2.000000;84.702751;327.721558;1342.766602;0.061662;0.000000;0.000000;0.000000;0.000000;2.000000;178.248764;268.788269;1182.774292;0.099253;0.000000;0.000000;0.000000;0.000000;2.000000;-85.163910;-146.134705;2004.214844;0.001354;0.000000;0.000000;0.000000;0.000000;2.000000;-43.387676;-16.616730;1612.012451;0.035420;0.000000;0.000000;0.000000;0.000000;2.000000;42.370483;315.619202;1403.807617;0.043770;0.000000;0.000000;0.000000;0.000000;2.000000;46.931290;313.628784;1224.947510;0.094749;0.000000;0.000000;0.000000;0.000000;2.000000;-7.932367;-703.430786;2317.927490;0.012057;0.000000;0.000000;0.000000;0.000000;2.000000;7.980585;-767.432983;2164.706055;0.012353;0.000000;0.000000;0.000000;0.000000;2.000000;30.632437;-797.962341;2208.649902;0.012283;0.000000;0.000000;0.000000;0.000000;2.000000;78.333397;-768.952026;2327.822754;0.013161;0.000000;0.000000;0.000000;0.000000;2.000000;-22.654243;-795.683594;2198.589355;0.010629;0.000000;0.000000;0.000000;0.000000;2.000000;-93.190475;-772.142334;2312.475586;0.008293;0.000000;0.000000;0.000000;0.000000;2.000000;10816900096.000000
0.000000;-150.000015;2000.000000;0.000000;0.000000;0.000000;0.000000;0.000000;2.000000;-0.923164;-295.787659;2114.394043;0.076999;0.000000;0.000000;0.000000;0.000000;2.000000;-1.736752;-417.208954;2199.271973;0.093740;0.000000;0.000000;0.000000;0.000000;2.000000;-4.815046;-619.262390;2299.372314;0.181053;0.000000;0.000000;0.000000;0.000000;2.000000;30.710003;-586.556763;2283.235107;0.169005;0.000000;0.000000;0.000000;0.000000;2.000000;176.030396;-557.894836;2272.800293;0.161111;0.000000;0.000000;0.000000;0.000000;2.000000;284.025085;-298.025970;2329.352051;0.438838;0.000000;0.000000;0.000000;0.000000;2.000000;301.293549;-104.476318;2186.940430;0.330337;0.000000;0.000000;0.000000;0.000000;2.000000;285.140930;-19.665527;2136.438721;0.366092;0.000000;0.000000;0.000000;0.000000;2.000000;264.166107;55.945251;2056.186523;0.373119;0.000000;0.000000;0.000000;0.000000;2.000000;258.337433;-7.123566;2103.989014;0.379122;0.000000;0.000000;0.000000;0.000000;2.000000;-39.144081;-584.232788;2284.381104;0.164234;0.000000;0.000000;0.000000;0.000000;2.000000;-170.703079;-547.546387;2281.835449;0.097011;0.000000;0.000000;0.000000;0.000000;2.000000;-265.084229;-274.550629;2327.719238;0.274139;0.000000;0.000000;0.000000;0.000000;2.000000;-271.975067;-90.565445;2167.652344;0.199710;0.000000;0.000000;0.000000;0.000000;2.000000;-241.161209;-11.541046;2101.291260;0.143614;0.000000;0.000000;0.000000;0.000000;2.000000;-192.950836;25.756439;2009.336426;0.612907;0.000000;0.000000;0.000000;0.000000;2.000000;-227.559402;-19.215240;2069.311523;0.071626;0.000000;0.000000;0.000000;0.000000;2.000000;94.706833;-150.919342;1999.592651;0.166070;0.000000;0.000000;0.000000;0.000000;2.000000;98.800995;88.107635;1659.345825;0.662806;0.000000;0.000000;0.000000;0.000000;2.000000;105.487442;341.898926;1353.601196;0.835975;0.000000;0.000000;0.000000;0.000000;2.000000;169.730316;238.679871;1201.664185;1.115420;0.000000;0.000000;0.000000;0.000000;2.000000;-85.401306;-149.171021;2000.367310;0.149751;0.000000;0.000000;0.000000;0.000000;2.000000;-22.115297;9.515900;1621.738159;1.070301;0.000000;0.000000;0.000000;0.000000;2.000000;65.174942;332.996399;1400.343506;0.881324;0.000000;0.000000;0.000000;0.000000;2.000000;104.432739;317.810913;1226.326904;1.759944;0.000000;0.000000;0.000000;0.000000;2.000000;-6.367407;-700.429993;2324.047363;0.213420;0.000000;0.000000;0.000000;0.000000;2.000000;6.292366;-752.866943;2166.094238;0.449497;0.000000;0.000000;0.000000;0.000000;2.000000;29.840378;-786.590088;2207.184814;0.350756;0.000000;0.000000;0.000000;0.000000;2.000000;80.074036;-766.493774;2327.236328;0.093648;0.000000;0.000000;0.000000;0.000000;2.000000;-23.673904;-783.598511;2198.430908;0.370149;0.000000;0.000000;0.000000;0.000000;2.000000;-91.837059;-768.635864;2315.270020;0.142932;0.000000;0.000000;0.000000;0.000000;2.000000;10816932864.000000
0.000000;-149.999985;2000.000000;0.000001;0.000000;0.000000;0.000000;0.000000;2.000000;-1.192045;-295.435547;2114.588623;0.014319;0.000000;0.000000;0.000000;0.000000;2.000000;-2.214306;-416.272308;2200.080078;0.039241;0.000000;0.000000;0.000000;0.000000;2.000000;-6.058353;-617.331543;2301.719238;0.097171;0.000000;0.000000;0.000000;0.000000;2.000000;29.560808;-584.854675;2285.462402;0.089655;0.000000;0.000000;0.000000;0.000000;2.000000;174.853607;-556.388916;2275.909912;0.108013;0.000000;0.000000;0.000000;0.000000;2.000000;282.529419;-296.464355;2331.588867;0.092066;0.000000;0.000000;0.000000;0.000000;2.000000;301.184052;-103.778366;2188.523438;0.051299;0.000000;0.000000;0.000000;0.000000;2.000000;285.557526;-18.946198;2138.057617;0.053854;0.000000;0.000000;0.000000;0.000000;2.000000;265.290497;56.754395;2057.839355;0.063819;0.000000;0.000000;0.000000;0.000000;2.000000;257.635742;-6.704865;2105.585449;0.053072;0.000000;0.000000;0.000000;0.000000;2.000000;-40.233860;-582.387085;2286.330566;0.085741;0.000000;0.000000;0.000000;0.000000;2.000000;-171.580872;-545.436523;2282.930664;0.074990;0.000000;0.000000;0.000000;0.000000;2.000000;-265.422455;-272.066956;2326.053711;0.089059;0.000000;0.000000;0.000000;0.000000;2.000000;-271.371216;-89.325531;2164.839355;0.092711;0.000000;0.000000;0.000000;0.000000;2.000000;-240.106552;-10.788727;2098.256592;0.097645;0.000000;0.000000;0.000000;0.000000;2.000000;-190.956741;22.225769;2005.278076;0.169772;0.000000;0.000000;0.000000;0.000000;2.000000;-225.350677;-22.357574;2062.412598;0.233667;0.000000;0.000000;0.000000;0.000000;2.000000;94.626938;-151.019882;1999.689941;0.004768;0.000000;0.000000;0.000000;0.000000;2.000000;100.762611;86.872986;1659.104004;0.068963;0.000000;0.000000;0.000000;0.000000;2.000000;109.244255;339.071472;1352.519043;0.142781;0.000000;0.000000;0.000000;0.000000;2.000000;172.255249;234.363159;1201.295166;0.148394;0.000000;0.000000;0.000000;0.000000;2.000000;-85.329269;-149.080307;2000.279663;0.004299;0.000000;0.000000;0.000000;0.000000;2.000000;-24.215569;12.088531;1622.724731;0.102525;0.000000;0.000000;0.000000;0.000000;2.000000;60.401459;354.222961;1430.919922;1.110527;0.000000;0.000000;0.000000;0.000000;1.000000;67.260796;348.824951;1252.247681;1.625049;0.000000;0.000000;0.000000;0.000000;1.000000;-7.860931;-698.225220;2327.025391;0.118224;0.000000;0.000000;0.000000;0.000000;2.000000;6.123892;-748.497070;2168.627930;0.149565;0.000000;0.000000;0.000000;0.000000;2.000000;28.321936;-783.286377;2209.511719;0.127746;0.000000;0.000000;0.000000;0.000000;2.000000;77.072433;-766.057251;2330.495850;0.131762;0.000000;0.000000;0.000000;0.000000;2.000000;-24.934452;-779.054321;2200.010498;0.147174;0.000000;0.000000;0.000000;0.000000;2.000000;-94.499168;-764.442871;2315.932129;0.148279;0.000000;0.000000;0.000000;0.000000;2.000000;10816966656.000000
0.000000;-150.000000;2000.000000;0.000000;0.000000;0.000000;0.000000;0.000000;2.000000;-5.300344;-292.758087;2117.950195;0.175939;0.000000;0.000000;0.000000;0.000000;2.000000;-9.438007;-412.646759;2204.808838;0.277112;0.000000;0.000000;0.000000;0.000000;2.000000;-11.005463;-612.773804;2308.593262;0.284613;0.000000;0.000000;0.000000;0.000000;2.000000;24.262829;-580.069031;2291.947754;0.285430;0.000000;0.000000;0.000000;0.000000;2.000000;167.691956;-543.134399;2281.995605;0.480833;0.000000;0.000000;0.000000;0.000000;2.000000;282.162018;-287.335785;2343.695068;0.448822;0.000000;0.000000;0.000000;0.000000;2.000000;297.646301;-97.519241;2196.264893;0.312652;0.000000;0.000000;0.000000;0.000000;2.000000;282.182831;-9.198639;2152.009521;0.513466;0.000000;0.000000;0.000000;0.000000;2.000000;256.075958;71.920868;2079.017578;0.817665;0.000000;0.000000;0.000000;0.000000;2.000000;248.557724;21.591736;2139.721191;1.339334;0.000000;0.000000;0.000000;0.000000;2.000000;-45.590775;-578.342896;2292.874756;0.277413;0.000000;0.000000;0.000000;0.000000;2.000000;-176.149216;-539.299194;2283.987061;0.228560;0.000000;0.000000;0.000000;0.000000;2.000000;-268.781830;-266.435791;2333.515625;0.293962;0.000000;0.000000;0.000000;0.000000;2.000000;-271.192413;-85.595917;2169.885742;0.185771;0.000000;0.000000;0.000000;0.000000;2.000000;-245.428253;-6.805420;2101.187500;0.214986;0.000000;0.000000;0.000000;0.000000;2.000000;-188.202347;27.310211;2013.295532;0.292532;0.000000;0.000000;0.000000;0.000000;2.000000;-225.917786;-24.408966;2057.278809;0.164461;0.000000;0.000000;0.000000;0.000000;2.000000;94.640411;-151.503357;2002.433228;0.082434;0.000000;0.000000;0.000000;0.000000;2.000000;105.704208;85.672729;1661.200928;0.162779;0.000000;0.000000;0.000000;0.000000;2.000000;123.055069;347.829376;1363.187256;0.577818;0.000000;0.000000;0.000000;0.000000;2.000000;160.564148;231.613068;1211.760010;0.471407;0.000000;0.000000;0.000000;0.000000;2.000000;-85.341423;-148.644348;1997.805786;0.074338;0.000000;0.000000;0.000000;0.000000;2.000000;-12.124010;30.065704;1630.185669;0.678089;0.000000;0.000000;0.000000;0.000000;2.000000;68.940643;343.444977;1392.699707;1.202017;0.000000;0.000000;0.000000;0.000000;2.000000;103.546967;316.886322;1219.116089;1.734266;0.000000;0.000000;0.000000;0.000000;2.000000;-11.909245;-693.457581;2334.754883;0.294243;0.000000;0.000000;0.000000;0.000000;2.000000;10.517792;-747.358704;2178.440918;0.319954;0.000000;0.000000;0.000000;0.000000;2.000000;29.833752;-781.552368;2221.287598;0.355069;0.000000;0.000000;0.000000;0.000000;2.000000;71.765060;-762.317261;2344.579590;0.458934;0.000000;0.000000;0.000000;0.000000;2.000000;-22.747452;-776.843262;2208.613770;0.270718;0.000000;0.000000;0.000000;0.000000;2.000000;-98.728714;-758.820313;2320.024658;0.240870;0.000000;0.000000;0.000000;0.000000;2.000000;10817000448.000000
0.000000;-150.000000;2000.000000;0.000000;0.000000;0.000000;0.000000;0.000000;2.000000;-8.447475;-291.659332;2120.314941;0.124726;0.000000;0.000000;0.000000;0.000000;2.000000;-14.329117;-412.248688;2207.185547;0.166398;0.000000;0.000000;0.000000;0.000000;2.000000;-15.334610;-612.523010;2312.776367;0.183874;0.000000;0.000000;0.000000;0.000000;2.000000;19.991966;-579.720459;2295.783203;0.175502;0.000000;0.000000;0.000000;0.000000;2.000000;164.274124;-543.239502;2287.075684;0.186881;0.000000;0.000000;0.000000;0.000000;2.000000;276.527527;-286.501312;2354.408691;0.370290;0.000000;0.000000;0.000000;0.000000;2.000000;294.790588;-96.894394;2205.349121;0.291229;0.000000;0.000000;0.000000;0.000000;2.000000;279.634033;-8.649109;2159.885742;0.253191;0.000000;0.000000;0.000000;0.000000;2.000000;254.590530;72.031219;2085.312256;0.197403;0.000000;0.000000;0.000000;0.000000;2.000000;245.766281;25.611694;2150.904297;0.372532;0.000000;0.000000;0.000000;0.000000;2.000000;-50.162327;-578.123413;2296.809570;0.184196;0.000000;0.000000;0.000000;0.000000;2.000000;-180.980392;-537.446411;2290.422363;0.251999;0.000000;0.000000;0.000000;0.000000;2.000000;-272.163513;-261.953339;2335.258789;0.179424;0.000000;0.000000;0.000000;0.000000;2.000000;-274.364319;-81.273254;2169.900391;0.163623;0.000000;0.000000;0.000000;0.000000;2.000000;-241.792725;-10.364868;2095.056641;0.243136;0.000000;0.000000;0.000000;0.000000;2.000000;-203.463959;7.805878;1992.739990;0.982204;0.000000;0.000000;0.000000;0.000000;2.000000;-230.802322;-21.336609;2065.837891;0.315021;0.000000;0.000000;0.000000;0.000000;2.000000;94.746597;-148.873611;2007.978516;0.187322;0.000000;0.000000;0.000000;0.000000;2.000000;101.069595;79.179199;1658.338867;0.258657;0.000000;0.000000;0.000000;0.000000;2.000000;121.648697;355.961487;1371.702148;0.361878;0.000000;0.000000;0.000000;0.000000;2.000000;153.713989;239.765320;1217.955566;0.375960;0.000000;0.000000;0.000000;0.000000;2.000000;-85.437187;-151.015717;1992.805542;0.168911;0.000000;0.000000;0.000000;0.000000;2.000000;-4.908329;40.247711;1631.067505;0.381795;0.000000;0.000000;0.000000;0.000000;2.000000;70.477486;337.090454;1368.844971;0.754834;0.000000;0.000000;0.000000;0.000000;2.000000;122.128021;304.494141;1199.792969;0.901279;0.000000;0.000000;0.000000;0.000000;2.000000;-16.036827;-693.373413;2339.600098;0.194261;0.000000;0.000000;0.000000;0.000000;2.000000;12.974339;-739.005981;2180.990234;0.276856;0.000000;0.000000;0.000000;0.000000;2.000000;31.083298;-775.392700;2222.885010;0.197905;0.000000;0.000000;0.000000;0.000000;2.000000;68.271988;-762.246338;2349.067383;0.173567;0.000000;0.000000;0.000000;0.000000;2.000000;-21.248924;-770.443237;2208.404297;0.200698;0.000000;0.000000;0.000000;0.000000;2.000000;-101.921310;-758.874878;2318.072998;0.114205;0.000000;0.000000;0.000000;0.000000;2.000000;10817033216.000000
0.000000;-150.000015;2000.000000;0.000000;0.000000;0.000000;0.000000;0.000000;2.000000;-8.945255;-290.364929;2122.297363;0.071595;0.000000;0.000000;0.000000;0.000000;2.000000;-15.066183;-409.487854;2211.598633;0.155583;0.000000;0.000000;0.000000;0.000000;2.000000;-16.368124;-610.315369;2317.008301;0.144524;0.000000;0.000000;0.000000;0.000000;2.000000;19.068642;-577.398438;2300.189941;0.149915;0.000000;0.000000;0.000000;0.000000;2.000000;163.143997;-540.043091;2287.907715;0.103306;0.000000;0.000000;0.000000;0.000000;2.000000;282.288391;-288.407379;2364.274414;0.342757;0.000000;0.000000;0.000000;0.000000;2.000000;297.309204;-95.560867;2218.335938;0.393461;0.000000;0.000000;0.000000;0.000000;2.000000;276.723907;-12.018829;2166.209717;0.228874;0.000000;0.000000;0.000000;0.000000;2.000000;245.306107;61.174316;2086.215576;0.423590;0.000000;0.000000;0.000000;0.000000;2.000000;247.251785;20.887756;2153.481934;0.165208;0.000000;0.000000;0.000000;0.000000;2.000000;-51.216454;-575.848999;2300.932373;0.142788;0.000000;0.000000;0.000000;0.000000;2.000000;-182.178757;-535.619812;2290.591797;0.064843;0.000000;0.000000;0.000000;0.000000;2.000000;-269.358856;-259.550507;2342.713135;0.246185;0.000000;0.000000;0.000000;0.000000;2.000000;-273.615326;-79.391953;2176.177490;0.195183;0.000000;0.000000;0.000000;0.000000;2.000000;-238.343109;-11.642578;2099.375977;0.167896;0.000000;0.000000;0.000000;0.000000;2.000000;-197.324219;9.672394;1998.503662;0.255254;0.000000;0.000000;0.000000;0.000000;2.000000;-228.840866;-21.969971;2070.647949;0.154861;0.000000;0.000000;0.000000;0.000000;2.000000;94.743912;-147.658981;2009.616699;0.060350;0.000000;0.000000;0.000000;0.000000;2.000000;101.237274;81.912903;1660.077881;0.096008;0.000000;0.000000;0.000000;0.000000;2.000000;122.391190;358.022461;1371.839844;0.064955;0.000000;0.000000;0.000000;0.000000;2.000000;149.545303;235.743652;1221.454834;0.200264;0.000000;0.000000;0.000000;0.000000;2.000000;-85.434738;-152.111053;1991.328125;0.054426;0.000000;0.000000;0.000000;0.000000;2.000000;-2.132526;45.680542;1632.879028;0.188333;0.000000;0.000000;0.000000;0.000000;2.000000;75.458725;331.051331;1357.765869;0.401449;0.000000;0.000000;0.000000;0.000000;2.000000;142.707718;296.418823;1194.354492;0.673723;0.000000;0.000000;0.000000;0.000000;2.000000;-17.125460;-691.360474;2343.729492;0.139711;0.000000;0.000000;0.000000;0.000000;2.000000;14.032684;-734.400330;2184.485107;0.173935;0.000000;0.000000;0.000000;0.000000;2.000000;32.104076;-771.296631;2226.095703;0.156949;0.000000;0.000000;0.000000;0.000000;2.000000;67.919083;-759.655640;2353.069824;0.141476;0.000000;0.000000;0.000000;0.000000;2.000000;-20.216675;-766.638489;2211.116211;0.141601;0.000000;0.000000;0.000000;0.000000;2.000000;-102.275757;-757.494019;2320.289795;0.077996;0.000000;0.000000;0.000000;0.000000;2.000000;10817067008.000000
0.000000;-150.000000;2000.000000;0.000000;0.000000;0.000000;0.000000;0.000000;2.000000;-11.254133;-293.981354;2118.016113;0.184974;0.000000;0.000000;0.000000;0.000000;2.000000;-20.167732;-409.526306;2211.834473;0.155858;0.000000;0.000000;0.000000;0.000000;2.000000;-20.271433;-607.859253;2322.184082;0.211558;0.000000;0.000000;0.000000;0.000000;2.000000;14.990486;-575.091248;2304.620605;0.196798;0.000000;0.000000;0.000000;0.000000;2.000000;159.117737;-538.261292;2290.320068;0.153212;0.000000;0.000000;0.000000;0.000000;2.000000;273.947998;-285.938019;2371.594482;0.346940;0.000000;0.000000;0.000000;0.000000;2.000000;301.383820;-93.483414;2226.680664;0.290403;0.000000;0.000000;0.000000;0.000000;2.000000;276.887970;-4.853149;2185.714355;0.634153;0.000000;0.000000;0.000000;0.000000;2.000000;247.733276;77.494415;2114.096191;0.988678;0.000000;0.000000;0.000000;0.000000;2.000000;252.968506;26.409088;2170.325684;0.568379;0.000000;0.000000;0.000000;0.000000;2.000000;-55.351784;-574.019470;2305.197266;0.189694;0.000000;0.000000;0.000000;0.000000;2.000000;-186.539917;-533.909424;2296.120605;0.221148;0.000000;0.000000;0.000000;0.000000;2.000000;-270.845490;-256.217712;2345.376709;0.137878;0.000000;0.000000;0.000000;0.000000;2.000000;-281.970673;-74.943405;2180.133789;0.313090;0.000000;0.000000;0.000000;0.000000;2.000000;-241.500534;-2.789215;2110.104492;0.435293;0.000000;0.000000;0.000000;0.000000;2.000000;-202.865051;12.495667;2007.137817;0.324722;0.000000;0.000000;0.000000;0.000000;2.000000;-229.833282;-13.899048;2081.691406;0.418528;0.000000;0.000000;0.000000;0.000000;2.000000;94.454742;-147.129242;2012.509766;0.090190;0.000000;0.000000;0.000000;0.000000;2.000000;102.173645;86.577209;1665.411621;0.218113;0.000000;0.000000;0.000000;0.000000;2.000000;116.125427;359.642517;1373.490234;0.203825;0.000000;0.000000;0.000000;0.000000;2.000000;151.246185;238.490173;1223.674927;0.119624;0.000000;0.000000;0.000000;0.000000;2.000000;-85.173981;-152.588684;1988.719482;0.081323;0.000000;0.000000;0.000000;0.000000;2.000000;4.995422;56.645020;1638.192261;0.430782;0.000000;0.000000;0.000000;0.000000;2.000000;78.056984;336.162109;1355.538574;0.187706;0.000000;0.000000;0.000000;0.000000;2.000000;145.161835;299.028259;1192.485840;0.123299;0.000000;0.000000;0.000000;0.000000;2.000000;-20.513868;-688.285278;2350.892578;0.259396;0.000000;0.000000;0.000000;0.000000;2.000000;6.156246;-731.008667;2190.633789;0.322026;0.000000;0.000000;0.000000;0.000000;2.000000;25.675369;-767.871155;2231.670898;0.279939;0.000000;0.000000;0.000000;0.000000;2.000000;65.208443;-756.155457;2357.622559;0.193796;0.000000;0.000000;0.000000;0.000000;2.000000;-27.127724;-763.488892;2218.249512;0.317979;0.000000;0.000000;0.000000;0.000000;2.000000;-106.008453;-754.916626;2329.898193;0.324259;0.000000;0.000000;0.000000;0.000000;2.000000;10817099776.000000
0.000000;-150.000000;2000.000000;0.000000;0.000000;0.000000;0.000000;0.000000;2.000000;-11.697437;-290.763245;2122.318848;0.159544;0.000000;0.000000;0.000000;0.000000;2.000000;-21.184856;-402.433838;2221.078125;0.346100;0.000000;0.000000;0.000000;0.000000;2.000000;-17.348001;-603.092102;2327.960938;0.237931;0.000000;0.000000;0.000000;0.000000;2.000000;17.305592;-569.035828;2311.390381;0.277381;0.000000;0.000000;0.000000;0.000000;2.000000;163.847015;-540.611511;2299.840332;0.322174;0.000000;0.000000;0.000000;0.000000;2.000000;276.164001;-286.745758;2381.708984;0.307347;0.000000;0.000000;0.000000;0.000000;2.000000;309.561127;-92.687393;2239.464111;0.449692;0.000000;0.000000;0.000000;0.000000;2.000000;280.235596;-6.382202;2196.309570;0.331919;0.000000;0.000000;0.000000;0.000000;2.000000;248.803772;73.205444;2122.248535;0.274435;0.000000;0.000000;0.000000;0.000000;2.000000;258.964752;14.518829;2169.391602;0.395045;0.000000;0.000000;0.000000;0.000000;2.000000;-53.171844;-569.802612;2311.150879;0.225332;0.000000;0.000000;0.000000;0.000000;2.000000;-187.954941;-541.442627;2310.645020;0.485998;0.000000;0.000000;0.000000;0.000000;2.000000;-260.135010;-257.814667;2346.840332;0.323371;0.000000;0.000000;0.000000;0.000000;2.000000;-277.859863;-75.921173;2182.184570;0.138993;0.000000;0.000000;0.000000;0.000000;2.000000;-236.892532;-2.591370;2113.367432;0.167192;0.000000;0.000000;0.000000;0.000000;2.000000;-194.781265;12.250580;2011.484375;0.271707;0.000000;0.000000;0.000000;0.000000;2.000000;-220.511871;-21.563538;2081.488770;0.357172;0.000000;0.000000;0.000000;0.000000;2.000000;94.788467;-147.940796;2011.434448;0.041072;0.000000;0.000000;0.000000;0.000000;2.000000;108.176758;95.611847;1670.403198;0.353356;0.000000;0.000000;0.000000;0.000000;2.000000;119.170135;356.969757;1366.862671;0.229871;0.000000;0.000000;0.000000;0.000000;2.000000;149.491470;229.326752;1220.968994;0.287476;0.000000;0.000000;0.000000;0.000000;2.000000;-85.474930;-151.856888;1989.689087;0.037035;0.000000;0.000000;0.000000;0.000000;2.000000;6.976173;62.271027;1641.805176;0.206363;0.000000;0.000000;0.000000;0.000000;2.000000;89.449181;334.025177;1353.171387;0.350087;0.000000;0.000000;0.000000;0.000000;2.000000;162.338577;292.709137;1193.272217;0.542114;0.000000;0.000000;0.000000;0.000000;2.000000;-15.809711;-684.166870;2355.235352;0.225275;0.000000;0.000000;0.000000;0.000000;2.000000;19.706131;-727.421997;2196.519287;0.449872;0.000000;0.000000;0.000000;0.000000;2.000000;36.868912;-764.286743;2238.743896;0.405940;0.000000;0.000000;0.000000;0.000000;2.000000;69.421974;-752.309814;2366.905273;0.322428;0.000000;0.000000;0.000000;0.000000;2.000000;-15.192596;-759.828247;2222.366699;0.389006;0.000000;0.000000;0.000000;0.000000;2.000000;-100.296906;-750.807983;2329.632813;0.208358;0.000000;0.000000;0.000000;0.000000;2.000000;10817133568.000000
0.000000;-149.999985;2000.000000;0.000000;0.000000;0.000000;0.000000;0.000000;2.000000;-11.760801;-290.861053;2122.243164;0.004241;0.000000;0.000000;0.000000;0.000000;2.000000;-21.289093;-402.672974;2220.872070;0.010145;0.000000;0.000000;0.000000;0.000000;2.000000;-17.676119;-603.591064;2327.346680;0.026144;0.000000;0.000000;0.000000;0.000000;2.000000;17.019253;-569.515625;2310.879883;0.023097;0.000000;0.000000;0.000000;0.000000;2.000000;163.634537;-541.189880;2299.740234;0.019050;0.000000;0.000000;0.000000;0.000000;2.000000;276.236786;-287.932220;2383.238037;0.059105;0.000000;0.000000;0.000000;0.000000;2.000000;310.771973;-92.603271;2242.955078;0.112792;0.000000;0.000000;0.000000;0.000000;2.000000;283.499084;-5.702545;2199.614502;0.143254;0.000000;0.000000;0.000000;0.000000;2.000000;254.419678;74.588348;2125.325684;0.199930;0.000000;0.000000;0.000000;0.000000;2.000000;263.845856;18.043335;2174.479980;0.240565;0.000000;0.000000;0.000000;0.000000;2.000000;-53.468971;-570.239014;2310.571289;0.023926;0.000000;0.000000;0.000000;0.000000;2.000000;-188.257248;-541.807129;2309.879395;0.027473;0.000000;0.000000;0.000000;0.000000;2.000000;-260.316498;-258.160278;2346.525391;0.015307;0.000000;0.000000;0.000000;0.000000;2.000000;-277.665009;-75.810349;2182.279297;0.007427;0.000000;0.000000;0.000000;0.000000;2.000000;-236.399689;-1.985931;2114.146973;0.033668;0.000000;0.000000;0.000000;0.000000;2.000000;-193.475525;14.040619;2012.765503;0.078106;0.000000;0.000000;0.000000;0.000000;2.000000;-219.608826;-20.393097;2082.813721;0.060583;0.000000;0.000000;0.000000;0.000000;2.000000;94.800720;-147.971405;2011.458252;0.001241;0.000000;0.000000;0.000000;0.000000;2.000000;108.488647;95.860626;1670.561157;0.013095;0.000000;0.000000;0.000000;0.000000;2.000000;119.761292;357.306885;1367.027344;0.021367;0.000000;0.000000;0.000000;0.000000;2.000000;150.073242;229.652863;1221.101807;0.020753;0.000000;0.000000;0.000000;0.000000;2.000000;-85.485977;-151.829254;1989.667725;0.001118;0.000000;0.000000;0.000000;0.000000;2.000000;7.250721;62.795898;1642.090576;0.020066;0.000000;0.000000;0.000000;0.000000;2.000000;89.913910;335.084106;1353.929443;0.042198;0.000000;0.000000;0.000000;0.000000;2.000000;163.056702;293.919373;1194.076416;0.049464;0.000000;0.000000;0.000000;0.000000;2.000000;-16.213036;-684.736938;2354.454102;0.031978;0.000000;0.000000;0.000000;0.000000;2.000000;18.902706;-728.166870;2195.669922;0.042306;0.000000;0.000000;0.000000;0.000000;2.000000;36.163967;-764.998901;2237.895020;0.040078;0.000000;0.000000;0.000000;0.000000;2.000000;69.043488;-752.899414;2365.982422;0.035360;0.000000;0.000000;0.000000;0.000000;2.000000;-15.944839;-760.543335;2221.640137;0.038664;0.000000;0.000000;0.000000;0.000000;2.000000;-100.792694;-751.392822;2329.124512;0.028073;0.000000;0.000000;0.000000;0.000000;2.000000;10817166336.000000
0.000000;-149.999985;2000.000000;0.000000;0.000000;0.000000;0.000000;0.000000;2.000000;-15.402876;-289.288055;2124.770508;0.139201;0.000000;0.000000;0.000000;0.000000;2.000000;-27.504351;-401.814056;2223.220703;0.198257;0.000000;0.000000;0.000000;0.000000;2.000000;-23.941280;-604.400757;2328.493652;0.190002;0.000000;0.000000;0.000000;0.000000;2.000000;10.853230;-569.619385;2313.098633;0.193948;0.000000;0.000000;0.000000;0.000000;2.000000;159.816879;-549.349243;2314.790527;0.519066;0.000000;0.000000;0.000000;0.000000;2.000000;262.084717;-286.976288;2386.695313;0.432042;0.000000;0.000000;0.000000;0.000000;2.000000;306.874268;-94.330276;2243.921387;0.129359;0.000000;0.000000;0.000000;0.000000;2.000000;305.570190;4.450195;2266.214355;2.097909;0.000000;0.000000;0.000000;0.000000;2.000000;297.130615;117.668060;2261.192871;4.403264;0.000000;0.000000;0.000000;0.000000;2.000000;260.587463;34.940826;2255.848145;2.461175;0.000000;0.000000;0.000000;0.000000;2.000000;-59.876667;-571.214783;2311.061035;0.192354;0.000000;0.000000;0.000000;0.000000;2.000000;-196.268738;-548.255371;2311.652832;0.308829;0.000000;0.000000;0.000000;0.000000;2.000000;-260.376221;-260.368500;2338.227783;0.254102;0.000000;0.000000;0.000000;0.000000;2.000000;-280.795593;-75.120956;2176.100098;0.206001;0.000000;0.000000;0.000000;0.000000;2.000000;-239.714600;2.708527;2111.716309;0.184652;0.000000;0.000000;0.000000;0.000000;2.000000;-193.682175;25.053009;2012.421753;0.326104;0.000000;0.000000;0.000000;0.000000;2.000000;-222.888519;-13.590271;2078.085205;0.263681;0.000000;0.000000;0.000000;0.000000;2.000000;94.877777;-148.110886;2013.821533;0.070095;0.000000;0.000000;0.000000;0.000000;2.000000;112.689545;98.430267;1672.976440;0.162314;0.000000;0.000000;0.000000;0.000000;2.000000;126.894379;359.894348;1367.446777;0.224889;0.000000;0.000000;0.000000;0.000000;2.000000;141.757385;227.359894;1222.416138;0.258219;0.000000;0.000000;0.000000;0.000000;2.000000;-85.555466;-151.703476;1987.536621;0.063209;0.000000;0.000000;0.000000;0.000000;2.000000;5.616337;74.478333;1644.865845;0.358614;0.000000;0.000000;0.000000;0.000000;2.000000;89.158936;338.759094;1347.352173;0.224078;0.000000;0.000000;0.000000;0.000000;2.000000;168.960480;288.803711;1192.441528;0.236182;0.000000;0.000000;0.000000;0.000000;2.000000;-22.111713;-686.082397;2355.056641;0.179927;0.000000;0.000000;0.000000;0.000000;2.000000;7.438042;-730.774170;2194.774414;0.348942;0.000000;0.000000;0.000000;0.000000;2.000000;27.255150;-766.917236;2236.801758;0.271613;0.000000;0.000000;0.000000;0.000000;2.000000;65.279068;-752.653320;2363.794678;0.129052;0.000000;0.000000;0.000000;0.000000;2.000000;-25.772484;-763.679443;2222.615234;0.306637;0.000000;0.000000;0.000000;0.000000;2.000000;-106.617210;-754.981567;2333.865723;0.246320;0.000000;0.000000;0.000000;0.000000;2.000000;10817200128.000000
0.000000;-149.999985;2000.000000;0.000000;0.000000;0.000000;0.000000;0.000000;2.000000;-15.481878;-289.371552;2124.752930;0.003549;0.000000;0.000000;0.000000;0.000000;2.000000;-27.638742;-402.005951;2223.141602;0.007546;0.000000;0.000000;0.000000;0.000000;2.000000;-24.149841;-604.783813;2328.198730;0.016068;0.000000;0.000000;0.000000;0.000000;2.000000;10.666664;-569.976074;2312.861084;0.014264;0.000000;0.000000;0.000000;0.000000;2.000000;159.630432;-549.389648;2314.757324;0.005910;0.000000;0.000000;0.000000;0.000000;2.000000;260.757355;-286.774933;2387.740967;0.051932;0.000000;0.000000;0.000000;0.000000;2.000000;305.685516;-92.356445;2247.306152;0.124957;0.000000;0.000000;0.000000;0.000000;2.000000;305.374420;5.284882;2274.297607;0.248065;0.000000;0.000000;0.000000;0.000000;2.000000;298.122284;118.730042;2274.685059;0.414130;0.000000;0.000000;0.000000;0.000000;2.000000;267.741364;38.633667;2264.916016;0.370058;0.000000;0.000000;0.000000;0.000000;2.000000;-60.083683;-571.563232;2310.782227;0.015013;0.000000;0.000000;0.000000;0.000000;2.000000;-196.519318;-548.607178;2311.244629;0.018136;0.000000;0.000000;0.000000;0.000000;2.000000;-260.736023;-260.688324;2338.207520;0.014704;0.000000;0.000000;0.000000;0.000000;2.000000;-281.055023;-75.004959;2176.452148;0.013807;0.000000;0.000000;0.000000;0.000000;2.000000;-239.952759;3.646027;2113.031250;0.049817;0.000000;0.000000;0.000000;0.000000;2.000000;-193.175293;27.034180;2014.288696;0.084504;0.000000;0.000000;0.000000;0.000000;2.000000;-223.366364;-11.709900;2079.023926;0.065775;0.000000;0.000000;0.000000;0.000000;2.000000;94.903008;-148.141235;2013.854004;0.001560;0.000000;0.000000;0.000000;0.000000;2.000000;113.068092;98.530060;1672.964111;0.011953;0.000000;0.000000;0.000000;0.000000;2.000000;127.607262;359.987793;1367.284424;0.022494;0.000000;0.000000;0.000000;0.000000;2.000000;142.312683;227.169678;1222.416016;0.017913;0.000000;0.000000;0.000000;0.000000;2.000000;-85.578217;-151.676102;1987.507202;0.001409;0.000000;0.000000;0.000000;0.000000;2.000000;6.185570;74.829376;1645.051636;0.021182;0.000000;0.000000;0.000000;0.000000;2.000000;90.171272;339.655823;1347.979980;0.045502;0.000000;0.000000;0.000000;0.000000;2.000000;171.461121;290.101685;1193.651123;0.093570;0.000000;0.000000;0.000000;0.000000;2.000000;-22.341398;-686.523071;2354.670410;0.019207;0.000000;0.000000;0.000000;0.000000;2.000000;6.466431;-732.801636;2194.649414;0.068717;0.000000;0.000000;0.000000;0.000000;2.000000;25.605431;-769.038757;2236.934082;0.082114;0.000000;0.000000;0.000000;0.000000;2.000000;63.838303;-754.644775;2363.892090;0.075071;0.000000;0.000000;0.000000;0.000000;2.000000;-27.363686;-764.921936;2222.692627;0.061655;0.000000;0.000000;0.000000;0.000000;2.000000;-108.110352;-754.020630;2333.871826;0.054188;0.000000;0.000000;0.000000;0.000000;2.000000;10817232896.000000
0.000000;-149.999985;2000.000000;0.000000;0.000000;0.000000;0.000000;0.000000;2.000000;-17.038025;-287.864899;2127.752197;0.109482;0.000000;0.000000;0.000000;0.000000;2.000000;-29.844963;-402.077271;2225.504883;0.095698;0.000000;0.000000;0.000000;0.000000;2.000000;-25.480762;-607.257935;2328.595703;0.083963;0.000000;0.000000;0.000000;0.000000;2.000000;9.333549;-571.651245;2314.152832;0.073994;0.000000;0.000000;0.000000;0.000000;2.000000;158.578262;-547.999634;2320.048828;0.164870;0.000000;0.000000;0.000000;0.000000;2.000000;257.953491;-281.044098;2385.739990;0.197869;0.000000;0.000000;0.000000;0.000000;2.000000;299.213715;-81.996429;2248.349609;0.362802;0.000000;0.000000;0.000000;0.000000;2.000000;304.701599;8.967377;2293.864502;0.589541;0.000000;0.000000;0.000000;0.000000;2.000000;312.790497;114.535858;2336.940918;1.896836;0.000000;0.000000;0.000000;0.000000;2.000000;292.218597;47.380615;2291.433105;1.098846;0.000000;0.000000;0.000000;0.000000;2.000000;-61.743580;-574.061646;2310.957764;0.088917;0.000000;0.000000;0.000000;0.000000;2.000000;-198.975403;-551.433960;2307.902832;0.148527;0.000000;0.000000;0.000000;0.000000;2.000000;-262.495209;-261.669617;2334.770996;0.117880;0.000000;0.000000;0.000000;0.000000;2.000000;-281.148285;-75.358444;2171.453857;0.148309;0.000000;0.000000;0.000000;0.000000;2.000000;-239.933853;4.999359;2109.217773;0.119748;0.000000;0.000000;0.000000;0.000000;2.000000;-193.290314;27.034576;2009.406128;0.144529;0.000000;0.000000;0.000000;0.000000;2.000000;-222.878220;-9.503540;2075.540771;0.122868;0.000000;0.000000;0.000000;0.000000;2.000000;95.185532;-147.488678;2015.404785;0.050487;0.000000;0.000000;0.000000;0.000000;2.000000;113.607025;100.781036;1672.811401;0.068644;0.000000;0.000000;0.000000;0.000000;2.000000;127.934616;363.340881;1365.137329;0.118225;0.000000;0.000000;0.000000;0.000000;2.000000;140.102585;226.036194;1222.752686;0.074175;0.000000;0.000000;0.000000;0.000000;2.000000;-85.832977;-152.264542;1986.108765;0.045527;0.000000;0.000000;0.000000;0.000000;2.000000;8.397007;75.716217;1642.441650;0.104580;0.000000;0.000000;0.000000;0.000000;2.000000;94.958588;345.654480;1347.634766;0.227348;0.000000;0.000000;0.000000;0.000000;2.000000;181.796570;295.035278;1195.509277;0.343346;0.000000;0.000000;0.000000;0.000000;2.000000;-23.076328;-689.756104;2354.196045;0.099114;0.000000;0.000000;0.000000;0.000000;2.000000;6.750877;-735.648560;2193.264160;0.094070;0.000000;0.000000;0.000000;0.000000;2.000000;23.830826;-773.275513;2235.670898;0.140978;0.000000;0.000000;0.000000;0.000000;2.000000;60.655247;-761.714844;2364.102295;0.229534;0.000000;0.000000;0.000000;0.000000;2.000000;-28.978279;-766.883545;2220.526367;0.098804;0.000000;0.000000;0.000000;0.000000;2.000000;-111.551666;-753.941650;2331.089844;0.130974;0.000000;0.000000;0.000000;0.000000;2.000000;10817266688.000000
0.000000;-150.000000;2000.000000;0.000000;0.000000;0.000000;0.000000;0.000000;2.000000;-16.544960;-285.660431;2129.238770;0.080025;0.000000;0.000000;0.000000;0.000000;2.000000;-28.241661;-401.379242;2224.551758;0.058936;0.000000;0.000000;0.000000;0.000000;2.000000;-24.795729;-605.259033;2328.548828;0.062546;0.000000;0.000000;0.000000;0.000000;2.000000;10.039036;-569.911804;2314.138672;0.055549;0.000000;0.000000;0.000000;0.000000;2.000000;158.850708;-546.127319;2316.383301;0.122071;0.000000;0.000000;0.000000;0.000000;2.000000;260.360931;-281.712646;2384.696777;0.080125;0.000000;0.000000;0.000000;0.000000;2.000000;302.006775;-83.901031;2247.098145;0.106677;0.000000;0.000000;0.000000;0.000000;2.000000;307.849091;6.704742;2292.523438;0.121383;0.000000;0.000000;0.000000;0.000000;2.000000;321.614929;106.322266;2346.052734;0.447193;0.000000;0.000000;0.000000;0.000000;2.000000;290.614166;44.965973;2290.609375;0.089188;0.000000;0.000000;0.000000;0.000000;2.000000;-60.785194;-572.224548;2310.566406;0.062402;0.000000;0.000000;0.000000;0.000000;2.000000;-197.893539;-552.251221;2305.349121;0.085563;0.000000;0.000000;0.000000;0.000000;2.000000;-259.968201;-262.852539;2328.231445;0.210402;0.000000;0.000000;0.000000;0.000000;2.000000;-279.420837;-73.606689;2169.712646;0.089194;0.000000;0.000000;0.000000;0.000000;2.000000;-238.423508;6.636292;2107.830322;0.077653;0.000000;0.000000;0.000000;0.000000;2.000000;-185.414932;34.607208;2013.241333;0.342658;0.000000;0.000000;0.000000;0.000000;2.000000;-220.020630;-8.729889;2071.891602;0.139057;0.000000;0.000000;0.000000;0.000000;2.000000;94.851532;-146.942215;2015.352539;0.019016;0.000000;0.000000;0.000000;0.000000;2.000000;116.353012;100.835510;1674.331299;0.092893;0.000000;0.000000;0.000000;0.000000;2.000000;132.412170;362.339722;1367.620239;0.154382;0.000000;0.000000;0.000000;0.000000;2.000000;155.013809;232.968506;1220.092773;0.492946;0.000000;0.000000;0.000000;0.000000;2.000000;-85.531799;-152.757324;1986.156006;0.017148;0.000000;0.000000;0.000000;0.000000;2.000000;10.696136;72.849731;1643.212891;0.111111;0.000000;0.000000;0.000000;0.000000;2.000000;98.301392;345.611572;1353.244507;0.193251;0.000000;0.000000;0.000000;0.000000;2.000000;188.006866;302.112488;1201.309082;0.327255;0.000000;0.000000;0.000000;0.000000;2.000000;-22.673088;-687.330200;2354.570801;0.073614;0.000000;0.000000;0.000000;0.000000;2.000000;-3.096310;-735.698975;2193.389648;0.291433;0.000000;0.000000;0.000000;0.000000;2.000000;15.705170;-772.941406;2235.126465;0.241203;0.000000;0.000000;0.000000;0.000000;2.000000;59.967796;-760.399780;2360.617188;0.112094;0.000000;0.000000;0.000000;0.000000;2.000000;-37.597885;-765.825439;2223.011963;0.267312;0.000000;0.000000;0.000000;0.000000;2.000000;-113.126213;-750.004578;2337.585938;0.229566;0.000000;0.000000;0.000000;0.000000;2.000000;10817300480.000000
0.000000;-150.000000;2000.000000;0.000000;0.000000;0.000000;0.000000;0.000000;2.000000;-19.083441;-284.958740;2128.633301;0.082470;0.000000;0.000000;0.000000;0.000000;2.000000;-33.344120;-397.992432;2225.941406;0.191646;0.000000;0.000000;0.000000;0.000000;2.000000;-30.775063;-601.611938;2328.645508;0.213761;0.000000;0.000000;0.000000;0.000000;2.000000;4.095505;-566.539917;2314.319092;0.208611;0.000000;0.000000;0.000000;0.000000;2.000000;152.432175;-543.144409;2314.970215;0.220260;0.000000;0.000000;0.000000;0.000000;2.000000;257.313599;-282.603821;2388.395996;0.148770;0.000000;0.000000;0.000000;0.000000;2.000000;300.726349;-84.787170;2252.937500;0.184430;0.000000;0.000000;0.000000;0.000000;2.000000;301.637665;3.359436;2302.554688;0.374259;0.000000;0.000000;0.000000;0.000000;2.000000;315.748322;94.968231;2368.079590;0.777158;0.000000;0.000000;0.000000;0.000000;2.000000;306.097534;38.319977;2314.489746;0.891916;0.000000;0.000000;0.000000;0.000000;2.000000;-66.497375;-568.400635;2311.003662;0.210201;0.000000;0.000000;0.000000;0.000000;2.000000;-203.109161;-548.133911;2307.477539;0.212936;0.000000;0.000000;0.000000;0.000000;2.000000;-263.089447;-259.749847;2334.472168;0.233046;0.000000;0.000000;0.000000;0.000000;2.000000;-281.391693;-75.060028;2171.892334;0.100047;0.000000;0.000000;0.000000;0.000000;2.000000;-242.562759;7.241058;2112.045410;0.181229;0.000000;0.000000;0.000000;0.000000;2.000000;-188.509521;37.760559;2019.333008;0.229651;0.000000;0.000000;0.000000;0.000000;2.000000;-222.805954;-6.836639;2076.329590;0.170019;0.000000;0.000000;0.000000;0.000000;2.000000;94.494095;-148.483780;2015.609497;0.048925;0.000000;0.000000;0.000000;0.000000;2.000000;116.665955;99.682800;1676.808472;0.083926;0.000000;0.000000;0.000000;0.000000;2.000000;133.062866;361.729980;1372.504639;0.151524;0.000000;0.000000;0.000000;0.000000;2.000000;161.782135;238.475403;1221.793701;0.271296;0.000000;0.000000;0.000000;0.000000;2.000000;-85.209488;-151.367249;1985.924194;0.044118;0.000000;0.000000;0.000000;0.000000;2.000000;10.751404;73.389526;1644.222900;0.034990;0.000000;0.000000;0.000000;0.000000;2.000000;98.056488;347.559570;1357.581055;0.145272;0.000000;0.000000;0.000000;0.000000;2.000000;190.677521;308.984924;1206.854980;0.281556;0.000000;0.000000;0.000000;0.000000;2.000000;-29.064449;-683.512329;2354.202148;0.227477;0.000000;0.000000;0.000000;0.000000;2.000000;-5.331722;-733.945313;2194.865723;0.097710;0.000000;0.000000;0.000000;0.000000;2.000000;13.896309;-769.661560;2237.432617;0.134235;0.000000;0.000000;0.000000;0.000000;2.000000;55.478527;-753.467651;2362.907715;0.261553;0.000000;0.000000;0.000000;0.000000;2.000000;-39.206676;-764.529968;2224.378906;0.075589;0.000000;0.000000;0.000000;0.000000;2.000000;-116.826981;-749.166992;2336.998535;0.117174;0.000000;0.000000;0.000000;0.000000;2.000000;10817333248.000000
0.000000;-150.000000;2000.000000;0.000000;0.000000;0.000000;0.000000;0.000000;2.000000;-20.572275;-284.776398;2128.548828;0.044458;0.000000;0.000000;0.000000;0.000000;2.000000;-36.132641;-396.733459;2226.858887;0.094524;0.000000;0.000000;0.000000;0.000000;2.000000;-33.160122;-600.266968;2329.637207;0.086180;0.000000;0.000000;0.000000;0.000000;2.000000;1.590412;-564.922485;2315.726074;0.097572;0.000000;0.000000;0.000000;0.000000;2.000000;150.158951;-543.711304;2320.356445;0.173819;0.000000;0.000000;0.000000;0.000000;2.000000;252.960144;-282.776093;2395.118652;0.237068;0.000000;0.000000;0.000000;0.000000;2.000000;300.394958;-93.547089;2249.216309;0.281821;0.000000;0.000000;0.000000;0.000000;2.000000;314.905212;4.143433;2271.012695;1.012895;0.000000;0.000000;0.000000;0.000000;2.000000;314.191193;80.940094;2354.572266;0.578129;0.000000;0.000000;0.000000;0.000000;2.000000;312.337646;28.530762;2327.970703;0.526472;0.000000;0.000000;0.000000;0.000000;2.000000;-68.927742;-567.356323;2311.555176;0.079963;0.000000;0.000000;0.000000;0.000000;2.000000;-205.571228;-547.604004;2307.318604;0.074676;0.000000;0.000000;0.000000;0.000000;2.000000;-263.216400;-258.696594;2333.239258;0.048133;0.000000;0.000000;0.000000;0.000000;2.000000;-280.525848;-73.541824;2171.143066;0.056273;0.000000;0.000000;0.000000;0.000000;2.000000;-241.969635;8.997375;2111.481201;0.057343;0.000000;0.000000;0.000000;0.000000;2.000000;-187.937698;37.811127;2018.234741;0.036673;0.000000;0.000000;0.000000;0.000000;2.000000;-222.673767;-5.510864;2074.091797;0.077071;0.000000;0.000000;0.000000;0.000000;2.000000;94.231995;-148.169357;2016.999756;0.042888;0.000000;0.000000;0.000000;0.000000;2.000000;118.502884;99.301117;1677.921021;0.064549;0.000000;0.000000;0.000000;0.000000;2.000000;135.324692;360.069733;1372.632813;0.083117;0.000000;0.000000;0.000000;0.000000;2.000000;186.422699;245.668427;1220.913818;0.760063;0.000000;0.000000;0.000000;0.000000;2.000000;-84.973145;-151.650757;1984.670654;0.038670;0.000000;0.000000;0.000000;0.000000;2.000000;12.519909;72.740906;1643.249756;0.062743;0.000000;0.000000;0.000000;0.000000;2.000000;101.149780;347.986115;1358.145752;0.093904;0.000000;0.000000;0.000000;0.000000;2.000000;199.085266;314.326202;1209.654419;0.306191;0.000000;0.000000;0.000000;0.000000;2.000000;-31.096138;-682.131042;2355.236084;0.078879;0.000000;0.000000;0.000000;0.000000;2.000000;-6.562820;-733.431152;2196.328125;0.058580;0.000000;0.000000;0.000000;0.000000;2.000000;12.400227;-768.930176;2239.181152;0.071456;0.000000;0.000000;0.000000;0.000000;2.000000;53.318787;-752.104309;2364.767334;0.093493;0.000000;0.000000;0.000000;0.000000;2.000000;-40.618359;-763.820923;2225.817871;0.063236;0.000000;0.000000;0.000000;0.000000;2.000000;-118.812553;-747.785645;2337.917725;0.076574;0.000000;0.000000;0.000000;0.000000;2.000000;10817367040.000000
0.000000;-150.000000;2000.000000;0.000000;0.000000;0.000000;0.000000;0.000000;2.000000;-20.570513;-284.758636;2128.497070;0.001671;0.000000;0.000000;0.000000;0.000000;2.000000;-36.132732;-396.684387;2226.783203;0.002753;0.000000;0.000000;0.000000;0.000000;2.000000;-33.177139;-600.180237;2329.505371;0.004844;0.000000;0.000000;0.000000;0.000000;2.000000;1.566982;-564.844727;2315.604980;0.004450;0.000000;0.000000;0.000000;0.000000;2.000000;150.106445;-543.711426;2320.263672;0.003253;0.000000;0.000000;0.000000;0.000000;2.000000;253.088562;-282.967194;2395.150391;0.007093;0.000000;0.000000;0.000000;0.000000;2.000000;300.699280;-93.725983;2249.426758;0.012542;0.000000;0.000000;0.000000;0.000000;2.000000;324.261963;1.004669;2275.783203;0.334524;0.000000;0.000000;0.000000;0.000000;2.000000;325.531128;72.080505;2364.216309;0.528663;0.000000;0.000000;0.000000;0.000000;2.000000;321.990906;20.859222;2336.401855;0.455849;0.000000;0.000000;0.000000;0.000000;2.000000;-68.932793;-567.273621;2311.430664;0.004564;0.000000;0.000000;0.000000;0.000000;2.000000;-205.537415;-547.488159;2307.262207;0.004065;0.000000;0.000000;0.000000;0.000000;2.000000;-263.113098;-258.670349;2333.458740;0.007446;0.000000;0.000000;0.000000;0.000000;2.000000;-280.490540;-73.334412;2171.674316;0.017438;0.000000;0.000000;0.000000;0.000000;2.000000;-242.000946;9.353210;2112.227051;0.025237;0.000000;0.000000;0.000000;0.000000;2.000000;-187.961060;38.313599;2019.065186;0.029630;0.000000;0.000000;0.000000;0.000000;2.000000;-222.638977;-4.890076;2075.104492;0.036265;0.000000;0.000000;0.000000;0.000000;2.000000;94.206612;-148.169678;2017.000610;0.000775;0.000000;0.000000;0.000000;0.000000;2.000000;118.615715;99.439758;1678.168579;0.009318;0.000000;0.000000;0.000000;0.000000;2.000000;135.483734;360.564819;1373.325073;0.026422;0.000000;0.000000;0.000000;0.000000;2.000000;187.569611;246.564331;1221.706665;0.050577;0.000000;0.000000;0.000000;0.000000;2.000000;-84.950241;-151.650513;1984.669800;0.000699;0.000000;0.000000;0.000000;0.000000;2.000000;12.754238;72.895233;1643.544800;0.012425;0.000000;0.000000;0.000000;0.000000;2.000000;101.432747;348.699280;1359.146606;0.038486;0.000000;0.000000;0.000000;0.000000;2.000000;195.932251;309.486633;1209.850830;0.176373;0.000000;0.000000;0.000000;0.000000;1.000000;-31.119333;-682.026855;2355.085693;0.005628;0.000000;0.000000;0.000000;0.000000;2.000000;-5.852974;-732.379395;2196.036133;0.039735;0.000000;0.000000;0.000000;0.000000;2.000000;12.868336;-768.140259;2238.756348;0.030875;0.000000;0.000000;0.000000;0.000000;2.000000;53.173355;-752.103760;2364.607666;0.006591;0.000000;0.000000;0.000000;0.000000;2.000000;-40.066570;-762.910889;2225.168457;0.038048;0.000000;0.000000;0.000000;0.000000;2.000000;-118.776512;-747.490845;2336.949219;0.030915;0.000000;0.000000;0.000000;0.000000;2.000000;10817399808.000000
0.000000;-149.999985;2000.000000;0.000000;0.000000;0.000000;0.000000;0.000000;2.000000;-21.632898;-284.968109;2129.367920;0.041121;0.000000;0.000000;0.000000;0.000000;2.000000;-38.126614;-396.761871;2228.706299;0.082009;0.000000;0.000000;0.000000;0.000000;2.000000;-37.562683;-601.114502;2332.115723;0.153540;0.000000;0.000000;0.000000;0.000000;2.000000;-2.234386;-566.081543;2318.038086;0.138487;0.000000;0.000000;0.000000;0.000000;2.000000;147.267822;-546.501709;2320.731934;0.118603;0.000000;0.000000;0.000000;0.000000;2.000000;252.526550;-285.753326;2397.632813;0.111674;0.000000;0.000000;0.000000;0.000000;2.000000;300.061981;-94.319443;2252.861816;0.104869;0.000000;0.000000;0.000000;0.000000;2.000000;351.304596;-18.121216;2296.298340;1.152971;0.000000;0.000000;0.000000;0.000000;2.000000;339.081482;37.445557;2395.072266;1.430065;0.000000;0.000000;0.000000;0.000000;2.000000;322.511383;2.093628;2363.288574;0.970407;0.000000;0.000000;0.000000;0.000000;2.000000;-73.095192;-567.615234;2313.999268;0.145095;0.000000;0.000000;0.000000;0.000000;2.000000;-210.008286;-545.529785;2310.285156;0.169900;0.000000;0.000000;0.000000;0.000000;2.000000;-265.503204;-254.989594;2337.406250;0.174681;0.000000;0.000000;0.000000;0.000000;2.000000;-280.797882;-71.448059;2171.668457;0.056559;0.000000;0.000000;0.000000;0.000000;2.000000;-244.305878;12.064178;2111.197021;0.109625;0.000000;0.000000;0.000000;0.000000;2.000000;-188.557114;36.223907;2017.058838;0.087524;0.000000;0.000000;0.000000;0.000000;2.000000;-220.631363;-8.714417;2069.735840;0.203908;0.000000;0.000000;0.000000;0.000000;2.000000;94.620743;-148.635056;2017.246460;0.019819;0.000000;0.000000;0.000000;0.000000;2.000000;120.281372;101.214722;1677.730469;0.073190;0.000000;0.000000;0.000000;0.000000;2.000000;138.224243;365.270935;1373.014771;0.161421;0.000000;0.000000;0.000000;0.000000;2.000000;195.339752;242.607727;1228.972656;0.335881;0.000000;0.000000;0.000000;0.000000;2.000000;-85.323685;-151.230804;1984.447998;0.017874;0.000000;0.000000;0.000000;0.000000;2.000000;17.792328;70.579346;1640.735718;0.183944;0.000000;0.000000;0.000000;0.000000;2.000000;111.355408;349.072998;1357.836670;0.296393;0.000000;0.000000;0.000000;0.000000;2.000000;215.774658;317.956177;1212.270020;0.642448;0.000000;0.000000;0.000000;0.000000;2.000000;-36.497055;-683.333374;2357.897461;0.183697;0.000000;0.000000;0.000000;0.000000;2.000000;-7.358074;-727.082397;2196.739746;0.164283;0.000000;0.000000;0.000000;0.000000;2.000000;10.977028;-764.541748;2238.537598;0.120476;0.000000;0.000000;0.000000;0.000000;2.000000;48.743286;-753.205933;2366.326172;0.144350;0.000000;0.000000;0.000000;0.000000;2.000000;-41.972698;-759.273193;2224.023926;0.126164;0.000000;0.000000;0.000000;0.000000;2.000000;-123.450897;-749.189087;2335.214600;0.155870;0.000000;0.000000;0.000000;0.000000;2.000000;10817433600.000000
0.000000;-149.999985;2000.000000;0.000000;0.000000;0.000000;0.000000;0.000000;2.000000;-22.181190;-284.631775;2129.354492;0.019634;0.000000;0.000000;0.000000;0.000000;2.000000;-39.134537;-396.032745;2228.831055;0.038154;0.000000;0.000000;0.000000;0.000000;2.000000;-40.322186;-600.248291;2332.003418;0.088331;0.000000;0.000000;0.000000;0.000000;2.000000;-4.737968;-565.504639;2318.041992;0.078406;0.000000;0.000000;0.000000;0.000000;2.000000;144.940552;-548.540588;2320.290527;0.095379;0.000000;0.000000;0.000000;0.000000;2.000000;249.319107;-287.440002;2396.094482;0.120144;0.000000;0.000000;0.000000;0.000000;2.000000;297.700897;-94.930481;2253.455078;0.076599;0.000000;0.000000;0.000000;0.000000;2.000000;335.598450;-13.622314;2300.899902;0.517988;0.000000;0.000000;0.000000;0.000000;2.000000;321.711975;53.081268;2392.143555;0.718786;0.000000;0.000000;0.000000;0.000000;2.000000;316.729950;-0.439941;2360.979248;0.205120;0.000000;0.000000;0.000000;0.000000;2.000000;-75.528763;-566.507202;2313.847656;0.081734;0.000000;0.000000;0.000000;0.000000;2.000000;-212.149246;-543.557190;2309.751465;0.090322;0.000000;0.000000;0.000000;0.000000;2.000000;-267.775299;-253.393814;2337.411621;0.084732;0.000000;0.000000;0.000000;0.000000;2.000000;-282.266235;-70.023056;2171.779297;0.062535;0.000000;0.000000;0.000000;0.000000;2.000000;-245.614410;11.869110;2109.414551;0.067743;0.000000;0.000000;0.000000;0.000000;2.000000;-188.546417;40.031616;2017.333496;0.116504;0.000000;0.000000;0.000000;0.000000;2.000000;-222.283859;-11.114868;2065.802734;0.149387;0.000000;0.000000;0.000000;0.000000;2.000000;94.477493;-148.744873;2017.506958;0.009672;0.000000;0.000000;0.000000;0.000000;2.000000;119.376465;101.715210;1678.905396;0.047766;0.000000;0.000000;0.000000;0.000000;2.000000;136.443298;366.285828;1375.116211;0.089588;0.000000;0.000000;0.000000;0.000000;2.000000;209.497162;241.758057;1240.449341;0.556784;0.000000;0.000000;0.000000;0.000000;2.000000;-85.194504;-151.131775;1984.213257;0.008717;0.000000;0.000000;0.000000;0.000000;2.000000;17.149063;68.640503;1639.475220;0.073253;0.000000;0.000000;0.000000;0.000000;2.000000;110.248062;347.632385;1357.497803;0.056407;0.000000;0.000000;0.000000;0.000000;2.000000;220.511276;319.253174;1215.961914;0.187498;0.000000;0.000000;0.000000;0.000000;2.000000;-39.926636;-682.408081;2357.707520;0.108560;0.000000;0.000000;0.000000;0.000000;2.000000;-10.157513;-724.880005;2196.500000;0.108948;0.000000;0.000000;0.000000;0.000000;2.000000;7.083336;-763.090759;2237.999512;0.127867;0.000000;0.000000;0.000000;0.000000;2.000000;43.846210;-753.867249;2366.111816;0.150945;0.000000;0.000000;0.000000;0.000000;2.000000;-45.573059;-756.688477;2223.087646;0.138242;0.000000;0.000000;0.000000;0.000000;2.000000;-127.782761;-746.323425;2333.541504;0.166527;0.000000;0.000000;0.000000;0.000000;2.000000;10817466368.000000
0.000000;-150.000000;2000.000000;0.000000;0.000000;0.000000;0.000000;0.000000;2.000000;-24.077692;-283.717651;2130.426758;0.069917;0.000000;0.000000;0.000000;0.000000;2.000000;-42.444939;-394.878937;2230.308594;0.112582;0.000000;0.000000;0.000000;0.000000;2.000000;-44.698803;-598.813965;2334.876953;0.160646;0.000000;0.000000;0.000000;0.000000;2.000000;-8.898754;-564.153931;2320.932129;0.155156;0.000000;0.000000;0.000000;0.000000;2.000000;141.203644;-548.658813;2322.765137;0.132681;0.000000;0.000000;0.000000;0.000000;2.000000;246.646118;-287.611786;2399.193359;0.121213;0.000000;0.000000;0.000000;0.000000;2.000000;292.630890;-97.815384;2251.497559;0.182085;0.000000;0.000000;0.000000;0.000000;2.000000;321.563904;-12.046967;2297.759766;0.428136;0.000000;0.000000;0.000000;0.000000;2.000000;323.379700;72.190552;2374.654297;0.768171;0.000000;0.000000;0.000000;0.000000;2.000000;301.134552;5.370148;2352.531738;0.552311;0.000000;0.000000;0.000000;0.000000;2.000000;-79.781067;-565.068298;2316.240234;0.150537;0.000000;0.000000;0.000000;0.000000;2.000000;-217.123093;-545.174316;2312.266113;0.171734;0.000000;0.000000;0.000000;0.000000;2.000000;-270.349945;-253.949905;2338.926025;0.089913;0.000000;0.000000;0.000000;0.000000;2.000000;-285.892853;-69.827118;2173.590332;0.120099;0.000000;0.000000;0.000000;0.000000;2.000000;-248.173187;11.533051;2110.839355;0.087238;0.000000;0.000000;0.000000;0.000000;2.000000;-192.402374;38.927582;2017.507690;0.118806;0.000000;0.000000;0.000000;0.000000;2.000000;-223.627319;-12.258331;2069.989258;0.134442;0.000000;0.000000;0.000000;0.000000;2.000000;94.511444;-149.227753;2018.239136;0.025974;0.000000;0.000000;0.000000;0.000000;2.000000;117.595825;100.431763;1678.021729;0.070022;0.000000;0.000000;0.000000;0.000000;2.000000;130.735413;365.513947;1373.567993;0.176500;0.000000;0.000000;0.000000;0.000000;2.000000;211.589996;239.419586;1244.434814;0.150116;0.000000;0.000000;0.000000;0.000000;2.000000;-85.225121;-150.696365;1983.552979;0.023423;0.000000;0.000000;0.000000;0.000000;2.000000;15.794804;65.329926;1635.193970;0.165092;0.000000;0.000000;0.000000;0.000000;2.000000;109.864655;356.291779;1364.869019;0.336717;0.000000;0.000000;0.000000;0.000000;2.000000;217.243622;320.676239;1222.355835;0.216624;0.000000;0.000000;0.000000;0.000000;2.000000;-44.620010;-680.957886;2361.122559;0.177046;0.000000;0.000000;0.000000;0.000000;2.000000;-12.223537;-721.175476;2199.539063;0.154416;0.000000;0.000000;0.000000;0.000000;2.000000;4.479645;-760.000854;2240.831299;0.146015;0.000000;0.000000;0.000000;0.000000;2.000000;39.300022;-752.499512;2369.833984;0.178524;0.000000;0.000000;0.000000;0.000000;2.000000;-48.042580;-753.473145;2225.170898;0.134889;0.000000;0.000000;0.000000;0.000000;2.000000;-132.112854;-744.794067;2334.660645;0.139875;0.000000;0.000000;0.000000;0.000000;2.000000;10817500160.000000
0.000000;-150.000000;2000.000000;0.000000;0.000000;0.000000;0.000000;0.000000;2.000000;-24.113323;-283.768341;2130.371338;0.002537;0.000000;0.000000;0.000000;0.000000;2.000000;-42.504341;-394.995911;2230.177246;0.005665;0.000000;0.000000;0.000000;0.000000;2.000000;-44.835587;-599.046631;2334.523438;0.013573;0.000000;0.000000;0.000000;0.000000;2.000000;-9.020584;-564.391357;2320.603516;0.012919;0.000000;0.000000;0.000000;0.000000;2.000000;141.102249;-549.069336;2322.353271;0.018014;0.000000;0.000000;0.000000;0.000000;2.000000;247.029495;-288.211487;2398.769043;0.025288;0.000000;0.000000;0.000000;0.000000;2.000000;293.148102;-98.503296;2250.997559;0.030376;0.000000;0.000000;0.000000;0.000000;2.000000;323.609131;-13.189789;2297.122314;0.074098;0.000000;0.000000;0.000000;0.000000;2.000000;322.913025;68.844238;2376.382813;0.115820;0.000000;0.000000;0.000000;0.000000;2.000000;305.428436;3.753540;2352.121338;0.140577;0.000000;0.000000;0.000000;0.000000;2.000000;-79.905930;-565.260132;2315.936768;0.011600;0.000000;0.000000;0.000000;0.000000;2.000000;-217.242966;-545.290039;2312.122559;0.006712;0.000000;0.000000;0.000000;0.000000;2.000000;-270.389984;-254.106583;2339.418457;0.015817;0.000000;0.000000;0.000000;0.000000;2.000000;-286.070313;-69.596573;2174.523926;0.029842;0.000000;0.000000;0.000000;0.000000;2.000000;-248.459976;11.986969;2111.995605;0.038905;0.000000;0.000000;0.000000;0.000000;2.000000;-192.746094;38.905151;2018.489990;0.031767;0.000000;0.000000;0.000000;0.000000;2.000000;-224.071716;-11.591736;2070.920654;0.037492;0.000000;0.000000;0.000000;0.000000;2.000000;94.512772;-149.261078;2018.239136;0.001018;0.000000;0.000000;0.000000;0.000000;2.000000;117.938644;100.657745;1678.229858;0.014048;0.000000;0.000000;0.000000;0.000000;2.000000;131.247314;366.293640;1374.260620;0.035454;0.000000;0.000000;0.000000;0.000000;2.000000;213.933670;240.676086;1245.821167;0.091520;0.000000;0.000000;0.000000;0.000000;2.000000;-85.226318;-150.666321;1983.552979;0.000918;0.000000;0.000000;0.000000;0.000000;2.000000;15.884548;65.533875;1635.322754;0.007854;0.000000;0.000000;0.000000;0.000000;2.000000;110.020065;356.796021;1365.337524;0.021534;0.000000;0.000000;0.000000;0.000000;2.000000;217.487228;321.270081;1222.865967;0.025021;0.000000;0.000000;0.000000;0.000000;2.000000;-44.793873;-681.220215;2360.679199;0.016592;0.000000;0.000000;0.000000;0.000000;2.000000;-12.777420;-721.844055;2199.119629;0.029425;0.000000;0.000000;0.000000;0.000000;2.000000;3.868027;-760.644775;2240.459229;0.029385;0.000000;0.000000;0.000000;0.000000;2.000000;38.914417;-753.010986;2369.394531;0.023706;0.000000;0.000000;0.000000;0.000000;2.000000;-48.658386;-753.980469;2224.868164;0.026043;0.000000;0.000000;0.000000;0.000000;2.000000;-132.530045;-744.830078;2334.474121;0.013989;0.000000;0.000000;0.000000;0.000000;2.000000;10817532928.000000
0.000000;-150.000000;2000.000000;0.000000;0.000000;0.000000;0.000000;0.000000;2.000000;-24.114195;-283.769562;2130.369629;0.000067;0.000000;0.000000;0.000000;0.000000;2.000000;-42.505821;-394.998535;2230.173828;0.000135;0.000000;0.000000;0.000000;0.000000;2.000000;-44.839661;-599.052002;2334.514648;0.000328;0.000000;0.000000;0.000000;0.000000;2.000000;-9.024231;-564.396729;2320.595215;0.000312;0.000000;0.000000;0.000000;0.000000;2.000000;141.098969;-549.079285;2322.345703;0.000382;0.000000;0.000000;0.000000;0.000000;2.000000;247.038635;-288.228821;2398.769043;0.000580;0.000000;0.000000;0.000000;0.000000;2.000000;293.166321;-98.517258;2251.004883;0.000713;0.000000;0.000000;0.000000;0.000000;2.000000;323.704559;-13.229980;2297.126953;0.003067;0.000000;0.000000;0.000000;0.000000;2.000000;322.949066;68.716400;2376.477539;0.004828;0.000000;0.000000;0.000000;0.000000;2.000000;305.673615;3.675140;2352.130615;0.007622;0.000000;0.000000;0.000000;0.000000;2.000000;-79.909561;-565.264465;2315.928711;0.000291;0.000000;0.000000;0.000000;0.000000;2.000000;-217.246307;-545.292480;2312.116699;0.000212;0.000000;0.000000;0.000000;0.000000;2.000000;-270.389252;-254.109863;2339.428223;0.000306;0.000000;0.000000;0.000000;0.000000;2.000000;-286.069519;-69.591309;2174.543457;0.000599;0.000000;0.000000;0.000000;0.000000;2.000000;-248.454285;11.994781;2112.021729;0.000824;0.000000;0.000000;0.000000;0.000000;2.000000;-192.735748;38.899384;2018.515015;0.000819;0.000000;0.000000;0.000000;0.000000;2.000000;-224.063293;-11.583038;2070.948242;0.000892;0.000000;0.000000;0.000000;0.000000;2.000000;94.512703;-149.261765;2018.239258;0.000021;0.000000;0.000000;0.000000;0.000000;2.000000;117.948372;100.663055;1678.235229;0.000364;0.000000;0.000000;0.000000;0.000000;2.000000;131.262543;366.311584;1374.277710;0.000861;0.000000;0.000000;0.000000;0.000000;2.000000;213.991455;240.699707;1245.860229;0.002179;0.000000;0.000000;0.000000;0.000000;2.000000;-85.226273;-150.665710;1983.552856;0.000018;0.000000;0.000000;0.000000;0.000000;2.000000;15.887520;65.540894;1635.327637;0.000268;0.000000;0.000000;0.000000;0.000000;2.000000;110.024025;356.816101;1365.357300;0.000842;0.000000;0.000000;0.000000;0.000000;2.000000;217.492981;321.295959;1222.885742;0.000979;0.000000;0.000000;0.000000;0.000000;2.000000;-44.799007;-681.226196;2360.667725;0.000412;0.000000;0.000000;0.000000;0.000000;2.000000;-12.782463;-721.842407;2199.106445;0.000421;0.000000;0.000000;0.000000;0.000000;2.000000;3.863537;-760.644775;2240.444336;0.000460;0.000000;0.000000;0.000000;0.000000;2.000000;38.910118;-753.016357;2369.379395;0.000492;0.000000;0.000000;0.000000;0.000000;2.000000;-48.662964;-753.980408;2224.854004;0.000440;0.000000;0.000000;0.000000;0.000000;2.000000;-132.534454;-744.835938;2334.459961;0.000472;0.000000;0.000000;0.000000;0.000000;2.000000;10817566720.000000
0.000000;-150.000000;2000.000000;0.000000;0.000000;0.000000;0.000000;0.000000;2.000000;-24.132114;-283.558777;2130.568848;0.008599;0.000000;0.000000;0.000000;0.000000;2.000000;-42.546947;-394.598419;2230.568115;0.016668;0.000000;0.000000;0.000000;0.000000;2.000000;-44.829052;-598.872314;2334.452637;0.005634;0.000000;0.000000;0.000000;0.000000;2.000000;-9.012745;-564.234253;2320.502441;0.005547;0.000000;0.000000;0.000000;0.000000;2.000000;141.092148;-548.829224;2322.404297;0.007603;0.000000;0.000000;0.000000;0.000000;2.000000;246.753387;-287.833099;2398.660156;0.014791;0.000000;0.000000;0.000000;0.000000;2.000000;294.187073;-95.782776;2254.392090;0.132318;0.000000;0.000000;0.000000;0.000000;2.000000;320.786926;-10.186798;2302.334717;0.198281;0.000000;0.000000;0.000000;0.000000;2.000000;301.226807;63.502228;2387.177734;0.733005;0.000000;0.000000;0.000000;0.000000;2.000000;308.003510;12.206146;2348.806152;0.279583;0.000000;0.000000;0.000000;0.000000;2.000000;-79.909561;-564.999146;2316.051025;0.008646;0.000000;0.000000;0.000000;0.000000;2.000000;-217.218414;-544.750122;2313.026855;0.031364;0.000000;0.000000;0.000000;0.000000;2.000000;-269.983490;-253.880127;2343.996094;0.135879;0.000000;0.000000;0.000000;0.000000;2.000000;-286.074860;-68.496979;2180.142578;0.168829;0.000000;0.000000;0.000000;0.000000;2.000000;-247.443497;12.131378;2117.010254;0.150679;0.000000;0.000000;0.000000;0.000000;2.000000;-190.796112;28.381775;2021.628662;0.329634;0.000000;0.000000;0.000000;0.000000;2.000000;-226.025681;-12.972137;2071.345215;0.072113;0.000000;0.000000;0.000000;0.000000;2.000000;94.513245;-149.273071;2018.211792;0.000879;0.000000;0.000000;0.000000;0.000000;2.000000;118.943085;100.596069;1678.262939;0.029514;0.000000;0.000000;0.000000;0.000000;2.000000;131.629807;369.934143;1377.569580;0.145259;0.000000;0.000000;0.000000;0.000000;2.000000;220.390869;241.490723;1256.188599;0.360320;0.000000;0.000000;0.000000;0.000000;2.000000;-85.226753;-150.655487;1983.577637;0.000793;0.000000;0.000000;0.000000;0.000000;2.000000;16.625729;64.160736;1634.733032;0.049548;0.000000;0.000000;0.000000;0.000000;2.000000;111.568924;358.445801;1368.364014;0.111054;0.000000;0.000000;0.000000;0.000000;2.000000;217.853241;320.981384;1225.513916;0.079052;0.000000;0.000000;0.000000;0.000000;2.000000;-44.816086;-681.100952;2360.420166;0.008226;0.000000;0.000000;0.000000;0.000000;2.000000;-17.700275;-724.730957;2198.756836;0.169096;0.000000;0.000000;0.000000;0.000000;2.000000;0.124031;-762.796875;2240.283203;0.127769;0.000000;0.000000;0.000000;0.000000;2.000000;39.019657;-752.869080;2367.944824;0.042799;0.000000;0.000000;0.000000;0.000000;2.000000;-52.834091;-756.323730;2226.150146;0.146684;0.000000;0.000000;0.000000;0.000000;2.000000;-133.373550;-745.016479;2338.021729;0.108420;0.000000;0.000000;0.000000;0.000000;2.000000;10817600512.000000
0.000000;-150.000015;2000.000000;0.000000;0.000000;0.000000;0.000000;0.000000;2.000000;-24.132442;-283.558868;2130.568359;0.000018;0.000000;0.000000;0.000000;0.000000;2.000000;-42.547478;-394.598999;2230.566895;0.000044;0.000000;0.000000;0.000000;0.000000;2.000000;-44.831844;-598.874268;2334.448730;0.000158;0.000000;0.000000;0.000000;0.000000;2.000000;-9.015156;-564.236633;2320.498535;0.000158;0.000000;0.000000;0.000000;0.000000;2.000000;141.090210;-548.836914;2322.396973;0.000329;0.000000;0.000000;0.000000;0.000000;2.000000;246.767044;-287.844604;2398.644043;0.000734;0.000000;0.000000;0.000000;0.000000;2.000000;294.200989;-95.807327;2254.358887;0.001330;0.000000;0.000000;0.000000;0.000000;2.000000;320.858948;-10.223663;2302.291016;0.002806;0.000000;0.000000;0.000000;0.000000;2.000000;301.425659;63.503265;2387.129883;0.006242;0.000000;0.000000;0.000000;0.000000;2.000000;308.172241;12.147491;2348.764160;0.005600;0.000000;0.000000;0.000000;0.000000;2.000000;-79.911957;-565.000366;2316.047852;0.000127;0.000000;0.000000;0.000000;0.000000;2.000000;-217.220383;-544.749023;2313.026123;0.000072;0.000000;0.000000;0.000000;0.000000;2.000000;-269.980682;-253.879181;2344.003906;0.000255;0.000000;0.000000;0.000000;0.000000;2.000000;-286.071960;-68.491058;2180.156250;0.000463;0.000000;0.000000;0.000000;0.000000;2.000000;-247.440750;12.139160;2117.026367;0.000552;0.000000;0.000000;0.000000;0.000000;2.000000;-190.794174;28.395355;2021.645142;0.000654;0.000000;0.000000;0.000000;0.000000;2.000000;-226.024536;-12.964996;2071.356934;0.000420;0.000000;0.000000;0.000000;0.000000;2.000000;94.513245;-149.273682;2018.211548;0.000020;0.000000;0.000000;0.000000;0.000000;2.000000;118.944473;100.598358;1678.265259;0.000108;0.000000;0.000000;0.000000;0.000000;2.000000;131.630646;369.944214;1377.579102;0.000424;0.000000;0.000000;0.000000;0.000000;2.000000;220.401535;241.503662;1256.202637;0.000667;0.000000;0.000000;0.000000;0.000000;2.000000;-85.226753;-150.654953;1983.578003;0.000020;0.000000;0.000000;0.000000;0.000000;2.000000;16.618275;64.156189;1634.728638;0.000298;0.000000;0.000000;0.000000;0.000000;2.000000;111.561279;358.427795;1368.344727;0.000838;0.000000;0.000000;0.000000;0.000000;2.000000;217.817307;320.935364;1225.481079;0.002044;0.000000;0.000000;0.000000;0.000000;2.000000;-44.819942;-681.103271;2360.415039;0.000208;0.000000;0.000000;0.000000;0.000000;2.000000;-17.707539;-724.736450;2198.751953;0.000315;0.000000;0.000000;0.000000;0.000000;2.000000;0.118298;-762.801270;2240.278809;0.000258;0.000000;0.000000;0.000000;0.000000;2.000000;39.016899;-752.870056;2367.939453;0.000187;0.000000;0.000000;0.000000;0.000000;2.000000;-52.840218;-756.329102;2226.146973;0.000267;0.000000;0.000000;0.000000;0.000000;2.000000;-133.377014;-745.020508;2338.020264;0.000168;0.000000;0.000000;0.000000;0.000000;2.000000;10817633280.000000
