posX0;posY0;posZ0;posVel0;rotX0;rotY0;rotZ0;rotVel0;confidence0;posX1;posY1;posZ1;posVel1;rotX1;rotY1;rotZ1;rotVel1;confidence1;posX2;posY2;posZ2;posVel2;rotX2;rotY2;rotZ2;rotVel2;confidence2;posX3;posY3;posZ3;posVel3;rotX3;rotY3;rotZ3;rotVel3;confidence3;posX4;posY4;posZ4;posVel4;rotX4;rotY4;rotZ4;rotVel4;confidence4;posX5;posY5;posZ5;posVel5;rotX5;rotY5;rotZ5;rotVel5;confidence5;posX6;posY6;posZ6;posVel6;rotX6;rotY6;rotZ6;rotVel6;confidence6;posX7;posY7;posZ7;posVel7;rotX7;rotY7;rotZ7;rotVel7;confidence7;posX8;posY8;posZ8;posVel8;rotX8;rotY8;rotZ8;rotVel8;confidence8;posX9;posY9;posZ9;posVel9;rotX9;rotY9;rotZ9;rotVel9;confidence9;posX10;posY10;posZ10;posVel10;rotX10;rotY10;rotZ10;rotVel10;confidence10;posX11;posY11;posZ11;posVel11;rotX11;rotY11;rotZ11;rotVel11;confidence11;posX12;posY12;posZ12;posVel12;rotX12;rotY12;rotZ12;rotVel12;confidence12;posX13;posY13;posZ13;posVel13;rotX13;rotY13;rotZ13;rotVel13;confidence13;posX14;posY14;posZ14;posVel14;rotX14;rotY14;rotZ14;rotVel14;confidence14;posX15;posY15;posZ15;posVel15;rotX15;rotY15;rotZ15;rotVel15;confidence15;posX16;posY16;posZ16;posVel16;rotX16;rotY16;rotZ16;rotVel16;confidence16;posX17;posY17;posZ17;posVel17;rotX17;rotY17;rotZ17;rotVel17;confidence17;posX18;posY18;posZ18;posVel18;rotX18;rotY18;rotZ18;rotVel18;confidence18;posX19;posY19;posZ19;posVel19;rotX19;rotY19;rotZ19;rotVel19;confidence19;posX20;posY20;posZ20;posVel20;rotX20;rotY20;rotZ20;rotVel20;confidence20;posX21;posY21;posZ21;posVel21;rotX21;rotY21;rotZ21;rotVel21;confidence21;posX22;posY22;posZ22;posVel22;rotX22;rotY22;rotZ22;rotVel22;confidence22;posX23;posY23;posZ23;posVel23;rotX23;rotY23;rotZ23;rotVel23;confidence23;posX24;posY24;posZ24;posVel24;rotX24;rotY24;rotZ24;rotVel24;confidence24;posX25;posY25;posZ25;posVel25;rotX25;rotY25;rotZ25;rotVel25;confidence25;posX26;posY26;posZ26;posVel26;rotX26;rotY26;rotZ26;rotVel26;confidence26;posX27;posY27;posZ27;posVel27;rotX27;rotY27;rotZ27;rotVel27;confidence27;posX28;posY28;posZ28;posVel28;rotX28;rotY28;rotZ28;rotVel28;confidence28;posX29;posY29;posZ29;posVel29;rotX29;rotY29;rotZ29;rotVel29;confidence29;posX30;posY30;posZ30;posVel30;rotX30;rotY30;rotZ30;rotVel30;confidence30;posX31;posY31;posZ31;posVel31;rotX31;rotY31;rotZ31;rotVel31;confidence31;TimeStamp
0.000000;-150.000000;2000.000000;0.000000;0.000000;0.000000;0.000000;0.000000;2.000000;-0.004131;-297.060669;2107.166992;0.000000;0.000000;0.000000;0.000000;0.000000;2.000000;-1.811806;-425.908264;2174.675781;0.000000;0.000000;0.000000;0.000000;0.000000;2.000000;-4.962666;-645.050171;2206.323730;0.000000;0.000000;0.000000;0.000000;0.000000;2.000000;29.923641;-609.467712;2202.305664;0.000000;0.000000;0.000000;0.000000;0.000000;2.000000;169.710556;-570.959656;2186.946777;0.000000;0.000000;0.000000;0.000000;0.000000;2.000000;285.105743;-350.466675;2319.272705;0.000000;0.000000;0.000000;0.000000;0.000000;2.000000;244.857056;-182.965958;2157.141602;0.000000;0.000000;0.000000;0.000000;0.000000;2.000000;187.242508;-236.621735;2098.424316;0.000000;0.000000;0.000000;0.000000;0.000000;2.000000;108.124344;-259.591553;2025.218384;0.000000;0.000000;0.000000;0.000000;0.000000;2.000000;151.168167;-235.827240;2067.645020;0.000000;0.000000;0.000000;0.000000;0.000000;2.000000;-38.697613;-607.909668;2202.002930;0.000000;0.000000;0.000000;0.000000;0.000000;2.000000;-164.557861;-564.239441;2186.373535;0.000000;0.000000;0.000000;0.000000;0.000000;2.000000;-249.159302;-306.202209;2092.900879;0.000000;0.000000;0.000000;0.000000;0.000000;2.000000;-200.856995;-236.363953;1868.895752;0.000000;0.000000;0.000000;0.000000;0.000000;2.000000;-144.639221;-198.540466;1787.705078;0.000000;0.000000;0.000000;0.000000;0.000000;2.000000;-118.603531;-103.004196;1743.769775;0.000000;0.000000;0.000000;0.000000;0.000000;2.000000;-73.786560;-183.178574;1916.120117;0.000000;0.000000;0.000000;0.000000;0.000000;2.000000;92.670349;-154.619812;1993.664063;0.000000;0.000000;0.000000;0.000000;0.000000;2.000000;255.632416;-45.972931;1635.379395;0.000000;0.000000;0.000000;0.000000;0.000000;2.000000;351.396484;284.723938;1819.090454;0.000000;0.000000;0.000000;0.000000;0.000000;2.000000;432.202698;416.669189;1706.967773;0.000000;0.000000;0.000000;0.000000;0.000000;2.000000;-83.564941;-145.834122;2005.713501;0.000000;0.000000;0.000000;0.000000;0.000000;2.000000;-238.191315;-58.008865;1638.633911;0.000000;0.000000;0.000000;0.000000;0.000000;2.000000;-285.251709;295.044495;1807.868286;0.000000;0.000000;0.000000;0.000000;0.000000;2.000000;-352.254852;421.922302;1706.286987;0.000000;0.000000;0.000000;0.000000;0.000000;2.000000;-6.116470;-728.339966;2204.534424;0.000000;0.000000;0.000000;0.000000;0.000000;2.000000;33.666203;-808.776123;2067.387695;0.000000;0.000000;0.000000;0.000000;0.000000;2.000000;54.536190;-829.121765;2116.476074;0.000000;0.000000;0.000000;0.000000;0.000000;2.000000;84.319183;-778.433411;2231.639648;0.000000;0.000000;0.000000;0.000000;0.000000;2.000000;3.717873;-835.518188;2101.631592;0.000000;0.000000;0.000000;0.000000;0.000000;2.000000;-79.836288;-806.837402;2201.904297;0.000000;0.000000;0.000000;0.000000;0.000000;2.000000;10740633600.000000
0.000000;-150.000000;2000.000000;0.000000;0.000000;0.000000;0.000000;0.000000;2.000000;0.427624;-300.286499;2105.608398;0.110124;0.000000;0.000000;0.000000;0.000000;2.000000;-1.128365;-431.201965;2172.109131;0.180746;0.000000;0.000000;0.000000;0.000000;2.000000;-6.371243;-651.736328;2208.184814;0.216121;0.000000;0.000000;0.000000;0.000000;2.000000;29.191818;-616.338745;2202.802734;0.211418;0.000000;0.000000;0.000000;0.000000;2.000000;174.265198;-591.648376;2200.290527;0.764052;0.000000;0.000000;0.000000;0.000000;2.000000;237.372208;-336.442444;2091.492676;7.115173;0.000000;0.000000;0.000000;0.000000;2.000000;226.570847;-210.482544;1888.905640;8.247771;0.000000;0.000000;0.000000;0.000000;2.000000;196.432663;-189.010727;1796.929443;9.319132;0.000000;0.000000;0.000000;0.000000;2.000000;168.725998;-139.749084;1701.104980;10.706595;0.000000;0.000000;0.000000;0.000000;2.000000;122.161270;-176.333755;1790.950928;8.682264;0.000000;0.000000;0.000000;0.000000;2.000000;-40.045998;-613.910522;2203.776367;0.195345;0.000000;0.000000;0.000000;0.000000;2.000000;-167.504120;-570.774597;2188.709717;0.230092;0.000000;0.000000;0.000000;0.000000;2.000000;-243.646042;-313.769684;2078.290527;0.529570;0.000000;0.000000;0.000000;0.000000;2.000000;-213.688156;-228.920746;1853.835693;0.645102;0.000000;0.000000;0.000000;0.000000;2.000000;-157.739578;-193.012329;1770.317139;0.685471;0.000000;0.000000;0.000000;0.000000;2.000000;-134.039734;-110.146057;1703.016846;1.347649;0.000000;0.000000;0.000000;0.000000;2.000000;-84.547882;-178.872894;1874.506836;1.318278;0.000000;0.000000;0.000000;0.000000;2.000000;93.494034;-154.703476;1992.928101;0.033806;0.000000;0.000000;0.000000;0.000000;2.000000;263.542725;-29.803986;1638.847290;0.559425;0.000000;0.000000;0.000000;0.000000;2.000000;359.004333;300.398468;1831.256836;0.648519;0.000000;0.000000;0.000000;0.000000;2.000000;431.701538;411.175690;1691.091064;0.512931;0.000000;0.000000;0.000000;0.000000;2.000000;-84.307678;-145.758667;2006.376953;0.030480;0.000000;0.000000;0.000000;0.000000;2.000000;-242.887772;-49.927597;1638.691040;0.285249;0.000000;0.000000;0.000000;0.000000;2.000000;-288.237854;302.902130;1817.309082;0.385765;0.000000;0.000000;0.000000;0.000000;2.000000;-349.356750;416.936005;1695.847656;0.363968;0.000000;0.000000;0.000000;0.000000;2.000000;-8.586365;-735.810059;2207.951660;0.261776;0.000000;0.000000;0.000000;0.000000;2.000000;40.143974;-819.921265;2074.079590;0.443248;0.000000;0.000000;0.000000;0.000000;2.000000;57.112946;-840.022705;2125.352783;0.436162;0.000000;0.000000;0.000000;0.000000;2.000000;79.475960;-787.521729;2242.738770;0.462062;0.000000;0.000000;0.000000;0.000000;2.000000;6.947758;-845.819458;2106.710205;0.364095;0.000000;0.000000;0.000000;0.000000;2.000000;-84.071442;-813.762695;2200.970215;0.249366;0.000000;0.000000;0.000000;0.000000;2.000000;10740666368.000000
0.000000;-150.000000;2000.000000;0.000000;0.000000;0.000000;0.000000;0.000000;2.000000;-0.054314;-302.357239;2103.535156;0.087879;0.000000;0.000000;0.000000;0.000000;2.000000;-1.676186;-433.095642;2171.297363;0.063090;0.000000;0.000000;0.000000;0.000000;2.000000;-5.641636;-654.368042;2206.973389;0.088412;0.000000;0.000000;0.000000;0.000000;2.000000;29.806747;-618.580261;2202.084961;0.071989;0.000000;0.000000;0.000000;0.000000;2.000000;173.067429;-583.051514;2201.744141;0.260440;0.000000;0.000000;0.000000;0.000000;2.000000;234.148773;-338.691650;2067.693359;0.713829;0.000000;0.000000;0.000000;0.000000;2.000000;208.793961;-237.611557;1852.078125;1.452240;0.000000;0.000000;0.000000;0.000000;2.000000;195.459320;-176.004517;1775.189209;0.750250;0.000000;0.000000;0.000000;0.000000;2.000000;173.262756;-128.164764;1676.872925;0.806083;0.000000;0.000000;0.000000;0.000000;2.000000;112.932526;-170.742889;1780.150146;0.451796;0.000000;0.000000;0.000000;0.000000;2.000000;-39.652409;-616.690735;2202.211670;0.095125;0.000000;0.000000;0.000000;0.000000;2.000000;-167.883087;-574.410889;2187.810303;0.111417;0.000000;0.000000;0.000000;0.000000;2.000000;-246.864975;-320.956390;2069.300537;0.353668;0.000000;0.000000;0.000000;0.000000;2.000000;-211.326141;-232.328949;1846.380615;0.252448;0.000000;0.000000;0.000000;0.000000;2.000000;-152.583527;-196.528946;1764.357422;0.255374;0.000000;0.000000;0.000000;0.000000;2.000000;-133.999023;-108.584564;1701.535522;0.063705;0.000000;0.000000;0.000000;0.000000;2.000000;-84.906563;-182.000580;1876.087158;0.104243;0.000000;0.000000;0.000000;0.000000;2.000000;93.763382;-154.794495;1992.993774;0.008635;0.000000;0.000000;0.000000;0.000000;2.000000;258.570068;-56.992386;1626.750244;0.892837;0.000000;0.000000;0.000000;0.000000;2.000000;345.820282;277.860962;1817.317017;0.875905;0.000000;0.000000;0.000000;0.000000;2.000000;427.900726;411.961365;1704.642944;0.417161;0.000000;0.000000;0.000000;0.000000;2.000000;-84.550575;-145.676590;2006.317749;0.007787;0.000000;0.000000;0.000000;0.000000;2.000000;-242.781174;-59.713440;1634.744385;0.312271;0.000000;0.000000;0.000000;0.000000;2.000000;-286.802826;294.232239;1814.021118;0.277663;0.000000;0.000000;0.000000;0.000000;2.000000;-352.414490;412.746948;1698.602295;0.173783;0.000000;0.000000;0.000000;0.000000;2.000000;-7.197960;-738.695801;2206.546387;0.103490;0.000000;0.000000;0.000000;0.000000;2.000000;37.814095;-823.612549;2071.303711;0.153082;0.000000;0.000000;0.000000;0.000000;2.000000;57.192352;-842.934387;2122.206543;0.126880;0.000000;0.000000;0.000000;0.000000;2.000000;83.313271;-788.669312;2238.423340;0.174233;0.000000;0.000000;0.000000;0.000000;2.000000;6.296173;-849.802429;2105.573242;0.124083;0.000000;0.000000;0.000000;0.000000;2.000000;-81.738052;-818.221130;2203.316162;0.164302;0.000000;0.000000;0.000000;0.000000;2.000000;10740700160.000000
0.000000;-149.999985;2000.000000;0.000000;0.000000;0.000000;0.000000;0.000000;2.000000;0.039742;-300.502045;2104.689209;0.066738;0.000000;0.000000;0.000000;0.000000;2.000000;-1.374786;-429.809021;2173.675293;0.124140;0.000000;0.000000;0.000000;0.000000;2.000000;-5.721947;-650.482544;2206.203613;0.120905;0.000000;0.000000;0.000000;0.000000;2.000000;29.620335;-614.852661;2201.912598;0.114021;0.000000;0.000000;0.000000;0.000000;2.000000;172.255829;-579.726440;2200.989258;0.106963;0.000000;0.000000;0.000000;0.000000;2.000000;233.573196;-339.717529;2062.148682;0.172976;0.000000;0.000000;0.000000;0.000000;2.000000;214.189072;-235.064713;1848.891602;0.206412;0.000000;0.000000;0.000000;0.000000;2.000000;199.226746;-172.631729;1773.593872;0.161813;0.000000;0.000000;0.000000;0.000000;2.000000;173.703003;-126.466370;1675.886230;0.061430;0.000000;0.000000;0.000000;0.000000;2.000000;113.568588;-168.161697;1785.032593;0.169655;0.000000;0.000000;0.000000;0.000000;2.000000;-39.506355;-612.875732;2201.878906;0.116952;0.000000;0.000000;0.000000;0.000000;2.000000;-167.032974;-570.700439;2186.993652;0.118811;0.000000;0.000000;0.000000;0.000000;2.000000;-241.639603;-321.454651;2060.378662;0.315901;0.000000;0.000000;0.000000;0.000000;2.000000;-210.933060;-228.564880;1839.737793;0.233314;0.000000;0.000000;0.000000;0.000000;2.000000;-151.318069;-193.212982;1758.819214;0.200742;0.000000;0.000000;0.000000;0.000000;2.000000;-134.280121;-102.590637;1700.427979;0.186214;0.000000;0.000000;0.000000;0.000000;2.000000;-83.442078;-170.870819;1862.282349;0.542998;0.000000;0.000000;0.000000;0.000000;2.000000;93.370636;-154.464325;1993.546631;0.023018;0.000000;0.000000;0.000000;0.000000;2.000000;259.690491;-57.758026;1629.915771;0.105107;0.000000;0.000000;0.000000;0.000000;2.000000;346.760132;275.015991;1820.327393;0.129617;0.000000;0.000000;0.000000;0.000000;2.000000;427.612488;408.429382;1707.523315;0.139364;0.000000;0.000000;0.000000;0.000000;2.000000;-84.196396;-145.974289;2005.819336;0.020754;0.000000;0.000000;0.000000;0.000000;2.000000;-242.205719;-58.346375;1636.723145;0.075469;0.000000;0.000000;0.000000;0.000000;2.000000;-285.630890;295.593811;1811.897705;0.084882;0.000000;0.000000;0.000000;0.000000;2.000000;-353.404205;413.463928;1698.383789;0.037888;0.000000;0.000000;0.000000;0.000000;2.000000;-7.385857;-734.394287;2204.644775;0.143642;0.000000;0.000000;0.000000;0.000000;2.000000;39.188267;-824.010559;2074.006104;0.093314;0.000000;0.000000;0.000000;0.000000;2.000000;57.431225;-841.522949;2125.666504;0.114270;0.000000;0.000000;0.000000;0.000000;2.000000;81.755905;-783.541565;2239.760254;0.168557;0.000000;0.000000;0.000000;0.000000;2.000000;7.031193;-848.619507;2108.458496;0.097772;0.000000;0.000000;0.000000;0.000000;2.000000;-82.072090;-813.117432;2202.945801;0.156494;0.000000;0.000000;0.000000;0.000000;2.000000;10740732928.000000
0.000000;-150.000000;2000.000000;0.000000;0.000000;0.000000;0.000000;0.000000;2.000000;-0.129494;-302.050018;2104.382813;0.046965;0.000000;0.000000;0.000000;0.000000;2.000000;-1.783890;-433.072174;2171.985840;0.109413;0.000000;0.000000;0.000000;0.000000;2.000000;-4.842278;-654.077881;2210.968262;0.178546;0.000000;0.000000;0.000000;0.000000;2.000000;30.501617;-618.177429;2205.540283;0.147937;0.000000;0.000000;0.000000;0.000000;2.000000;171.676697;-575.173828;2197.831299;0.164857;0.000000;0.000000;0.000000;0.000000;2.000000;233.726715;-340.485352;2047.226196;0.442206;0.000000;0.000000;0.000000;0.000000;2.000000;216.134247;-221.657150;1839.716797;0.484205;0.000000;0.000000;0.000000;0.000000;2.000000;202.364227;-166.677750;1757.882080;0.505815;0.000000;0.000000;0.000000;0.000000;2.000000;182.995911;-119.340515;1658.575317;0.618485;0.000000;0.000000;0.000000;0.000000;2.000000;104.741417;-152.659912;1797.990601;0.652476;0.000000;0.000000;0.000000;0.000000;2.000000;-39.049324;-616.568848;2205.651123;0.156807;0.000000;0.000000;0.000000;0.000000;2.000000;-165.446747;-571.082520;2184.729004;0.082599;0.000000;0.000000;0.000000;0.000000;2.000000;-238.809509;-324.776733;2048.056885;0.386831;0.000000;0.000000;0.000000;0.000000;2.000000;-209.896454;-221.640778;1830.154297;0.351222;0.000000;0.000000;0.000000;0.000000;2.000000;-148.652008;-184.969040;1750.201904;0.361624;0.000000;0.000000;0.000000;0.000000;2.000000;-135.446381;-90.212952;1696.327881;0.387404;0.000000;0.000000;0.000000;0.000000;2.000000;-85.949936;-145.957230;1817.457397;1.519426;0.000000;0.000000;0.000000;0.000000;2.000000;93.928947;-154.532440;1993.514282;0.016672;0.000000;0.000000;0.000000;0.000000;2.000000;264.532654;-47.661316;1631.920044;0.336640;0.000000;0.000000;0.000000;0.000000;2.000000;347.938538;285.794220;1827.589233;0.386175;0.000000;0.000000;0.000000;0.000000;2.000000;429.629578;405.426422;1699.053223;0.272557;0.000000;0.000000;0.000000;0.000000;2.000000;-84.699875;-145.912918;2005.848389;0.015034;0.000000;0.000000;0.000000;0.000000;2.000000;-243.336243;-58.723938;1634.174438;0.083263;0.000000;0.000000;0.000000;0.000000;2.000000;-285.372375;295.972260;1813.528076;0.050117;0.000000;0.000000;0.000000;0.000000;2.000000;-356.287262;411.513092;1697.896240;0.104020;0.000000;0.000000;0.000000;0.000000;2.000000;-6.054516;-738.511230;2211.786133;0.247097;0.000000;0.000000;0.000000;0.000000;2.000000;43.841911;-822.992310;2077.741211;0.179139;0.000000;0.000000;0.000000;0.000000;2.000000;61.139519;-842.730225;2129.309814;0.157934;0.000000;0.000000;0.000000;0.000000;2.000000;82.997574;-789.202698;2246.919922;0.272593;0.000000;0.000000;0.000000;0.000000;2.000000;10.837212;-849.243408;2110.638428;0.131104;0.000000;0.000000;0.000000;0.000000;2.000000;-80.901527;-817.720215;2205.168945;0.155181;0.000000;0.000000;0.000000;0.000000;2.000000;10740766720.000000
0.000000;-150.000000;2000.000000;0.000000;0.000000;0.000000;0.000000;0.000000;2.000000;-0.167023;-302.091888;2104.355469;0.001850;0.000000;0.000000;0.000000;0.000000;2.000000;-1.858433;-433.174133;2171.874512;0.004982;0.000000;0.000000;0.000000;0.000000;2.000000;-5.047024;-654.227905;2210.706543;0.010789;0.000000;0.000000;0.000000;0.000000;2.000000;30.321747;-618.341675;2205.297852;0.010170;0.000000;0.000000;0.000000;0.000000;2.000000;171.542267;-575.446045;2197.527344;0.012713;0.000000;0.000000;0.000000;0.000000;2.000000;233.818451;-340.845886;2046.822144;0.016253;0.000000;0.000000;0.000000;0.000000;2.000000;216.256866;-221.947205;1839.321899;0.014947;0.000000;0.000000;0.000000;0.000000;2.000000;202.647125;-166.901627;1757.492432;0.015714;0.000000;0.000000;0.000000;0.000000;2.000000;183.493317;-119.370438;1658.223755;0.018047;0.000000;0.000000;0.000000;0.000000;2.000000;105.099556;-152.434311;1797.570801;0.017642;0.000000;0.000000;0.000000;0.000000;2.000000;-39.235352;-616.690247;2205.420410;0.009478;0.000000;0.000000;0.000000;0.000000;2.000000;-165.614868;-571.127441;2184.465820;0.009337;0.000000;0.000000;0.000000;0.000000;2.000000;-238.913605;-324.875641;2047.598022;0.014228;0.000000;0.000000;0.000000;0.000000;2.000000;-209.965027;-221.729843;1829.676880;0.014514;0.000000;0.000000;0.000000;0.000000;2.000000;-149.203247;-184.937164;1749.397583;0.028871;0.000000;0.000000;0.000000;0.000000;2.000000;-136.457077;-90.267487;1695.238770;0.043999;0.000000;0.000000;0.000000;0.000000;2.000000;-86.548538;-145.138718;1816.021851;0.052012;0.000000;0.000000;0.000000;0.000000;2.000000;93.937935;-154.551697;1993.516479;0.000632;0.000000;0.000000;0.000000;0.000000;2.000000;264.540070;-47.713684;1631.862793;0.002307;0.000000;0.000000;0.000000;0.000000;2.000000;348.078766;285.675812;1827.670166;0.005936;0.000000;0.000000;0.000000;0.000000;2.000000;429.918457;405.548309;1699.422852;0.014344;0.000000;0.000000;0.000000;0.000000;2.000000;-84.707962;-145.895508;2005.846436;0.000571;0.000000;0.000000;0.000000;0.000000;2.000000;-243.200775;-58.656891;1634.075562;0.005345;0.000000;0.000000;0.000000;0.000000;2.000000;-285.310394;296.083282;1813.416748;0.005001;0.000000;0.000000;0.000000;0.000000;2.000000;-356.048981;411.557953;1697.582642;0.011731;0.000000;0.000000;0.000000;0.000000;2.000000;-6.311192;-738.669678;2211.465576;0.013026;0.000000;0.000000;0.000000;0.000000;2.000000;42.778824;-823.240967;2077.159180;0.036613;0.000000;0.000000;0.000000;0.000000;2.000000;60.161682;-843.108276;2128.655762;0.036567;0.000000;0.000000;0.000000;0.000000;2.000000;82.643097;-789.790161;2246.258301;0.028207;0.000000;0.000000;0.000000;0.000000;2.000000;9.764950;-849.383667;2110.142090;0.035211;0.000000;0.000000;0.000000;0.000000;2.000000;-81.532646;-817.552612;2205.015625;0.019849;0.000000;0.000000;0.000000;0.000000;2.000000;10740800512.000000
0.000000;-150.000015;2000.000000;0.000000;0.000000;0.000000;0.000000;0.000000;2.000000;-0.189163;-302.599670;2103.591797;0.027995;0.000000;0.000000;0.000000;0.000000;2.000000;-1.782238;-434.085663;2170.304199;0.055460;0.000000;0.000000;0.000000;0.000000;2.000000;-4.787712;-655.167236;2208.915283;0.062230;0.000000;0.000000;0.000000;0.000000;2.000000;30.548168;-619.241455;2203.583008;0.059502;0.000000;0.000000;0.000000;0.000000;2.000000;170.773895;-574.157715;2191.530273;0.188655;0.000000;0.000000;0.000000;0.000000;2.000000;229.922256;-345.822662;2030.339233;0.538733;0.000000;0.000000;0.000000;0.000000;2.000000;214.850327;-221.500519;1825.859985;0.413286;0.000000;0.000000;0.000000;0.000000;2.000000;206.191208;-161.681335;1746.760010;0.379937;0.000000;0.000000;0.000000;0.000000;2.000000;186.238556;-116.334290;1646.637817;0.374992;0.000000;0.000000;0.000000;0.000000;2.000000;110.765411;-138.810730;1785.235352;0.586912;0.000000;0.000000;0.000000;0.000000;2.000000;-39.006565;-617.661987;2203.625977;0.062666;0.000000;0.000000;0.000000;0.000000;2.000000;-165.663406;-573.816040;2180.816895;0.138328;0.000000;0.000000;0.000000;0.000000;2.000000;-230.963257;-330.952148;2034.227661;0.509651;0.000000;0.000000;0.000000;0.000000;2.000000;-199.871521;-220.229279;1820.373779;0.421406;0.000000;0.000000;0.000000;0.000000;2.000000;-157.066574;-176.488022;1732.376465;0.627608;0.000000;0.000000;0.000000;0.000000;2.000000;-151.697372;-90.699890;1664.052734;1.059370;0.000000;0.000000;0.000000;0.000000;2.000000;-88.277382;-126.613770;1800.563477;0.738200;0.000000;0.000000;0.000000;0.000000;2.000000;93.984924;-154.163345;1994.038818;0.019915;0.000000;0.000000;0.000000;0.000000;2.000000;264.520416;-47.967957;1632.192505;0.012721;0.000000;0.000000;0.000000;0.000000;2.000000;346.883789;286.269958;1827.001587;0.045552;0.000000;0.000000;0.000000;0.000000;2.000000;430.827026;406.410889;1700.392822;0.048353;0.000000;0.000000;0.000000;0.000000;2.000000;-84.750351;-146.245758;2005.375610;0.017955;0.000000;0.000000;0.000000;0.000000;2.000000;-243.662155;-64.226563;1632.623779;0.176216;0.000000;0.000000;0.000000;0.000000;2.000000;-285.834137;292.224060;1808.471924;0.192089;0.000000;0.000000;0.000000;0.000000;2.000000;-356.909973;410.957703;1696.210327;0.052724;0.000000;0.000000;0.000000;0.000000;2.000000;-5.965420;-739.606079;2209.590332;0.064831;0.000000;0.000000;0.000000;0.000000;2.000000;43.348789;-829.326538;2078.764160;0.192853;0.000000;0.000000;0.000000;0.000000;2.000000;60.184689;-847.487793;2131.062500;0.152506;0.000000;0.000000;0.000000;0.000000;2.000000;82.280701;-790.199951;2246.848633;0.024561;0.000000;0.000000;0.000000;0.000000;2.000000;9.872894;-853.992920;2112.406982;0.156762;0.000000;0.000000;0.000000;0.000000;2.000000;-81.819748;-818.024597;2205.391357;0.020389;0.000000;0.000000;0.000000;0.000000;2.000000;10740833280.000000
0.000000;-150.000015;2000.000000;0.000000;0.000000;0.000000;0.000000;0.000000;2.000000;0.205662;-302.242859;2103.722412;0.016216;0.000000;0.000000;0.000000;0.000000;2.000000;-1.040844;-434.133911;2169.240723;0.038391;0.000000;0.000000;0.000000;0.000000;2.000000;-4.805027;-654.622070;2209.573242;0.025291;0.000000;0.000000;0.000000;0.000000;2.000000;30.614288;-618.921387;2203.873291;0.012936;0.000000;0.000000;0.000000;0.000000;2.000000;169.435532;-571.875854;2186.437988;0.169816;0.000000;0.000000;0.000000;0.000000;2.000000;227.777985;-346.069977;2022.030518;0.254040;0.000000;0.000000;0.000000;0.000000;2.000000;211.966354;-219.185715;1819.528320;0.216989;0.000000;0.000000;0.000000;0.000000;2.000000;206.110825;-157.205093;1742.001221;0.193351;0.000000;0.000000;0.000000;0.000000;2.000000;184.997177;-113.499695;1641.537476;0.176541;0.000000;0.000000;0.000000;0.000000;2.000000;114.910431;-129.960312;1773.873047;0.443510;0.000000;0.000000;0.000000;0.000000;2.000000;-38.849884;-617.071716;2204.076660;0.022461;0.000000;0.000000;0.000000;0.000000;2.000000;-165.045776;-573.418945;2179.392578;0.047421;0.000000;0.000000;0.000000;0.000000;2.000000;-226.688110;-335.514343;2024.043091;0.353651;0.000000;0.000000;0.000000;0.000000;2.000000;-199.543518;-217.107025;1814.135986;0.206655;0.000000;0.000000;0.000000;0.000000;2.000000;-158.449310;-173.274963;1725.527344;0.227588;0.000000;0.000000;0.000000;0.000000;2.000000;-152.795074;-90.414719;1653.904663;0.302179;0.000000;0.000000;0.000000;0.000000;2.000000;-90.136917;-123.795410;1788.550293;0.369279;0.000000;0.000000;0.000000;0.000000;2.000000;93.922165;-153.618729;1994.502319;0.021245;0.000000;0.000000;0.000000;0.000000;2.000000;265.782257;-44.982330;1634.581055;0.119151;0.000000;0.000000;0.000000;0.000000;2.000000;347.726898;289.470581;1828.229736;0.104472;0.000000;0.000000;0.000000;0.000000;2.000000;431.250946;407.895325;1700.091919;0.046545;0.000000;0.000000;0.000000;0.000000;2.000000;-84.693741;-146.736862;2004.957520;0.019160;0.000000;0.000000;0.000000;0.000000;2.000000;-244.119766;-64.909241;1632.934692;0.026003;0.000000;0.000000;0.000000;0.000000;2.000000;-285.517456;291.210510;1808.546143;0.031500;0.000000;0.000000;0.000000;0.000000;2.000000;-356.057587;412.125427;1698.639404;0.083652;0.000000;0.000000;0.000000;0.000000;2.000000;-6.307980;-738.946106;2210.923340;0.045170;0.000000;0.000000;0.000000;0.000000;2.000000;43.793976;-824.204407;2077.687988;0.155447;0.000000;0.000000;0.000000;0.000000;2.000000;59.922401;-844.297180;2129.422852;0.106441;0.000000;0.000000;0.000000;0.000000;2.000000;81.095451;-791.363403;2247.257813;0.050619;0.000000;0.000000;0.000000;0.000000;2.000000;9.836674;-849.788818;2110.035645;0.142842;0.000000;0.000000;0.000000;0.000000;2.000000;-82.521149;-816.556335;2203.142578;0.082142;0.000000;0.000000;0.000000;0.000000;2.000000;10740867072.000000
0.000000;-150.000000;2000.000000;0.000000;0.000000;0.000000;0.000000;0.000000;2.000000;-0.957634;-301.742767;2103.293457;0.040800;0.000000;0.000000;0.000000;0.000000;2.000000;-3.048965;-433.134247;2168.623535;0.071000;0.000000;0.000000;0.000000;0.000000;2.000000;-8.492336;-653.135010;2206.972656;0.144985;0.000000;0.000000;0.000000;0.000000;2.000000;27.077667;-617.814453;2201.434082;0.135392;0.000000;0.000000;0.000000;0.000000;2.000000;163.013031;-567.327271;2176.792969;0.379897;0.000000;0.000000;0.000000;0.000000;2.000000;220.769196;-339.282135;2017.087036;0.333796;0.000000;0.000000;0.000000;0.000000;2.000000;202.745728;-212.800446;1815.521118;0.363466;0.000000;0.000000;0.000000;0.000000;2.000000;196.423737;-153.339539;1736.521973;0.359544;0.000000;0.000000;0.000000;0.000000;2.000000;180.643402;-105.155991;1637.576416;0.311612;0.000000;0.000000;0.000000;0.000000;2.000000;122.862694;-118.435349;1745.696533;0.960203;0.000000;0.000000;0.000000;0.000000;2.000000;-42.120708;-615.386169;2201.965332;0.129465;0.000000;0.000000;0.000000;0.000000;2.000000;-166.984161;-569.144409;2177.867188;0.150609;0.000000;0.000000;0.000000;0.000000;2.000000;-224.169403;-334.780365;2017.437744;0.216897;0.000000;0.000000;0.000000;0.000000;2.000000;-193.297852;-217.814606;1808.229126;0.263231;0.000000;0.000000;0.000000;0.000000;2.000000;-165.821838;-166.100769;1719.059692;0.370828;0.000000;0.000000;0.000000;0.000000;2.000000;-160.631531;-88.984985;1641.801636;0.442176;0.000000;0.000000;0.000000;0.000000;2.000000;-118.104088;-117.943497;1740.686279;1.701166;0.000000;0.000000;0.000000;0.000000;2.000000;93.608727;-153.926453;1995.099731;0.022629;0.000000;0.000000;0.000000;0.000000;2.000000;261.517517;-48.770660;1633.959961;0.175111;0.000000;0.000000;0.000000;0.000000;2.000000;342.168152;285.462769;1825.672363;0.223222;0.000000;0.000000;0.000000;0.000000;2.000000;428.094269;408.019287;1704.214233;0.158496;0.000000;0.000000;0.000000;0.000000;2.000000;-84.411102;-146.459351;2004.418945;0.020403;0.000000;0.000000;0.000000;0.000000;2.000000;-246.347168;-62.431015;1635.604736;0.130307;0.000000;0.000000;0.000000;0.000000;2.000000;-288.921631;293.014099;1809.080811;0.118694;0.000000;0.000000;0.000000;0.000000;2.000000;-358.870850;412.856262;1698.641235;0.088704;0.000000;0.000000;0.000000;0.000000;2.000000;-10.699638;-737.153076;2207.615234;0.176489;0.000000;0.000000;0.000000;0.000000;2.000000;35.737488;-822.500916;2073.841064;0.277371;0.000000;0.000000;0.000000;0.000000;2.000000;54.275551;-841.602051;2124.911621;0.235405;0.000000;0.000000;0.000000;0.000000;2.000000;78.876320;-787.116577;2240.844238;0.244320;0.000000;0.000000;0.000000;0.000000;2.000000;3.769016;-848.347839;2107.661133;0.203649;0.000000;0.000000;0.000000;0.000000;2.000000;-85.197067;-816.166138;2203.698975;0.084255;0.000000;0.000000;0.000000;0.000000;2.000000;10740899840.000000
0.000000;-149.999985;2000.000000;0.000000;0.000000;0.000000;0.000000;0.000000;2.000000;-2.113102;-301.769257;2103.548340;0.035024;0.000000;0.000000;0.000000;0.000000;2.000000;-5.112083;-433.518311;2168.435547;0.062351;0.000000;0.000000;0.000000;0.000000;2.000000;-11.377518;-653.504639;2207.964844;0.090948;0.000000;0.000000;0.000000;0.000000;2.000000;24.353317;-618.276367;2202.435547;0.086977;0.000000;0.000000;0.000000;0.000000;2.000000;159.705078;-567.666260;2174.251465;0.123855;0.000000;0.000000;0.000000;0.000000;2.000000;215.423904;-341.378967;2010.880737;0.250207;0.000000;0.000000;0.000000;0.000000;2.000000;196.128082;-212.765869;1810.515381;0.245552;0.000000;0.000000;0.000000;0.000000;2.000000;192.379654;-151.564499;1732.569946;0.175383;0.000000;0.000000;0.000000;0.000000;2.000000;177.003754;-103.416382;1633.424561;0.171309;0.000000;0.000000;0.000000;0.000000;2.000000;132.060852;-114.800537;1729.743286;0.555466;0.000000;0.000000;0.000000;0.000000;2.000000;-44.906055;-615.656860;2202.558594;0.084655;0.000000;0.000000;0.000000;0.000000;2.000000;-168.872742;-568.169678;2175.687500;0.090090;0.000000;0.000000;0.000000;0.000000;2.000000;-221.799088;-336.599304;2009.349731;0.255156;0.000000;0.000000;0.000000;0.000000;2.000000;-190.784698;-214.159241;1803.048584;0.201830;0.000000;0.000000;0.000000;0.000000;2.000000;-165.621674;-163.309235;1712.587280;0.208676;0.000000;0.000000;0.000000;0.000000;2.000000;-166.586853;-88.659042;1632.638672;0.323540;0.000000;0.000000;0.000000;0.000000;2.000000;-123.424812;-117.134766;1728.835327;0.385172;0.000000;0.000000;0.000000;0.000000;2.000000;93.709167;-154.282928;1995.634888;0.019259;0.000000;0.000000;0.000000;0.000000;2.000000;256.116882;-53.996704;1630.172241;0.249046;0.000000;0.000000;0.000000;0.000000;2.000000;340.533630;279.914246;1821.595459;0.209418;0.000000;0.000000;0.000000;0.000000;2.000000;422.330872;412.907654;1708.245483;0.253470;0.000000;0.000000;0.000000;0.000000;2.000000;-84.501686;-146.137878;2003.936157;0.017373;0.000000;0.000000;0.000000;0.000000;2.000000;-250.533127;-67.119461;1635.398071;0.186097;0.000000;0.000000;0.000000;0.000000;2.000000;-291.955139;289.636230;1807.325562;0.144045;0.000000;0.000000;0.000000;0.000000;2.000000;-359.535400;415.728943;1702.228271;0.137410;0.000000;0.000000;0.000000;0.000000;2.000000;-13.819050;-737.591919;2209.044189;0.102364;0.000000;0.000000;0.000000;0.000000;2.000000;36.625473;-825.873840;2078.468750;0.171487;0.000000;0.000000;0.000000;0.000000;2.000000;53.095184;-844.252930;2130.564941;0.188049;0.000000;0.000000;0.000000;0.000000;2.000000;74.031677;-787.882629;2246.455566;0.220550;0.000000;0.000000;0.000000;0.000000;2.000000;3.137669;-850.813477;2111.572021;0.138085;0.000000;0.000000;0.000000;0.000000;2.000000;-89.025665;-815.994934;2203.778809;0.113437;0.000000;0.000000;0.000000;0.000000;2.000000;10740933632.000000
0.000000;-150.000000;2000.000000;0.000000;0.000000;0.000000;0.000000;0.000000;2.000000;-2.140041;-301.738403;2103.422363;0.004043;0.000000;0.000000;0.000000;0.000000;2.000000;-5.171528;-433.506714;2168.094238;0.010579;0.000000;0.000000;0.000000;0.000000;2.000000;-11.548637;-653.428589;2207.301025;0.021049;0.000000;0.000000;0.000000;0.000000;2.000000;24.182167;-618.231995;2201.811279;0.019801;0.000000;0.000000;0.000000;0.000000;2.000000;159.403473;-567.662231;2173.332520;0.029516;0.000000;0.000000;0.000000;0.000000;2.000000;214.735962;-341.652283;2009.706543;0.042360;0.000000;0.000000;0.000000;0.000000;2.000000;195.184814;-212.996368;1809.542725;0.041943;0.000000;0.000000;0.000000;0.000000;2.000000;191.637482;-151.614304;1731.796143;0.032756;0.000000;0.000000;0.000000;0.000000;2.000000;176.916870;-102.585449;1633.049194;0.027951;0.000000;0.000000;0.000000;0.000000;2.000000;135.221039;-114.918137;1725.998535;0.149579;0.000000;0.000000;0.000000;0.000000;2.000000;-45.039356;-615.573608;2201.961426;0.018845;0.000000;0.000000;0.000000;0.000000;2.000000;-168.837051;-567.923340;2174.958008;0.023523;0.000000;0.000000;0.000000;0.000000;2.000000;-221.138641;-336.470642;2008.523438;0.032520;0.000000;0.000000;0.000000;0.000000;2.000000;-189.806824;-214.020050;1802.425049;0.035647;0.000000;0.000000;0.000000;0.000000;2.000000;-164.954071;-162.972000;1712.055420;0.028008;0.000000;0.000000;0.000000;0.000000;2.000000;-166.851288;-88.115891;1632.394897;0.019880;0.000000;0.000000;0.000000;0.000000;2.000000;-125.036789;-116.377670;1727.208496;0.073612;0.000000;0.000000;0.000000;0.000000;2.000000;93.658852;-154.299805;1995.629517;0.001628;0.000000;0.000000;0.000000;0.000000;2.000000;255.946869;-54.559265;1630.207764;0.017968;0.000000;0.000000;0.000000;0.000000;2.000000;340.520203;279.069855;1821.628784;0.025792;0.000000;0.000000;0.000000;0.000000;2.000000;421.845398;411.876434;1707.892578;0.036412;0.000000;0.000000;0.000000;0.000000;2.000000;-84.456314;-146.122681;2003.941162;0.001468;0.000000;0.000000;0.000000;0.000000;2.000000;-250.557190;-66.716904;1635.758667;0.016509;0.000000;0.000000;0.000000;0.000000;2.000000;-291.768982;289.893280;1807.555786;0.011966;0.000000;0.000000;0.000000;0.000000;2.000000;-359.452637;415.904388;1702.584351;0.012375;0.000000;0.000000;0.000000;0.000000;2.000000;-14.037617;-737.471741;2208.264648;0.024978;0.000000;0.000000;0.000000;0.000000;2.000000;34.649483;-825.237549;2076.786621;0.081539;0.000000;0.000000;0.000000;0.000000;2.000000;51.764755;-843.815186;2128.570068;0.074385;0.000000;0.000000;0.000000;0.000000;2.000000;74.207520;-787.929077;2244.336426;0.064909;0.000000;0.000000;0.000000;0.000000;2.000000;1.590244;-850.270996;2110.203613;0.065177;0.000000;0.000000;0.000000;0.000000;2.000000;-89.314995;-815.769836;2203.666992;0.011696;0.000000;0.000000;0.000000;0.000000;2.000000;10740966400.000000
0.000000;-149.999985;2000.000000;0.000000;0.000000;0.000000;0.000000;0.000000;2.000000;-2.185028;-301.673523;2103.008545;0.012467;0.000000;0.000000;0.000000;0.000000;2.000000;-5.088997;-433.587067;2166.867188;0.036472;0.000000;0.000000;0.000000;0.000000;2.000000;-11.523354;-653.106873;2206.336182;0.030107;0.000000;0.000000;0.000000;0.000000;2.000000;24.158512;-617.954529;2200.966553;0.026321;0.000000;0.000000;0.000000;0.000000;2.000000;158.705322;-568.212097;2169.207520;0.124871;0.000000;0.000000;0.000000;0.000000;2.000000;210.752792;-345.523468;2000.788696;0.310907;0.000000;0.000000;0.000000;0.000000;2.000000;190.818939;-210.451431;1805.388794;0.193585;0.000000;0.000000;0.000000;0.000000;2.000000;191.063248;-147.720352;1728.844238;0.145596;0.000000;0.000000;0.000000;0.000000;2.000000;175.419952;-100.655899;1629.479980;0.127981;0.000000;0.000000;0.000000;0.000000;2.000000;140.310760;-115.362900;1716.352417;0.323024;0.000000;0.000000;0.000000;0.000000;2.000000;-44.956650;-615.337646;2200.786133;0.035559;0.000000;0.000000;0.000000;0.000000;2.000000;-167.927246;-568.660767;2169.671387;0.160239;0.000000;0.000000;0.000000;0.000000;2.000000;-219.555939;-341.076080;1998.543457;0.328620;0.000000;0.000000;0.000000;0.000000;2.000000;-192.709152;-208.780853;1798.424072;0.213151;0.000000;0.000000;0.000000;0.000000;2.000000;-164.485474;-162.055847;1706.909058;0.155310;0.000000;0.000000;0.000000;0.000000;2.000000;-171.363632;-85.214340;1629.683838;0.177877;0.000000;0.000000;0.000000;0.000000;2.000000;-128.386307;-111.287079;1721.555664;0.245973;0.000000;0.000000;0.000000;0.000000;2.000000;93.563980;-153.826431;1996.350586;0.025680;0.000000;0.000000;0.000000;0.000000;2.000000;255.780045;-57.147232;1630.796631;0.078698;0.000000;0.000000;0.000000;0.000000;2.000000;338.597321;277.545471;1819.854370;0.089612;0.000000;0.000000;0.000000;0.000000;2.000000;419.874756;411.953491;1708.498413;0.061053;0.000000;0.000000;0.000000;0.000000;2.000000;-84.370758;-146.549515;2003.290894;0.023157;0.000000;0.000000;0.000000;0.000000;2.000000;-252.405518;-67.066193;1636.721680;0.062536;0.000000;0.000000;0.000000;0.000000;2.000000;-293.709320;289.590210;1806.960083;0.060731;0.000000;0.000000;0.000000;0.000000;2.000000;-360.520935;415.115173;1701.315796;0.054352;0.000000;0.000000;0.000000;0.000000;2.000000;-13.968063;-737.018921;2207.421387;0.028399;0.000000;0.000000;0.000000;0.000000;2.000000;35.260647;-826.557861;2077.676025;0.050462;0.000000;0.000000;0.000000;0.000000;2.000000;52.884411;-843.807312;2129.648438;0.046003;0.000000;0.000000;0.000000;0.000000;2.000000;75.055771;-785.365112;2243.967041;0.080664;0.000000;0.000000;0.000000;0.000000;2.000000;2.795647;-851.354675;2111.714355;0.065571;0.000000;0.000000;0.000000;0.000000;2.000000;-87.989433;-816.364136;2204.809082;0.054684;0.000000;0.000000;0.000000;0.000000;2.000000;10741000192.000000
0.000000;-150.000015;2000.000000;0.000001;0.000000;0.000000;0.000000;0.000000;2.000000;-1.743496;-302.922638;2103.526855;0.043415;0.000000;0.000000;0.000000;0.000000;2.000000;-4.551735;-436.470795;2166.416016;0.090571;0.000000;0.000000;0.000000;0.000000;2.000000;-11.241009;-657.055664;2208.903564;0.143997;0.000000;0.000000;0.000000;0.000000;2.000000;24.742207;-621.870483;2202.454590;0.129078;0.000000;0.000000;0.000000;0.000000;2.000000;156.788483;-566.561890;2165.004883;0.149691;0.000000;0.000000;0.000000;0.000000;2.000000;208.226929;-343.911896;1992.927246;0.256746;0.000000;0.000000;0.000000;0.000000;2.000000;187.782867;-207.631271;1796.322144;0.304221;0.000000;0.000000;0.000000;0.000000;2.000000;184.765839;-141.542664;1721.763184;0.345216;0.000000;0.000000;0.000000;0.000000;2.000000;172.853760;-91.572647;1622.403564;0.360012;0.000000;0.000000;0.000000;0.000000;2.000000;150.079651;-118.747101;1695.430786;0.712178;0.000000;0.000000;0.000000;0.000000;2.000000;-44.851952;-618.939880;2203.444092;0.136655;0.000000;0.000000;0.000000;0.000000;2.000000;-166.562729;-567.857666;2170.131836;0.050321;0.000000;0.000000;0.000000;0.000000;2.000000;-218.451279;-340.634125;1995.111084;0.110862;0.000000;0.000000;0.000000;0.000000;2.000000;-194.783051;-204.705353;1794.921631;0.175782;0.000000;0.000000;0.000000;0.000000;2.000000;-172.909256;-156.082199;1701.775391;0.351945;0.000000;0.000000;0.000000;0.000000;2.000000;-177.183777;-86.550522;1616.717041;0.435662;0.000000;0.000000;0.000000;0.000000;2.000000;-133.365967;-110.943115;1713.563110;0.287573;0.000000;0.000000;0.000000;0.000000;2.000000;94.198181;-154.052979;1995.599609;0.030783;0.000000;0.000000;0.000000;0.000000;2.000000;262.725037;-46.182831;1632.695313;0.400299;0.000000;0.000000;0.000000;0.000000;2.000000;339.334442;288.474426;1830.155884;0.458888;0.000000;0.000000;0.000000;0.000000;2.000000;421.576263;411.182434;1704.511719;0.134358;0.000000;0.000000;0.000000;0.000000;2.000000;-84.942642;-146.345276;2003.968018;0.027757;0.000000;0.000000;0.000000;0.000000;2.000000;-253.686050;-67.588303;1634.251465;0.086394;0.000000;0.000000;0.000000;0.000000;2.000000;-294.568146;290.516541;1808.211548;0.054265;0.000000;0.000000;0.000000;0.000000;2.000000;-362.188141;414.900513;1699.626831;0.072721;0.000000;0.000000;0.000000;0.000000;2.000000;-14.027386;-741.541748;2211.044922;0.176869;0.000000;0.000000;0.000000;0.000000;2.000000;31.577572;-826.188843;2075.310547;0.134058;0.000000;0.000000;0.000000;0.000000;2.000000;49.677181;-846.537842;2126.451660;0.161373;0.000000;0.000000;0.000000;0.000000;2.000000;75.015121;-793.991943;2244.001709;0.263275;0.000000;0.000000;0.000000;0.000000;2.000000;-1.189041;-852.105957;2108.821289;0.152013;0.000000;0.000000;0.000000;0.000000;2.000000;-90.430542;-819.548706;2205.624512;0.124956;0.000000;0.000000;0.000000;0.000000;2.000000;10741032960.000000
0.000000;-150.000000;2000.000000;0.000000;0.000000;0.000000;0.000000;0.000000;2.000000;-2.181580;-302.832458;2103.104980;0.018195;0.000000;0.000000;0.000000;0.000000;2.000000;-4.941250;-436.649445;2164.839844;0.048337;0.000000;0.000000;0.000000;0.000000;2.000000;-11.704689;-656.553162;2208.848633;0.020299;0.000000;0.000000;0.000000;0.000000;2.000000;24.227100;-621.415222;2202.518066;0.020430;0.000000;0.000000;0.000000;0.000000;2.000000;156.416397;-567.273193;2164.838135;0.024263;0.000000;0.000000;0.000000;0.000000;2.000000;202.801010;-349.437653;1986.079712;0.305915;0.000000;0.000000;0.000000;0.000000;2.000000;189.690445;-207.243317;1793.565308;0.099871;0.000000;0.000000;0.000000;0.000000;2.000000;186.378983;-142.841721;1717.773560;0.133026;0.000000;0.000000;0.000000;0.000000;2.000000;173.495544;-89.132889;1620.721191;0.089733;0.000000;0.000000;0.000000;0.000000;2.000000;152.304779;-122.328873;1691.717163;0.166277;0.000000;0.000000;0.000000;0.000000;2.000000;-45.262737;-618.599548;2202.762695;0.025609;0.000000;0.000000;0.000000;0.000000;2.000000;-166.620193;-568.609131;2167.485107;0.081438;0.000000;0.000000;0.000000;0.000000;2.000000;-217.234131;-340.726196;1993.757813;0.053931;0.000000;0.000000;0.000000;0.000000;2.000000;-194.057037;-203.964050;1794.570313;0.032418;0.000000;0.000000;0.000000;0.000000;2.000000;-173.658310;-154.681427;1701.641357;0.047174;0.000000;0.000000;0.000000;0.000000;2.000000;-178.327225;-85.275055;1616.737183;0.050695;0.000000;0.000000;0.000000;0.000000;2.000000;-136.603409;-110.975342;1710.905518;0.123954;0.000000;0.000000;0.000000;0.000000;2.000000;94.134186;-153.233887;1997.198242;0.053190;0.000000;0.000000;0.000000;0.000000;2.000000;259.336700;-49.317627;1632.401001;0.136879;0.000000;0.000000;0.000000;0.000000;2.000000;340.609589;285.662689;1826.096802;0.150918;0.000000;0.000000;0.000000;0.000000;2.000000;419.567810;408.825470;1699.292969;0.179579;0.000000;0.000000;0.000000;0.000000;2.000000;-84.884933;-147.083862;2002.526489;0.047963;0.000000;0.000000;0.000000;0.000000;2.000000;-255.654678;-60.950012;1636.168945;0.212614;0.000000;0.000000;0.000000;0.000000;2.000000;-295.808716;295.752228;1811.647827;0.188930;0.000000;0.000000;0.000000;0.000000;2.000000;-362.656372;414.578827;1697.015381;0.079088;0.000000;0.000000;0.000000;0.000000;2.000000;-14.372536;-740.885132;2211.594727;0.027324;0.000000;0.000000;0.000000;0.000000;2.000000;22.425716;-822.494995;2071.728027;0.310704;0.000000;0.000000;0.000000;0.000000;2.000000;42.831707;-844.434692;2121.207275;0.262672;0.000000;0.000000;0.000000;0.000000;2.000000;75.230911;-795.499756;2238.338379;0.173550;0.000000;0.000000;0.000000;0.000000;2.000000;-8.902283;-848.722168;2106.217285;0.260895;0.000000;0.000000;0.000000;0.000000;2.000000;-92.158554;-817.375122;2208.294189;0.113991;0.000000;0.000000;0.000000;0.000000;2.000000;10741066752.000000
0.000000;-149.999985;2000.000000;0.000000;0.000000;0.000000;0.000000;0.000000;2.000000;-2.120468;-302.896973;2103.136719;0.002880;0.000000;0.000000;0.000000;0.000000;2.000000;-4.839756;-436.832062;2164.751953;0.006917;0.000000;0.000000;0.000000;0.000000;2.000000;-11.520344;-656.881226;2208.483398;0.016004;0.000000;0.000000;0.000000;0.000000;2.000000;24.410629;-621.698547;2202.242188;0.013305;0.000000;0.000000;0.000000;0.000000;2.000000;156.664780;-567.433655;2164.745117;0.009460;0.000000;0.000000;0.000000;0.000000;2.000000;203.393509;-349.648682;1985.840210;0.020539;0.000000;0.000000;0.000000;0.000000;2.000000;190.500870;-207.550476;1793.125854;0.029655;0.000000;0.000000;0.000000;0.000000;2.000000;187.541138;-143.296158;1717.144897;0.042641;0.000000;0.000000;0.000000;0.000000;2.000000;176.379898;-89.183899;1620.054199;0.090360;0.000000;0.000000;0.000000;0.000000;2.000000;153.653381;-123.010941;1690.447388;0.060239;0.000000;0.000000;0.000000;0.000000;2.000000;-45.107895;-618.926880;2202.401855;0.015601;0.000000;0.000000;0.000000;0.000000;2.000000;-166.389572;-568.892700;2166.727295;0.025676;0.000000;0.000000;0.000000;0.000000;2.000000;-216.470139;-341.193695;1992.418579;0.049168;0.000000;0.000000;0.000000;0.000000;2.000000;-192.993393;-204.311035;1793.235718;0.053147;0.000000;0.000000;0.000000;0.000000;2.000000;-173.550766;-155.426559;1699.845337;0.059431;0.000000;0.000000;0.000000;0.000000;2.000000;-178.227570;-87.107895;1614.010132;0.100319;0.000000;0.000000;0.000000;0.000000;2.000000;-136.391815;-111.316391;1708.686035;0.068832;0.000000;0.000000;0.000000;0.000000;2.000000;94.170395;-153.211380;1997.175293;0.001478;0.000000;0.000000;0.000000;0.000000;2.000000;258.265503;-50.116241;1631.466553;0.049758;0.000000;0.000000;0.000000;0.000000;2.000000;340.297607;285.068970;1824.796509;0.044650;0.000000;0.000000;0.000000;0.000000;2.000000;419.695374;409.229858;1699.132324;0.013838;0.000000;0.000000;0.000000;0.000000;2.000000;-84.917595;-147.104111;2002.547119;0.001331;0.000000;0.000000;0.000000;0.000000;2.000000;-256.298737;-61.083054;1636.269897;0.020305;0.000000;0.000000;0.000000;0.000000;2.000000;-296.269287;295.817810;1811.735229;0.014446;0.000000;0.000000;0.000000;0.000000;2.000000;-363.188477;415.364563;1697.789551;0.037374;0.000000;0.000000;0.000000;0.000000;2.000000;-14.138336;-741.250732;2211.118164;0.019674;0.000000;0.000000;0.000000;0.000000;2.000000;22.545769;-822.106201;2070.708740;0.033493;0.000000;0.000000;0.000000;0.000000;2.000000;43.188820;-844.209656;2120.042480;0.037809;0.000000;0.000000;0.000000;0.000000;2.000000;75.777496;-795.683472;2237.347168;0.034996;0.000000;0.000000;0.000000;0.000000;2.000000;-8.594296;-848.617310;2105.182617;0.033100;0.000000;0.000000;0.000000;0.000000;2.000000;-91.685944;-818.036499;2207.694336;0.030830;0.000000;0.000000;0.000000;0.000000;2.000000;10741099520.000000
0.000000;-150.000015;2000.000000;0.000001;0.000000;0.000000;0.000000;0.000000;2.000000;-2.055996;-302.936432;2102.689941;0.013409;0.000000;0.000000;0.000000;0.000000;2.000000;-4.922333;-437.081360;2163.419922;0.040177;0.000000;0.000000;0.000000;0.000000;2.000000;-10.936920;-657.221313;2205.398926;0.093440;0.000000;0.000000;0.000000;0.000000;2.000000;24.850342;-621.966431;2199.224121;0.090603;0.000000;0.000000;0.000000;0.000000;2.000000;156.324219;-567.221680;2160.391113;0.129393;0.000000;0.000000;0.000000;0.000000;2.000000;204.588562;-348.835205;1983.172363;0.089795;0.000000;0.000000;0.000000;0.000000;2.000000;192.479462;-206.616730;1790.847778;0.093470;0.000000;0.000000;0.000000;0.000000;2.000000;183.554291;-145.432785;1712.976074;0.182036;0.000000;0.000000;0.000000;0.000000;2.000000;181.652771;-87.614197;1617.564819;0.178698;0.000000;0.000000;0.000000;0.000000;2.000000;150.529846;-120.220200;1683.723022;0.234441;0.000000;0.000000;0.000000;0.000000;2.000000;-44.588745;-619.326172;2199.829590;0.078549;0.000000;0.000000;0.000000;0.000000;2.000000;-166.552734;-572.082031;2163.298340;0.138664;0.000000;0.000000;0.000000;0.000000;2.000000;-212.871460;-346.132965;1986.266235;0.256620;0.000000;0.000000;0.000000;0.000000;2.000000;-193.503815;-204.706818;1790.188721;0.092173;0.000000;0.000000;0.000000;0.000000;2.000000;-171.878204;-158.255508;1696.183228;0.145612;0.000000;0.000000;0.000000;0.000000;2.000000;-177.801483;-87.170197;1612.874268;0.035948;0.000000;0.000000;0.000000;0.000000;2.000000;-134.352417;-113.400543;1704.711548;0.145876;0.000000;0.000000;0.000000;0.000000;2.000000;94.027641;-153.551208;1996.593750;0.020375;0.000000;0.000000;0.000000;0.000000;2.000000;259.997101;-54.209396;1631.244019;0.131686;0.000000;0.000000;0.000000;0.000000;2.000000;339.244385;282.149719;1822.734497;0.110263;0.000000;0.000000;0.000000;0.000000;2.000000;420.838989;410.033142;1702.687866;0.113055;0.000000;0.000000;0.000000;0.000000;2.000000;-84.788864;-146.797729;2003.071533;0.018373;0.000000;0.000000;0.000000;0.000000;2.000000;-256.540161;-64.698990;1636.617676;0.107737;0.000000;0.000000;0.000000;0.000000;2.000000;-292.952942;292.911560;1810.330811;0.136951;0.000000;0.000000;0.000000;0.000000;2.000000;-364.008148;415.174377;1702.250366;0.134336;0.000000;0.000000;0.000000;0.000000;2.000000;-13.385891;-741.514099;2207.379395;0.113128;0.000000;0.000000;0.000000;0.000000;2.000000;15.764931;-824.788086;2066.849121;0.244152;0.000000;0.000000;0.000000;0.000000;2.000000;38.422188;-846.364990;2115.446289;0.206071;0.000000;0.000000;0.000000;0.000000;2.000000;76.948189;-796.531372;2230.203125;0.215696;0.000000;0.000000;0.000000;0.000000;2.000000;-13.982773;-850.383728;2103.101074;0.178758;0.000000;0.000000;0.000000;0.000000;2.000000;-91.755363;-817.340393;2208.762207;0.037778;0.000000;0.000000;0.000000;0.000000;2.000000;10741133312.000000
0.000000;-150.000015;2000.000000;0.000000;0.000000;0.000000;0.000000;0.000000;2.000000;-1.458923;-303.298889;2102.311035;0.023515;0.000000;0.000000;0.000000;0.000000;2.000000;-4.270187;-437.428894;2163.240723;0.022502;0.000000;0.000000;0.000000;0.000000;2.000000;-8.588428;-657.550049;2206.068848;0.072923;0.000000;0.000000;0.000000;0.000000;2.000000;26.945492;-622.075562;2199.510254;0.062660;0.000000;0.000000;0.000000;0.000000;2.000000;157.390564;-566.827148;2157.771484;0.084509;0.000000;0.000000;0.000000;0.000000;2.000000;207.636292;-348.311432;1981.052124;0.110957;0.000000;0.000000;0.000000;0.000000;2.000000;195.146194;-207.886414;1787.302246;0.136558;0.000000;0.000000;0.000000;0.000000;2.000000;186.572922;-145.673248;1710.151489;0.122545;0.000000;0.000000;0.000000;0.000000;2.000000;184.220871;-89.986404;1613.431152;0.160211;0.000000;0.000000;0.000000;0.000000;2.000000;153.420944;-119.476059;1681.918091;0.103236;0.000000;0.000000;0.000000;0.000000;2.000000;-42.534885;-619.871948;2200.601074;0.066905;0.000000;0.000000;0.000000;0.000000;2.000000;-164.428253;-574.232361;2161.642578;0.101994;0.000000;0.000000;0.000000;0.000000;2.000000;-211.001648;-348.569336;1984.093506;0.111329;0.000000;0.000000;0.000000;0.000000;2.000000;-193.621765;-202.467896;1791.144409;0.072124;0.000000;0.000000;0.000000;0.000000;2.000000;-174.709213;-161.990265;1693.795166;0.155653;0.000000;0.000000;0.000000;0.000000;2.000000;-183.018158;-94.516525;1607.667969;0.307947;0.000000;0.000000;0.000000;0.000000;2.000000;-132.242264;-115.132721;1701.140259;0.133027;0.000000;0.000000;0.000000;0.000000;2.000000;93.967896;-154.261078;1994.955322;0.052870;0.000000;0.000000;0.000000;0.000000;2.000000;264.813293;-44.953430;1634.516846;0.323605;0.000000;0.000000;0.000000;0.000000;2.000000;344.167419;291.393250;1826.359619;0.327961;0.000000;0.000000;0.000000;0.000000;2.000000;422.130310;412.270630;1696.868652;0.188414;0.000000;0.000000;0.000000;0.000000;2.000000;-84.734993;-146.157639;2004.549072;0.047678;0.000000;0.000000;0.000000;0.000000;2.000000;-254.557617;-68.288712;1636.064575;0.122453;0.000000;0.000000;0.000000;0.000000;2.000000;-292.521759;289.575745;1809.344116;0.103732;0.000000;0.000000;0.000000;0.000000;2.000000;-361.076355;410.697266;1698.270142;0.197369;0.000000;0.000000;0.000000;0.000000;2.000000;-10.487991;-741.887756;2208.369629;0.091298;0.000000;0.000000;0.000000;0.000000;2.000000;32.219395;-828.594543;2073.401367;0.536088;0.000000;0.000000;0.000000;0.000000;2.000000;49.267857;-849.403381;2124.587402;0.429269;0.000000;0.000000;0.000000;0.000000;2.000000;76.122787;-797.553284;2241.817383;0.345890;0.000000;0.000000;0.000000;0.000000;2.000000;-1.604927;-853.031799;2106.802246;0.390268;0.000000;0.000000;0.000000;0.000000;2.000000;-89.711502;-816.709106;2202.924316;0.183992;0.000000;0.000000;0.000000;0.000000;2.000000;10741167104.000000
0.000000;-150.000000;2000.000000;0.000000;0.000000;0.000000;0.000000;0.000000;2.000000;-1.473206;-301.791443;2104.343018;0.077213;0.000000;0.000000;0.000000;0.000000;2.000000;-4.417751;-435.792480;2165.340088;0.081356;0.000000;0.000000;0.000000;0.000000;2.000000;-11.096199;-656.246216;2205.372559;0.088836;0.000000;0.000000;0.000000;0.000000;2.000000;24.793785;-621.064819;2199.432617;0.072587;0.000000;0.000000;0.000000;0.000000;2.000000;155.498566;-566.837585;2157.475098;0.058444;0.000000;0.000000;0.000000;0.000000;2.000000;207.286896;-349.348145;1980.207642;0.042176;0.000000;0.000000;0.000000;0.000000;2.000000;193.726837;-208.197006;1787.233154;0.044390;0.000000;0.000000;0.000000;0.000000;2.000000;185.832520;-144.584534;1711.234985;0.052036;0.000000;0.000000;0.000000;0.000000;2.000000;186.877228;-89.775558;1614.067139;0.083605;0.000000;0.000000;0.000000;0.000000;2.000000;155.899994;-120.593811;1680.687500;0.091091;0.000000;0.000000;0.000000;0.000000;2.000000;-44.625381;-618.193237;2200.214600;0.082666;0.000000;0.000000;0.000000;0.000000;2.000000;-165.298981;-570.541748;2160.161621;0.124233;0.000000;0.000000;0.000000;0.000000;2.000000;-210.415314;-347.838318;1978.820557;0.163439;0.000000;0.000000;0.000000;0.000000;2.000000;-197.002686;-196.752319;1789.609497;0.208000;0.000000;0.000000;0.000000;0.000000;2.000000;-180.312164;-154.923309;1692.494995;0.278071;0.000000;0.000000;0.000000;0.000000;2.000000;-188.593170;-91.988739;1603.073853;0.233567;0.000000;0.000000;0.000000;0.000000;2.000000;-133.601868;-111.842361;1701.679077;0.109886;0.000000;0.000000;0.000000;0.000000;2.000000;93.913918;-154.322281;1995.038208;0.003550;0.000000;0.000000;0.000000;0.000000;2.000000;260.677917;-52.763626;1630.721680;0.293515;0.000000;0.000000;0.000000;0.000000;2.000000;338.786285;286.209930;1817.916504;0.344064;0.000000;0.000000;0.000000;0.000000;2.000000;423.134369;416.467804;1702.453613;0.215395;0.000000;0.000000;0.000000;0.000000;2.000000;-84.686310;-146.102386;2004.474365;0.003201;0.000000;0.000000;0.000000;0.000000;2.000000;-255.297791;-66.847168;1636.923462;0.055970;0.000000;0.000000;0.000000;0.000000;2.000000;-291.802765;291.518097;1808.935059;0.064428;0.000000;0.000000;0.000000;0.000000;2.000000;-362.847443;413.477631;1700.543213;0.122200;0.000000;0.000000;0.000000;0.000000;2.000000;-13.830002;-740.533569;2206.610352;0.122443;0.000000;0.000000;0.000000;0.000000;2.000000;17.380852;-823.058105;2066.105713;0.532146;0.000000;0.000000;0.000000;0.000000;2.000000;39.587738;-844.713379;2114.867188;0.442435;0.000000;0.000000;0.000000;0.000000;2.000000;76.515419;-795.159302;2230.249023;0.360718;0.000000;0.000000;0.000000;0.000000;2.000000;-12.642300;-848.957520;2101.901855;0.388949;0.000000;0.000000;0.000000;0.000000;2.000000;-91.794220;-816.768677;2206.777344;0.133676;0.000000;0.000000;0.000000;0.000000;2.000000;10741199872.000000
0.000000;-150.000000;2000.000000;0.000000;0.000000;0.000000;0.000000;0.000000;2.000000;-2.165974;-301.645355;2104.222168;0.021255;0.000000;0.000000;0.000000;0.000000;2.000000;-5.715195;-435.597260;2164.942871;0.040568;0.000000;0.000000;0.000000;0.000000;2.000000;-12.187172;-655.740112;2205.476563;0.035723;0.000000;0.000000;0.000000;0.000000;2.000000;23.637005;-620.602356;2199.311523;0.037040;0.000000;0.000000;0.000000;0.000000;2.000000;153.357635;-566.508301;2154.723633;0.103628;0.000000;0.000000;0.000000;0.000000;2.000000;208.793472;-349.050476;1978.980469;0.058173;0.000000;0.000000;0.000000;0.000000;2.000000;197.501251;-207.685852;1786.310181;0.115977;0.000000;0.000000;0.000000;0.000000;2.000000;188.066666;-142.781219;1711.721802;0.086177;0.000000;0.000000;0.000000;0.000000;2.000000;190.629623;-88.412399;1614.461426;0.118719;0.000000;0.000000;0.000000;0.000000;2.000000;160.684235;-119.791534;1680.456177;0.143719;0.000000;0.000000;0.000000;0.000000;2.000000;-45.710133;-617.741699;2200.374268;0.035090;0.000000;0.000000;0.000000;0.000000;2.000000;-165.151993;-569.491760;2157.875488;0.074574;0.000000;0.000000;0.000000;0.000000;2.000000;-211.301544;-349.026642;1974.530762;0.134313;0.000000;0.000000;0.000000;0.000000;2.000000;-201.100555;-197.900192;1785.458740;0.175919;0.000000;0.000000;0.000000;0.000000;2.000000;-179.995270;-158.908569;1688.139526;0.174955;0.000000;0.000000;0.000000;0.000000;2.000000;-187.661453;-93.073944;1600.911377;0.076725;0.000000;0.000000;0.000000;0.000000;2.000000;-134.807495;-114.144516;1697.204590;0.153125;0.000000;0.000000;0.000000;0.000000;2.000000;93.805618;-154.705139;1995.103394;0.011931;0.000000;0.000000;0.000000;0.000000;2.000000;263.261902;-55.105194;1631.953857;0.109446;0.000000;0.000000;0.000000;0.000000;2.000000;340.743042;283.727264;1818.840942;0.097464;0.000000;0.000000;0.000000;0.000000;2.000000;423.460510;415.519073;1704.262695;0.061217;0.000000;0.000000;0.000000;0.000000;2.000000;-84.588654;-145.757187;2004.415527;0.010758;0.000000;0.000000;0.000000;0.000000;2.000000;-254.372345;-67.713730;1636.680542;0.038201;0.000000;0.000000;0.000000;0.000000;2.000000;-290.630249;291.044525;1807.001709;0.068365;0.000000;0.000000;0.000000;0.000000;2.000000;-359.886353;413.974213;1698.837158;0.102193;0.000000;0.000000;0.000000;0.000000;2.000000;-14.900291;-739.941406;2206.920898;0.037346;0.000000;0.000000;0.000000;0.000000;2.000000;18.189365;-820.870850;2066.112061;0.069008;0.000000;0.000000;0.000000;0.000000;2.000000;40.085140;-842.782349;2114.832031;0.059019;0.000000;0.000000;0.000000;0.000000;2.000000;75.539856;-794.056580;2230.880371;0.047407;0.000000;0.000000;0.000000;0.000000;2.000000;-11.938370;-847.290161;2101.357422;0.055930;0.000000;0.000000;0.000000;0.000000;2.000000;-92.213707;-816.673584;2205.675781;0.034995;0.000000;0.000000;0.000000;0.000000;2.000000;10741233664.000000
0.000000;-150.000015;2000.000000;0.000000;0.000000;0.000000;0.000000;0.000000;2.000000;-0.587852;-303.945435;2101.332031;0.122579;0.000000;0.000000;0.000000;0.000000;2.000000;-3.148491;-438.067200;2162.277832;0.135764;0.000000;0.000000;0.000000;0.000000;2.000000;-9.502724;-658.526001;2203.021973;0.139824;0.000000;0.000000;0.000000;0.000000;2.000000;26.356510;-623.321655;2196.800781;0.140162;0.000000;0.000000;0.000000;0.000000;2.000000;156.990524;-568.826782;2154.683594;0.131526;0.000000;0.000000;0.000000;0.000000;2.000000;204.959152;-353.748962;1973.195068;0.255781;0.000000;0.000000;0.000000;0.000000;2.000000;199.408768;-207.272446;1783.659180;0.100464;0.000000;0.000000;0.000000;0.000000;2.000000;195.815277;-145.345154;1705.892944;0.306075;0.000000;0.000000;0.000000;0.000000;2.000000;204.954559;-94.530991;1606.923950;0.528099;0.000000;0.000000;0.000000;0.000000;2.000000;169.254013;-121.791748;1672.893311;0.354108;0.000000;0.000000;0.000000;0.000000;2.000000;-43.098190;-620.487793;2197.908691;0.137980;0.000000;0.000000;0.000000;0.000000;2.000000;-161.755295;-571.258728;2153.700439;0.172878;0.000000;0.000000;0.000000;0.000000;2.000000;-204.416992;-351.213806;1968.307617;0.290972;0.000000;0.000000;0.000000;0.000000;2.000000;-197.216446;-198.882019;1779.585938;0.216954;0.000000;0.000000;0.000000;0.000000;2.000000;-178.137665;-158.937302;1682.053711;0.194186;0.000000;0.000000;0.000000;0.000000;2.000000;-187.499268;-93.816727;1594.244629;0.204772;0.000000;0.000000;0.000000;0.000000;2.000000;-135.961548;-115.797302;1688.468140;0.273621;0.000000;0.000000;0.000000;0.000000;2.000000;93.801224;-154.984711;1992.971313;0.065623;0.000000;0.000000;0.000000;0.000000;2.000000;266.307465;-64.083679;1628.254639;0.310580;0.000000;0.000000;0.000000;0.000000;2.000000;343.030396;276.889160;1812.833618;0.286410;0.000000;0.000000;0.000000;0.000000;2.000000;427.232544;409.930481;1700.295898;0.238733;0.000000;0.000000;0.000000;0.000000;2.000000;-84.584694;-145.505096;2006.338135;0.059176;0.000000;0.000000;0.000000;0.000000;2.000000;-250.813019;-78.172134;1634.174072;0.345711;0.000000;0.000000;0.000000;0.000000;2.000000;-283.282990;287.639954;1791.175537;0.542528;0.000000;0.000000;0.000000;0.000000;2.000000;-353.314972;415.844666;1689.370239;0.356291;0.000000;0.000000;0.000000;0.000000;2.000000;-12.180355;-742.857483;2204.524902;0.141972;0.000000;0.000000;0.000000;0.000000;2.000000;20.226994;-825.513306;2064.260498;0.164718;0.000000;0.000000;0.000000;0.000000;2.000000;41.294376;-847.629028;2113.357422;0.158947;0.000000;0.000000;0.000000;0.000000;2.000000;76.992447;-798.891235;2229.553223;0.159293;0.000000;0.000000;0.000000;0.000000;2.000000;-10.792641;-851.076782;2099.487793;0.133536;0.000000;0.000000;0.000000;0.000000;2.000000;-91.283783;-817.984985;2203.152344;0.091310;0.000000;0.000000;0.000000;0.000000;2.000000;10741266432.000000
0.000000;-149.999985;2000.000000;0.000001;0.000000;0.000000;0.000000;0.000000;2.000000;-0.360867;-305.266693;2100.190674;0.052103;0.000000;0.000000;0.000000;0.000000;2.000000;-2.726460;-439.500244;2161.829102;0.046160;0.000000;0.000000;0.000000;0.000000;2.000000;-8.376255;-661.194031;2199.066162;0.145082;0.000000;0.000000;0.000000;0.000000;2.000000;27.462780;-625.715454;2193.216064;0.131694;0.000000;0.000000;0.000000;0.000000;2.000000;158.451508;-570.301270;2152.051270;0.099203;0.000000;0.000000;0.000000;0.000000;2.000000;207.796585;-356.011749;1968.828857;0.168016;0.000000;0.000000;0.000000;0.000000;2.000000;200.644409;-211.396423;1777.134766;0.231320;0.000000;0.000000;0.000000;0.000000;2.000000;201.094543;-147.916504;1700.209229;0.241842;0.000000;0.000000;0.000000;0.000000;2.000000;214.530518;-97.088104;1601.407227;0.335682;0.000000;0.000000;0.000000;0.000000;2.000000;170.911499;-122.555893;1667.178589;0.177530;0.000000;0.000000;0.000000;0.000000;2.000000;-42.173084;-623.055786;2194.751953;0.123496;0.000000;0.000000;0.000000;0.000000;2.000000;-160.981613;-573.322327;2150.418945;0.116977;0.000000;0.000000;0.000000;0.000000;2.000000;-204.595795;-354.716248;1962.366699;0.204155;0.000000;0.000000;0.000000;0.000000;2.000000;-194.095856;-204.595215;1771.224976;0.313578;0.000000;0.000000;0.000000;0.000000;2.000000;-176.013199;-161.596161;1674.496216;0.245279;0.000000;0.000000;0.000000;0.000000;2.000000;-194.175385;-92.392395;1590.932251;0.224537;0.000000;0.000000;0.000000;0.000000;2.000000;-134.833023;-113.410416;1685.328247;0.121402;0.000000;0.000000;0.000000;0.000000;2.000000;93.982559;-155.204041;1992.273682;0.022297;0.000000;0.000000;0.000000;0.000000;2.000000;270.417969;-54.771637;1630.719482;0.309928;0.000000;0.000000;0.000000;0.000000;2.000000;357.195587;286.243286;1812.974609;0.502357;0.000000;0.000000;0.000000;0.000000;2.000000;428.107178;417.067200;1688.443481;0.410239;0.000000;0.000000;0.000000;0.000000;2.000000;-84.748215;-145.307251;2006.967163;0.020105;0.000000;0.000000;0.000000;0.000000;2.000000;-251.113953;-83.661194;1632.681396;0.168571;0.000000;0.000000;0.000000;0.000000;2.000000;-275.350769;285.396729;1786.202148;0.284902;0.000000;0.000000;0.000000;0.000000;2.000000;-347.832916;412.709473;1684.175171;0.241994;0.000000;0.000000;0.000000;0.000000;2.000000;-10.862309;-745.765991;2199.194336;0.183884;0.000000;0.000000;0.000000;0.000000;2.000000;15.746452;-826.894958;2056.326660;0.272720;0.000000;0.000000;0.000000;0.000000;2.000000;38.429821;-849.957153;2104.437012;0.285689;0.000000;0.000000;0.000000;0.000000;2.000000;78.867615;-803.084106;2220.233887;0.307461;0.000000;0.000000;0.000000;0.000000;2.000000;-14.292738;-852.755188;2092.390137;0.239399;0.000000;0.000000;0.000000;0.000000;2.000000;-90.868011;-820.363220;2199.644043;0.126029;0.000000;0.000000;0.000000;0.000000;2.000000;10741300224.000000
0.000000;-150.000000;2000.000000;0.000000;0.000000;0.000000;0.000000;0.000000;2.000000;-0.372524;-305.231171;2100.208984;0.001270;0.000000;0.000000;0.000000;0.000000;2.000000;-2.749298;-439.445679;2161.850098;0.001916;0.000000;0.000000;0.000000;0.000000;2.000000;-8.423447;-661.112122;2199.099609;0.003060;0.000000;0.000000;0.000000;0.000000;2.000000;27.415691;-625.640503;2193.255371;0.002956;0.000000;0.000000;0.000000;0.000000;2.000000;158.422104;-570.281372;2152.130371;0.002646;0.000000;0.000000;0.000000;0.000000;2.000000;208.010361;-356.141479;1968.847046;0.007651;0.000000;0.000000;0.000000;0.000000;2.000000;201.095474;-211.582794;1777.134033;0.014894;0.000000;0.000000;0.000000;0.000000;2.000000;201.761475;-148.155228;1700.180786;0.021635;0.000000;0.000000;0.000000;0.000000;2.000000;215.364868;-97.360718;1601.398071;0.026789;0.000000;0.000000;0.000000;0.000000;2.000000;171.946045;-122.800079;1667.074341;0.032595;0.000000;0.000000;0.000000;0.000000;2.000000;-42.212814;-622.975830;2194.774902;0.002813;0.000000;0.000000;0.000000;0.000000;2.000000;-160.996063;-573.258728;2150.400879;0.002065;0.000000;0.000000;0.000000;0.000000;2.000000;-204.590912;-354.753479;1962.275879;0.002999;0.000000;0.000000;0.000000;0.000000;2.000000;-194.082809;-204.697342;1771.117188;0.004549;0.000000;0.000000;0.000000;0.000000;2.000000;-176.036362;-161.765961;1674.364502;0.006596;0.000000;0.000000;0.000000;0.000000;2.000000;-194.157852;-92.651276;1590.733643;0.009972;0.000000;0.000000;0.000000;0.000000;2.000000;-135.104950;-113.627975;1684.956299;0.015550;0.000000;0.000000;0.000000;0.000000;2.000000;93.972183;-155.211166;1992.276978;0.000397;0.000000;0.000000;0.000000;0.000000;2.000000;269.930664;-55.182358;1630.429932;0.021362;0.000000;0.000000;0.000000;0.000000;2.000000;357.155823;285.981049;1812.099365;0.027910;0.000000;0.000000;0.000000;0.000000;2.000000;427.624176;416.393768;1686.919800;0.052932;0.000000;0.000000;0.000000;0.000000;2.000000;-84.738846;-145.300873;2006.964355;0.000356;0.000000;0.000000;0.000000;0.000000;2.000000;-250.612198;-83.957138;1632.460083;0.019017;0.000000;0.000000;0.000000;0.000000;2.000000;-275.022247;285.114044;1785.808472;0.017868;0.000000;0.000000;0.000000;0.000000;2.000000;-347.072174;412.309235;1683.363403;0.036082;0.000000;0.000000;0.000000;0.000000;2.000000;-10.915546;-745.674683;2199.233643;0.003441;0.000000;0.000000;0.000000;0.000000;2.000000;15.806801;-826.678101;2056.336914;0.006877;0.000000;0.000000;0.000000;0.000000;2.000000;38.498608;-849.745728;2104.433105;0.006786;0.000000;0.000000;0.000000;0.000000;2.000000;78.856400;-802.910767;2220.257324;0.005349;0.000000;0.000000;0.000000;0.000000;2.000000;-14.212427;-852.588257;2092.372559;0.005679;0.000000;0.000000;0.000000;0.000000;2.000000;-90.838463;-820.343750;2199.616211;0.001374;0.000000;0.000000;0.000000;0.000000;2.000000;10741332992.000000
0.000000;-149.999985;2000.000000;0.000000;0.000000;0.000000;0.000000;0.000000;2.000000;-0.239960;-303.060730;2103.082275;0.106633;0.000000;0.000000;0.000000;0.000000;2.000000;-2.732204;-437.222046;2164.392578;0.099956;0.000000;0.000000;0.000000;0.000000;2.000000;-6.252037;-658.585632;2202.015381;0.131013;0.000000;0.000000;0.000000;0.000000;2.000000;29.195835;-622.794434;2196.284668;0.133809;0.000000;0.000000;0.000000;0.000000;2.000000;158.436966;-566.400269;2151.783203;0.115312;0.000000;0.000000;0.000000;0.000000;2.000000;210.530334;-351.468811;1970.691284;0.166314;0.000000;0.000000;0.000000;0.000000;2.000000;206.443497;-207.620880;1778.737793;0.202598;0.000000;0.000000;0.000000;0.000000;2.000000;212.185410;-150.753601;1697.167847;0.330179;0.000000;0.000000;0.000000;0.000000;2.000000;228.851624;-98.116913;1599.989868;0.401904;0.000000;0.000000;0.000000;0.000000;2.000000;180.690491;-121.896255;1663.695068;0.278710;0.000000;0.000000;0.000000;0.000000;2.000000;-40.376690;-620.863464;2197.451660;0.114607;0.000000;0.000000;0.000000;0.000000;2.000000;-158.310745;-572.946594;2149.498047;0.084344;0.000000;0.000000;0.000000;0.000000;2.000000;-200.468140;-354.427124;1961.625122;0.123892;0.000000;0.000000;0.000000;0.000000;2.000000;-197.278320;-195.161301;1778.197388;0.363975;0.000000;0.000000;0.000000;0.000000;2.000000;-181.678070;-159.579391;1678.239014;0.212619;0.000000;0.000000;0.000000;0.000000;2.000000;-196.164505;-90.709198;1593.881104;0.124518;0.000000;0.000000;0.000000;0.000000;2.000000;-136.827484;-112.018585;1682.574097;0.099179;0.000000;0.000000;0.000000;0.000000;2.000000;93.886993;-155.115082;1992.623413;0.010934;0.000000;0.000000;0.000000;0.000000;2.000000;269.551910;-67.411575;1628.039063;0.368919;0.000000;0.000000;0.000000;0.000000;2.000000;350.016418;279.496094;1800.647339;0.443077;0.000000;0.000000;0.000000;0.000000;2.000000;427.773407;416.234192;1687.484131;0.017908;0.000000;0.000000;0.000000;0.000000;2.000000;-84.662033;-145.387482;2006.651733;0.009865;0.000000;0.000000;0.000000;0.000000;2.000000;-252.154663;-88.774078;1632.694336;0.149837;0.000000;0.000000;0.000000;0.000000;2.000000;-265.329620;283.245239;1778.822632;0.357867;0.000000;0.000000;0.000000;0.000000;2.000000;-338.385925;415.387695;1684.025269;0.273419;0.000000;0.000000;0.000000;0.000000;2.000000;-7.851814;-743.063965;2202.308105;0.149889;0.000000;0.000000;0.000000;0.000000;2.000000;12.017563;-822.704712;2057.779297;0.167994;0.000000;0.000000;0.000000;0.000000;2.000000;36.686848;-846.313843;2104.533203;0.114881;0.000000;0.000000;0.000000;0.000000;2.000000;82.362915;-800.849548;2218.731689;0.128556;0.000000;0.000000;0.000000;0.000000;2.000000;-16.458017;-848.788879;2094.828613;0.149466;0.000000;0.000000;0.000000;0.000000;2.000000;-87.959229;-817.264526;2205.555176;0.215526;0.000000;0.000000;0.000000;0.000000;2.000000;10741366784.000000
0.000000;-150.000000;2000.000000;0.000000;0.000000;0.000000;0.000000;0.000000;2.000000;-0.258698;-302.954407;2103.107422;0.003383;0.000000;0.000000;0.000000;0.000000;2.000000;-2.787910;-437.092560;2164.324707;0.004774;0.000000;0.000000;0.000000;0.000000;2.000000;-6.320320;-658.413452;2201.658691;0.012265;0.000000;0.000000;0.000000;0.000000;2.000000;29.115685;-622.633057;2195.965820;0.011177;0.000000;0.000000;0.000000;0.000000;2.000000;158.351196;-566.285645;2151.586426;0.007426;0.000000;0.000000;0.000000;0.000000;2.000000;211.019226;-351.270142;1970.942139;0.017832;0.000000;0.000000;0.000000;0.000000;2.000000;207.637238;-206.912567;1779.478271;0.048011;0.000000;0.000000;0.000000;0.000000;2.000000;213.641449;-150.034073;1697.983765;0.055467;0.000000;0.000000;0.000000;0.000000;2.000000;230.442932;-97.544464;1600.801025;0.057239;0.000000;0.000000;0.000000;0.000000;2.000000;182.877563;-120.851074;1664.676147;0.079803;0.000000;0.000000;0.000000;0.000000;2.000000;-40.428448;-620.697144;2197.151855;0.010581;0.000000;0.000000;0.000000;0.000000;2.000000;-158.364899;-572.775269;2149.364014;0.006841;0.000000;0.000000;0.000000;0.000000;2.000000;-200.802551;-354.035339;1961.992676;0.019311;0.000000;0.000000;0.000000;0.000000;2.000000;-197.953369;-194.439453;1778.975952;0.038395;0.000000;0.000000;0.000000;0.000000;2.000000;-182.556702;-158.526276;1679.150757;0.050260;0.000000;0.000000;0.000000;0.000000;2.000000;-196.886780;-89.604858;1594.865479;0.050241;0.000000;0.000000;0.000000;0.000000;2.000000;-137.673660;-111.062149;1683.521240;0.048521;0.000000;0.000000;0.000000;0.000000;2.000000;93.845634;-155.145676;1992.602051;0.001700;0.000000;0.000000;0.000000;0.000000;2.000000;268.879547;-68.737030;1627.593750;0.047349;0.000000;0.000000;0.000000;0.000000;2.000000;349.719604;277.975372;1800.055054;0.050621;0.000000;0.000000;0.000000;0.000000;2.000000;427.249023;413.956635;1685.960571;0.085141;0.000000;0.000000;0.000000;0.000000;2.000000;-84.624725;-145.359940;2006.670898;0.001531;0.000000;0.000000;0.000000;0.000000;2.000000;-252.157257;-88.950989;1632.884155;0.007919;0.000000;0.000000;0.000000;0.000000;2.000000;-264.549683;283.045441;1778.699829;0.024855;0.000000;0.000000;0.000000;0.000000;2.000000;-337.527985;415.370453;1684.232178;0.026938;0.000000;0.000000;0.000000;0.000000;2.000000;-7.928185;-742.857910;2201.847168;0.015584;0.000000;0.000000;0.000000;0.000000;2.000000;11.867561;-820.195679;2056.138916;0.091596;0.000000;0.000000;0.000000;0.000000;2.000000;36.501221;-844.553467;2102.497070;0.082337;0.000000;0.000000;0.000000;0.000000;2.000000;82.194206;-800.958130;2217.355225;0.042450;0.000000;0.000000;0.000000;0.000000;2.000000;-16.623972;-846.823486;2092.755859;0.087318;0.000000;0.000000;0.000000;0.000000;2.000000;-88.074219;-816.994385;2203.917480;0.050775;0.000000;0.000000;0.000000;0.000000;2.000000;10741399552.000000
0.000000;-149.999985;2000.000000;0.000000;0.000000;0.000000;0.000000;0.000000;2.000000;0.223171;-302.877045;2102.431641;0.024668;0.000000;0.000000;0.000000;0.000000;2.000000;-2.127567;-437.190002;2162.411133;0.059974;0.000000;0.000000;0.000000;0.000000;2.000000;-5.243820;-657.904236;2200.146484;0.056961;0.000000;0.000000;0.000000;0.000000;2.000000;30.042782;-622.187622;2194.208984;0.060244;0.000000;0.000000;0.000000;0.000000;2.000000;158.264175;-565.492554;2148.525879;0.093597;0.000000;0.000000;0.000000;0.000000;2.000000;214.696701;-353.234711;1966.839966;0.173089;0.000000;0.000000;0.000000;0.000000;2.000000;223.241074;-202.868073;1780.961182;0.479035;0.000000;0.000000;0.000000;0.000000;2.000000;230.533066;-155.227142;1694.114380;0.535349;0.000000;0.000000;0.000000;0.000000;2.000000;246.829849;-102.311951;1597.384521;0.515061;0.000000;0.000000;0.000000;0.000000;2.000000;186.153610;-128.000473;1659.018311;0.286695;0.000000;0.000000;0.000000;0.000000;2.000000;-39.329845;-620.320984;2195.744629;0.053991;0.000000;0.000000;0.000000;0.000000;2.000000;-157.610840;-574.486450;2147.686035;0.074350;0.000000;0.000000;0.000000;0.000000;2.000000;-199.298447;-358.233612;1958.350586;0.170390;0.000000;0.000000;0.000000;0.000000;2.000000;-198.221115;-198.989319;1775.779175;0.164745;0.000000;0.000000;0.000000;0.000000;2.000000;-187.444702;-160.432556;1676.611450;0.172490;0.000000;0.000000;0.000000;0.000000;2.000000;-194.488037;-90.319672;1592.727783;0.097408;0.000000;0.000000;0.000000;0.000000;2.000000;-136.513412;-110.832520;1681.210083;0.076829;0.000000;0.000000;0.000000;0.000000;2.000000;93.572510;-155.183456;1992.059814;0.018002;0.000000;0.000000;0.000000;0.000000;2.000000;270.009766;-79.228531;1626.524170;0.313869;0.000000;0.000000;0.000000;0.000000;2.000000;341.502472;271.112732;1793.525635;0.371092;0.000000;0.000000;0.000000;0.000000;2.000000;425.316772;408.423157;1686.469849;0.174101;0.000000;0.000000;0.000000;0.000000;2.000000;-84.378456;-145.325821;2007.159912;0.016234;0.000000;0.000000;0.000000;0.000000;2.000000;-251.305984;-90.852509;1633.908691;0.068704;0.000000;0.000000;0.000000;0.000000;2.000000;-255.714966;281.656311;1776.215576;0.274677;0.000000;0.000000;0.000000;0.000000;2.000000;-334.560974;412.719971;1685.586060;0.124364;0.000000;0.000000;0.000000;0.000000;2.000000;-6.764347;-742.147705;2200.522949;0.056246;0.000000;0.000000;0.000000;0.000000;2.000000;8.904884;-817.534729;2053.746826;0.137472;0.000000;0.000000;0.000000;0.000000;2.000000;34.644321;-842.458984;2099.017578;0.132150;0.000000;0.000000;0.000000;0.000000;2.000000;83.378235;-800.490967;2212.870117;0.137968;0.000000;0.000000;0.000000;0.000000;2.000000;-18.599758;-844.487976;2090.691895;0.109206;0.000000;0.000000;0.000000;0.000000;2.000000;-86.819565;-815.953186;2203.811035;0.048351;0.000000;0.000000;0.000000;0.000000;2.000000;10741433344.000000
0.000000;-150.000000;2000.000000;0.000000;0.000000;0.000000;0.000000;0.000000;2.000000;0.367859;-303.845673;2101.902344;0.032944;0.000000;0.000000;0.000000;0.000000;2.000000;-2.021309;-439.020081;2160.944824;0.069468;0.000000;0.000000;0.000000;0.000000;2.000000;-4.496696;-660.479431;2198.065430;0.100444;0.000000;0.000000;0.000000;0.000000;2.000000;30.783001;-624.601318;2191.865234;0.101943;0.000000;0.000000;0.000000;0.000000;2.000000;158.667175;-567.698059;2144.209961;0.143925;0.000000;0.000000;0.000000;0.000000;2.000000;218.953568;-352.828766;1965.609741;0.131677;0.000000;0.000000;0.000000;0.000000;2.000000;225.474564;-203.257095;1778.154663;0.106766;0.000000;0.000000;0.000000;0.000000;2.000000;231.988235;-155.739197;1690.862671;0.106507;0.000000;0.000000;0.000000;0.000000;2.000000;244.628128;-100.996048;1594.244629;0.119981;0.000000;0.000000;0.000000;0.000000;2.000000;188.265656;-128.334045;1655.693481;0.116981;0.000000;0.000000;0.000000;0.000000;2.000000;-38.765297;-622.817505;2194.135010;0.089477;0.000000;0.000000;0.000000;0.000000;2.000000;-157.815735;-576.567078;2147.322266;0.062799;0.000000;0.000000;0.000000;0.000000;2.000000;-199.019363;-360.219727;1956.749634;0.075942;0.000000;0.000000;0.000000;0.000000;2.000000;-198.641647;-200.519623;1773.676880;0.077949;0.000000;0.000000;0.000000;0.000000;2.000000;-186.841156;-162.880692;1673.953003;0.108428;0.000000;0.000000;0.000000;0.000000;2.000000;-195.141998;-92.000854;1590.430420;0.086439;0.000000;0.000000;0.000000;0.000000;2.000000;-135.179016;-113.158798;1679.179443;0.099547;0.000000;0.000000;0.000000;0.000000;2.000000;93.794388;-155.302002;1991.656738;0.014061;0.000000;0.000000;0.000000;0.000000;2.000000;271.365662;-89.271713;1623.450439;0.313393;0.000000;0.000000;0.000000;0.000000;2.000000;334.474884;265.975433;1786.010376;0.340327;0.000000;0.000000;0.000000;0.000000;2.000000;419.477325;406.963959;1683.808594;0.194753;0.000000;0.000000;0.000000;0.000000;2.000000;-84.578522;-145.218948;2007.523315;0.012677;0.000000;0.000000;0.000000;0.000000;2.000000;-249.865173;-94.757645;1631.714355;0.139247;0.000000;0.000000;0.000000;0.000000;2.000000;-253.745346;280.156525;1770.802612;0.176143;0.000000;0.000000;0.000000;0.000000;2.000000;-335.296692;412.144257;1682.978027;0.081981;0.000000;0.000000;0.000000;0.000000;2.000000;-5.919918;-744.960144;2198.172607;0.111306;0.000000;0.000000;0.000000;0.000000;2.000000;7.086498;-821.954834;2051.448730;0.156940;0.000000;0.000000;0.000000;0.000000;2.000000;32.270191;-847.414429;2096.939209;0.173850;0.000000;0.000000;0.000000;0.000000;2.000000;82.715302;-806.069153;2210.693359;0.178280;0.000000;0.000000;0.000000;0.000000;2.000000;-21.183607;-847.901001;2088.750488;0.139099;0.000000;0.000000;0.000000;0.000000;2.000000;-88.370956;-816.506592;2202.180176;0.068594;0.000000;0.000000;0.000000;0.000000;2.000000;10741467136.000000
0.000000;-150.000000;2000.000000;0.000000;0.000000;0.000000;0.000000;0.000000;2.000000;0.650494;-303.405579;2101.891357;0.015965;0.000000;0.000000;0.000000;0.000000;2.000000;-1.650990;-438.534363;2160.295898;0.027196;0.000000;0.000000;0.000000;0.000000;2.000000;-5.843334;-659.696716;2196.280762;0.072289;0.000000;0.000000;0.000000;0.000000;2.000000;29.642696;-624.146729;2190.203613;0.063046;0.000000;0.000000;0.000000;0.000000;2.000000;157.507095;-568.384216;2142.073242;0.077096;0.000000;0.000000;0.000000;0.000000;2.000000;219.117554;-353.282776;1965.133179;0.020701;0.000000;0.000000;0.000000;0.000000;2.000000;225.470184;-203.487213;1778.471069;0.011940;0.000000;0.000000;0.000000;0.000000;2.000000;231.782990;-160.126068;1689.250854;0.142765;0.000000;0.000000;0.000000;0.000000;2.000000;237.775696;-104.021561;1593.033936;0.231563;0.000000;0.000000;0.000000;0.000000;2.000000;192.152451;-131.152115;1654.690430;0.149676;0.000000;0.000000;0.000000;0.000000;2.000000;-39.744755;-621.817261;2192.599609;0.063410;0.000000;0.000000;0.000000;0.000000;2.000000;-158.322632;-575.029785;2145.916992;0.065417;0.000000;0.000000;0.000000;0.000000;2.000000;-198.544525;-361.346008;1953.039673;0.119205;0.000000;0.000000;0.000000;0.000000;2.000000;-200.176788;-201.690384;1770.585205;0.111236;0.000000;0.000000;0.000000;0.000000;2.000000;-184.715836;-163.149658;1671.944092;0.089625;0.000000;0.000000;0.000000;0.000000;2.000000;-195.297577;-93.004562;1588.349976;0.070653;0.000000;0.000000;0.000000;0.000000;2.000000;-135.553864;-113.614746;1680.208862;0.036213;0.000000;0.000000;0.000000;0.000000;2.000000;93.581650;-155.302811;1991.418823;0.009740;0.000000;0.000000;0.000000;0.000000;2.000000;271.200043;-95.008972;1623.189087;0.175342;0.000000;0.000000;0.000000;0.000000;2.000000;323.835602;264.107880;1778.890381;0.394818;0.000000;0.000000;0.000000;0.000000;2.000000;415.644348;404.781647;1683.082153;0.136417;0.000000;0.000000;0.000000;0.000000;2.000000;-84.386703;-145.218231;2007.737915;0.008784;0.000000;0.000000;0.000000;0.000000;2.000000;-249.900528;-98.285187;1632.488892;0.110222;0.000000;0.000000;0.000000;0.000000;2.000000;-250.794067;277.218903;1767.666748;0.159082;0.000000;0.000000;0.000000;0.000000;2.000000;-332.277222;409.285065;1680.629150;0.145749;0.000000;0.000000;0.000000;0.000000;2.000000;-7.944645;-743.992493;2195.983887;0.095664;0.000000;0.000000;0.000000;0.000000;2.000000;6.952599;-817.682251;2048.125977;0.165228;0.000000;0.000000;0.000000;0.000000;2.000000;31.606335;-843.993774;2093.272461;0.154368;0.000000;0.000000;0.000000;0.000000;2.000000;80.502731;-805.041016;2208.236328;0.105670;0.000000;0.000000;0.000000;0.000000;2.000000;-21.637829;-844.419678;2084.457520;0.169243;0.000000;0.000000;0.000000;0.000000;2.000000;-90.100731;-815.638794;2197.491211;0.154804;0.000000;0.000000;0.000000;0.000000;2.000000;10741499904.000000
0.000000;-150.000015;2000.000000;0.000000;0.000000;0.000000;0.000000;0.000000;2.000000;0.983379;-305.191620;2099.197021;0.096166;0.000000;0.000000;0.000000;0.000000;2.000000;-0.749664;-441.087769;2155.869385;0.153559;0.000000;0.000000;0.000000;0.000000;2.000000;-4.208813;-661.955933;2193.884766;0.108797;0.000000;0.000000;0.000000;0.000000;2.000000;31.164993;-626.269714;2187.891113;0.103245;0.000000;0.000000;0.000000;0.000000;2.000000;158.862335;-570.453247;2139.315918;0.109615;0.000000;0.000000;0.000000;0.000000;2.000000;221.766663;-356.347809;1961.557983;0.159895;0.000000;0.000000;0.000000;0.000000;2.000000;230.271423;-205.399933;1775.867676;0.171250;0.000000;0.000000;0.000000;0.000000;2.000000;235.130035;-163.629715;1685.785400;0.176289;0.000000;0.000000;0.000000;0.000000;2.000000;240.205811;-108.276001;1589.063477;0.186623;0.000000;0.000000;0.000000;0.000000;2.000000;197.777496;-137.413086;1649.663086;0.290123;0.000000;0.000000;0.000000;0.000000;2.000000;-38.267300;-624.288940;2189.448730;0.126317;0.000000;0.000000;0.000000;0.000000;2.000000;-154.717346;-574.925720;2140.082031;0.202998;0.000000;0.000000;0.000000;0.000000;2.000000;-196.386932;-359.320923;1949.600952;0.134251;0.000000;0.000000;0.000000;0.000000;2.000000;-196.244263;-198.215012;1768.371338;0.168560;0.000000;0.000000;0.000000;0.000000;2.000000;-187.240601;-163.125351;1667.646484;0.147503;0.000000;0.000000;0.000000;0.000000;2.000000;-197.530884;-91.993942;1584.832275;0.126881;0.000000;0.000000;0.000000;0.000000;2.000000;-137.341507;-115.351395;1668.283325;0.360535;0.000000;0.000000;0.000000;0.000000;2.000000;93.682198;-154.551590;1991.950439;0.027396;0.000000;0.000000;0.000000;0.000000;2.000000;270.418182;-101.330399;1622.141602;0.191026;0.000000;0.000000;0.000000;0.000000;2.000000;311.455109;262.255310;1770.954346;0.438622;0.000000;0.000000;0.000000;0.000000;2.000000;409.235840;403.361755;1681.870239;0.197528;0.000000;0.000000;0.000000;0.000000;2.000000;-84.477356;-145.895645;2007.258667;0.024702;0.000000;0.000000;0.000000;0.000000;2.000000;-248.569946;-101.801559;1630.976318;0.119926;0.000000;0.000000;0.000000;0.000000;2.000000;-235.249451;275.169189;1761.510864;0.498471;0.000000;0.000000;0.000000;0.000000;2.000000;-318.709442;409.889343;1680.574707;0.401910;0.000000;0.000000;0.000000;0.000000;2.000000;-5.865089;-746.273071;2194.355713;0.103264;0.000000;0.000000;0.000000;0.000000;2.000000;14.658894;-816.502686;2045.464355;0.243782;0.000000;0.000000;0.000000;0.000000;2.000000;38.741684;-843.175171;2090.717773;0.225585;0.000000;0.000000;0.000000;0.000000;2.000000;83.670319;-805.500732;2207.730469;0.095895;0.000000;0.000000;0.000000;0.000000;2.000000;-14.235332;-844.654480;2080.474609;0.248854;0.000000;0.000000;0.000000;0.000000;2.000000;-86.316788;-819.835938;2192.214355;0.228803;0.000000;0.000000;0.000000;0.000000;2.000000;10741533696.000000
0.000000;-149.999985;2000.000000;0.000001;0.000000;0.000000;0.000000;0.000000;2.000000;2.235256;-307.990723;2094.991211;0.158841;0.000000;0.000000;0.000000;0.000000;2.000000;1.597454;-444.463867;2150.651367;0.202740;0.000000;0.000000;0.000000;0.000000;2.000000;-3.066940;-665.456543;2189.058350;0.185261;0.000000;0.000000;0.000000;0.000000;2.000000;32.533752;-629.985352;2182.738281;0.198320;0.000000;0.000000;0.000000;0.000000;2.000000;161.256165;-574.882813;2135.653320;0.190010;0.000000;0.000000;0.000000;0.000000;2.000000;223.527130;-361.367218;1956.536499;0.223236;0.000000;0.000000;0.000000;0.000000;2.000000;231.857422;-209.148376;1771.586182;0.180280;0.000000;0.000000;0.000000;0.000000;2.000000;240.378357;-169.530655;1680.703613;0.286590;0.000000;0.000000;0.000000;0.000000;2.000000;250.914703;-112.526871;1585.267944;0.370203;0.000000;0.000000;0.000000;0.000000;2.000000;207.734039;-142.701080;1643.406128;0.393482;0.000000;0.000000;0.000000;0.000000;2.000000;-36.935265;-627.531250;2184.819092;0.177213;0.000000;0.000000;0.000000;0.000000;2.000000;-154.667877;-578.835754;2137.522949;0.142618;0.000000;0.000000;0.000000;0.000000;2.000000;-192.778564;-365.957794;1942.857056;0.309040;0.000000;0.000000;0.000000;0.000000;2.000000;-200.317566;-200.667908;1765.282837;0.173030;0.000000;0.000000;0.000000;0.000000;2.000000;-183.664551;-170.079712;1663.959229;0.263844;0.000000;0.000000;0.000000;0.000000;2.000000;-194.860504;-97.254349;1582.610840;0.192376;0.000000;0.000000;0.000000;0.000000;2.000000;-134.887314;-120.936844;1667.087891;0.189724;0.000000;0.000000;0.000000;0.000000;2.000000;93.691856;-154.156616;1990.881836;0.034769;0.000000;0.000000;0.000000;0.000000;2.000000;273.823456;-112.825684;1620.756104;0.368312;0.000000;0.000000;0.000000;0.000000;2.000000;299.469055;255.568787;1761.985718;0.500350;0.000000;0.000000;0.000000;0.000000;2.000000;401.662109;397.751282;1679.406372;0.297307;0.000000;0.000000;0.000000;0.000000;2.000000;-84.486061;-146.251755;2008.222046;0.031345;0.000000;0.000000;0.000000;0.000000;2.000000;-245.190582;-108.798157;1629.339722;0.242324;0.000000;0.000000;0.000000;0.000000;2.000000;-226.875824;270.276062;1754.204956;0.370555;0.000000;0.000000;0.000000;0.000000;2.000000;-309.557404;407.745300;1676.800659;0.309118;0.000000;0.000000;0.000000;0.000000;2.000000;-5.289925;-749.839355;2189.668457;0.180595;0.000000;0.000000;0.000000;0.000000;2.000000;15.712311;-825.415649;2043.309082;0.281682;0.000000;0.000000;0.000000;0.000000;2.000000;37.371422;-851.841492;2089.979492;0.268707;0.000000;0.000000;0.000000;0.000000;2.000000;81.068314;-812.786377;2207.143555;0.236773;0.000000;0.000000;0.000000;0.000000;2.000000;-15.387838;-851.168335;2078.353027;0.212003;0.000000;0.000000;0.000000;0.000000;2.000000;-89.114731;-819.692871;2187.465820;0.168256;0.000000;0.000000;0.000000;0.000000;2.000000;10741566464.000000
0.000000;-150.000015;2000.000000;0.000001;0.000000;0.000000;0.000000;0.000000;2.000000;1.996399;-308.600281;2094.121338;0.032218;0.000000;0.000000;0.000000;0.000000;2.000000;1.174355;-445.598541;2148.635010;0.069604;0.000000;0.000000;0.000000;0.000000;2.000000;-3.196606;-666.748718;2186.697998;0.079724;0.000000;0.000000;0.000000;0.000000;2.000000;32.371243;-631.193420;2180.502441;0.075359;0.000000;0.000000;0.000000;0.000000;2.000000;160.872406;-575.764526;2133.010742;0.083218;0.000000;0.000000;0.000000;0.000000;2.000000;223.025833;-364.821075;1950.650879;0.202491;0.000000;0.000000;0.000000;0.000000;2.000000;230.179550;-214.821960;1763.722900;0.291209;0.000000;0.000000;0.000000;0.000000;2.000000;241.722549;-170.090805;1675.543091;0.158678;0.000000;0.000000;0.000000;0.000000;2.000000;250.400925;-110.013657;1581.767334;0.128429;0.000000;0.000000;0.000000;0.000000;2.000000;205.987793;-141.241989;1638.665649;0.155610;0.000000;0.000000;0.000000;0.000000;2.000000;-37.133831;-628.858276;2182.449707;0.080579;0.000000;0.000000;0.000000;0.000000;2.000000;-154.886597;-579.546570;2135.687500;0.058605;0.000000;0.000000;0.000000;0.000000;2.000000;-194.332886;-365.557068;1942.335083;0.049949;0.000000;0.000000;0.000000;0.000000;2.000000;-200.633469;-199.932678;1764.890259;0.026377;0.000000;0.000000;0.000000;0.000000;2.000000;-185.577118;-171.200684;1662.731079;0.074998;0.000000;0.000000;0.000000;0.000000;2.000000;-195.192093;-97.463898;1581.943726;0.022902;0.000000;0.000000;0.000000;0.000000;2.000000;-135.626236;-120.115143;1664.662720;0.078867;0.000000;0.000000;0.000000;0.000000;2.000000;93.751984;-154.108902;1991.087646;0.006500;0.000000;0.000000;0.000000;0.000000;2.000000;273.202271;-113.975937;1620.312866;0.040849;0.000000;0.000000;0.000000;0.000000;2.000000;295.759216;256.625793;1756.657227;0.194668;0.000000;0.000000;0.000000;0.000000;2.000000;401.773010;397.673157;1676.809814;0.076944;0.000000;0.000000;0.000000;0.000000;2.000000;-84.540298;-146.294846;2008.036621;0.005858;0.000000;0.000000;0.000000;0.000000;2.000000;-245.693405;-110.845306;1628.970093;0.063333;0.000000;0.000000;0.000000;0.000000;2.000000;-218.691483;269.454285;1748.953491;0.288794;0.000000;0.000000;0.000000;0.000000;2.000000;-296.872711;410.690491;1673.514160;0.397444;0.000000;0.000000;0.000000;0.000000;2.000000;-5.279827;-751.170044;2187.170410;0.083759;0.000000;0.000000;0.000000;0.000000;2.000000;12.317822;-818.801514;2036.463623;0.299063;0.000000;0.000000;0.000000;0.000000;2.000000;35.459766;-847.446228;2081.097656;0.298667;0.000000;0.000000;0.000000;0.000000;2.000000;82.050690;-814.167480;2198.986816;0.246536;0.000000;0.000000;0.000000;0.000000;2.000000;-17.622412;-846.654114;2070.939941;0.265224;0.000000;0.000000;0.000000;0.000000;2.000000;-88.615616;-821.615662;2183.544434;0.130086;0.000000;0.000000;0.000000;0.000000;2.000000;10741600256.000000
