posX0;posY0;posZ0;posVel0;rotX0;rotY0;rotZ0;rotVel0;confidence0;posX1;posY1;posZ1;posVel1;rotX1;rotY1;rotZ1;rotVel1;confidence1;posX2;posY2;posZ2;posVel2;rotX2;rotY2;rotZ2;rotVel2;confidence2;posX3;posY3;posZ3;posVel3;rotX3;rotY3;rotZ3;rotVel3;confidence3;posX4;posY4;posZ4;posVel4;rotX4;rotY4;rotZ4;rotVel4;confidence4;posX5;posY5;posZ5;posVel5;rotX5;rotY5;rotZ5;rotVel5;confidence5;posX6;posY6;posZ6;posVel6;rotX6;rotY6;rotZ6;rotVel6;confidence6;posX7;posY7;posZ7;posVel7;rotX7;rotY7;rotZ7;rotVel7;confidence7;posX8;posY8;posZ8;posVel8;rotX8;rotY8;rotZ8;rotVel8;confidence8;posX9;posY9;posZ9;posVel9;rotX9;rotY9;rotZ9;rotVel9;confidence9;posX10;posY10;posZ10;posVel10;rotX10;rotY10;rotZ10;rotVel10;confidence10;posX11;posY11;posZ11;posVel11;rotX11;rotY11;rotZ11;rotVel11;confidence11;posX12;posY12;posZ12;posVel12;rotX12;rotY12;rotZ12;rotVel12;confidence12;posX13;posY13;posZ13;posVel13;rotX13;rotY13;rotZ13;rotVel13;confidence13;posX14;posY14;posZ14;posVel14;rotX14;rotY14;rotZ14;rotVel14;confidence14;posX15;posY15;posZ15;posVel15;rotX15;rotY15;rotZ15;rotVel15;confidence15;posX16;posY16;posZ16;posVel16;rotX16;rotY16;rotZ16;rotVel16;confidence16;posX17;posY17;posZ17;posVel17;rotX17;rotY17;rotZ17;rotVel17;confidence17;posX18;posY18;posZ18;posVel18;rotX18;rotY18;rotZ18;rotVel18;confidence18;posX19;posY19;posZ19;posVel19;rotX19;rotY19;rotZ19;rotVel19;confidence19;posX20;posY20;posZ20;posVel20;rotX20;rotY20;rotZ20;rotVel20;confidence20;posX21;posY21;posZ21;posVel21;rotX21;rotY21;rotZ21;rotVel21;confidence21;posX22;posY22;posZ22;posVel22;rotX22;rotY22;rotZ22;rotVel22;confidence22;posX23;posY23;posZ23;posVel23;rotX23;rotY23;rotZ23;rotVel23;confidence23;posX24;posY24;posZ24;posVel24;rotX24;rotY24;rotZ24;rotVel24;confidence24;posX25;posY25;posZ25;posVel25;rotX25;rotY25;rotZ25;rotVel25;confidence25;posX26;posY26;posZ26;posVel26;rotX26;rotY26;rotZ26;rotVel26;confidence26;posX27;posY27;posZ27;posVel27;rotX27;rotY27;rotZ27;rotVel27;confidence27;posX28;posY28;posZ28;posVel28;rotX28;rotY28;rotZ28;rotVel28;confidence28;posX29;posY29;posZ29;posVel29;rotX29;rotY29;rotZ29;rotVel29;confidence29;posX30;posY30;posZ30;posVel30;rotX30;rotY30;rotZ30;rotVel30;confidence30;posX31;posY31;posZ31;posVel31;rotX31;rotY31;rotZ31;rotVel31;confidence31;TimeStamp
0.000000;-150.000000;2000.000000;0.000000;0.000000;0.000000;0.000000;0.000000;2.000000;-7.325928;-349.982239;1972.899658;0.000000;0.000000;0.000000;0.000000;0.000000;2.000000;-12.330322;-509.724792;1950.066895;0.000000;0.000000;0.000000;0.000000;0.000000;2.000000;-32.585510;-748.661560;1896.297485;0.000000;0.000000;0.000000;0.000000;0.000000;2.000000;-59.628357;-702.012756;1883.229248;0.000000;0.000000;0.000000;0.000000;0.000000;2.000000;-174.540710;-607.050110;1820.296997;0.000000;0.000000;0.000000;0.000000;0.000000;2.000000;-206.534058;-296.429199;1838.608398;0.000000;0.000000;0.000000;0.000000;0.000000;2.000000;-231.058594;-36.903633;1869.758789;0.000000;0.000000;0.000000;0.000000;0.000000;2.000000;-220.099365;-28.951042;1977.911499;0.000000;0.000000;0.000000;0.000000;0.000000;2.000000;-279.533630;63.231941;1923.785278;0.000000;0.000000;0.000000;0.000000;0.000000;2.000000;-175.183350;17.452682;2011.531128;0.000000;0.000000;0.000000;0.000000;0.000000;2.000000;2.416199;-716.010864;1925.148071;0.000000;0.000000;0.000000;0.000000;0.000000;2.000000;104.772339;-698.065125;2031.734985;0.000000;0.000000;0.000000;0.000000;0.000000;2.000000;248.822144;-443.495667;2158.326660;0.000000;0.000000;0.000000;0.000000;0.000000;2.000000;251.088135;-234.154434;2322.193848;0.000000;0.000000;0.000000;0.000000;0.000000;1.000000;189.032104;-150.415375;2376.138428;0.000000;0.000000;0.000000;0.000000;0.000000;1.000000;145.784668;-49.616852;2425.360596;0.000000;0.000000;0.000000;0.000000;0.000000;1.000000;134.521240;-137.292847;2313.209961;0.000000;0.000000;0.000000;0.000000;0.000000;1.000000;-83.473755;-138.855927;1940.329468;0.000000;0.000000;0.000000;0.000000;0.000000;2.000000;-126.196472;310.125183;1984.345703;0.000000;0.000000;0.000000;0.000000;0.000000;2.000000;-46.099548;730.824707;1919.933350;0.000000;0.000000;0.000000;0.000000;0.000000;2.000000;-173.373352;892.374329;1971.609863;0.000000;0.000000;0.000000;0.000000;0.000000;2.000000;75.272034;-160.049103;2053.807617;0.000000;0.000000;0.000000;0.000000;0.000000;2.000000;78.035461;291.900970;2079.074707;0.000000;0.000000;0.000000;0.000000;0.000000;2.000000;122.297607;723.892456;2024.821167;0.000000;0.000000;0.000000;0.000000;0.000000;2.000000;51.906494;873.757996;2128.020508;0.000000;0.000000;0.000000;0.000000;0.000000;2.000000;-48.834839;-839.359741;1888.590454;0.000000;0.000000;0.000000;0.000000;0.000000;2.000000;-174.113525;-860.888733;2018.687988;0.000000;0.000000;0.000000;0.000000;0.000000;2.000000;-173.638550;-903.414856;1971.726685;0.000000;0.000000;0.000000;0.000000;0.000000;2.000000;-132.909668;-902.874084;1834.132080;0.000000;0.000000;0.000000;0.000000;0.000000;2.000000;-133.620544;-903.063049;2015.325806;0.000000;0.000000;0.000000;0.000000;0.000000;2.000000;3.951050;-917.667786;1961.887451;0.000000;0.000000;0.000000;0.000000;0.000000;2.000000;17764466688.000000
0.000000;-150.000000;2000.000000;0.000000;0.000000;0.000000;0.000000;0.000000;2.000000;-3.142334;-351.446625;1976.993286;0.184132;0.000000;0.000000;0.000000;0.000000;2.000000;-4.366821;-512.296082;1956.828369;0.328325;0.000000;0.000000;0.000000;0.000000;2.000000;-25.588257;-752.703552;1905.369263;0.370756;0.000000;0.000000;0.000000;0.000000;2.000000;-52.739563;-705.935791;1891.976196;0.360256;0.000000;0.000000;0.000000;0.000000;2.000000;-168.363647;-612.358337;1826.591431;0.314128;0.000000;0.000000;0.000000;0.000000;2.000000;-206.467834;-301.176025;1845.852539;0.264315;0.000000;0.000000;0.000000;0.000000;2.000000;-238.503479;-39.968979;1861.431641;0.353483;0.000000;0.000000;0.000000;0.000000;2.000000;-230.732727;-25.223930;1969.604004;0.427218;0.000000;0.000000;0.000000;0.000000;2.000000;-275.934448;82.043610;1930.430176;0.618678;0.000000;0.000000;0.000000;0.000000;2.000000;-182.313843;20.149727;2002.168945;0.368453;0.000000;0.000000;0.000000;0.000000;2.000000;9.833008;-719.706787;1933.760498;0.364736;0.000000;0.000000;0.000000;0.000000;2.000000;115.985046;-701.120728;2037.346558;0.393844;0.000000;0.000000;0.000000;0.000000;2.000000;251.255554;-440.996887;2165.655273;0.247689;0.000000;0.000000;0.000000;0.000000;2.000000;255.850281;-229.127655;2328.010010;0.275968;0.000000;0.000000;0.000000;0.000000;1.000000;190.637878;-147.322418;2382.258789;0.214935;0.000000;0.000000;0.000000;0.000000;1.000000;145.554993;-45.736389;2429.390625;0.170876;0.000000;0.000000;0.000000;0.000000;1.000000;134.813904;-135.012039;2317.551514;0.149931;0.000000;0.000000;0.000000;0.000000;1.000000;-84.016052;-141.822174;1939.870117;0.093085;0.000000;0.000000;0.000000;0.000000;2.000000;-124.297607;308.598999;1990.382690;0.198670;0.000000;0.000000;0.000000;0.000000;2.000000;-46.436279;731.268677;1924.055664;0.126947;0.000000;0.000000;0.000000;0.000000;2.000000;-171.668701;895.245300;1976.682861;0.185339;0.000000;0.000000;0.000000;0.000000;2.000000;75.760986;-157.374313;2054.221680;0.083937;0.000000;0.000000;0.000000;0.000000;2.000000;85.673462;296.259796;2081.161621;0.275832;0.000000;0.000000;0.000000;0.000000;2.000000;131.849915;731.208008;2038.749268;0.561686;0.000000;0.000000;0.000000;0.000000;2.000000;63.578247;882.455505;2142.884766;0.634900;0.000000;0.000000;0.000000;0.000000;2.000000;-42.148193;-843.815063;1898.652466;0.392961;0.000000;0.000000;0.000000;0.000000;2.000000;-159.971924;-872.299255;2035.271729;0.750761;0.000000;0.000000;0.000000;0.000000;2.000000;-163.753418;-911.253906;1985.115356;0.561410;0.000000;0.000000;0.000000;0.000000;2.000000;-131.721802;-901.110291;1844.995239;0.337809;0.000000;0.000000;0.000000;0.000000;2.000000;-120.875183;-915.251404;2026.067017;0.630152;0.000000;0.000000;0.000000;0.000000;2.000000;13.084045;-929.146301;1962.509277;0.448052;0.000000;0.000000;0.000000;0.000000;2.000000;17764499456.000000
0.000000;-150.000000;2000.000000;0.000000;0.000000;0.000000;0.000000;0.000000;2.000000;-1.404724;-351.758789;1976.092896;0.056921;0.000000;0.000000;0.000000;0.000000;2.000000;-0.816223;-512.748474;1954.528564;0.122199;0.000000;0.000000;0.000000;0.000000;2.000000;-23.440186;-753.969727;1905.214722;0.071756;0.000000;0.000000;0.000000;0.000000;2.000000;-50.575317;-707.120728;1891.623047;0.071592;0.000000;0.000000;0.000000;0.000000;2.000000;-167.536865;-614.257446;1826.814941;0.059837;0.000000;0.000000;0.000000;0.000000;2.000000;-199.378235;-301.935181;1848.784790;0.221436;0.000000;0.000000;0.000000;0.000000;2.000000;-226.063232;-39.811989;1867.446289;0.396911;0.000000;0.000000;0.000000;0.000000;2.000000;-211.452576;-26.180641;1975.272461;0.577864;0.000000;0.000000;0.000000;0.000000;2.000000;-272.864929;70.057526;1929.341797;0.356751;0.000000;0.000000;0.000000;0.000000;2.000000;-172.373779;12.267647;2010.057251;0.429069;0.000000;0.000000;0.000000;0.000000;2.000000;12.415039;-720.806885;1933.078857;0.082956;0.000000;0.000000;0.000000;0.000000;2.000000;116.707886;-701.564880;2038.831055;0.049110;0.000000;0.000000;0.000000;0.000000;2.000000;251.495972;-441.101440;2168.506348;0.082235;0.000000;0.000000;0.000000;0.000000;2.000000;261.279663;-226.144577;2327.390625;0.178820;0.000000;0.000000;0.000000;0.000000;1.000000;194.440063;-146.109604;2382.786133;0.115626;0.000000;0.000000;0.000000;0.000000;1.000000;148.384277;-45.007278;2430.614746;0.090987;0.000000;0.000000;0.000000;0.000000;1.000000;137.317993;-136.233322;2318.034668;0.081216;0.000000;0.000000;0.000000;0.000000;1.000000;-85.361816;-142.456390;1941.353027;0.060333;0.000000;0.000000;0.000000;0.000000;2.000000;-118.544373;309.387634;1992.302734;0.175673;0.000000;0.000000;0.000000;0.000000;2.000000;-40.487183;732.157410;1921.444580;0.188344;0.000000;0.000000;0.000000;0.000000;2.000000;-166.914185;894.431824;1978.021851;0.143785;0.000000;0.000000;0.000000;0.000000;2.000000;76.974609;-156.802414;2052.884766;0.054401;0.000000;0.000000;0.000000;0.000000;2.000000;89.117004;297.805847;2077.312988;0.154836;0.000000;0.000000;0.000000;0.000000;2.000000;133.961670;733.721558;2034.536499;0.153403;0.000000;0.000000;0.000000;0.000000;2.000000;65.527893;881.511597;2144.105957;0.071422;0.000000;0.000000;0.000000;0.000000;2.000000;-40.440186;-845.246826;1899.406372;0.067578;0.000000;0.000000;0.000000;0.000000;2.000000;-160.580078;-878.383240;2033.409668;0.183581;0.000000;0.000000;0.000000;0.000000;2.000000;-160.946655;-918.121277;1983.570435;0.217657;0.000000;0.000000;0.000000;0.000000;2.000000;-125.564514;-907.872375;1843.976440;0.264302;0.000000;0.000000;0.000000;0.000000;2.000000;-118.982910;-919.411255;2025.792603;0.131498;0.000000;0.000000;0.000000;0.000000;2.000000;17.484741;-927.006165;1965.934204;0.171558;0.000000;0.000000;0.000000;0.000000;2.000000;17764534272.000000
0.000000;-150.000000;2000.000000;0.000000;0.000000;0.000000;0.000000;0.000000;2.000000;-1.224609;-351.765320;1976.235107;0.007006;0.000000;0.000000;0.000000;0.000000;2.000000;-0.523926;-512.766174;1954.826416;0.012747;0.000000;0.000000;0.000000;0.000000;2.000000;-22.521301;-754.000488;1905.362793;0.028419;0.000000;0.000000;0.000000;0.000000;2.000000;-49.886230;-707.236938;1891.951904;0.023570;0.000000;0.000000;0.000000;0.000000;2.000000;-167.630981;-614.835449;1827.929565;0.038425;0.000000;0.000000;0.000000;0.000000;2.000000;-200.954834;-302.624817;1849.017334;0.052993;0.000000;0.000000;0.000000;0.000000;2.000000;-228.025452;-40.855835;1871.495361;0.140960;0.000000;0.000000;0.000000;0.000000;2.000000;-212.467834;-28.787270;1979.368896;0.151381;0.000000;0.000000;0.000000;0.000000;2.000000;-274.495972;65.471130;1930.286865;0.151327;0.000000;0.000000;0.000000;0.000000;2.000000;-177.725281;17.971741;2014.450562;0.273769;0.000000;0.000000;0.000000;0.000000;2.000000;13.345947;-720.741333;1933.089966;0.028481;0.000000;0.000000;0.000000;0.000000;2.000000;120.445374;-703.700562;2036.374023;0.151261;0.000000;0.000000;0.000000;0.000000;2.000000;264.731873;-446.743286;2162.737061;0.473076;0.000000;0.000000;0.000000;0.000000;2.000000;268.586975;-235.624863;2326.909424;0.365580;0.000000;0.000000;0.000000;0.000000;1.000000;199.439026;-157.234833;2381.807373;0.373411;0.000000;0.000000;0.000000;0.000000;1.000000;153.163757;-54.938507;2426.783203;0.356094;0.000000;0.000000;0.000000;0.000000;1.000000;145.664978;-140.790558;2315.901855;0.297432;0.000000;0.000000;0.000000;0.000000;1.000000;-85.399048;-142.579651;1941.401611;0.004200;0.000000;0.000000;0.000000;0.000000;2.000000;-119.663330;309.233276;1991.679077;0.039376;0.000000;0.000000;0.000000;0.000000;2.000000;-40.862976;732.150024;1922.694580;0.039834;0.000000;0.000000;0.000000;0.000000;2.000000;-167.961914;893.945801;1979.091919;0.048049;0.000000;0.000000;0.000000;0.000000;2.000000;77.008057;-156.691254;2052.840820;0.003788;0.000000;0.000000;0.000000;0.000000;2.000000;90.302979;297.826172;2077.878174;0.040098;0.000000;0.000000;0.000000;0.000000;2.000000;136.236755;733.843140;2037.616089;0.116905;0.000000;0.000000;0.000000;0.000000;2.000000;71.070801;883.508240;2146.611572;0.195380;0.000000;0.000000;0.000000;0.000000;2.000000;-39.222290;-845.326294;1899.536987;0.037459;0.000000;0.000000;0.000000;0.000000;2.000000;-164.322205;-869.349182;2030.905640;0.308043;0.000000;0.000000;0.000000;0.000000;2.000000;-165.949158;-909.610657;1981.518311;0.307709;0.000000;0.000000;0.000000;0.000000;2.000000;-126.693665;-903.304504;1842.736572;0.148498;0.000000;0.000000;0.000000;0.000000;2.000000;-125.163269;-912.939758;2024.766113;0.274880;0.000000;0.000000;0.000000;0.000000;2.000000;11.955566;-929.635681;1968.363037;0.201012;0.000000;0.000000;0.000000;0.000000;2.000000;17764567040.000000
0.000000;-150.000000;2000.000000;0.000000;0.000000;0.000000;0.000000;0.000000;2.000000;-2.639099;-350.860626;1972.931152;0.113102;0.000000;0.000000;0.000000;0.000000;2.000000;-1.733459;-510.827484;1947.087036;0.246267;0.000000;0.000000;0.000000;0.000000;2.000000;-25.382629;-751.762207;1899.831299;0.201958;0.000000;0.000000;0.000000;0.000000;2.000000;-52.386902;-705.038696;1886.090820;0.205712;0.000000;0.000000;0.000000;0.000000;2.000000;-170.630920;-611.756958;1825.303589;0.153720;0.000000;0.000000;0.000000;0.000000;2.000000;-205.317444;-300.170380;1842.138550;0.259622;0.000000;0.000000;0.000000;0.000000;2.000000;-234.509949;-38.634590;1855.753052;0.523982;0.000000;0.000000;0.000000;0.000000;2.000000;-222.181702;-22.791084;1963.297607;0.601591;0.000000;0.000000;0.000000;0.000000;2.000000;-280.742432;78.322014;1925.641724;0.458517;0.000000;0.000000;0.000000;0.000000;2.000000;-182.065247;20.633301;1996.723389;0.562859;0.000000;0.000000;0.000000;0.000000;2.000000;10.666077;-718.588379;1927.159058;0.209201;0.000000;0.000000;0.000000;0.000000;2.000000;116.202209;-701.607788;2031.554199;0.206112;0.000000;0.000000;0.000000;0.000000;2.000000;253.726135;-445.470367;2165.040771;0.345339;0.000000;0.000000;0.000000;0.000000;2.000000;262.200623;-234.538116;2328.269043;0.202005;0.000000;0.000000;0.000000;0.000000;1.000000;193.142639;-153.670425;2378.936523;0.237550;0.000000;0.000000;0.000000;0.000000;1.000000;145.700745;-51.099655;2421.240234;0.306937;0.000000;0.000000;0.000000;0.000000;1.000000;140.884094;-139.493652;2310.206787;0.230347;0.000000;0.000000;0.000000;0.000000;1.000000;-84.476196;-140.902573;1940.729614;0.061913;0.000000;0.000000;0.000000;0.000000;2.000000;-123.804321;310.092346;1984.692017;0.249246;0.000000;0.000000;0.000000;0.000000;2.000000;-45.034851;732.326294;1917.886230;0.194347;0.000000;0.000000;0.000000;0.000000;2.000000;-173.117981;893.380249;1972.279297;0.261307;0.000000;0.000000;0.000000;0.000000;2.000000;76.175964;-158.203552;2053.446777;0.055828;0.000000;0.000000;0.000000;0.000000;2.000000;84.233398;291.374512;2118.603760;1.271905;0.000000;0.000000;0.000000;0.000000;1.000000;150.144714;719.195313;2043.967773;0.646176;0.000000;0.000000;0.000000;0.000000;1.000000;101.722229;874.299927;2153.265381;0.997592;0.000000;0.000000;0.000000;0.000000;1.000000;-42.670532;-842.807861;1894.822754;0.194109;0.000000;0.000000;0.000000;0.000000;2.000000;-160.669189;-872.743408;2030.874756;0.152179;0.000000;0.000000;0.000000;0.000000;2.000000;-163.208252;-912.220825;1981.084839;0.116261;0.000000;0.000000;0.000000;0.000000;2.000000;-130.491577;-902.637085;1841.147217;0.127283;0.000000;0.000000;0.000000;0.000000;2.000000;-120.543884;-914.841064;2022.333374;0.169563;0.000000;0.000000;0.000000;0.000000;2.000000;14.068420;-926.202759;1959.810303;0.288546;0.000000;0.000000;0.000000;0.000000;2.000000;17764599808.000000
0.000000;-150.000000;2000.000000;0.000000;0.000000;0.000000;0.000000;0.000000;2.000000;0.828796;-352.477692;1974.278564;0.123800;0.000000;0.000000;0.000000;0.000000;2.000000;2.730713;-514.103516;1951.939941;0.224697;0.000000;0.000000;0.000000;0.000000;2.000000;-22.122009;-755.404297;1898.559937;0.154145;0.000000;0.000000;0.000000;0.000000;2.000000;-49.527832;-708.007080;1886.438477;0.126221;0.000000;0.000000;0.000000;0.000000;2.000000;-170.714233;-611.082886;1834.796997;0.290456;0.000000;0.000000;0.000000;0.000000;2.000000;-207.401917;-297.167328;1842.735962;0.113040;0.000000;0.000000;0.000000;0.000000;2.000000;-236.862305;-34.251747;1863.170166;0.272542;0.000000;0.000000;0.000000;0.000000;2.000000;-229.748474;-21.655853;1972.381104;0.362446;0.000000;0.000000;0.000000;0.000000;2.000000;-281.648193;76.747917;1918.481567;0.225430;0.000000;0.000000;0.000000;0.000000;2.000000;-177.764282;14.395279;2005.793823;0.360681;0.000000;0.000000;0.000000;0.000000;2.000000;14.697144;-722.729126;1926.264038;0.178460;0.000000;0.000000;0.000000;0.000000;2.000000;119.447205;-705.364014;2032.860474;0.156640;0.000000;0.000000;0.000000;0.000000;2.000000;257.819885;-445.504547;2163.611084;0.132335;0.000000;0.000000;0.000000;0.000000;2.000000;253.492615;-237.182037;2333.278320;0.317020;0.000000;0.000000;0.000000;0.000000;1.000000;188.386169;-149.827148;2380.184082;0.190463;0.000000;0.000000;0.000000;0.000000;1.000000;142.337830;-46.268539;2424.002197;0.198428;0.000000;0.000000;0.000000;0.000000;1.000000;138.604431;-138.226547;2311.095215;0.084085;0.000000;0.000000;0.000000;0.000000;1.000000;-85.800171;-142.868546;1941.096558;0.073195;0.000000;0.000000;0.000000;0.000000;2.000000;-125.002625;311.074219;1987.673096;0.102527;0.000000;0.000000;0.000000;0.000000;2.000000;-43.646118;735.590698;1918.682861;0.110958;0.000000;0.000000;0.000000;0.000000;2.000000;-176.455444;894.869507;1972.793823;0.112631;0.000000;0.000000;0.000000;0.000000;2.000000;77.369751;-156.430740;2053.115723;0.066003;0.000000;0.000000;0.000000;0.000000;2.000000;82.050598;300.184052;2081.400879;1.168639;0.000000;0.000000;0.000000;0.000000;2.000000;125.313904;736.875488;2025.958374;1.080467;0.000000;0.000000;0.000000;0.000000;2.000000;55.413513;883.249023;2138.089355;1.512051;0.000000;0.000000;0.000000;0.000000;2.000000;-39.686096;-846.919678;1891.473511;0.185710;0.000000;0.000000;0.000000;0.000000;2.000000;-158.059631;-868.641235;2030.441772;0.148959;0.000000;0.000000;0.000000;0.000000;2.000000;-162.142944;-910.154541;1981.856812;0.074755;0.000000;0.000000;0.000000;0.000000;2.000000;-130.203186;-906.687500;1840.425415;0.125864;0.000000;0.000000;0.000000;0.000000;2.000000;-118.900940;-912.419922;2023.123047;0.092488;0.000000;0.000000;0.000000;0.000000;2.000000;15.722717;-929.932007;1959.573730;0.124712;0.000000;0.000000;0.000000;0.000000;2.000000;17764632576.000000
0.000000;-150.000000;2000.000000;0.000000;0.000000;0.000000;0.000000;0.000000;2.000000;-2.674988;-352.911011;1975.353638;0.106001;0.000000;0.000000;0.000000;0.000000;2.000000;-3.657776;-514.922791;1953.940308;0.193712;0.000000;0.000000;0.000000;0.000000;2.000000;-24.466309;-756.456665;1898.162720;0.074684;0.000000;0.000000;0.000000;0.000000;2.000000;-52.669556;-709.332275;1886.413574;0.097940;0.000000;0.000000;0.000000;0.000000;2.000000;-174.861938;-614.390137;1832.706543;0.163772;0.000000;0.000000;0.000000;0.000000;2.000000;-209.362610;-299.650879;1835.527222;0.226121;0.000000;0.000000;0.000000;0.000000;2.000000;-235.424133;-36.868950;1865.407593;0.107178;0.000000;0.000000;0.000000;0.000000;2.000000;-227.292542;-28.594627;1975.129883;0.225675;0.000000;0.000000;0.000000;0.000000;2.000000;-281.590942;68.042587;1919.976196;0.253702;0.000000;0.000000;0.000000;0.000000;2.000000;-176.001343;16.085274;2008.436768;0.103358;0.000000;0.000000;0.000000;0.000000;2.000000;11.813965;-723.391785;1926.289185;0.084974;0.000000;0.000000;0.000000;0.000000;2.000000;119.160950;-706.807007;2030.730713;0.074346;0.000000;0.000000;0.000000;0.000000;2.000000;265.283386;-450.427124;2161.138184;0.266440;0.000000;0.000000;0.000000;0.000000;2.000000;254.975769;-248.424454;2338.661133;0.360539;0.000000;0.000000;0.000000;0.000000;1.000000;190.337219;-157.521194;2379.546143;0.228721;0.000000;0.000000;0.000000;0.000000;1.000000;140.443054;-53.322968;2417.802246;0.275188;0.000000;0.000000;0.000000;0.000000;1.000000;141.898010;-145.252075;2307.164063;0.249835;0.000000;0.000000;0.000000;0.000000;1.000000;-86.745361;-141.853088;1942.342163;0.053551;0.000000;0.000000;0.000000;0.000000;2.000000;-127.012024;313.151245;1984.346069;0.126577;0.000000;0.000000;0.000000;0.000000;2.000000;-46.702148;738.227356;1913.338379;0.192365;0.000000;0.000000;0.000000;0.000000;2.000000;-183.418274;895.725464;1964.134277;0.320099;0.000000;0.000000;0.000000;0.000000;2.000000;78.222046;-157.346436;2051.992676;0.048286;0.000000;0.000000;0.000000;0.000000;2.000000;85.299377;300.438538;2070.562012;0.325085;0.000000;0.000000;0.000000;0.000000;2.000000;123.371155;739.036194;2021.281006;0.158158;0.000000;0.000000;0.000000;0.000000;2.000000;54.012878;881.641296;2138.998047;0.066573;0.000000;0.000000;0.000000;0.000000;2.000000;-40.532288;-848.318604;1890.170288;0.060053;0.000000;0.000000;0.000000;0.000000;2.000000;-159.076233;-874.280029;2028.638550;0.172529;0.000000;0.000000;0.000000;0.000000;2.000000;-163.913452;-913.646484;1978.239990;0.153093;0.000000;0.000000;0.000000;0.000000;2.000000;-132.209900;-904.533203;1836.778198;0.134629;0.000000;0.000000;0.000000;0.000000;2.000000;-120.547180;-918.355530;2019.301880;0.208199;0.000000;0.000000;0.000000;0.000000;2.000000;13.849792;-935.160339;1954.549927;0.215096;0.000000;0.000000;0.000000;0.000000;2.000000;17764667392.000000
0.000000;-150.000000;2000.000000;0.000000;0.000000;0.000000;0.000000;0.000000;2.000000;-2.249146;-352.788483;1975.043579;0.016505;0.000000;0.000000;0.000000;0.000000;2.000000;-2.870422;-514.696777;1953.378784;0.030308;0.000000;0.000000;0.000000;0.000000;2.000000;-23.271790;-756.042847;1897.123657;0.049939;0.000000;0.000000;0.000000;0.000000;2.000000;-51.156860;-708.868408;1884.940430;0.065974;0.000000;0.000000;0.000000;0.000000;2.000000;-174.200684;-615.532227;1830.583984;0.076275;0.000000;0.000000;0.000000;0.000000;2.000000;-209.365662;-301.041016;1836.087646;0.045741;0.000000;0.000000;0.000000;0.000000;2.000000;-236.381042;-37.885277;1860.254395;0.162931;0.000000;0.000000;0.000000;0.000000;2.000000;-225.671997;-26.784958;1969.456299;0.188347;0.000000;0.000000;0.000000;0.000000;2.000000;-279.243408;68.738625;1911.828491;0.259634;0.000000;0.000000;0.000000;0.000000;2.000000;-173.444336;15.897713;2000.990845;0.240325;0.000000;0.000000;0.000000;0.000000;2.000000;12.590210;-723.091553;1925.863647;0.028527;0.000000;0.000000;0.000000;0.000000;2.000000;115.022766;-707.375977;2035.167236;0.185960;0.000000;0.000000;0.000000;0.000000;2.000000;261.129700;-451.597870;2166.422852;0.208217;0.000000;0.000000;0.000000;0.000000;2.000000;254.148987;-245.723206;2339.424316;0.089301;0.000000;0.000000;0.000000;0.000000;1.000000;188.806458;-154.562210;2378.422363;0.107297;0.000000;0.000000;0.000000;0.000000;1.000000;137.268250;-50.641922;2415.051758;0.152076;0.000000;0.000000;0.000000;0.000000;1.000000;139.785461;-144.901901;2304.523926;0.103741;0.000000;0.000000;0.000000;0.000000;1.000000;-86.285522;-141.872559;1941.735229;0.023245;0.000000;0.000000;0.000000;0.000000;2.000000;-128.719727;312.968750;1981.105713;0.111919;0.000000;0.000000;0.000000;0.000000;2.000000;-47.881348;737.739624;1910.051147;0.107612;0.000000;0.000000;0.000000;0.000000;2.000000;-183.297791;896.031982;1961.460815;0.082204;0.000000;0.000000;0.000000;0.000000;2.000000;77.807434;-157.328873;2052.540039;0.020962;0.000000;0.000000;0.000000;0.000000;2.000000;88.515320;300.416412;2064.097168;0.220355;0.000000;0.000000;0.000000;0.000000;2.000000;124.072693;739.603638;2020.220337;0.042497;0.000000;0.000000;0.000000;0.000000;2.000000;53.125000;885.326782;2132.920410;0.218598;0.000000;0.000000;0.000000;0.000000;2.000000;-39.399780;-847.823242;1888.805298;0.056198;0.000000;0.000000;0.000000;0.000000;2.000000;-165.119202;-871.183350;2021.166626;0.308117;0.000000;0.000000;0.000000;0.000000;2.000000;-166.235962;-912.514771;1972.176514;0.201140;0.000000;0.000000;0.000000;0.000000;2.000000;-126.639526;-908.059692;1832.557373;0.238897;0.000000;0.000000;0.000000;0.000000;2.000000;-125.239929;-914.677856;2015.770386;0.211473;0.000000;0.000000;0.000000;0.000000;2.000000;12.922058;-930.869507;1959.492188;0.201735;0.000000;0.000000;0.000000;0.000000;2.000000;17764700160.000000
0.000000;-150.000000;2000.000000;0.000000;0.000000;0.000000;0.000000;0.000000;2.000000;-3.259644;-353.275299;1977.822266;0.091447;0.000000;0.000000;0.000000;0.000000;2.000000;-6.583130;-515.879211;1961.114136;0.264322;0.000000;0.000000;0.000000;0.000000;2.000000;-24.262146;-757.142639;1902.674316;0.175311;0.000000;0.000000;0.000000;0.000000;2.000000;-52.605042;-710.115173;1890.759277;0.186908;0.000000;0.000000;0.000000;0.000000;2.000000;-174.654236;-616.170349;1834.805542;0.131028;0.000000;0.000000;0.000000;0.000000;2.000000;-210.807739;-301.499329;1839.291138;0.108120;0.000000;0.000000;0.000000;0.000000;2.000000;-237.961243;-38.185822;1864.103516;0.127310;0.000000;0.000000;0.000000;0.000000;2.000000;-223.978210;-26.930107;1973.015259;0.120365;0.000000;0.000000;0.000000;0.000000;2.000000;-276.371887;73.689743;1923.289063;0.390939;0.000000;0.000000;0.000000;0.000000;2.000000;-180.329651;16.047256;2007.336426;0.285786;0.000000;0.000000;0.000000;0.000000;2.000000;11.164124;-724.041443;1931.875122;0.190763;0.000000;0.000000;0.000000;0.000000;2.000000;116.108215;-709.643372;2039.138306;0.143428;0.000000;0.000000;0.000000;0.000000;2.000000;265.087097;-458.306519;2176.298340;0.383833;0.000000;0.000000;0.000000;0.000000;2.000000;258.325745;-256.612640;2354.516602;0.582080;0.000000;0.000000;0.000000;0.000000;1.000000;193.827454;-161.774048;2385.675049;0.347716;0.000000;0.000000;0.000000;0.000000;0.000000;138.757751;-57.511627;2416.000000;0.216461;0.000000;0.000000;0.000000;0.000000;1.000000;147.763855;-151.429871;2308.616699;0.338484;0.000000;0.000000;0.000000;0.000000;1.000000;-85.637390;-142.145111;1940.590820;0.040989;0.000000;0.000000;0.000000;0.000000;2.000000;-129.071777;312.238861;1987.960693;0.210654;0.000000;0.000000;0.000000;0.000000;2.000000;-49.484558;737.351685;1915.220093;0.165581;0.000000;0.000000;0.000000;0.000000;2.000000;-185.649109;895.161072;1966.912720;0.183132;0.000000;0.000000;0.000000;0.000000;2.000000;77.222961;-157.083099;2053.572021;0.036963;0.000000;0.000000;0.000000;0.000000;2.000000;84.741760;300.861023;2072.880371;0.292049;0.000000;0.000000;0.000000;0.000000;2.000000;124.157532;739.806274;2026.106445;0.179755;0.000000;0.000000;0.000000;0.000000;2.000000;51.977539;884.757324;2139.317871;0.199110;0.000000;0.000000;0.000000;0.000000;2.000000;-39.417786;-849.089600;1893.499268;0.148371;0.000000;0.000000;0.000000;0.000000;2.000000;-161.404602;-873.380737;2029.360840;0.282633;0.000000;0.000000;0.000000;0.000000;2.000000;-164.514832;-913.856689;1979.674805;0.238325;0.000000;0.000000;0.000000;0.000000;2.000000;-129.126831;-907.372559;1838.879395;0.208386;0.000000;0.000000;0.000000;0.000000;2.000000;-122.196655;-917.261841;2021.977905;0.225235;0.000000;0.000000;0.000000;0.000000;2.000000;14.094177;-934.039551;1961.146851;0.114841;0.000000;0.000000;0.000000;0.000000;2.000000;17764732928.000000
0.000000;-150.000000;2000.000000;0.000000;0.000000;0.000000;0.000000;0.000000;2.000000;-3.260437;-353.271881;1977.825806;0.000152;0.000000;0.000000;0.000000;0.000000;2.000000;-6.606628;-515.875732;1961.151733;0.001357;0.000000;0.000000;0.000000;0.000000;2.000000;-24.257874;-757.180115;1902.892090;0.006745;0.000000;0.000000;0.000000;0.000000;2.000000;-52.601624;-710.164551;1890.936768;0.005623;0.000000;0.000000;0.000000;0.000000;2.000000;-174.666016;-616.331238;1834.838135;0.005023;0.000000;0.000000;0.000000;0.000000;2.000000;-211.049927;-301.684998;1838.751709;0.018914;0.000000;0.000000;0.000000;0.000000;2.000000;-238.505066;-38.300812;1862.402344;0.054617;0.000000;0.000000;0.000000;0.000000;2.000000;-224.793335;-26.509720;1971.289917;0.059630;0.000000;0.000000;0.000000;0.000000;2.000000;-277.845276;72.810532;1919.689941;0.121679;0.000000;0.000000;0.000000;0.000000;2.000000;-180.880920;16.715141;2005.301147;0.067501;0.000000;0.000000;0.000000;0.000000;2.000000;11.160339;-724.054932;1932.073486;0.006069;0.000000;0.000000;0.000000;0.000000;2.000000;116.085632;-709.686401;2039.355103;0.006780;0.000000;0.000000;0.000000;0.000000;2.000000;265.532654;-458.759766;2176.742676;0.023666;0.000000;0.000000;0.000000;0.000000;2.000000;259.166321;-257.163116;2355.077881;0.035123;0.000000;0.000000;0.000000;0.000000;1.000000;194.877869;-162.210556;2386.314453;0.039822;0.000000;0.000000;0.000000;0.000000;0.000000;140.025818;-57.864502;2416.736816;0.046034;0.000000;0.000000;0.000000;0.000000;1.000000;148.821716;-151.730591;2309.204834;0.038060;0.000000;0.000000;0.000000;0.000000;1.000000;-85.634521;-142.145599;1940.589966;0.000093;0.000000;0.000000;0.000000;0.000000;2.000000;-129.022705;312.230591;1987.994263;0.001832;0.000000;0.000000;0.000000;0.000000;2.000000;-49.379211;737.327332;1915.270020;0.003634;0.000000;0.000000;0.000000;0.000000;2.000000;-185.487305;895.167908;1966.999756;0.005611;0.000000;0.000000;0.000000;0.000000;2.000000;77.220398;-157.082657;2053.572754;0.000082;0.000000;0.000000;0.000000;0.000000;2.000000;84.753967;300.851837;2072.901855;0.000805;0.000000;0.000000;0.000000;0.000000;2.000000;124.186829;739.795532;2026.205078;0.003157;0.000000;0.000000;0.000000;0.000000;2.000000;51.652161;884.280823;2139.778320;0.022528;0.000000;0.000000;0.000000;0.000000;2.000000;-39.404968;-849.133362;1893.783936;0.008798;0.000000;0.000000;0.000000;0.000000;2.000000;-161.538879;-873.235535;2029.542480;0.008195;0.000000;0.000000;0.000000;0.000000;2.000000;-164.609924;-913.764648;1979.898926;0.007943;0.000000;0.000000;0.000000;0.000000;2.000000;-129.073669;-907.447571;1839.135986;0.008318;0.000000;0.000000;0.000000;0.000000;2.000000;-122.337708;-917.136230;2022.249268;0.010090;0.000000;0.000000;0.000000;0.000000;2.000000;14.008606;-934.023682;1961.579956;0.013482;0.000000;0.000000;0.000000;0.000000;2.000000;17764765696.000000
0.000000;-150.000000;2000.000000;0.000000;0.000000;0.000000;0.000000;0.000000;2.000000;-0.984863;-353.412781;1977.704346;0.065578;0.000000;0.000000;0.000000;0.000000;2.000000;1.665649;-515.349365;1954.625244;0.303022;0.000000;0.000000;0.000000;0.000000;2.000000;-21.448669;-758.525696;1906.219727;0.130917;0.000000;0.000000;0.000000;0.000000;2.000000;-50.187561;-711.663757;1894.437988;0.129518;0.000000;0.000000;0.000000;0.000000;2.000000;-174.485718;-618.406006;1842.107422;0.217191;0.000000;0.000000;0.000000;0.000000;2.000000;-211.386719;-303.612427;1845.562622;0.203538;0.000000;0.000000;0.000000;0.000000;2.000000;-237.990662;-40.142982;1871.059692;0.254656;0.000000;0.000000;0.000000;0.000000;2.000000;-220.921448;-28.881958;1979.599243;0.271976;0.000000;0.000000;0.000000;0.000000;2.000000;-280.740845;63.614098;1922.791260;0.290901;0.000000;0.000000;0.000000;0.000000;2.000000;-174.720398;10.470795;2012.067139;0.318188;0.000000;0.000000;0.000000;0.000000;2.000000;16.039917;-724.710999;1931.881226;0.141522;0.000000;0.000000;0.000000;0.000000;2.000000;127.378235;-707.930176;2032.261108;0.386348;0.000000;0.000000;0.000000;0.000000;2.000000;269.751526;-456.087646;2175.827393;0.145826;0.000000;0.000000;0.000000;0.000000;2.000000;255.493225;-264.105957;2364.286621;0.347643;0.000000;0.000000;0.000000;0.000000;1.000000;193.267151;-167.380981;2394.532715;0.282690;0.000000;0.000000;0.000000;0.000000;0.000000;141.699890;-60.906799;2423.605957;0.221075;0.000000;0.000000;0.000000;0.000000;1.000000;150.519836;-153.901489;2316.520752;0.224548;0.000000;0.000000;0.000000;0.000000;1.000000;-87.737061;-143.378052;1943.460327;0.108153;0.000000;0.000000;0.000000;0.000000;2.000000;-129.286560;311.324829;1992.177612;0.123173;0.000000;0.000000;0.000000;0.000000;2.000000;-50.464783;736.977112;1920.134277;0.143503;0.000000;0.000000;0.000000;0.000000;2.000000;-187.793030;894.422546;1970.387329;0.119630;0.000000;0.000000;0.000000;0.000000;2.000000;79.116333;-155.971298;2050.984375;0.097527;0.000000;0.000000;0.000000;0.000000;2.000000;84.542908;302.082611;2074.606934;0.060703;0.000000;0.000000;0.000000;0.000000;2.000000;122.545593;741.770325;2031.171021;0.160574;0.000000;0.000000;0.000000;0.000000;2.000000;52.381836;884.791138;2148.250977;0.244695;0.000000;0.000000;0.000000;0.000000;2.000000;-37.818787;-850.653442;1901.381348;0.227157;0.000000;0.000000;0.000000;0.000000;2.000000;-160.382507;-871.258850;2037.486206;0.237455;0.000000;0.000000;0.000000;0.000000;2.000000;-163.887634;-912.543579;1988.445190;0.248829;0.000000;0.000000;0.000000;0.000000;2.000000;-128.170959;-908.820129;1847.540283;0.245960;0.000000;0.000000;0.000000;0.000000;2.000000;-121.656372;-915.740356;2030.903687;0.252548;0.000000;0.000000;0.000000;0.000000;2.000000;14.612305;-935.136658;1970.575439;0.260919;0.000000;0.000000;0.000000;0.000000;2.000000;17764800512.000000
0.000000;-150.000000;2000.000000;0.000000;0.000000;0.000000;0.000000;0.000000;2.000000;-0.985107;-353.412720;1977.704468;0.000009;0.000000;0.000000;0.000000;0.000000;2.000000;1.665100;-515.349365;1954.625488;0.000018;0.000000;0.000000;0.000000;0.000000;2.000000;-21.449951;-758.525513;1906.219971;0.000040;0.000000;0.000000;0.000000;0.000000;2.000000;-50.188599;-711.663513;1894.438232;0.000033;0.000000;0.000000;0.000000;0.000000;2.000000;-174.486328;-618.405212;1842.107666;0.000031;0.000000;0.000000;0.000000;0.000000;2.000000;-211.385803;-303.611603;1845.563354;0.000044;0.000000;0.000000;0.000000;0.000000;2.000000;-237.988647;-40.142052;1871.059814;0.000068;0.000000;0.000000;0.000000;0.000000;2.000000;-220.919617;-28.880402;1979.599243;0.000073;0.000000;0.000000;0.000000;0.000000;2.000000;-280.737305;63.617493;1922.792480;0.000154;0.000000;0.000000;0.000000;0.000000;2.000000;-174.717285;10.475304;2012.066162;0.000170;0.000000;0.000000;0.000000;0.000000;2.000000;16.038757;-724.710999;1931.881470;0.000036;0.000000;0.000000;0.000000;0.000000;2.000000;127.374451;-707.931885;2032.264404;0.000162;0.000000;0.000000;0.000000;0.000000;2.000000;269.751770;-456.094788;2175.835938;0.000340;0.000000;0.000000;0.000000;0.000000;2.000000;255.495056;-264.113678;2364.295898;0.000373;0.000000;0.000000;0.000000;0.000000;1.000000;193.271545;-167.386871;2394.541016;0.000338;0.000000;0.000000;0.000000;0.000000;0.000000;141.707458;-60.911209;2423.614258;0.000368;0.000000;0.000000;0.000000;0.000000;1.000000;150.526550;-153.905212;2316.528564;0.000334;0.000000;0.000000;0.000000;0.000000;1.000000;-87.737000;-143.377914;1943.460449;0.000006;0.000000;0.000000;0.000000;0.000000;2.000000;-129.285278;311.324890;1992.178589;0.000049;0.000000;0.000000;0.000000;0.000000;2.000000;-50.463013;736.977112;1920.135376;0.000064;0.000000;0.000000;0.000000;0.000000;2.000000;-187.790161;894.422485;1970.391846;0.000163;0.000000;0.000000;0.000000;0.000000;2.000000;79.116333;-155.971405;2050.984375;0.000003;0.000000;0.000000;0.000000;0.000000;2.000000;84.540466;302.082581;2074.605225;0.000091;0.000000;0.000000;0.000000;0.000000;2.000000;122.538757;741.770081;2031.163940;0.000300;0.000000;0.000000;0.000000;0.000000;2.000000;52.381470;884.794556;2148.243408;0.000254;0.000000;0.000000;0.000000;0.000000;2.000000;-37.820374;-850.653198;1901.381714;0.000050;0.000000;0.000000;0.000000;0.000000;2.000000;-160.390747;-871.264343;2037.479614;0.000363;0.000000;0.000000;0.000000;0.000000;2.000000;-163.893433;-912.547058;1988.436768;0.000330;0.000000;0.000000;0.000000;0.000000;2.000000;-128.169861;-908.817749;1847.533813;0.000213;0.000000;0.000000;0.000000;0.000000;2.000000;-121.664246;-915.745605;2030.896973;0.000354;0.000000;0.000000;0.000000;0.000000;2.000000;14.607422;-935.139282;1970.574707;0.000171;0.000000;0.000000;0.000000;0.000000;2.000000;17764833280.000000
0.000000;-150.000000;2000.000000;0.000000;0.000000;0.000000;0.000000;0.000000;2.000000;-2.843323;-353.419983;1980.700806;0.107598;0.000000;0.000000;0.000000;0.000000;2.000000;-5.539978;-516.093872;1965.874634;0.408310;0.000000;0.000000;0.000000;0.000000;2.000000;-20.138550;-757.304749;1907.167480;0.061852;0.000000;0.000000;0.000000;0.000000;2.000000;-48.989563;-710.643494;1895.231689;0.053798;0.000000;0.000000;0.000000;0.000000;2.000000;-171.170410;-617.778442;1838.136353;0.159042;0.000000;0.000000;0.000000;0.000000;2.000000;-206.730591;-303.310547;1844.382446;0.146853;0.000000;0.000000;0.000000;0.000000;2.000000;-233.152954;-40.063622;1868.532959;0.166524;0.000000;0.000000;0.000000;0.000000;2.000000;-217.603699;-28.485497;1977.113647;0.127041;0.000000;0.000000;0.000000;0.000000;2.000000;-277.432007;63.413055;1919.718262;0.137896;0.000000;0.000000;0.000000;0.000000;2.000000;-171.801025;15.299698;2009.212646;0.192822;0.000000;0.000000;0.000000;0.000000;2.000000;14.777649;-723.837891;1936.482544;0.148011;0.000000;0.000000;0.000000;0.000000;2.000000;122.437073;-709.734070;2040.896240;0.308415;0.000000;0.000000;0.000000;0.000000;2.000000;276.453308;-462.694641;2179.716797;0.310515;0.000000;0.000000;0.000000;0.000000;2.000000;271.197327;-265.957397;2363.143311;0.483768;0.000000;0.000000;0.000000;0.000000;1.000000;208.238708;-170.902710;2396.380859;0.472542;0.000000;0.000000;0.000000;0.000000;0.000000;155.533630;-65.015350;2424.851563;0.441755;0.000000;0.000000;0.000000;0.000000;0.000000;159.378357;-157.972763;2312.655273;0.319928;0.000000;0.000000;0.000000;0.000000;1.000000;-85.526978;-143.154388;1940.445801;0.114277;0.000000;0.000000;0.000000;0.000000;2.000000;-125.071228;311.111511;1988.986572;0.161463;0.000000;0.000000;0.000000;0.000000;2.000000;-46.806213;736.163940;1916.453125;0.160304;0.000000;0.000000;0.000000;0.000000;2.000000;-181.870789;894.643677;1968.307251;0.191638;0.000000;0.000000;0.000000;0.000000;2.000000;77.123413;-156.172974;2053.702637;0.103045;0.000000;0.000000;0.000000;0.000000;2.000000;88.881653;301.507721;2068.374023;0.232423;0.000000;0.000000;0.000000;0.000000;2.000000;127.845764;740.941162;2029.668701;0.170153;0.000000;0.000000;0.000000;0.000000;2.000000;53.854492;887.644043;2139.132324;0.294777;0.000000;0.000000;0.000000;0.000000;2.000000;-34.150269;-849.347473;1897.856689;0.160327;0.000000;0.000000;0.000000;0.000000;2.000000;-156.600769;-870.979187;2033.562256;0.166568;0.000000;0.000000;0.000000;0.000000;2.000000;-159.190552;-912.682800;1984.935425;0.178977;0.000000;0.000000;0.000000;0.000000;2.000000;-123.131775;-909.523865;1844.309570;0.183808;0.000000;0.000000;0.000000;0.000000;2.000000;-117.106445;-914.744385;2027.494141;0.176251;0.000000;0.000000;0.000000;0.000000;2.000000;19.502991;-932.153748;1967.846436;0.193789;0.000000;0.000000;0.000000;0.000000;2.000000;17764866048.000000
0.000000;-150.000000;2000.000000;0.000000;0.000000;0.000000;0.000000;0.000000;2.000000;-2.839172;-353.417633;1980.698364;0.000154;0.000000;0.000000;0.000000;0.000000;2.000000;-5.531128;-516.089600;1965.868286;0.000336;0.000000;0.000000;0.000000;0.000000;2.000000;-20.131409;-757.294250;1907.146606;0.000702;0.000000;0.000000;0.000000;0.000000;2.000000;-48.983215;-710.632996;1895.216064;0.000571;0.000000;0.000000;0.000000;0.000000;2.000000;-171.166321;-617.760132;1838.143188;0.000574;0.000000;0.000000;0.000000;0.000000;2.000000;-206.713806;-303.295441;1844.458496;0.002279;0.000000;0.000000;0.000000;0.000000;2.000000;-233.115112;-40.059090;1868.716064;0.005372;0.000000;0.000000;0.000000;0.000000;2.000000;-217.539490;-28.530975;1977.297119;0.005734;0.000000;0.000000;0.000000;0.000000;2.000000;-277.349792;63.454723;1920.025513;0.009214;0.000000;0.000000;0.000000;0.000000;2.000000;-171.700439;15.223892;2009.398682;0.006453;0.000000;0.000000;0.000000;0.000000;2.000000;14.786011;-723.829346;1936.461548;0.000694;0.000000;0.000000;0.000000;0.000000;2.000000;122.461243;-709.707275;2040.853882;0.001598;0.000000;0.000000;0.000000;0.000000;2.000000;276.408264;-462.602844;2179.627441;0.003900;0.000000;0.000000;0.000000;0.000000;2.000000;271.132751;-265.851990;2363.035156;0.004718;0.000000;0.000000;0.000000;0.000000;1.000000;208.151794;-170.815948;2396.279053;0.004582;0.000000;0.000000;0.000000;0.000000;0.000000;155.419128;-64.944595;2424.752930;0.004793;0.000000;0.000000;0.000000;0.000000;1.000000;159.267151;-157.909714;2312.565918;0.004480;0.000000;0.000000;0.000000;0.000000;1.000000;-85.526672;-143.155487;1940.447144;0.000051;0.000000;0.000000;0.000000;0.000000;2.000000;-125.082886;311.102295;1989.008911;0.000771;0.000000;0.000000;0.000000;0.000000;2.000000;-46.859985;736.161926;1916.499878;0.002047;0.000000;0.000000;0.000000;0.000000;2.000000;-181.926270;894.620972;1968.403931;0.003267;0.000000;0.000000;0.000000;0.000000;2.000000;77.123169;-156.171982;2053.701660;0.000041;0.000000;0.000000;0.000000;0.000000;2.000000;88.809021;301.506348;2068.353027;0.002172;0.000000;0.000000;0.000000;0.000000;2.000000;127.665588;740.938232;2029.574585;0.005839;0.000000;0.000000;0.000000;0.000000;2.000000;53.763733;887.592957;2139.159180;0.003089;0.000000;0.000000;0.000000;0.000000;2.000000;-34.142883;-849.335510;1897.830688;0.000849;0.000000;0.000000;0.000000;0.000000;2.000000;-156.564941;-870.952393;2033.561523;0.001285;0.000000;0.000000;0.000000;0.000000;2.000000;-159.184509;-912.641968;1984.925293;0.001221;0.000000;0.000000;0.000000;0.000000;2.000000;-123.161865;-909.461304;1844.292236;0.002055;0.000000;0.000000;0.000000;0.000000;2.000000;-117.090332;-914.731567;2027.471802;0.000873;0.000000;0.000000;0.000000;0.000000;2.000000;19.494812;-932.180725;1967.784058;0.001966;0.000000;0.000000;0.000000;0.000000;2.000000;17764900864.000000
0.000000;-150.000000;2000.000000;0.000000;0.000000;0.000000;0.000000;0.000000;2.000000;-2.376282;-353.771637;1980.353638;0.020663;0.000000;0.000000;0.000000;0.000000;2.000000;-3.603210;-516.581299;1963.619629;0.091629;0.000000;0.000000;0.000000;0.000000;2.000000;-24.363159;-759.147705;1910.691284;0.177705;0.000000;0.000000;0.000000;0.000000;2.000000;-53.227783;-712.249023;1899.240723;0.185194;0.000000;0.000000;0.000000;0.000000;2.000000;-175.966431;-618.951904;1843.188232;0.215606;0.000000;0.000000;0.000000;0.000000;2.000000;-210.191895;-303.760956;1850.047119;0.201385;0.000000;0.000000;0.000000;0.000000;2.000000;-237.461853;-39.696846;1869.218872;0.133993;0.000000;0.000000;0.000000;0.000000;2.000000;-228.050110;-26.365776;1978.508789;0.329575;0.000000;0.000000;0.000000;0.000000;2.000000;-276.869324;78.221649;1933.190674;0.603920;0.000000;0.000000;0.000000;0.000000;2.000000;-183.193726;15.423553;2013.473999;0.372194;0.000000;0.000000;0.000000;0.000000;2.000000;12.505554;-725.527954;1937.538940;0.092798;0.000000;0.000000;0.000000;0.000000;2.000000;125.890686;-710.175659;2035.944336;0.183319;0.000000;0.000000;0.000000;0.000000;2.000000;271.283142;-459.145172;2178.245605;0.193328;0.000000;0.000000;0.000000;0.000000;2.000000;268.251526;-265.402344;2365.596680;0.118450;0.000000;0.000000;0.000000;0.000000;1.000000;204.977600;-171.211182;2401.380371;0.183753;0.000000;0.000000;0.000000;0.000000;0.000000;152.395447;-65.176208;2430.482422;0.197832;0.000000;0.000000;0.000000;0.000000;0.000000;153.938171;-157.468323;2317.157227;0.215085;0.000000;0.000000;0.000000;0.000000;1.000000;-87.651917;-143.503754;1943.222656;0.107209;0.000000;0.000000;0.000000;0.000000;2.000000;-129.872620;311.093323;1994.342529;0.218769;0.000000;0.000000;0.000000;0.000000;2.000000;-51.879944;736.820068;1920.589355;0.198615;0.000000;0.000000;0.000000;0.000000;2.000000;-186.293457;895.189331;1975.991943;0.267744;0.000000;0.000000;0.000000;0.000000;2.000000;79.039673;-155.857971;2051.198730;0.096680;0.000000;0.000000;0.000000;0.000000;2.000000;85.481995;302.221588;2078.066895;0.314109;0.000000;0.000000;0.000000;0.000000;2.000000;124.926331;742.162964;2036.373779;0.226802;0.000000;0.000000;0.000000;0.000000;2.000000;54.333679;885.366943;2153.129883;0.432080;0.000000;0.000000;0.000000;0.000000;2.000000;-40.060303;-851.323242;1904.019043;0.268247;0.000000;0.000000;0.000000;0.000000;2.000000;-162.821106;-875.833008;2039.415771;0.300923;0.000000;0.000000;0.000000;0.000000;2.000000;-165.406250;-916.565308;1989.819092;0.269614;0.000000;0.000000;0.000000;0.000000;2.000000;-129.201599;-910.415894;1849.052612;0.236488;0.000000;0.000000;0.000000;0.000000;2.000000;-123.268860;-919.556519;2032.425537;0.282998;0.000000;0.000000;0.000000;0.000000;2.000000;13.618347;-935.780151;1972.384277;0.252856;0.000000;0.000000;0.000000;0.000000;2.000000;17764933632.000000
0.000000;-150.000000;2000.000000;0.000000;0.000000;0.000000;0.000000;0.000000;2.000000;-2.065735;-353.651489;1980.507202;0.011190;0.000000;0.000000;0.000000;0.000000;2.000000;-3.146790;-516.379944;1964.052734;0.020161;0.000000;0.000000;0.000000;0.000000;2.000000;-22.965576;-758.969543;1911.661133;0.052198;0.000000;0.000000;0.000000;0.000000;2.000000;-51.881287;-712.210266;1899.957886;0.046572;0.000000;0.000000;0.000000;0.000000;2.000000;-174.645752;-619.445801;1843.403076;0.043527;0.000000;0.000000;0.000000;0.000000;2.000000;-209.054016;-304.502747;1850.855225;0.048234;0.000000;0.000000;0.000000;0.000000;2.000000;-236.149109;-40.922577;1874.033203;0.156813;0.000000;0.000000;0.000000;0.000000;2.000000;-228.017090;-29.751480;1983.592285;0.186397;0.000000;0.000000;0.000000;0.000000;2.000000;-281.266541;67.001816;1927.394287;0.408090;0.000000;0.000000;0.000000;0.000000;2.000000;-180.645996;9.484161;2018.553711;0.250859;0.000000;0.000000;0.000000;0.000000;2.000000;13.651794;-725.205078;1938.590454;0.048482;0.000000;0.000000;0.000000;0.000000;2.000000;122.224548;-709.941101;2042.146484;0.219985;0.000000;0.000000;0.000000;0.000000;2.000000;268.142639;-461.902710;2188.602539;0.340832;0.000000;0.000000;0.000000;0.000000;2.000000;267.942566;-265.460022;2372.880859;0.222502;0.000000;0.000000;0.000000;0.000000;1.000000;207.242004;-168.559067;2405.479004;0.164229;0.000000;0.000000;0.000000;0.000000;0.000000;155.633850;-61.975296;2433.970703;0.175048;0.000000;0.000000;0.000000;0.000000;0.000000;155.217346;-158.690811;2317.260742;0.054090;0.000000;0.000000;0.000000;0.000000;1.000000;-87.578491;-143.676788;1943.219360;0.005737;0.000000;0.000000;0.000000;0.000000;2.000000;-129.421143;310.440674;1996.107178;0.059048;0.000000;0.000000;0.000000;0.000000;2.000000;-52.463562;735.707642;1920.397461;0.038782;0.000000;0.000000;0.000000;0.000000;2.000000;-185.220215;895.360107;1975.550903;0.035792;0.000000;0.000000;0.000000;0.000000;2.000000;78.973389;-155.701935;2051.201660;0.005174;0.000000;0.000000;0.000000;0.000000;2.000000;84.931824;302.125580;2077.194336;0.031616;0.000000;0.000000;0.000000;0.000000;2.000000;123.331970;741.679321;2033.652344;0.097380;0.000000;0.000000;0.000000;0.000000;2.000000;56.218201;886.546631;2150.182617;0.112665;0.000000;0.000000;0.000000;0.000000;2.000000;-38.366882;-851.141968;1905.144775;0.062302;0.000000;0.000000;0.000000;0.000000;2.000000;-171.128235;-870.263855;2031.502441;0.389197;0.000000;0.000000;0.000000;0.000000;2.000000;-170.336060;-912.591187;1983.254517;0.278347;0.000000;0.000000;0.000000;0.000000;2.000000;-123.585388;-911.411499;1845.601563;0.203447;0.000000;0.000000;0.000000;0.000000;2.000000;-131.590393;-914.429749;2028.975098;0.316321;0.000000;0.000000;0.000000;0.000000;2.000000;9.189331;-933.556519;1980.075928;0.279235;0.000000;0.000000;0.000000;0.000000;2.000000;17764966400.000000
0.000000;-150.000000;2000.000000;0.000000;0.000000;0.000000;0.000000;0.000000;2.000000;-0.728699;-352.931885;1978.047363;0.088218;0.000000;0.000000;0.000000;0.000000;2.000000;0.021545;-514.947754;1958.590332;0.197605;0.000000;0.000000;0.000000;0.000000;2.000000;-19.371033;-757.639160;1909.351929;0.136558;0.000000;0.000000;0.000000;0.000000;2.000000;-47.848450;-711.086487;1896.439819;0.166882;0.000000;0.000000;0.000000;0.000000;2.000000;-172.047485;-619.910828;1841.561279;0.098224;0.000000;0.000000;0.000000;0.000000;2.000000;-206.942627;-305.746338;1848.294067;0.108172;0.000000;0.000000;0.000000;0.000000;2.000000;-232.183472;-43.051208;1876.070679;0.150772;0.000000;0.000000;0.000000;0.000000;2.000000;-216.082031;-33.130318;1984.605713;0.379805;0.000000;0.000000;0.000000;0.000000;2.000000;-274.916748;61.336678;1930.771729;0.279400;0.000000;0.000000;0.000000;0.000000;2.000000;-170.437073;15.704788;2016.242188;0.371590;0.000000;0.000000;0.000000;0.000000;2.000000;16.707214;-723.667786;1936.471802;0.122784;0.000000;0.000000;0.000000;0.000000;2.000000;120.290100;-706.479248;2044.242065;0.136881;0.000000;0.000000;0.000000;0.000000;2.000000;266.179382;-456.809387;2186.234131;0.181588;0.000000;0.000000;0.000000;0.000000;2.000000;266.981018;-254.994522;2363.664551;0.426582;0.000000;0.000000;0.000000;0.000000;1.000000;204.525330;-162.565964;2404.008057;0.205765;0.000000;0.000000;0.000000;0.000000;0.000000;154.475647;-56.062485;2434.313721;0.184172;0.000000;0.000000;0.000000;0.000000;0.000000;148.003357;-151.222641;2314.679688;0.326520;0.000000;0.000000;0.000000;0.000000;1.000000;-85.689758;-143.296478;1940.876587;0.092567;0.000000;0.000000;0.000000;0.000000;2.000000;-127.417053;310.143555;1990.303589;0.187593;0.000000;0.000000;0.000000;0.000000;2.000000;-48.724609;734.978943;1920.053833;0.116723;0.000000;0.000000;0.000000;0.000000;2.000000;-183.794250;893.047852;1972.123413;0.133469;0.000000;0.000000;0.000000;0.000000;2.000000;77.270264;-156.044861;2053.314209;0.083470;0.000000;0.000000;0.000000;0.000000;2.000000;82.430359;300.809265;2077.774902;0.088064;0.000000;0.000000;0.000000;0.000000;2.000000;122.893372;738.546631;2028.643677;0.180784;0.000000;0.000000;0.000000;0.000000;2.000000;51.328308;882.414185;2142.964355;0.294446;0.000000;0.000000;0.000000;0.000000;2.000000;-34.859192;-849.641479;1903.840332;0.123047;0.000000;0.000000;0.000000;0.000000;2.000000;-163.002197;-874.773132;2033.252686;0.288596;0.000000;0.000000;0.000000;0.000000;2.000000;-161.999634;-916.484192;1984.671387;0.284091;0.000000;0.000000;0.000000;0.000000;2.000000;-119.235352;-912.286011;1846.140625;0.136404;0.000000;0.000000;0.000000;0.000000;2.000000;-122.059998;-917.331177;2029.195435;0.304099;0.000000;0.000000;0.000000;0.000000;2.000000;17.596680;-930.773804;1976.409302;0.292509;0.000000;0.000000;0.000000;0.000000;2.000000;17764999168.000000
0.000000;-150.000000;2000.000000;0.000000;0.000000;0.000000;0.000000;0.000000;2.000000;-2.176514;-352.972351;1980.287842;0.076628;0.000000;0.000000;0.000000;0.000000;2.000000;-3.970032;-515.246216;1964.610352;0.207642;0.000000;0.000000;0.000000;0.000000;2.000000;-21.759094;-757.082642;1911.784546;0.099208;0.000000;0.000000;0.000000;0.000000;2.000000;-51.164368;-710.732483;1900.544067;0.151891;0.000000;0.000000;0.000000;0.000000;2.000000;-174.336670;-619.391357;1844.075195;0.098790;0.000000;0.000000;0.000000;0.000000;2.000000;-208.136780;-305.456360;1853.572998;0.155678;0.000000;0.000000;0.000000;0.000000;2.000000;-233.504639;-42.755058;1878.849731;0.088790;0.000000;0.000000;0.000000;0.000000;2.000000;-217.812866;-31.682930;1987.235840;0.099532;0.000000;0.000000;0.000000;0.000000;2.000000;-273.232239;67.260956;1938.289429;0.279141;0.000000;0.000000;0.000000;0.000000;2.000000;-171.827271;15.085182;2019.095459;0.092884;0.000000;0.000000;0.000000;0.000000;2.000000;14.649841;-723.140869;1938.391724;0.082231;0.000000;0.000000;0.000000;0.000000;2.000000;129.271606;-706.104675;2034.158936;0.387994;0.000000;0.000000;0.000000;0.000000;2.000000;267.010010;-453.942932;2179.217285;0.219012;0.000000;0.000000;0.000000;0.000000;2.000000;261.255005;-261.779297;2366.635254;0.268897;0.000000;0.000000;0.000000;0.000000;1.000000;202.339355;-167.678650;2408.117920;0.198599;0.000000;0.000000;0.000000;0.000000;0.000000;158.336182;-58.753555;2438.771729;0.186186;0.000000;0.000000;0.000000;0.000000;0.000000;148.602417;-151.556992;2318.629883;0.115158;0.000000;0.000000;0.000000;0.000000;1.000000;-87.283936;-143.566437;1943.392700;0.085904;0.000000;0.000000;0.000000;0.000000;2.000000;-126.206299;308.972443;1999.244019;0.261309;0.000000;0.000000;0.000000;0.000000;2.000000;-51.686279;732.885803;1921.639526;0.113688;0.000000;0.000000;0.000000;0.000000;2.000000;-179.793701;896.145203;1974.512207;0.160703;0.000000;0.000000;0.000000;0.000000;2.000000;78.707703;-155.801422;2051.045410;0.077460;0.000000;0.000000;0.000000;0.000000;2.000000;87.079590;300.642090;2074.806152;0.158512;0.000000;0.000000;0.000000;0.000000;2.000000;124.300171;739.247314;2035.259888;0.195322;0.000000;0.000000;0.000000;0.000000;2.000000;58.503235;885.874512;2149.242676;0.291318;0.000000;0.000000;0.000000;0.000000;2.000000;-36.236755;-849.091309;1905.133911;0.056531;0.000000;0.000000;0.000000;0.000000;2.000000;-158.498962;-868.644287;2040.819092;0.308137;0.000000;0.000000;0.000000;0.000000;2.000000;-161.873413;-910.217285;1992.299927;0.283589;0.000000;0.000000;0.000000;0.000000;2.000000;-126.131409;-907.668701;1851.884521;0.289894;0.000000;0.000000;0.000000;0.000000;2.000000;-119.826416;-912.968201;2034.685303;0.211384;0.000000;0.000000;0.000000;0.000000;2.000000;16.075745;-932.602112;1974.877686;0.081248;0.000000;0.000000;0.000000;0.000000;2.000000;17765033984.000000
0.000000;-150.000000;2000.000000;0.000000;0.000000;0.000000;0.000000;0.000000;2.000000;-2.176208;-352.972626;1980.288086;0.000015;0.000000;0.000000;0.000000;0.000000;2.000000;-3.969666;-515.246704;1964.611206;0.000032;0.000000;0.000000;0.000000;0.000000;2.000000;-21.757751;-757.084045;1911.787354;0.000104;0.000000;0.000000;0.000000;0.000000;2.000000;-51.163208;-710.734009;1900.546387;0.000092;0.000000;0.000000;0.000000;0.000000;2.000000;-174.335999;-619.394470;1844.075562;0.000098;0.000000;0.000000;0.000000;0.000000;2.000000;-208.139893;-305.459198;1853.565918;0.000251;0.000000;0.000000;0.000000;0.000000;2.000000;-233.512207;-42.756584;1878.828979;0.000676;0.000000;0.000000;0.000000;0.000000;2.000000;-217.823486;-31.677864;1987.214966;0.000731;0.000000;0.000000;0.000000;0.000000;2.000000;-273.248962;67.255005;1938.252808;0.001242;0.000000;0.000000;0.000000;0.000000;2.000000;-171.847412;15.096977;2019.075073;0.000946;0.000000;0.000000;0.000000;0.000000;2.000000;14.651062;-723.141785;1938.394531;0.000098;0.000000;0.000000;0.000000;0.000000;2.000000;129.270386;-706.104065;2034.164917;0.000187;0.000000;0.000000;0.000000;0.000000;2.000000;267.005249;-453.939819;2179.223145;0.000249;0.000000;0.000000;0.000000;0.000000;2.000000;261.246216;-261.772980;2366.637695;0.000339;0.000000;0.000000;0.000000;0.000000;1.000000;202.329834;-167.671463;2408.117676;0.000364;0.000000;0.000000;0.000000;0.000000;0.000000;158.325928;-58.745712;2438.769043;0.000402;0.000000;0.000000;0.000000;0.000000;0.000000;148.594727;-151.551178;2318.628174;0.000299;0.000000;0.000000;0.000000;0.000000;1.000000;-87.283997;-143.566650;1943.392700;0.000007;0.000000;0.000000;0.000000;0.000000;2.000000;-126.207458;308.972839;1999.243530;0.000040;0.000000;0.000000;0.000000;0.000000;2.000000;-51.688416;732.886963;1921.639282;0.000075;0.000000;0.000000;0.000000;0.000000;2.000000;-179.797363;896.144836;1974.513672;0.000121;0.000000;0.000000;0.000000;0.000000;2.000000;78.707825;-155.801239;2051.045410;0.000007;0.000000;0.000000;0.000000;0.000000;2.000000;87.074585;300.643036;2074.803223;0.000179;0.000000;0.000000;0.000000;0.000000;2.000000;124.286987;739.248596;2035.248535;0.000532;0.000000;0.000000;0.000000;0.000000;2.000000;58.496521;885.878235;2149.232178;0.000397;0.000000;0.000000;0.000000;0.000000;2.000000;-36.235046;-849.092957;1905.137573;0.000133;0.000000;0.000000;0.000000;0.000000;2.000000;-158.497681;-868.650208;2040.821899;0.000204;0.000000;0.000000;0.000000;0.000000;2.000000;-161.869507;-910.224243;1992.303345;0.000265;0.000000;0.000000;0.000000;0.000000;2.000000;-126.126160;-907.676025;1851.888062;0.000295;0.000000;0.000000;0.000000;0.000000;2.000000;-119.822754;-912.972290;2034.689331;0.000208;0.000000;0.000000;0.000000;0.000000;2.000000;16.081177;-932.600037;1974.883179;0.000244;0.000000;0.000000;0.000000;0.000000;2.000000;17765066752.000000
0.000000;-150.000000;2000.000000;0.000000;0.000000;0.000000;0.000000;0.000000;2.000000;-1.388977;-352.837341;1980.265625;0.024386;0.000000;0.000000;0.000000;0.000000;2.000000;-2.621704;-515.013062;1964.674194;0.041794;0.000000;0.000000;0.000000;0.000000;2.000000;-21.008118;-756.644531;1911.910156;0.026783;0.000000;0.000000;0.000000;0.000000;2.000000;-50.064819;-710.199219;1900.351318;0.037754;0.000000;0.000000;0.000000;0.000000;2.000000;-173.067383;-618.999756;1843.606445;0.042999;0.000000;0.000000;0.000000;0.000000;2.000000;-208.082153;-305.436829;1853.801758;0.007441;0.000000;0.000000;0.000000;0.000000;2.000000;-235.263184;-42.786301;1875.583740;0.112537;0.000000;0.000000;0.000000;0.000000;2.000000;-221.557434;-30.338326;1984.013428;0.155570;0.000000;0.000000;0.000000;0.000000;2.000000;-281.016785;62.886124;1929.150757;0.388753;0.000000;0.000000;0.000000;0.000000;2.000000;-179.589966;12.938499;2017.797974;0.248371;0.000000;0.000000;0.000000;0.000000;2.000000;15.271240;-722.872925;1938.827515;0.024497;0.000000;0.000000;0.000000;0.000000;2.000000;125.407715;-706.515991;2039.680664;0.205883;0.000000;0.000000;0.000000;0.000000;2.000000;263.503174;-456.812347;2188.125000;0.304808;0.000000;0.000000;0.000000;0.000000;2.000000;263.918091;-261.216675;2371.780029;0.177664;0.000000;0.000000;0.000000;0.000000;1.000000;203.879028;-166.436752;2409.723145;0.077817;0.000000;0.000000;0.000000;0.000000;0.000000;157.413208;-57.928909;2437.785645;0.047936;0.000000;0.000000;0.000000;0.000000;0.000000;150.969849;-153.415115;2318.371826;0.092470;0.000000;0.000000;0.000000;0.000000;1.000000;-87.019226;-143.866623;1943.083862;0.015425;0.000000;0.000000;0.000000;0.000000;2.000000;-127.431824;308.217773;1999.000732;0.044520;0.000000;0.000000;0.000000;0.000000;2.000000;-51.577332;732.110840;1924.314697;0.085081;0.000000;0.000000;0.000000;0.000000;2.000000;-180.442261;895.577881;1974.018311;0.030253;0.000000;0.000000;0.000000;0.000000;2.000000;78.469116;-155.530746;2051.323975;0.013910;0.000000;0.000000;0.000000;0.000000;2.000000;86.195068;300.619781;2074.930908;0.027131;0.000000;0.000000;0.000000;0.000000;2.000000;123.788330;738.790771;2034.306152;0.035410;0.000000;0.000000;0.000000;0.000000;2.000000;55.427612;886.621704;2144.943848;0.162521;0.000000;0.000000;0.000000;0.000000;2.000000;-35.839294;-848.527710;1905.197632;0.021137;0.000000;0.000000;0.000000;0.000000;2.000000;-165.521790;-870.320313;2033.269287;0.318860;0.000000;0.000000;0.000000;0.000000;2.000000;-164.547852;-912.570679;1985.288330;0.240082;0.000000;0.000000;0.000000;0.000000;2.000000;-120.279602;-910.652588;1847.417114;0.242286;0.000000;0.000000;0.000000;0.000000;2.000000;-125.176453;-913.399414;2030.192261;0.213772;0.000000;0.000000;0.000000;0.000000;2.000000;14.640869;-929.325195;1979.214600;0.171443;0.000000;0.000000;0.000000;0.000000;2.000000;17765099520.000000
0.000000;-150.000000;2000.000000;0.000000;0.000000;0.000000;0.000000;0.000000;2.000000;-0.369446;-353.264008;1981.421631;0.045936;0.000000;0.000000;0.000000;0.000000;2.000000;-0.853638;-515.789001;1966.853394;0.083626;0.000000;0.000000;0.000000;0.000000;2.000000;-20.216614;-757.403503;1912.596802;0.037162;0.000000;0.000000;0.000000;0.000000;2.000000;-49.151184;-710.710754;1901.316650;0.040906;0.000000;0.000000;0.000000;0.000000;2.000000;-172.357178;-618.648254;1845.698364;0.064251;0.000000;0.000000;0.000000;0.000000;2.000000;-208.096619;-304.642548;1854.644775;0.033271;0.000000;0.000000;0.000000;0.000000;2.000000;-235.068665;-41.723175;1878.298706;0.083932;0.000000;0.000000;0.000000;0.000000;2.000000;-218.971619;-29.849899;1986.635132;0.106693;0.000000;0.000000;0.000000;0.000000;2.000000;-278.847168;62.145329;1929.761597;0.068146;0.000000;0.000000;0.000000;0.000000;2.000000;-178.352783;11.109375;2021.025513;0.112324;0.000000;0.000000;0.000000;0.000000;2.000000;16.264832;-723.876526;1939.726929;0.048091;0.000000;0.000000;0.000000;0.000000;2.000000;126.540894;-709.147644;2041.020020;0.090844;0.000000;0.000000;0.000000;0.000000;2.000000;273.398071;-461.595276;2185.677246;0.323401;0.000000;0.000000;0.000000;0.000000;2.000000;273.730835;-265.246857;2369.129395;0.314059;0.000000;0.000000;0.000000;0.000000;1.000000;211.230103;-172.948792;2409.692139;0.282074;0.000000;0.000000;0.000000;0.000000;0.000000;161.640991;-65.256012;2436.314941;0.246618;0.000000;0.000000;0.000000;0.000000;0.000000;157.011719;-157.511627;2319.913330;0.214289;0.000000;0.000000;0.000000;0.000000;1.000000;-87.003967;-144.604187;1942.695068;0.023952;0.000000;0.000000;0.000000;0.000000;2.000000;-128.061951;308.230225;1997.794067;0.039101;0.000000;0.000000;0.000000;0.000000;2.000000;-52.281555;732.882935;1923.431641;0.039297;0.000000;0.000000;0.000000;0.000000;2.000000;-180.408325;896.875610;1974.698608;0.042096;0.000000;0.000000;0.000000;0.000000;2.000000;78.455322;-154.865631;2051.674561;0.021599;0.000000;0.000000;0.000000;0.000000;2.000000;84.104980;301.809937;2078.966309;0.134932;0.000000;0.000000;0.000000;0.000000;2.000000;123.406128;740.208862;2035.190063;0.049235;0.000000;0.000000;0.000000;0.000000;2.000000;55.778931;886.176453;2149.236816;0.124376;0.000000;0.000000;0.000000;0.000000;2.000000;-35.421265;-849.329590;1905.342773;0.026306;0.000000;0.000000;0.000000;0.000000;2.000000;-163.470398;-868.980835;2035.785156;0.100864;0.000000;0.000000;0.000000;0.000000;2.000000;-164.032410;-911.286499;1987.715698;0.080253;0.000000;0.000000;0.000000;0.000000;2.000000;-122.010376;-910.068176;1848.904053;0.067654;0.000000;0.000000;0.000000;0.000000;2.000000;-123.866272;-912.810242;2032.015259;0.066665;0.000000;0.000000;0.000000;0.000000;2.000000;14.988159;-931.135254;1978.597290;0.055828;0.000000;0.000000;0.000000;0.000000;2.000000;17765134336.000000
0.000000;-150.000000;2000.000000;0.000000;0.000000;0.000000;0.000000;0.000000;2.000000;-0.865417;-352.977539;1981.133545;0.019566;0.000000;0.000000;0.000000;0.000000;2.000000;-1.874390;-515.290039;1966.526001;0.036084;0.000000;0.000000;0.000000;0.000000;2.000000;-20.860046;-756.814941;1913.177734;0.031976;0.000000;0.000000;0.000000;0.000000;2.000000;-49.695679;-710.229980;1901.554688;0.023327;0.000000;0.000000;0.000000;0.000000;2.000000;-172.087524;-618.278442;1844.578003;0.036934;0.000000;0.000000;0.000000;0.000000;2.000000;-207.353394;-304.623993;1853.647827;0.037953;0.000000;0.000000;0.000000;0.000000;2.000000;-234.417419;-41.886314;1875.386108;0.091216;0.000000;0.000000;0.000000;0.000000;2.000000;-218.477844;-28.991150;1983.487671;0.100698;0.000000;0.000000;0.000000;0.000000;2.000000;-274.545776;69.256187;1934.008911;0.284822;0.000000;0.000000;0.000000;0.000000;2.000000;-173.286682;12.153046;2015.988892;0.220324;0.000000;0.000000;0.000000;0.000000;2.000000;15.408752;-723.218262;1940.358521;0.038179;0.000000;0.000000;0.000000;0.000000;2.000000;125.612671;-706.514893;2041.140747;0.085272;0.000000;0.000000;0.000000;0.000000;2.000000;268.536987;-456.625824;2184.812012;0.213785;0.000000;0.000000;0.000000;0.000000;2.000000;275.765015;-257.514404;2364.611816;0.280259;0.000000;0.000000;0.000000;0.000000;1.000000;210.996704;-169.699921;2410.750977;0.104523;0.000000;0.000000;0.000000;0.000000;0.000000;159.823486;-62.473007;2435.491211;0.104506;0.000000;0.000000;0.000000;0.000000;0.000000;153.286499;-153.267029;2318.519043;0.177522;0.000000;0.000000;0.000000;0.000000;1.000000;-86.763245;-144.294785;1942.599243;0.012316;0.000000;0.000000;0.000000;0.000000;2.000000;-125.718567;307.989227;1998.934692;0.079875;0.000000;0.000000;0.000000;0.000000;2.000000;-51.881226;731.836426;1921.338867;0.072444;0.000000;0.000000;0.000000;0.000000;2.000000;-180.340210;894.217285;1975.683350;0.086538;0.000000;0.000000;0.000000;0.000000;2.000000;78.238098;-155.144653;2051.760742;0.011107;0.000000;0.000000;0.000000;0.000000;2.000000;81.444031;301.054596;2077.718262;0.092609;0.000000;0.000000;0.000000;0.000000;2.000000;119.646484;738.428589;2028.665894;0.236130;0.000000;0.000000;0.000000;0.000000;2.000000;51.401611;882.940430;2143.764160;0.235565;0.000000;0.000000;0.000000;0.000000;2.000000;-35.991089;-848.655151;1906.205200;0.037666;0.000000;0.000000;0.000000;0.000000;2.000000;-155.466797;-873.161377;2043.456055;0.361575;0.000000;0.000000;0.000000;0.000000;2.000000;-158.754822;-913.951904;1994.306030;0.270197;0.000000;0.000000;0.000000;0.000000;2.000000;-125.444092;-908.244019;1853.448364;0.182516;0.000000;0.000000;0.000000;0.000000;2.000000;-115.972900;-916.502075;2035.926758;0.291494;0.000000;0.000000;0.000000;0.000000;2.000000;19.244873;-932.140991;1973.598511;0.202704;0.000000;0.000000;0.000000;0.000000;2.000000;17765167104.000000
0.000000;-150.000000;2000.000000;0.000000;0.000000;0.000000;0.000000;0.000000;2.000000;-0.545837;-353.168518;1979.427979;0.053275;0.000000;0.000000;0.000000;0.000000;2.000000;-1.366821;-515.648682;1963.567627;0.092253;0.000000;0.000000;0.000000;0.000000;2.000000;-21.461792;-757.695801;1910.994629;0.074152;0.000000;0.000000;0.000000;0.000000;2.000000;-50.296814;-710.982056;1899.418579;0.071505;0.000000;0.000000;0.000000;0.000000;2.000000;-173.074402;-617.201904;1845.522095;0.053071;0.000000;0.000000;0.000000;0.000000;2.000000;-208.380493;-303.013153;1855.027832;0.071922;0.000000;0.000000;0.000000;0.000000;2.000000;-234.660645;-40.008141;1879.883789;0.148930;0.000000;0.000000;0.000000;0.000000;2.000000;-217.200806;-28.588318;1988.110840;0.146887;0.000000;0.000000;0.000000;0.000000;2.000000;-277.494019;65.045120;1934.307861;0.157142;0.000000;0.000000;0.000000;0.000000;2.000000;-177.854980;14.749222;2022.474731;0.254736;0.000000;0.000000;0.000000;0.000000;2.000000;15.161072;-724.064331;1937.859253;0.080877;0.000000;0.000000;0.000000;0.000000;2.000000;124.680969;-705.982544;2039.534790;0.058944;0.000000;0.000000;0.000000;0.000000;2.000000;262.360779;-455.173676;2187.899414;0.215330;0.000000;0.000000;0.000000;0.000000;2.000000;266.808533;-257.104279;2369.625977;0.313498;0.000000;0.000000;0.000000;0.000000;1.000000;204.219788;-165.831757;2412.473145;0.243864;0.000000;0.000000;0.000000;0.000000;0.000000;156.636169;-57.073334;2438.682861;0.214715;0.000000;0.000000;0.000000;0.000000;0.000000;149.066345;-150.047760;2319.460938;0.164514;0.000000;0.000000;0.000000;0.000000;1.000000;-87.379150;-144.017654;1943.236938;0.028347;0.000000;0.000000;0.000000;0.000000;2.000000;-127.486206;308.907654;2000.061768;0.069847;0.000000;0.000000;0.000000;0.000000;2.000000;-52.786987;733.542725;1923.324829;0.084550;0.000000;0.000000;0.000000;0.000000;2.000000;-182.498413;895.492554;1977.445190;0.093507;0.000000;0.000000;0.000000;0.000000;2.000000;78.793640;-155.394547;2051.185547;0.025568;0.000000;0.000000;0.000000;0.000000;2.000000;87.301086;301.747253;2073.008301;0.230339;0.000000;0.000000;0.000000;0.000000;2.000000;122.622131;741.278198;2035.530273;0.244321;0.000000;0.000000;0.000000;0.000000;2.000000;53.551208;880.762695;2156.759766;0.407440;0.000000;0.000000;0.000000;0.000000;2.000000;-36.932251;-849.671875;1904.396484;0.069530;0.000000;0.000000;0.000000;0.000000;2.000000;-162.498962;-858.111206;2038.529663;0.528781;0.000000;0.000000;0.000000;0.000000;2.000000;-165.784119;-902.658203;1992.601563;0.409281;0.000000;0.000000;0.000000;0.000000;2.000000;-127.084717;-909.751221;1852.930664;0.069800;0.000000;0.000000;0.000000;0.000000;2.000000;-124.626404;-903.569946;2036.037476;0.474875;0.000000;0.000000;0.000000;0.000000;2.000000;12.192810;-929.742554;1980.480469;0.309487;0.000000;0.000000;0.000000;0.000000;2.000000;17765199872.000000
0.000000;-150.000000;2000.000000;0.000000;0.000000;0.000000;0.000000;0.000000;2.000000;1.255127;-353.062439;1979.056763;0.056210;0.000000;0.000000;0.000000;0.000000;2.000000;2.313538;-515.392273;1962.232666;0.119732;0.000000;0.000000;0.000000;0.000000;2.000000;-18.981873;-757.375977;1910.214722;0.079934;0.000000;0.000000;0.000000;0.000000;2.000000;-47.702637;-710.590027;1898.732422;0.082760;0.000000;0.000000;0.000000;0.000000;2.000000;-171.616516;-618.762268;1844.234985;0.076091;0.000000;0.000000;0.000000;0.000000;2.000000;-208.518677;-304.802856;1851.703857;0.115286;0.000000;0.000000;0.000000;0.000000;2.000000;-237.621948;-41.806793;1872.236450;0.256214;0.000000;0.000000;0.000000;0.000000;2.000000;-224.789307;-28.759644;1980.890747;0.319699;0.000000;0.000000;0.000000;0.000000;2.000000;-269.814270;79.477821;1941.584717;0.546115;0.000000;0.000000;0.000000;0.000000;2.000000;-175.570557;17.545113;2012.446655;0.325263;0.000000;0.000000;0.000000;0.000000;2.000000;17.911987;-723.845581;1936.795532;0.090256;0.000000;0.000000;0.000000;0.000000;2.000000;128.189697;-708.073547;2037.964722;0.133542;0.000000;0.000000;0.000000;0.000000;2.000000;260.403809;-455.809448;2188.594727;0.066283;0.000000;0.000000;0.000000;0.000000;2.000000;256.529053;-260.110168;2372.760010;0.340548;0.000000;0.000000;0.000000;0.000000;1.000000;198.704468;-163.502121;2410.152344;0.195960;0.000000;0.000000;0.000000;0.000000;0.000000;155.552002;-53.470139;2438.454590;0.115042;0.000000;0.000000;0.000000;0.000000;0.000000;147.298218;-149.969910;2316.721191;0.099539;0.000000;0.000000;0.000000;0.000000;1.000000;-86.490234;-144.542252;1941.899170;0.051565;0.000000;0.000000;0.000000;0.000000;2.000000;-126.810364;308.264648;1998.346191;0.059595;0.000000;0.000000;0.000000;0.000000;2.000000;-52.286804;732.562561;1920.374146;0.096106;0.000000;0.000000;0.000000;0.000000;2.000000;-180.536987;894.958069;1976.340820;0.070604;0.000000;0.000000;0.000000;0.000000;2.000000;77.992065;-154.921494;2052.392090;0.046503;0.000000;0.000000;0.000000;0.000000;2.000000;84.247437;301.786194;2080.205078;0.238584;0.000000;0.000000;0.000000;0.000000;2.000000;124.415161;740.016968;2034.862549;0.069935;0.000000;0.000000;0.000000;0.000000;2.000000;54.946472;883.249695;2151.297852;0.188035;0.000000;0.000000;0.000000;0.000000;2.000000;-34.826599;-849.275940;1903.869385;0.067335;0.000000;0.000000;0.000000;0.000000;2.000000;-164.012573;-865.999329;2033.637695;0.287003;0.000000;0.000000;0.000000;0.000000;2.000000;-164.381348;-909.177612;1986.335205;0.279261;0.000000;0.000000;0.000000;0.000000;2.000000;-121.247803;-910.669373;1847.843872;0.237935;0.000000;0.000000;0.000000;0.000000;2.000000;-124.568787;-910.066895;2030.982422;0.251223;0.000000;0.000000;0.000000;0.000000;2.000000;14.643860;-929.961975;1979.012695;0.087443;0.000000;0.000000;0.000000;0.000000;2.000000;17765232640.000000
0.000000;-150.000000;2000.000000;0.000000;0.000000;0.000000;0.000000;0.000000;2.000000;-0.156616;-353.995056;1981.491333;0.085156;0.000000;0.000000;0.000000;0.000000;2.000000;0.855896;-516.917053;1965.035278;0.100751;0.000000;0.000000;0.000000;0.000000;2.000000;-18.648560;-760.469604;1915.690796;0.180903;0.000000;0.000000;0.000000;0.000000;2.000000;-47.122314;-713.732056;1902.584229;0.143743;0.000000;0.000000;0.000000;0.000000;2.000000;-170.441772;-622.744141;1843.834717;0.119795;0.000000;0.000000;0.000000;0.000000;2.000000;-207.061340;-307.709229;1852.595459;0.096832;0.000000;0.000000;0.000000;0.000000;2.000000;-234.755554;-44.128265;1878.485107;0.208413;0.000000;0.000000;0.000000;0.000000;2.000000;-219.815063;-33.169823;1987.478271;0.268809;0.000000;0.000000;0.000000;0.000000;2.000000;-274.599854;65.966743;1936.866211;0.433428;0.000000;0.000000;0.000000;0.000000;2.000000;-177.251648;12.716454;2021.475342;0.298021;0.000000;0.000000;0.000000;0.000000;2.000000;17.476196;-726.399963;1943.037842;0.194129;0.000000;0.000000;0.000000;0.000000;2.000000;123.602783;-710.945679;2049.323730;0.361396;0.000000;0.000000;0.000000;0.000000;2.000000;264.221436;-464.254639;2203.854004;0.512791;0.000000;0.000000;0.000000;0.000000;2.000000;263.083130;-266.011719;2386.658203;0.472782;0.000000;0.000000;0.000000;0.000000;1.000000;206.784424;-164.435379;2412.791016;0.245605;0.000000;0.000000;0.000000;0.000000;0.000000;159.218506;-54.729034;2436.710449;0.122096;0.000000;0.000000;0.000000;0.000000;0.000000;159.010742;-156.919006;2318.882324;0.396061;0.000000;0.000000;0.000000;0.000000;1.000000;-86.470764;-144.601746;1941.234253;0.019182;0.000000;0.000000;0.000000;0.000000;2.000000;-128.826538;308.919678;2002.801270;0.141709;0.000000;0.000000;0.000000;0.000000;2.000000;-52.173523;734.168945;1923.766479;0.107857;0.000000;0.000000;0.000000;0.000000;2.000000;-181.479980;898.366028;1974.587769;0.113359;0.000000;0.000000;0.000000;0.000000;2.000000;77.974487;-154.867859;2052.991455;0.017291;0.000000;0.000000;0.000000;0.000000;2.000000;85.782471;303.255249;2082.555420;0.091003;0.000000;0.000000;0.000000;0.000000;2.000000;126.990723;743.080994;2039.019531;0.165752;0.000000;0.000000;0.000000;0.000000;2.000000;57.633972;889.106445;2153.160645;0.192663;0.000000;0.000000;0.000000;0.000000;2.000000;-34.263428;-852.781799;1910.150513;0.207241;0.000000;0.000000;0.000000;0.000000;2.000000;-166.462769;-872.276794;2037.353516;0.221027;0.000000;0.000000;0.000000;0.000000;2.000000;-167.054749;-913.370300;1987.949463;0.150160;0.000000;0.000000;0.000000;0.000000;2.000000;-121.448059;-909.598755;1849.780029;0.063807;0.000000;0.000000;0.000000;0.000000;2.000000;-127.914185;-917.288513;2033.293579;0.238041;0.000000;0.000000;0.000000;0.000000;2.000000;12.125000;-938.292419;1982.531006;0.269623;0.000000;0.000000;0.000000;0.000000;2.000000;17765267456.000000
0.000000;-150.000000;2000.000000;0.000000;0.000000;0.000000;0.000000;0.000000;2.000000;-1.176819;-353.944824;1981.629761;0.031457;0.000000;0.000000;0.000000;0.000000;2.000000;-1.911316;-516.962402;1966.642578;0.097670;0.000000;0.000000;0.000000;0.000000;2.000000;-19.168945;-760.223938;1915.424805;0.019347;0.000000;0.000000;0.000000;0.000000;2.000000;-48.105591;-713.673279;1902.743286;0.030450;0.000000;0.000000;0.000000;0.000000;2.000000;-171.855713;-623.608215;1843.610840;0.051029;0.000000;0.000000;0.000000;0.000000;2.000000;-209.304932;-308.714844;1850.415161;0.100285;0.000000;0.000000;0.000000;0.000000;2.000000;-238.002136;-44.950500;1872.233643;0.216432;0.000000;0.000000;0.000000;0.000000;2.000000;-222.274963;-32.068459;1980.872803;0.217717;0.000000;0.000000;0.000000;0.000000;2.000000;-275.320374;65.771584;1926.140381;0.328118;0.000000;0.000000;0.000000;0.000000;2.000000;-184.136902;19.752151;2014.215942;0.373272;0.000000;0.000000;0.000000;0.000000;2.000000;16.668762;-726.035706;1942.966797;0.027119;0.000000;0.000000;0.000000;0.000000;2.000000;126.316528;-710.683105;2045.567139;0.141653;0.000000;0.000000;0.000000;0.000000;2.000000;262.159546;-467.822144;2209.928223;0.223997;0.000000;0.000000;0.000000;0.000000;2.000000;261.060303;-277.091919;2400.447510;0.543357;0.000000;0.000000;0.000000;0.000000;1.000000;216.209717;-167.255478;2409.744141;0.314305;0.000000;0.000000;0.000000;0.000000;0.000000;166.778564;-58.772125;2435.229004;0.265513;0.000000;0.000000;0.000000;0.000000;0.000000;168.370117;-167.906952;2317.751465;0.441833;0.000000;0.000000;0.000000;0.000000;1.000000;-86.428528;-144.210617;1941.263306;0.012038;0.000000;0.000000;0.000000;0.000000;2.000000;-129.386780;309.363342;2001.007446;0.058927;0.000000;0.000000;0.000000;0.000000;2.000000;-53.475891;734.452087;1921.103027;0.090891;0.000000;0.000000;0.000000;0.000000;2.000000;-182.843079;898.310242;1972.596558;0.073661;0.000000;0.000000;0.000000;0.000000;2.000000;77.936401;-155.220551;2052.965332;0.010855;0.000000;0.000000;0.000000;0.000000;2.000000;77.331299;302.729675;2084.128418;0.262829;0.000000;0.000000;0.000000;0.000000;2.000000;119.466797;741.257813;2030.799927;0.344586;0.000000;0.000000;0.000000;0.000000;2.000000;47.245667;887.638000;2142.586914;0.454576;0.000000;0.000000;0.000000;0.000000;2.000000;-33.904602;-852.608459;1909.184937;0.031878;0.000000;0.000000;0.000000;0.000000;2.000000;-154.630310;-872.940247;2047.132813;0.468901;0.000000;0.000000;0.000000;0.000000;2.000000;-160.616028;-912.540161;1996.899170;0.337414;0.000000;0.000000;0.000000;0.000000;2.000000;-127.444946;-905.725403;1855.385986;0.277009;0.000000;0.000000;0.000000;0.000000;2.000000;-117.706177;-918.623901;2038.409058;0.350826;0.000000;0.000000;0.000000;0.000000;2.000000;16.661011;-941.152954;1974.739624;0.288651;0.000000;0.000000;0.000000;0.000000;2.000000;17765300224.000000
0.000000;-150.000000;2000.000000;0.000000;0.000000;0.000000;0.000000;0.000000;2.000000;0.636169;-354.022400;1978.950928;0.098743;0.000000;0.000000;0.000000;0.000000;2.000000;3.625977;-516.687927;1958.506348;0.300463;0.000000;0.000000;0.000000;0.000000;2.000000;-18.099060;-761.458740;1914.753662;0.053903;0.000000;0.000000;0.000000;0.000000;2.000000;-46.388977;-714.754578;1900.832642;0.085048;0.000000;0.000000;0.000000;0.000000;2.000000;-168.693542;-625.235107;1837.289063;0.221354;0.000000;0.000000;0.000000;0.000000;2.000000;-209.745667;-310.663513;1854.405640;0.136190;0.000000;0.000000;0.000000;0.000000;2.000000;-242.719482;-47.051697;1877.276123;0.220266;0.000000;0.000000;0.000000;0.000000;2.000000;-225.976501;-34.073837;1985.934692;0.200920;0.000000;0.000000;0.000000;0.000000;2.000000;-275.434937;65.002380;1929.633057;0.109198;0.000000;0.000000;0.000000;0.000000;2.000000;-184.126587;18.669968;2017.688965;0.111015;0.000000;0.000000;0.000000;0.000000;2.000000;18.561096;-727.007996;1941.047363;0.087445;0.000000;0.000000;0.000000;0.000000;2.000000;125.816650;-710.267944;2046.286133;0.029575;0.000000;0.000000;0.000000;0.000000;2.000000;264.953247;-466.015808;2206.818359;0.138977;0.000000;0.000000;0.000000;0.000000;2.000000;262.447754;-272.298218;2394.914795;0.227383;0.000000;0.000000;0.000000;0.000000;1.000000;213.524170;-164.706589;2410.361328;0.114552;0.000000;0.000000;0.000000;0.000000;0.000000;163.872437;-56.597733;2437.875488;0.137083;0.000000;0.000000;0.000000;0.000000;0.000000;162.836060;-163.129745;2317.889648;0.223147;0.000000;0.000000;0.000000;0.000000;1.000000;-86.637390;-144.210739;1941.268066;0.006376;0.000000;0.000000;0.000000;0.000000;2.000000;-130.893005;309.344360;2005.761719;0.152197;0.000000;0.000000;0.000000;0.000000;2.000000;-53.437378;734.687805;1924.781494;0.112494;0.000000;0.000000;0.000000;0.000000;2.000000;-182.215576;899.237976;1976.997925;0.138600;0.000000;0.000000;0.000000;0.000000;2.000000;78.124756;-155.220428;2052.961426;0.005749;0.000000;0.000000;0.000000;0.000000;2.000000;80.877441;303.281250;2086.771973;0.136027;0.000000;0.000000;0.000000;0.000000;2.000000;122.561401;743.131409;2038.187378;0.251027;0.000000;0.000000;0.000000;0.000000;2.000000;55.575378;894.127014;2147.639160;0.357221;0.000000;0.000000;0.000000;0.000000;2.000000;-34.448608;-853.876892;1911.418457;0.080125;0.000000;0.000000;0.000000;0.000000;2.000000;-162.413330;-855.749023;2044.646484;0.580873;0.000000;0.000000;0.000000;0.000000;2.000000;-167.735474;-900.003601;1998.235229;0.441859;0.000000;0.000000;0.000000;0.000000;2.000000;-127.700562;-908.666809;1858.364868;0.127995;0.000000;0.000000;0.000000;0.000000;2.000000;-127.030579;-903.504883;2042.324829;0.555103;0.000000;0.000000;0.000000;0.000000;2.000000;9.298645;-937.372070;1987.948853;0.475706;0.000000;0.000000;0.000000;0.000000;2.000000;17765332992.000000
0.000000;-150.000000;2000.000000;0.000000;0.000000;0.000000;0.000000;0.000000;2.000000;-0.376587;-354.937195;1980.741577;0.068708;0.000000;0.000000;0.000000;0.000000;2.000000;1.062927;-518.509644;1962.803101;0.162490;0.000000;0.000000;0.000000;0.000000;2.000000;-20.844238;-763.624451;1916.063354;0.113948;0.000000;0.000000;0.000000;0.000000;2.000000;-49.527893;-716.643066;1903.095703;0.131405;0.000000;0.000000;0.000000;0.000000;2.000000;-170.110718;-624.820313;1838.041870;0.050582;0.000000;0.000000;0.000000;0.000000;2.000000;-213.342407;-309.303558;1853.454712;0.120883;0.000000;0.000000;0.000000;0.000000;2.000000;-249.744324;-44.471603;1865.715820;0.420264;0.000000;0.000000;0.000000;0.000000;2.000000;-232.151550;-26.679443;1973.962280;0.468966;0.000000;0.000000;0.000000;0.000000;2.000000;-275.899414;82.994011;1933.954346;0.564854;0.000000;0.000000;0.000000;0.000000;2.000000;-199.945740;21.633202;2008.364136;0.567642;0.000000;0.000000;0.000000;0.000000;2.000000;16.243896;-729.306824;1942.370361;0.107482;0.000000;0.000000;0.000000;0.000000;2.000000;131.884277;-713.771484;2039.370850;0.300427;0.000000;0.000000;0.000000;0.000000;2.000000;267.894165;-464.623413;2197.379395;0.304690;0.000000;0.000000;0.000000;0.000000;2.000000;258.707153;-275.005188;2390.761230;0.189533;0.000000;0.000000;0.000000;0.000000;1.000000;210.337769;-167.128616;2409.009521;0.128923;0.000000;0.000000;0.000000;0.000000;0.000000;162.900391;-57.420547;2436.039551;0.068189;0.000000;0.000000;0.000000;0.000000;0.000000;160.532837;-162.181931;2316.516846;0.086789;0.000000;0.000000;0.000000;0.000000;1.000000;-86.955444;-144.301361;1941.058594;0.011947;0.000000;0.000000;0.000000;0.000000;2.000000;-135.296753;310.322815;2006.856323;0.141664;0.000000;0.000000;0.000000;0.000000;2.000000;-56.763489;736.296509;1921.764160;0.145576;0.000000;0.000000;0.000000;0.000000;2.000000;-188.442200;899.602600;1973.838013;0.213381;0.000000;0.000000;0.000000;0.000000;2.000000;78.411499;-155.138702;2053.149902;0.010765;0.000000;0.000000;0.000000;0.000000;2.000000;77.687866;304.957825;2087.805420;0.114399;0.000000;0.000000;0.000000;0.000000;2.000000;120.675415;746.081726;2037.360229;0.109802;0.000000;0.000000;0.000000;0.000000;2.000000;54.816833;897.627136;2148.016113;0.109899;0.000000;0.000000;0.000000;0.000000;2.000000;-37.103882;-856.360046;1911.760376;0.111435;0.000000;0.000000;0.000000;0.000000;2.000000;-146.196655;-862.547607;2061.538330;0.744113;0.000000;0.000000;0.000000;0.000000;2.000000;-159.920166;-903.366943;2013.413940;0.531027;0.000000;0.000000;0.000000;0.000000;2.000000;-139.567871;-903.820007;1868.570923;0.500049;0.000000;0.000000;0.000000;0.000000;2.000000;-113.675354;-911.541260;2051.276367;0.548532;0.000000;0.000000;0.000000;0.000000;2.000000;12.706299;-946.945190;1976.267456;0.472492;0.000000;0.000000;0.000000;0.000000;2.000000;17765365760.000000
0.000000;-150.000000;2000.000000;0.000000;0.000000;0.000000;0.000000;0.000000;2.000000;1.594910;-354.253540;1981.015137;0.060447;0.000000;0.000000;0.000000;0.000000;2.000000;5.130005;-517.166199;1962.499146;0.123334;0.000000;0.000000;0.000000;0.000000;2.000000;-16.650879;-762.461548;1921.567261;0.201527;0.000000;0.000000;0.000000;0.000000;2.000000;-45.415833;-715.984497;1907.823364;0.180959;0.000000;0.000000;0.000000;0.000000;2.000000;-165.166382;-627.419617;1838.289551;0.160600;0.000000;0.000000;0.000000;0.000000;2.000000;-208.306580;-313.087280;1855.638306;0.191482;0.000000;0.000000;0.000000;0.000000;2.000000;-242.682251;-49.638809;1878.838013;0.453018;0.000000;0.000000;0.000000;0.000000;2.000000;-222.904053;-36.404602;1986.973022;0.536867;0.000000;0.000000;0.000000;0.000000;2.000000;-279.502197;61.733101;1935.954712;0.622030;0.000000;0.000000;0.000000;0.000000;2.000000;-197.066040;16.257759;2022.831421;0.450942;0.000000;0.000000;0.000000;0.000000;2.000000;20.456055;-727.626221;1946.723145;0.180548;0.000000;0.000000;0.000000;0.000000;2.000000;137.618652;-710.334473;2040.748169;0.196057;0.000000;0.000000;0.000000;0.000000;2.000000;269.625244;-460.805237;2199.281494;0.132226;0.000000;0.000000;0.000000;0.000000;2.000000;258.409424;-272.661316;2392.706299;0.087900;0.000000;0.000000;0.000000;0.000000;1.000000;211.178345;-164.709366;2410.827148;0.090204;0.000000;0.000000;0.000000;0.000000;0.000000;162.451782;-57.257538;2442.364502;0.182185;0.000000;0.000000;0.000000;0.000000;0.000000;158.397949;-162.023575;2318.351563;0.080980;0.000000;0.000000;0.000000;0.000000;1.000000;-86.981750;-145.256042;1941.653809;0.032322;0.000000;0.000000;0.000000;0.000000;2.000000;-130.760132;307.560730;2011.943237;0.211235;0.000000;0.000000;0.000000;0.000000;2.000000;-53.284302;731.312317;1922.666626;0.176500;0.000000;0.000000;0.000000;0.000000;2.000000;-180.476501;896.047363;1978.227539;0.280482;0.000000;0.000000;0.000000;0.000000;2.000000;78.435303;-154.277817;2052.613281;0.029145;0.000000;0.000000;0.000000;0.000000;2.000000;80.562744;304.415100;2084.871826;0.119000;0.000000;0.000000;0.000000;0.000000;2.000000;123.055298;744.476624;2038.270142;0.086493;0.000000;0.000000;0.000000;0.000000;2.000000;56.961670;892.130371;2152.767090;0.217584;0.000000;0.000000;0.000000;0.000000;2.000000;-32.731628;-854.979065;1919.474365;0.257750;0.000000;0.000000;0.000000;0.000000;2.000000;-142.230896;-847.562317;2068.116211;0.483659;0.000000;0.000000;0.000000;0.000000;2.000000;-156.839600;-891.133362;2023.057007;0.456080;0.000000;0.000000;0.000000;0.000000;2.000000;-135.950806;-902.344177;1879.228882;0.326039;0.000000;0.000000;0.000000;0.000000;2.000000;-111.164063;-897.871521;2061.561523;0.496618;0.000000;0.000000;0.000000;0.000000;2.000000;14.067383;-941.833740;1990.278442;0.430153;0.000000;0.000000;0.000000;0.000000;2.000000;17765400576.000000
0.000000;-150.000000;2000.000000;0.000000;0.000000;0.000000;0.000000;0.000000;2.000000;-1.051819;-352.637512;1980.504395;0.095913;0.000000;0.000000;0.000000;0.000000;2.000000;-0.567871;-514.444641;1963.026733;0.193374;0.000000;0.000000;0.000000;0.000000;2.000000;-15.363403;-757.991272;1920.143799;0.148465;0.000000;0.000000;0.000000;0.000000;2.000000;-44.281555;-712.381409;1905.594971;0.133842;0.000000;0.000000;0.000000;0.000000;2.000000;-164.860352;-626.242432;1837.409912;0.045809;0.000000;0.000000;0.000000;0.000000;2.000000;-208.960632;-314.243103;1849.429443;0.193765;0.000000;0.000000;0.000000;0.000000;2.000000;-244.160339;-52.871643;1871.573608;0.246811;0.000000;0.000000;0.000000;0.000000;2.000000;-229.781189;-39.779076;1979.717285;0.321997;0.000000;0.000000;0.000000;0.000000;2.000000;-277.570374;64.091461;1933.567627;0.118162;0.000000;0.000000;0.000000;0.000000;2.000000;-192.751404;15.830582;2012.323975;0.346888;0.000000;0.000000;0.000000;0.000000;2.000000;19.659973;-722.831177;1946.815918;0.148363;0.000000;0.000000;0.000000;0.000000;2.000000;135.076355;-703.624634;2040.781494;0.218976;0.000000;0.000000;0.000000;0.000000;2.000000;246.442688;-456.489807;2213.270996;0.836738;0.000000;0.000000;0.000000;0.000000;1.000000;234.757507;-270.502747;2405.887939;0.828949;0.000000;0.000000;0.000000;0.000000;1.000000;208.335388;-155.235565;2409.378906;0.305073;0.000000;0.000000;0.000000;0.000000;0.000000;160.370911;-47.750977;2438.269043;0.322213;0.000000;0.000000;0.000000;0.000000;0.000000;158.548401;-162.911011;2314.521973;0.120055;0.000000;0.000000;0.000000;0.000000;1.000000;-85.369202;-143.864990;1940.838623;0.069590;0.000000;0.000000;0.000000;0.000000;2.000000;-131.579895;306.429932;2002.319580;0.296768;0.000000;0.000000;0.000000;0.000000;2.000000;-54.074402;728.553040;1922.302002;0.088295;0.000000;0.000000;0.000000;0.000000;2.000000;-183.460815;891.466736;1971.453125;0.265662;0.000000;0.000000;0.000000;0.000000;2.000000;76.981140;-155.532196;2053.348633;0.062756;0.000000;0.000000;0.000000;0.000000;2.000000;66.513916;292.977783;2136.782471;1.677883;0.000000;0.000000;0.000000;0.000000;1.000000;131.488586;720.721069;2050.510254;0.855182;0.000000;0.000000;0.000000;0.000000;1.000000;82.088318;877.749084;2158.141602;0.898615;0.000000;0.000000;0.000000;0.000000;1.000000;-29.290100;-850.098755;1916.877075;0.198734;0.000000;0.000000;0.000000;0.000000;2.000000;-133.109802;-832.185791;2066.948242;0.546764;0.000000;0.000000;0.000000;0.000000;2.000000;-150.031921;-877.327942;2025.054688;0.473686;0.000000;0.000000;0.000000;0.000000;2.000000;-134.021606;-896.477234;1882.567139;0.214247;0.000000;0.000000;0.000000;0.000000;2.000000;-103.714844;-883.163879;2062.203125;0.503510;0.000000;0.000000;0.000000;0.000000;2.000000;17.211426;-933.646484;1990.228027;0.267649;0.000000;0.000000;0.000000;0.000000;2.000000;17765433344.000000
0.000000;-150.000000;2000.000000;0.000000;0.000000;0.000000;0.000000;0.000000;2.000000;-0.971252;-352.671448;1981.036377;0.016453;0.000000;0.000000;0.000000;0.000000;2.000000;-0.731079;-514.556091;1964.419067;0.042917;0.000000;0.000000;0.000000;0.000000;2.000000;-16.141357;-758.379639;1923.489624;0.105498;0.000000;0.000000;0.000000;0.000000;2.000000;-44.982666;-712.825500;1908.634766;0.096162;0.000000;0.000000;0.000000;0.000000;2.000000;-165.504639;-627.054382;1839.920044;0.082877;0.000000;0.000000;0.000000;0.000000;2.000000;-209.471313;-314.975403;1849.406006;0.027255;0.000000;0.000000;0.000000;0.000000;2.000000;-244.635254;-53.401886;1868.785522;0.087815;0.000000;0.000000;0.000000;0.000000;2.000000;-230.309998;-39.047714;1976.766968;0.094155;0.000000;0.000000;0.000000;0.000000;2.000000;-278.504822;64.663498;1930.708252;0.093448;0.000000;0.000000;0.000000;0.000000;2.000000;-196.927673;16.300720;2009.993042;0.146661;0.000000;0.000000;0.000000;0.000000;2.000000;19.005127;-723.091125;1949.818115;0.094109;0.000000;0.000000;0.000000;0.000000;2.000000;134.025635;-703.415344;2044.151367;0.107913;0.000000;0.000000;0.000000;0.000000;2.000000;247.249512;-455.110352;2213.676270;0.050313;0.000000;0.000000;0.000000;0.000000;2.000000;233.512085;-267.816589;2404.854980;0.095698;0.000000;0.000000;0.000000;0.000000;1.000000;207.175781;-152.526108;2407.855469;0.101246;0.000000;0.000000;0.000000;0.000000;0.000000;159.102173;-44.932549;2436.109375;0.115069;0.000000;0.000000;0.000000;0.000000;0.000000;157.461426;-160.897171;2312.841553;0.086645;0.000000;0.000000;0.000000;0.000000;1.000000;-85.444763;-144.064606;1940.942505;0.007244;0.000000;0.000000;0.000000;0.000000;2.000000;-131.550964;306.280762;2001.848389;0.015109;0.000000;0.000000;0.000000;0.000000;2.000000;-54.744141;728.329102;1920.964722;0.046151;0.000000;0.000000;0.000000;0.000000;2.000000;-183.111145;891.621887;1971.435669;0.011687;0.000000;0.000000;0.000000;0.000000;2.000000;77.049316;-155.352188;2053.254883;0.006534;0.000000;0.000000;0.000000;0.000000;2.000000;62.164368;294.822632;2126.181885;0.354181;0.000000;0.000000;0.000000;0.000000;2.000000;104.131470;720.913208;2019.964111;1.251413;0.000000;0.000000;0.000000;0.000000;2.000000;55.367737;880.339233;2124.279785;1.318741;0.000000;0.000000;0.000000;0.000000;2.000000;-30.276245;-850.471191;1920.975342;0.129140;0.000000;0.000000;0.000000;0.000000;2.000000;-128.626221;-828.574036;2074.151855;0.281423;0.000000;0.000000;0.000000;0.000000;2.000000;-148.389587;-873.232239;2032.997925;0.277302;0.000000;0.000000;0.000000;0.000000;2.000000;-137.549500;-893.340576;1890.167969;0.273055;0.000000;0.000000;0.000000;0.000000;2.000000;-101.152222;-880.536926;2068.691406;0.227485;0.000000;0.000000;0.000000;0.000000;2.000000;15.640686;-935.333801;1993.159668;0.113814;0.000000;0.000000;0.000000;0.000000;2.000000;17765466112.000000
0.000000;-150.000000;2000.000000;0.000000;0.000000;0.000000;0.000000;0.000000;2.000000;-4.307983;-351.228821;1980.148560;0.107482;0.000000;0.000000;0.000000;0.000000;2.000000;-4.907898;-511.701782;1960.353882;0.186405;0.000000;0.000000;0.000000;0.000000;2.000000;-21.432068;-754.957764;1926.732788;0.203542;0.000000;0.000000;0.000000;0.000000;2.000000;-48.607239;-709.854797;1908.989014;0.134990;0.000000;0.000000;0.000000;0.000000;2.000000;-162.535095;-628.915894;1826.936523;0.386266;0.000000;0.000000;0.000000;0.000000;2.000000;-207.007935;-319.319641;1844.704834;0.196998;0.000000;0.000000;0.000000;0.000000;2.000000;-243.404114;-59.835022;1866.591675;0.198401;0.000000;0.000000;0.000000;0.000000;2.000000;-231.616272;-47.347961;1974.396118;0.250761;0.000000;0.000000;0.000000;0.000000;2.000000;-282.421326;56.406601;1933.661011;0.275846;0.000000;0.000000;0.000000;0.000000;2.000000;-200.971436;10.624367;2008.327148;0.205818;0.000000;0.000000;0.000000;0.000000;2.000000;12.520447;-719.489563;1953.609253;0.239268;0.000000;0.000000;0.000000;0.000000;2.000000;124.014038;-700.542297;2050.756104;0.354241;0.000000;0.000000;0.000000;0.000000;2.000000;241.454590;-453.928345;2215.926758;0.181754;0.000000;0.000000;0.000000;0.000000;2.000000;229.239380;-262.873352;2400.983887;0.218133;0.000000;0.000000;0.000000;0.000000;1.000000;206.081787;-147.780930;2406.708008;0.143699;0.000000;0.000000;0.000000;0.000000;0.000000;158.672363;-40.732994;2434.828613;0.126709;0.000000;0.000000;0.000000;0.000000;0.000000;153.626099;-162.357132;2308.283936;0.176153;0.000000;0.000000;0.000000;0.000000;1.000000;-83.838928;-142.288712;1940.026733;0.073628;0.000000;0.000000;0.000000;0.000000;2.000000;-128.709351;304.959167;2002.721558;0.093442;0.000000;0.000000;0.000000;0.000000;2.000000;-53.772583;724.005005;1919.588623;0.133290;0.000000;0.000000;0.000000;0.000000;2.000000;-180.780151;886.777466;1969.379150;0.165325;0.000000;0.000000;0.000000;0.000000;2.000000;75.601257;-156.953598;2054.080566;0.066393;0.000000;0.000000;0.000000;0.000000;2.000000;59.566162;287.876160;2140.108398;0.453188;0.000000;0.000000;0.000000;0.000000;1.000000;125.660522;711.165466;2047.574463;1.043874;0.000000;0.000000;0.000000;0.000000;1.000000;78.621216;873.472534;2145.680664;0.928882;0.000000;0.000000;0.000000;0.000000;1.000000;-36.614746;-846.309448;1926.421021;0.268139;0.000000;0.000000;0.000000;0.000000;2.000000;-129.314636;-834.623779;2082.801758;0.303826;0.000000;0.000000;0.000000;0.000000;2.000000;-149.410706;-877.321594;2040.382690;0.244226;0.000000;0.000000;0.000000;0.000000;2.000000;-143.256104;-889.823853;1897.343628;0.282040;0.000000;0.000000;0.000000;0.000000;2.000000;-101.096863;-885.247070;2073.791504;0.199408;0.000000;0.000000;0.000000;0.000000;2.000000;13.374695;-933.041748;1992.096191;0.097484;0.000000;0.000000;0.000000;0.000000;2.000000;17765500928.000000
0.000000;-150.000000;2000.000000;0.000000;0.000000;0.000000;0.000000;0.000000;2.000000;-2.827454;-350.269653;1978.218506;0.079797;0.000000;0.000000;0.000000;0.000000;2.000000;-2.300537;-509.939941;1957.068970;0.138823;0.000000;0.000000;0.000000;0.000000;2.000000;-16.786072;-752.643250;1925.522095;0.162656;0.000000;0.000000;0.000000;0.000000;2.000000;-44.069763;-708.063904;1907.298706;0.157552;0.000000;0.000000;0.000000;0.000000;2.000000;-160.218140;-628.561646;1828.243164;0.081893;0.000000;0.000000;0.000000;0.000000;2.000000;-205.709961;-320.181946;1843.050537;0.069356;0.000000;0.000000;0.000000;0.000000;2.000000;-244.114624;-61.301865;1853.504517;0.402474;0.000000;0.000000;0.000000;0.000000;2.000000;-233.881165;-43.824516;1960.343628;0.447493;0.000000;0.000000;0.000000;0.000000;2.000000;-276.904968;68.094719;1937.696655;0.413205;0.000000;0.000000;0.000000;0.000000;2.000000;-210.024170;10.576534;1994.776367;0.497332;0.000000;0.000000;0.000000;0.000000;2.000000;16.607239;-716.841736;1952.207275;0.154644;0.000000;0.000000;0.000000;0.000000;2.000000;122.210571;-693.408569;2053.965820;0.244988;0.000000;0.000000;0.000000;0.000000;2.000000;212.463013;-444.890564;2230.600586;1.029268;0.000000;0.000000;0.000000;0.000000;1.000000;199.947388;-251.104721;2411.269531;1.013219;0.000000;0.000000;0.000000;0.000000;1.000000;199.033691;-134.138931;2416.463379;0.555174;0.000000;0.000000;0.000000;0.000000;0.000000;167.660522;-20.057487;2436.137939;0.689169;0.000000;0.000000;0.000000;0.000000;0.000000;150.923828;-160.855850;2303.986084;0.161564;0.000000;0.000000;0.000000;0.000000;1.000000;-82.730347;-142.218140;1939.188965;0.042460;0.000000;0.000000;0.000000;0.000000;2.000000;-130.603516;303.229797;1999.778076;0.119146;0.000000;0.000000;0.000000;0.000000;2.000000;-50.885315;721.173706;1924.653320;0.197785;0.000000;0.000000;0.000000;0.000000;2.000000;-178.754517;883.738525;1969.142944;0.111688;0.000000;0.000000;0.000000;0.000000;2.000000;74.601624;-157.017258;2054.835938;0.038286;0.000000;0.000000;0.000000;0.000000;2.000000;61.051086;284.636963;2148.136230;0.268040;0.000000;0.000000;0.000000;0.000000;1.000000;128.850464;707.848938;2064.957031;0.548747;0.000000;0.000000;0.000000;0.000000;1.000000;79.807251;867.486267;2164.944092;0.616668;0.000000;0.000000;0.000000;0.000000;1.000000;-31.245789;-843.749817;1925.885010;0.182251;0.000000;0.000000;0.000000;0.000000;2.000000;-133.312378;-810.544312;2072.202393;0.812105;0.000000;0.000000;0.000000;0.000000;2.000000;-151.026428;-858.463684;2034.983398;0.600649;0.000000;0.000000;0.000000;0.000000;2.000000;-135.852478;-890.475342;1896.274536;0.229148;0.000000;0.000000;0.000000;0.000000;2.000000;-105.235535;-861.782104;2072.108398;0.728959;0.000000;0.000000;0.000000;0.000000;2.000000;13.279663;-920.386597;2005.687378;0.566742;0.000000;0.000000;0.000000;0.000000;2.000000;17765533696.000000
0.000000;-150.000000;2000.000000;0.000000;0.000000;0.000000;0.000000;0.000000;2.000000;-4.000366;-347.861176;1973.430908;0.167423;0.000000;0.000000;0.000000;0.000000;2.000000;-4.304932;-505.540375;1948.538940;0.299220;0.000000;0.000000;0.000000;0.000000;2.000000;-19.825867;-746.233154;1919.032715;0.293416;0.000000;0.000000;0.000000;0.000000;2.000000;-46.243958;-702.018555;1900.147217;0.293377;0.000000;0.000000;0.000000;0.000000;2.000000;-161.882629;-625.920410;1819.924316;0.271160;0.000000;0.000000;0.000000;0.000000;2.000000;-203.599792;-319.930847;1836.977661;0.196349;0.000000;0.000000;0.000000;0.000000;2.000000;-238.476196;-63.140167;1852.122803;0.185833;0.000000;0.000000;0.000000;0.000000;2.000000;-222.833008;-47.849075;1957.653442;0.368108;0.000000;0.000000;0.000000;0.000000;2.000000;-269.607605;59.225594;1926.458984;0.490373;0.000000;0.000000;0.000000;0.000000;2.000000;-203.523682;13.020977;1990.015503;0.256960;0.000000;0.000000;0.000000;0.000000;2.000000;13.066345;-710.758423;1945.744019;0.291628;0.000000;0.000000;0.000000;0.000000;2.000000;117.077942;-688.645264;2047.516724;0.290517;0.000000;0.000000;0.000000;0.000000;2.000000;207.932556;-442.227692;2221.696045;0.315539;0.000000;0.000000;0.000000;0.000000;2.000000;189.241882;-250.226227;2400.274170;0.469096;0.000000;0.000000;0.000000;0.000000;1.000000;195.687195;-134.744339;2409.667480;0.231913;0.000000;0.000000;0.000000;0.000000;0.000000;171.654968;-20.687668;2433.002197;0.156164;0.000000;0.000000;0.000000;0.000000;0.000000;147.231140;-155.610657;2295.833740;0.316573;0.000000;0.000000;0.000000;0.000000;1.000000;-80.261963;-140.020065;1937.763794;0.109844;0.000000;0.000000;0.000000;0.000000;2.000000;-130.015747;301.456299;1995.966797;0.129535;0.000000;0.000000;0.000000;0.000000;2.000000;-56.127136;717.234985;1925.003662;0.200380;0.000000;0.000000;0.000000;0.000000;2.000000;-177.621887;883.168213;1965.858887;0.107434;0.000000;0.000000;0.000000;0.000000;2.000000;72.375732;-158.999344;2056.121094;0.099052;0.000000;0.000000;0.000000;0.000000;2.000000;55.453918;276.501831;2158.027344;0.426529;0.000000;0.000000;0.000000;0.000000;1.000000;123.119202;698.049194;2087.566162;0.772074;0.000000;0.000000;0.000000;0.000000;1.000000;72.899902;859.356445;2180.696289;0.580586;0.000000;0.000000;0.000000;0.000000;1.000000;-34.797668;-836.421387;1919.898560;0.308453;0.000000;0.000000;0.000000;0.000000;2.000000;-128.474854;-814.246460;2071.813721;0.186279;0.000000;0.000000;0.000000;0.000000;2.000000;-144.914978;-862.076538;2034.847534;0.216698;0.000000;0.000000;0.000000;0.000000;2.000000;-136.550598;-889.571533;1895.901611;0.036663;0.000000;0.000000;0.000000;0.000000;2.000000;-97.129089;-862.829834;2068.615234;0.271271;0.000000;0.000000;0.000000;0.000000;2.000000;19.705261;-910.651001;1994.002930;0.503860;0.000000;0.000000;0.000000;0.000000;2.000000;17765566464.000000
0.000000;-150.000000;2000.000000;0.000000;0.000000;0.000000;0.000000;0.000000;2.000000;-4.286621;-347.958496;1973.443481;0.009235;0.000000;0.000000;0.000000;0.000000;2.000000;-5.230347;-505.798828;1949.078003;0.033622;0.000000;0.000000;0.000000;0.000000;2.000000;-22.738892;-746.589294;1920.485107;0.099928;0.000000;0.000000;0.000000;0.000000;2.000000;-48.782959;-702.208130;1901.391479;0.086482;0.000000;0.000000;0.000000;0.000000;2.000000;-163.763977;-625.352173;1820.785645;0.065483;0.000000;0.000000;0.000000;0.000000;2.000000;-203.288757;-318.837463;1836.400879;0.038901;0.000000;0.000000;0.000000;0.000000;2.000000;-236.707092;-61.536728;1848.008423;0.145172;0.000000;0.000000;0.000000;0.000000;2.000000;-221.599182;-44.471169;1953.400391;0.169972;0.000000;0.000000;0.000000;0.000000;2.000000;-268.813171;61.033321;1917.618408;0.276441;0.000000;0.000000;0.000000;0.000000;2.000000;-201.925537;19.842979;1983.572998;0.290478;0.000000;0.000000;0.000000;0.000000;2.000000;10.439636;-711.267578;1947.102661;0.091577;0.000000;0.000000;0.000000;0.000000;2.000000;109.636353;-689.326660;2053.711914;0.296228;0.000000;0.000000;0.000000;0.000000;2.000000;143.111938;-452.381897;2259.020020;2.303602;0.000000;0.000000;0.000000;0.000000;2.000000;123.247559;-265.945038;2443.466309;2.454322;0.000000;0.000000;0.000000;0.000000;1.000000;164.955688;-157.644012;2440.188965;1.495169;0.000000;0.000000;0.000000;0.000000;0.000000;177.958374;-39.953629;2451.375488;0.834915;0.000000;0.000000;0.000000;0.000000;0.000000;148.054565;-173.575851;2316.056152;0.825878;0.000000;0.000000;0.000000;0.000000;1.000000;-80.295959;-139.909103;1937.741089;0.003609;0.000000;0.000000;0.000000;0.000000;2.000000;-129.236572;301.709473;1997.278564;0.047198;0.000000;0.000000;0.000000;0.000000;2.000000;-57.463501;718.009827;1925.898926;0.054487;0.000000;0.000000;0.000000;0.000000;2.000000;-178.341858;883.053833;1972.344604;0.199175;0.000000;0.000000;0.000000;0.000000;2.000000;72.406433;-159.099396;2056.141602;0.003255;0.000000;0.000000;0.000000;0.000000;2.000000;53.810852;274.108398;2168.033447;0.317955;0.000000;0.000000;0.000000;0.000000;1.000000;114.939575;698.837158;2110.560791;0.745204;0.000000;0.000000;0.000000;0.000000;1.000000;62.719238;854.965820;2211.306641;0.993542;0.000000;0.000000;0.000000;0.000000;1.000000;-38.470825;-836.690857;1921.690186;0.124990;0.000000;0.000000;0.000000;0.000000;2.000000;-122.235413;-808.856567;2078.491699;0.323799;0.000000;0.000000;0.000000;0.000000;2.000000;-142.259216;-856.867188;2043.527832;0.319398;0.000000;0.000000;0.000000;0.000000;2.000000;-143.039001;-887.190002;1904.847900;0.345007;0.000000;0.000000;0.000000;0.000000;2.000000;-92.553833;-858.444641;2074.425049;0.262375;0.000000;0.000000;0.000000;0.000000;2.000000;18.211853;-911.190979;1993.960205;0.048480;0.000000;0.000000;0.000000;0.000000;2.000000;17765599232.000000
0.000000;-150.000000;2000.000000;0.000000;0.000000;0.000000;0.000000;0.000000;2.000000;-7.545166;-347.733826;1974.795654;0.101537;0.000000;0.000000;0.000000;0.000000;2.000000;-12.618103;-505.687866;1953.441162;0.246459;0.000000;0.000000;0.000000;0.000000;2.000000;-29.736145;-745.901978;1922.943848;0.213937;0.000000;0.000000;0.000000;0.000000;2.000000;-55.808411;-701.474182;1904.238892;0.218750;0.000000;0.000000;0.000000;0.000000;2.000000;-175.755005;-627.192139;1829.122314;0.422786;0.000000;0.000000;0.000000;0.000000;2.000000;-211.001221;-320.359558;1838.070068;0.230827;0.000000;0.000000;0.000000;0.000000;2.000000;-240.610107;-62.830704;1845.420288;0.139552;0.000000;0.000000;0.000000;0.000000;2.000000;-225.152649;-44.400108;1950.364380;0.134259;0.000000;0.000000;0.000000;0.000000;2.000000;-272.335022;62.961590;1921.315186;0.156762;0.000000;0.000000;0.000000;0.000000;2.000000;-214.841248;22.209202;1979.796509;0.392433;0.000000;0.000000;0.000000;0.000000;2.000000;3.339294;-710.799927;1949.806030;0.218634;0.000000;0.000000;0.000000;0.000000;2.000000;109.885864;-694.654663;2049.849365;0.189152;0.000000;0.000000;0.000000;0.000000;2.000000;144.023193;-464.184143;2261.587402;0.347903;0.000000;0.000000;0.000000;0.000000;2.000000;97.661255;-290.553345;2453.076904;1.056342;0.000000;0.000000;0.000000;0.000000;1.000000;136.957397;-181.518982;2450.600586;1.098354;0.000000;0.000000;0.000000;0.000000;0.000000;164.337280;-66.218353;2458.261475;0.872513;0.000000;0.000000;0.000000;0.000000;0.000000;137.705933;-189.409470;2333.861816;0.746142;0.000000;0.000000;0.000000;0.000000;1.000000;-79.854370;-138.996552;1937.580444;0.029482;0.000000;0.000000;0.000000;0.000000;2.000000;-135.746521;300.109070;2004.088135;0.274462;0.000000;0.000000;0.000000;0.000000;2.000000;-64.451782;715.778931;1932.432495;0.282154;0.000000;0.000000;0.000000;0.000000;2.000000;-185.777832;880.668823;1976.782227;0.257982;0.000000;0.000000;0.000000;0.000000;2.000000;72.008179;-159.922302;2056.286621;0.026587;0.000000;0.000000;0.000000;0.000000;2.000000;39.072754;263.678040;2195.598877;0.946471;0.000000;0.000000;0.000000;0.000000;1.000000;105.972656;686.562927;2135.916504;0.849123;0.000000;0.000000;0.000000;0.000000;1.000000;54.572998;842.724060;2236.476074;0.837259;0.000000;0.000000;0.000000;0.000000;1.000000;-45.307922;-835.898132;1923.418091;0.203828;0.000000;0.000000;0.000000;0.000000;2.000000;-135.529480;-784.802734;2070.147949;0.824958;0.000000;0.000000;0.000000;0.000000;2.000000;-153.676636;-837.969360;2042.569214;0.634762;0.000000;0.000000;0.000000;0.000000;2.000000;-148.520142;-889.881226;1910.773804;0.244397;0.000000;0.000000;0.000000;0.000000;2.000000;-105.343201;-833.891235;2075.198242;0.795479;0.000000;0.000000;0.000000;0.000000;2.000000;8.891357;-897.029663;2008.678589;0.644846;0.000000;0.000000;0.000000;0.000000;2.000000;17765634048.000000
0.000000;-150.000000;2000.000000;0.000000;0.000000;0.000000;0.000000;0.000000;2.000000;-7.380676;-346.738556;1973.781982;0.043643;0.000000;0.000000;0.000000;0.000000;2.000000;-12.726990;-503.951233;1952.157104;0.065995;0.000000;0.000000;0.000000;0.000000;2.000000;-32.804932;-743.407776;1926.167114;0.155693;0.000000;0.000000;0.000000;0.000000;2.000000;-57.232178;-699.153992;1905.612549;0.093053;0.000000;0.000000;0.000000;0.000000;2.000000;-173.965820;-624.375122;1827.454346;0.113855;0.000000;0.000000;0.000000;0.000000;2.000000;-206.922852;-318.636627;1836.595093;0.142413;0.000000;0.000000;0.000000;0.000000;2.000000;-234.612793;-62.009628;1843.525269;0.193572;0.000000;0.000000;0.000000;0.000000;2.000000;-228.632324;-45.084518;1949.212402;0.113793;0.000000;0.000000;0.000000;0.000000;2.000000;-249.334473;69.006538;1917.190430;0.736594;0.000000;0.000000;0.000000;0.000000;2.000000;-256.878235;58.089207;1936.376831;2.144878;0.000000;0.000000;0.000000;0.000000;2.000000;-0.326172;-708.446777;1953.449097;0.173293;0.000000;0.000000;0.000000;0.000000;2.000000;98.242310;-690.111633;2060.141357;0.494099;0.000000;0.000000;0.000000;0.000000;2.000000;115.839233;-461.953918;2274.373047;0.946922;0.000000;0.000000;0.000000;0.000000;2.000000;65.801270;-287.733612;2462.825684;1.020423;0.000000;0.000000;0.000000;0.000000;1.000000;126.799805;-189.919556;2456.947754;0.446468;0.000000;0.000000;0.000000;0.000000;0.000000;166.202637;-78.631226;2463.532959;0.415474;0.000000;0.000000;0.000000;0.000000;0.000000;136.120117;-202.713165;2345.033691;0.532367;0.000000;0.000000;0.000000;0.000000;1.000000;-78.070740;-138.560577;1936.136719;0.071282;0.000000;0.000000;0.000000;0.000000;2.000000;-133.103638;298.779053;2002.011719;0.110309;0.000000;0.000000;0.000000;0.000000;2.000000;-61.797607;712.665344;1931.052612;0.131768;0.000000;0.000000;0.000000;0.000000;2.000000;-181.891907;877.285156;1975.495239;0.162077;0.000000;0.000000;0.000000;0.000000;2.000000;70.399780;-160.315430;2057.588379;0.064276;0.000000;0.000000;0.000000;0.000000;2.000000;41.327332;258.839539;2204.797852;0.324572;0.000000;0.000000;0.000000;0.000000;1.000000;108.583008;680.216370;2148.433594;0.435633;0.000000;0.000000;0.000000;0.000000;1.000000;57.519592;834.407532;2250.600098;0.508221;0.000000;0.000000;0.000000;0.000000;1.000000;-49.899414;-832.709839;1927.908081;0.218807;0.000000;0.000000;0.000000;0.000000;2.000000;-119.524231;-795.847839;2088.518555;0.816390;0.000000;0.000000;0.000000;0.000000;2.000000;-139.510681;-847.567078;2060.084229;0.747255;0.000000;0.000000;0.000000;0.000000;2.000000;-151.491516;-890.015869;1926.021362;0.474090;0.000000;0.000000;0.000000;0.000000;2.000000;-87.388794;-843.563965;2085.682129;0.699801;0.000000;0.000000;0.000000;0.000000;2.000000;17.764771;-896.692810;1999.682373;0.385758;0.000000;0.000000;0.000000;0.000000;2.000000;17765666816.000000
0.000000;-150.000000;2000.000000;0.000000;0.000000;0.000000;0.000000;0.000000;2.000000;-6.765137;-346.570313;1972.015625;0.057315;0.000000;0.000000;0.000000;0.000000;2.000000;-10.975464;-503.542206;1948.194214;0.132812;0.000000;0.000000;0.000000;0.000000;2.000000;-32.238892;-742.966431;1922.254272;0.121403;0.000000;0.000000;0.000000;0.000000;2.000000;-56.831055;-698.598389;1902.108276;0.108967;0.000000;0.000000;0.000000;0.000000;2.000000;-175.006226;-624.223022;1825.664551;0.063348;0.000000;0.000000;0.000000;0.000000;2.000000;-206.857849;-318.287384;1834.867188;0.053834;0.000000;0.000000;0.000000;0.000000;2.000000;-233.384338;-61.422073;1839.764771;0.122054;0.000000;0.000000;0.000000;0.000000;2.000000;-234.168579;-38.048744;1944.412476;0.310007;0.000000;0.000000;0.000000;0.000000;2.000000;-224.744385;81.348541;1932.842041;0.966001;0.000000;0.000000;0.000000;0.000000;2.000000;-249.644409;59.444355;1928.366333;0.331973;0.000000;0.000000;0.000000;0.000000;2.000000;0.769104;-708.132935;1949.089966;0.137499;0.000000;0.000000;0.000000;0.000000;2.000000;101.490784;-687.324585;2053.342773;0.245170;0.000000;0.000000;0.000000;0.000000;2.000000;109.297302;-458.829254;2267.916016;0.296278;0.000000;0.000000;0.000000;0.000000;2.000000;49.237671;-289.366821;2457.869629;0.529972;0.000000;0.000000;0.000000;0.000000;1.000000;113.122253;-193.223175;2460.144531;0.440352;0.000000;0.000000;0.000000;0.000000;0.000000;164.279480;-87.222885;2471.776367;0.368074;0.000000;0.000000;0.000000;0.000000;0.000000;135.292419;-204.507751;2349.887207;0.159926;0.000000;0.000000;0.000000;0.000000;1.000000;-78.428528;-138.272995;1936.586182;0.019606;0.000000;0.000000;0.000000;0.000000;2.000000;-133.238342;299.201050;2002.552246;0.021327;0.000000;0.000000;0.000000;0.000000;2.000000;-62.221375;713.930298;1935.665771;0.146551;0.000000;0.000000;0.000000;0.000000;2.000000;-185.146973;878.126953;1973.734497;0.115823;0.000000;0.000000;0.000000;0.000000;2.000000;70.722412;-160.574753;2057.183105;0.017679;0.000000;0.000000;0.000000;0.000000;2.000000;43.650940;255.573669;2213.385742;0.289221;0.000000;0.000000;0.000000;0.000000;1.000000;111.184265;677.079468;2157.449951;0.301957;0.000000;0.000000;0.000000;0.000000;1.000000;60.899780;830.383789;2261.416992;0.367000;0.000000;0.000000;0.000000;0.000000;1.000000;-49.605652;-832.237061;1924.159668;0.115647;0.000000;0.000000;0.000000;0.000000;2.000000;-112.330200;-789.503052;2086.204346;0.301130;0.000000;0.000000;0.000000;0.000000;2.000000;-131.642151;-843.400024;2061.565918;0.275460;0.000000;0.000000;0.000000;0.000000;2.000000;-148.776184;-893.381714;1930.656982;0.193470;0.000000;0.000000;0.000000;0.000000;2.000000;-78.463806;-836.064453;2084.104736;0.359002;0.000000;0.000000;0.000000;0.000000;2.000000;24.222900;-889.705688;1995.418579;0.318185;0.000000;0.000000;0.000000;0.000000;2.000000;17765699584.000000
0.000000;-150.000000;2000.000000;0.000000;0.000000;0.000000;0.000000;0.000000;2.000000;-10.778687;-347.432922;1977.521240;0.209584;0.000000;0.000000;0.000000;0.000000;2.000000;-15.210205;-504.732788;1954.130249;0.225473;0.000000;0.000000;0.000000;0.000000;2.000000;-36.286621;-744.457458;1927.057617;0.197020;0.000000;0.000000;0.000000;0.000000;2.000000;-60.357361;-699.923767;1906.405762;0.174404;0.000000;0.000000;0.000000;0.000000;2.000000;-174.910461;-625.348450;1824.296875;0.054131;0.000000;0.000000;0.000000;0.000000;2.000000;-204.872986;-318.799438;1836.277954;0.075940;0.000000;0.000000;0.000000;0.000000;2.000000;-229.740540;-61.386414;1843.449829;0.158157;0.000000;0.000000;0.000000;0.000000;2.000000;-230.206543;-36.962250;1948.043823;0.167332;0.000000;0.000000;0.000000;0.000000;2.000000;-210.460693;81.936935;1947.766602;0.630698;0.000000;0.000000;0.000000;0.000000;2.000000;-251.086853;58.746124;1924.541138;0.126566;0.000000;0.000000;0.000000;0.000000;2.000000;-3.814880;-709.688171;1954.803955;0.228538;0.000000;0.000000;0.000000;0.000000;2.000000;92.011902;-686.697083;2063.464600;0.423628;0.000000;0.000000;0.000000;0.000000;2.000000;104.464539;-453.795593;2273.808594;0.278724;0.000000;0.000000;0.000000;0.000000;2.000000;28.187988;-290.905518;2464.295410;0.673290;0.000000;0.000000;0.000000;0.000000;1.000000;84.549744;-190.005936;2468.460938;0.913440;0.000000;0.000000;0.000000;0.000000;0.000000;158.861755;-97.971039;2474.993408;0.380215;0.000000;0.000000;0.000000;0.000000;0.000000;130.222351;-212.803635;2360.357910;0.436052;0.000000;0.000000;0.000000;0.000000;1.000000;-80.539551;-138.650360;1938.934204;0.097044;0.000000;0.000000;0.000000;0.000000;2.000000;-130.643005;299.759888;2007.433960;0.169583;0.000000;0.000000;0.000000;0.000000;2.000000;-60.804138;714.299988;1933.909912;0.069780;0.000000;0.000000;0.000000;0.000000;2.000000;-180.972717;877.747803;1984.018188;0.338900;0.000000;0.000000;0.000000;0.000000;2.000000;72.626099;-160.234482;2055.065674;0.087513;0.000000;0.000000;0.000000;0.000000;2.000000;64.078369;285.636719;2065.209473;4.656034;0.000000;0.000000;0.000000;0.000000;2.000000;91.450745;712.072449;2007.054688;4.750623;0.000000;0.000000;0.000000;0.000000;2.000000;20.506409;853.446899;2116.341797;4.649335;0.000000;0.000000;0.000000;0.000000;2.000000;-53.873230;-833.851807;1928.331299;0.188672;0.000000;0.000000;0.000000;0.000000;2.000000;-114.657166;-785.088196;2089.743652;0.186713;0.000000;0.000000;0.000000;0.000000;2.000000;-132.795410;-840.783264;2068.133301;0.218596;0.000000;0.000000;0.000000;0.000000;2.000000;-151.074585;-897.706299;1939.987671;0.321590;0.000000;0.000000;0.000000;0.000000;2.000000;-79.331299;-830.718994;2089.143555;0.225740;0.000000;0.000000;0.000000;0.000000;2.000000;23.314453;-885.573364;2000.749878;0.207708;0.000000;0.000000;0.000000;0.000000;2.000000;17765732352.000000
0.000000;-150.000000;2000.000000;0.000000;0.000000;0.000000;0.000000;0.000000;2.000000;-10.778503;-347.433167;1977.521240;0.000009;0.000000;0.000000;0.000000;0.000000;2.000000;-15.209961;-504.733276;1954.130371;0.000016;0.000000;0.000000;0.000000;0.000000;2.000000;-36.286133;-744.458496;1927.058838;0.000048;0.000000;0.000000;0.000000;0.000000;2.000000;-60.356873;-699.924805;1906.406616;0.000041;0.000000;0.000000;0.000000;0.000000;2.000000;-174.909607;-625.350220;1824.296143;0.000060;0.000000;0.000000;0.000000;0.000000;2.000000;-204.872559;-318.800598;1836.272583;0.000158;0.000000;0.000000;0.000000;0.000000;2.000000;-229.740234;-61.387039;1843.439697;0.000292;0.000000;0.000000;0.000000;0.000000;2.000000;-230.207397;-36.959541;1948.032959;0.000323;0.000000;0.000000;0.000000;0.000000;2.000000;-210.462463;81.939941;1947.743042;0.000684;0.000000;0.000000;0.000000;0.000000;2.000000;-251.089355;58.747215;1924.528198;0.000380;0.000000;0.000000;0.000000;0.000000;2.000000;-3.814514;-709.688904;1954.805176;0.000042;0.000000;0.000000;0.000000;0.000000;2.000000;92.015137;-686.697449;2063.463379;0.000100;0.000000;0.000000;0.000000;0.000000;2.000000;104.482544;-453.787476;2273.797852;0.000646;0.000000;0.000000;0.000000;0.000000;2.000000;28.208557;-290.891602;2464.281250;0.000821;0.000000;0.000000;0.000000;0.000000;1.000000;84.570923;-189.992020;2468.443848;0.000878;0.000000;0.000000;0.000000;0.000000;0.000000;158.883545;-97.957138;2474.972656;0.000952;0.000000;0.000000;0.000000;0.000000;0.000000;130.242432;-212.792923;2360.340820;0.000817;0.000000;0.000000;0.000000;0.000000;1.000000;-80.539612;-138.650421;1938.934082;0.000004;0.000000;0.000000;0.000000;0.000000;2.000000;-130.643555;299.760315;2007.434326;0.000023;0.000000;0.000000;0.000000;0.000000;2.000000;-60.805054;714.301208;1933.911011;0.000054;0.000000;0.000000;0.000000;0.000000;2.000000;-180.973267;877.749878;1984.018433;0.000062;0.000000;0.000000;0.000000;0.000000;2.000000;72.626221;-160.234421;2055.065918;0.000008;0.000000;0.000000;0.000000;0.000000;2.000000;64.074585;285.637390;2065.206543;0.000139;0.000000;0.000000;0.000000;0.000000;2.000000;91.443237;712.073303;2007.047607;0.000297;0.000000;0.000000;0.000000;0.000000;2.000000;20.497437;853.453308;2116.326904;0.000532;0.000000;0.000000;0.000000;0.000000;2.000000;-53.872742;-833.852966;1928.332886;0.000058;0.000000;0.000000;0.000000;0.000000;2.000000;-114.655518;-785.084473;2089.744385;0.000119;0.000000;0.000000;0.000000;0.000000;2.000000;-132.792419;-840.781189;2068.136719;0.000143;0.000000;0.000000;0.000000;0.000000;2.000000;-151.071960;-897.710388;1939.993652;0.000221;0.000000;0.000000;0.000000;0.000000;2.000000;-79.328186;-830.714172;2089.145752;0.000177;0.000000;0.000000;0.000000;0.000000;2.000000;23.317993;-885.568909;2000.752441;0.000179;0.000000;0.000000;0.000000;0.000000;2.000000;17765767168.000000
0.000000;-150.000000;2000.000000;0.000000;0.000000;0.000000;0.000000;0.000000;2.000000;-11.521851;-348.403503;1980.463867;0.097241;0.000000;0.000000;0.000000;0.000000;2.000000;-17.371094;-506.534698;1959.310425;0.179895;0.000000;0.000000;0.000000;0.000000;2.000000;-40.592590;-746.904419;1932.132202;0.216368;0.000000;0.000000;0.000000;0.000000;2.000000;-65.985535;-702.064575;1913.299927;0.279329;0.000000;0.000000;0.000000;0.000000;2.000000;-182.015686;-626.847046;1832.782837;0.340870;0.000000;0.000000;0.000000;0.000000;2.000000;-208.707947;-318.831757;1842.410156;0.220870;0.000000;0.000000;0.000000;0.000000;2.000000;-230.878235;-60.218353;1847.634888;0.137365;0.000000;0.000000;0.000000;0.000000;2.000000;-231.996460;-35.999924;1952.656738;0.154109;0.000000;0.000000;0.000000;0.000000;2.000000;-214.640747;83.519310;1946.130127;0.144931;0.000000;0.000000;0.000000;0.000000;2.000000;-252.484009;61.229118;1928.966553;0.160917;0.000000;0.000000;0.000000;0.000000;2.000000;-6.209045;-712.218018;1957.997803;0.144187;0.000000;0.000000;0.000000;0.000000;2.000000;97.617126;-691.040649;2060.177734;0.238430;0.000000;0.000000;0.000000;0.000000;2.000000;112.405212;-460.732574;2274.823242;0.323046;0.000000;0.000000;0.000000;0.000000;2.000000;29.855225;-307.929321;2472.189697;0.575432;0.000000;0.000000;0.000000;0.000000;1.000000;76.614868;-202.105988;2481.316650;0.591566;0.000000;0.000000;0.000000;0.000000;0.000000;149.564636;-108.392532;2486.767334;0.558442;0.000000;0.000000;0.000000;0.000000;0.000000;125.862732;-216.211365;2372.267334;0.401523;0.000000;0.000000;0.000000;0.000000;1.000000;-87.190063;-139.809845;1947.933594;0.343325;0.000000;0.000000;0.000000;0.000000;2.000000;-134.063965;299.130768;2024.976318;0.545759;0.000000;0.000000;0.000000;0.000000;2.000000;-65.097656;713.706787;1942.686035;0.298668;0.000000;0.000000;0.000000;0.000000;2.000000;-180.891907;879.381226;1998.505249;0.444904;0.000000;0.000000;0.000000;0.000000;2.000000;78.623108;-159.188919;2046.950684;0.309588;0.000000;0.000000;0.000000;0.000000;2.000000;76.790222;287.486328;2076.061523;0.513328;0.000000;0.000000;0.000000;0.000000;2.000000;102.501892;718.034912;2040.747925;1.097592;0.000000;0.000000;0.000000;0.000000;2.000000;43.185486;862.231201;2154.375000;1.378184;0.000000;0.000000;0.000000;0.000000;2.000000;-58.247192;-836.598999;1934.019165;0.234430;0.000000;0.000000;0.000000;0.000000;2.000000;-112.870972;-774.167969;2093.612305;0.357610;0.000000;0.000000;0.000000;0.000000;2.000000;-128.767517;-832.978271;2078.987549;0.425964;0.000000;0.000000;0.000000;0.000000;2.000000;-150.797607;-904.409546;1958.372925;0.597047;0.000000;0.000000;0.000000;0.000000;2.000000;-74.737244;-817.711304;2095.498047;0.463328;0.000000;0.000000;0.000000;0.000000;2.000000;26.285095;-876.058838;2006.626709;0.352940;0.000000;0.000000;0.000000;0.000000;2.000000;17765799936.000000
0.000000;-150.000000;2000.000000;0.000000;0.000000;0.000000;0.000000;0.000000;2.000000;-8.673218;-349.495605;1983.249268;0.126071;0.000000;0.000000;0.000000;0.000000;2.000000;-11.533752;-508.371246;1962.905640;0.216595;0.000000;0.000000;0.000000;0.000000;2.000000;-33.348206;-750.057739;1938.906372;0.317609;0.000000;0.000000;0.000000;0.000000;2.000000;-59.551880;-705.496948;1919.969482;0.301578;0.000000;0.000000;0.000000;0.000000;2.000000;-175.949463;-628.826904;1840.256348;0.299900;0.000000;0.000000;0.000000;0.000000;2.000000;-199.646484;-319.419098;1847.031982;0.310945;0.000000;0.000000;0.000000;0.000000;2.000000;-219.389893;-59.688171;1851.047485;0.366095;0.000000;0.000000;0.000000;0.000000;2.000000;-234.688110;-27.023804;1953.012085;0.286186;0.000000;0.000000;0.000000;0.000000;2.000000;-191.621033;84.097816;1975.970825;1.150278;0.000000;0.000000;0.000000;0.000000;2.000000;-241.620605;58.503601;1932.803101;0.361297;0.000000;0.000000;0.000000;0.000000;2.000000;1.347778;-714.669067;1963.793945;0.300111;0.000000;0.000000;0.000000;0.000000;2.000000;109.458130;-688.917725;2061.097900;0.368193;0.000000;0.000000;0.000000;0.000000;2.000000;130.793091;-457.352325;2275.440430;0.570867;0.000000;0.000000;0.000000;0.000000;2.000000;47.163269;-310.174835;2477.776611;0.559250;0.000000;0.000000;0.000000;0.000000;1.000000;85.231323;-200.960114;2491.359863;0.405347;0.000000;0.000000;0.000000;0.000000;0.000000;157.619141;-106.144531;2492.544434;0.310175;0.000000;0.000000;0.000000;0.000000;0.000000;136.911499;-212.956390;2376.038574;0.369871;0.000000;0.000000;0.000000;0.000000;1.000000;-88.396301;-141.868118;1948.922485;0.078812;0.000000;0.000000;0.000000;0.000000;2.000000;-126.390015;298.013916;2034.077515;0.364897;0.000000;0.000000;0.000000;0.000000;2.000000;-57.323303;713.940552;1950.979858;0.346993;0.000000;0.000000;0.000000;0.000000;2.000000;-174.778870;878.930420;2008.066772;0.346607;0.000000;0.000000;0.000000;0.000000;2.000000;79.710876;-157.332870;2046.058838;0.071071;0.000000;0.000000;0.000000;0.000000;2.000000;82.382324;290.460205;2081.135498;0.247664;0.000000;0.000000;0.000000;0.000000;2.000000;111.370239;722.609863;2049.790039;0.410955;0.000000;0.000000;0.000000;0.000000;2.000000;54.515747;865.021240;2167.969238;0.546735;0.000000;0.000000;0.000000;0.000000;2.000000;-50.279419;-840.172974;1942.188965;0.364943;0.000000;0.000000;0.000000;0.000000;2.000000;-106.277100;-776.176880;2101.386963;0.317089;0.000000;0.000000;0.000000;0.000000;2.000000;-121.771179;-835.447754;2087.270508;0.339356;0.000000;0.000000;0.000000;0.000000;2.000000;-142.820618;-908.562256;1966.912109;0.378461;0.000000;0.000000;0.000000;0.000000;2.000000;-67.736755;-819.594849;2103.931641;0.339391;0.000000;0.000000;0.000000;0.000000;2.000000;34.446777;-878.427002;2015.873779;0.383272;0.000000;0.000000;0.000000;0.000000;2.000000;17765832704.000000
0.000000;-150.000000;2000.000000;0.000000;0.000000;0.000000;0.000000;0.000000;2.000000;-9.036255;-350.571716;1985.102783;0.062436;0.000000;0.000000;0.000000;0.000000;2.000000;-13.024109;-510.516174;1967.577148;0.153725;0.000000;0.000000;0.000000;0.000000;2.000000;-32.609070;-753.226318;1940.511353;0.104204;0.000000;0.000000;0.000000;0.000000;2.000000;-59.437256;-708.487549;1922.122559;0.105894;0.000000;0.000000;0.000000;0.000000;2.000000;-174.982056;-630.751953;1840.695923;0.063156;0.000000;0.000000;0.000000;0.000000;2.000000;-200.557678;-320.022400;1847.116577;0.031482;0.000000;0.000000;0.000000;0.000000;2.000000;-221.896301;-59.192650;1851.347534;0.073888;0.000000;0.000000;0.000000;0.000000;2.000000;-236.357910;-21.065544;1952.070801;0.179774;0.000000;0.000000;0.000000;0.000000;2.000000;-192.918945;88.170486;1984.462158;0.273050;0.000000;0.000000;0.000000;0.000000;2.000000;-241.891418;59.902546;1933.908325;0.051795;0.000000;0.000000;0.000000;0.000000;2.000000;1.973694;-717.639587;1965.851929;0.105341;0.000000;0.000000;0.000000;0.000000;2.000000;112.490479;-694.036377;2062.046875;0.173042;0.000000;0.000000;0.000000;0.000000;2.000000;137.822876;-460.540955;2276.058105;0.222421;0.000000;0.000000;0.000000;0.000000;2.000000;57.133606;-309.740417;2478.540771;0.287483;0.000000;0.000000;0.000000;0.000000;1.000000;87.574219;-198.061172;2495.582520;0.161776;0.000000;0.000000;0.000000;0.000000;0.000000;158.074829;-101.268372;2490.455566;0.152926;0.000000;0.000000;0.000000;0.000000;0.000000;139.607056;-208.913986;2374.138672;0.149844;0.000000;0.000000;0.000000;0.000000;1.000000;-89.139465;-142.210510;1949.194092;0.024763;0.000000;0.000000;0.000000;0.000000;2.000000;-124.805908;299.478119;2037.142456;0.107650;0.000000;0.000000;0.000000;0.000000;2.000000;-60.269836;716.870972;1947.541016;0.154928;0.000000;0.000000;0.000000;0.000000;2.000000;-167.964539;885.991333;2014.575562;0.338213;0.000000;0.000000;0.000000;0.000000;2.000000;80.380981;-157.024139;2045.813965;0.022328;0.000000;0.000000;0.000000;0.000000;2.000000;85.106934;292.712891;2082.840576;0.112735;0.000000;0.000000;0.000000;0.000000;2.000000;114.872681;727.042908;2054.134766;0.204708;0.000000;0.000000;0.000000;0.000000;2.000000;63.506775;870.048462;2175.558594;0.367501;0.000000;0.000000;0.000000;0.000000;2.000000;-48.711609;-843.963745;1942.733521;0.118859;0.000000;0.000000;0.000000;0.000000;2.000000;-104.975830;-767.333740;2097.149414;0.284122;0.000000;0.000000;0.000000;0.000000;2.000000;-119.446777;-828.169983;2088.252441;0.221243;0.000000;0.000000;0.000000;0.000000;2.000000;-140.074097;-912.098083;1974.250000;0.246896;0.000000;0.000000;0.000000;0.000000;2.000000;-65.359375;-809.814148;2103.042236;0.290232;0.000000;0.000000;0.000000;0.000000;2.000000;37.766174;-874.259094;2018.941650;0.176594;0.000000;0.000000;0.000000;0.000000;2.000000;17765867520.000000
0.000000;-150.000000;2000.000000;0.000000;0.000000;0.000000;0.000000;0.000000;2.000000;-9.866028;-349.910370;1983.593384;0.056306;0.000000;0.000000;0.000000;0.000000;2.000000;-13.302368;-509.083099;1962.893799;0.149707;0.000000;0.000000;0.000000;0.000000;2.000000;-34.196533;-751.281738;1937.822021;0.112270;0.000000;0.000000;0.000000;0.000000;2.000000;-60.598694;-706.647217;1918.983154;0.116574;0.000000;0.000000;0.000000;0.000000;2.000000;-176.235840;-629.816406;1837.624756;0.105183;0.000000;0.000000;0.000000;0.000000;2.000000;-205.028931;-320.094177;1840.232544;0.250518;0.000000;0.000000;0.000000;0.000000;2.000000;-229.117859;-60.129333;1841.703857;0.368782;0.000000;0.000000;0.000000;0.000000;2.000000;-237.825134;-20.534439;1942.230225;0.304063;0.000000;0.000000;0.000000;0.000000;2.000000;-197.927246;88.837372;1977.451660;0.263717;0.000000;0.000000;0.000000;0.000000;2.000000;-246.566956;56.331879;1929.272949;0.228570;0.000000;0.000000;0.000000;0.000000;2.000000;0.399475;-715.784302;1962.963989;0.115244;0.000000;0.000000;0.000000;0.000000;2.000000;110.488098;-692.053711;2059.048340;0.125574;0.000000;0.000000;0.000000;0.000000;2.000000;137.138000;-459.449615;2272.694824;0.109913;0.000000;0.000000;0.000000;0.000000;2.000000;56.692017;-309.297241;2474.891846;0.112981;0.000000;0.000000;0.000000;0.000000;1.000000;85.395081;-197.662354;2493.191895;0.099465;0.000000;0.000000;0.000000;0.000000;0.000000;155.323303;-100.875305;2487.174805;0.131221;0.000000;0.000000;0.000000;0.000000;0.000000;137.671570;-208.004456;2370.774170;0.121662;0.000000;0.000000;0.000000;0.000000;1.000000;-88.526123;-141.426468;1948.768799;0.033035;0.000000;0.000000;0.000000;0.000000;2.000000;-127.593384;299.958862;2030.816895;0.211463;0.000000;0.000000;0.000000;0.000000;2.000000;-60.746277;716.449585;1943.934937;0.111748;0.000000;0.000000;0.000000;0.000000;2.000000;-161.909851;889.251709;2010.087891;0.250595;0.000000;0.000000;0.000000;0.000000;2.000000;79.827881;-157.731125;2046.197510;0.029790;0.000000;0.000000;0.000000;0.000000;2.000000;82.344299;291.232544;2078.870361;0.154366;0.000000;0.000000;0.000000;0.000000;2.000000;110.117493;724.518555;2048.932617;0.228467;0.000000;0.000000;0.000000;0.000000;2.000000;56.618042;869.050781;2166.799805;0.341424;0.000000;0.000000;0.000000;0.000000;2.000000;-50.823364;-841.671753;1940.717407;0.113275;0.000000;0.000000;0.000000;0.000000;2.000000;-103.115601;-770.859619;2098.734619;0.130924;0.000000;0.000000;0.000000;0.000000;2.000000;-119.703430;-830.518921;2087.101074;0.080216;0.000000;0.000000;0.000000;0.000000;2.000000;-144.011597;-907.919800;1969.703125;0.223500;0.000000;0.000000;0.000000;0.000000;2.000000;-65.041504;-814.791626;2102.217773;0.154276;0.000000;0.000000;0.000000;0.000000;2.000000;34.912720;-878.439331;2014.410156;0.207320;0.000000;0.000000;0.000000;0.000000;2.000000;17765900288.000000
0.000000;-150.000000;2000.000000;0.000000;0.000000;0.000000;0.000000;0.000000;2.000000;-9.575195;-349.614136;1983.691772;0.013020;0.000000;0.000000;0.000000;0.000000;2.000000;-12.950562;-508.578522;1963.348389;0.023342;0.000000;0.000000;0.000000;0.000000;2.000000;-33.537170;-750.521484;1939.332886;0.055400;0.000000;0.000000;0.000000;0.000000;2.000000;-60.038635;-706.070801;1920.453735;0.051143;0.000000;0.000000;0.000000;0.000000;2.000000;-175.978210;-630.046875;1839.270020;0.051306;0.000000;0.000000;0.000000;0.000000;2.000000;-205.585815;-320.884735;1840.121338;0.029705;0.000000;0.000000;0.000000;0.000000;2.000000;-230.375671;-61.395660;1840.256470;0.070128;0.000000;0.000000;0.000000;0.000000;2.000000;-240.231079;-21.997894;1940.569824;0.099766;0.000000;0.000000;0.000000;0.000000;2.000000;-202.993835;86.502518;1980.431641;0.193015;0.000000;0.000000;0.000000;0.000000;2.000000;-249.765808;54.663322;1927.170288;0.127438;0.000000;0.000000;0.000000;0.000000;2.000000;1.046570;-714.930664;1964.163818;0.049085;0.000000;0.000000;0.000000;0.000000;2.000000;113.936096;-691.247314;2056.580078;0.131726;0.000000;0.000000;0.000000;0.000000;2.000000;167.489075;-449.166840;2253.231934;1.144197;0.000000;0.000000;0.000000;0.000000;2.000000;85.477722;-296.722870;2452.518799;1.176921;0.000000;0.000000;0.000000;0.000000;1.000000;103.302551;-185.602554;2482.729492;0.732154;0.000000;0.000000;0.000000;0.000000;0.000000;160.252625;-80.758286;2486.359863;0.632573;0.000000;0.000000;0.000000;0.000000;0.000000;152.961731;-181.681610;2354.482422;1.053675;0.000000;0.000000;0.000000;0.000000;1.000000;-88.434082;-141.583847;1948.908203;0.007004;0.000000;0.000000;0.000000;0.000000;2.000000;-128.596375;298.983032;2030.922363;0.042826;0.000000;0.000000;0.000000;0.000000;2.000000;-62.555603;715.399780;1946.470947;0.100324;0.000000;0.000000;0.000000;0.000000;2.000000;-161.327515;888.841675;2013.497314;0.106293;0.000000;0.000000;0.000000;0.000000;2.000000;79.744873;-157.589218;2046.071533;0.006321;0.000000;0.000000;0.000000;0.000000;2.000000;76.949524;290.913269;2075.066162;0.201687;0.000000;0.000000;0.000000;0.000000;2.000000;100.664734;723.091675;2036.773804;0.472015;0.000000;0.000000;0.000000;0.000000;2.000000;50.157104;870.240356;2152.194092;0.488744;0.000000;0.000000;0.000000;0.000000;2.000000;-49.987854;-840.781982;1942.637085;0.069423;0.000000;0.000000;0.000000;0.000000;2.000000;-99.017151;-772.899902;2102.646973;0.183782;0.000000;0.000000;0.000000;0.000000;2.000000;-116.696777;-831.908936;2089.896240;0.132268;0.000000;0.000000;0.000000;0.000000;2.000000;-143.720215;-906.072388;1971.282227;0.074699;0.000000;0.000000;0.000000;0.000000;2.000000;-61.683655;-817.435181;2104.624512;0.149679;0.000000;0.000000;0.000000;0.000000;2.000000;35.933838;-880.542358;2014.227051;0.071563;0.000000;0.000000;0.000000;0.000000;2.000000;17765933056.000000
0.000000;-150.000000;2000.000000;0.000000;0.000000;0.000000;0.000000;0.000000;2.000000;-9.584778;-349.603088;1983.717529;0.000904;0.000000;0.000000;0.000000;0.000000;2.000000;-12.990662;-508.564026;1963.431763;0.002858;0.000000;0.000000;0.000000;0.000000;2.000000;-33.502502;-750.519043;1939.631226;0.009166;0.000000;0.000000;0.000000;0.000000;2.000000;-60.029114;-706.096497;1920.731445;0.008516;0.000000;0.000000;0.000000;0.000000;2.000000;-176.054199;-630.252625;1839.521484;0.010183;0.000000;0.000000;0.000000;0.000000;2.000000;-206.014709;-321.143372;1839.931030;0.016351;0.000000;0.000000;0.000000;0.000000;2.000000;-231.097351;-61.699081;1839.657104;0.030089;0.000000;0.000000;0.000000;0.000000;2.000000;-241.078308;-22.239418;1939.926392;0.033293;0.000000;0.000000;0.000000;0.000000;2.000000;-204.123413;86.225525;1980.122681;0.036724;0.000000;0.000000;0.000000;0.000000;2.000000;-251.100830;54.396561;1926.065796;0.053500;0.000000;0.000000;0.000000;0.000000;2.000000;1.080627;-714.897400;1964.411133;0.007686;0.000000;0.000000;0.000000;0.000000;2.000000;114.512329;-691.101013;2056.117188;0.022994;0.000000;0.000000;0.000000;0.000000;2.000000;172.701782;-446.653076;2248.443359;0.229231;0.000000;0.000000;0.000000;0.000000;2.000000;94.710205;-290.283203;2446.274902;0.392829;0.000000;0.000000;0.000000;0.000000;1.000000;113.343628;-179.011200;2475.391113;0.429552;0.000000;0.000000;0.000000;0.000000;0.000000;169.669189;-73.823624;2478.554688;0.429075;0.000000;0.000000;0.000000;0.000000;0.000000;160.944580;-175.823074;2346.684082;0.384646;0.000000;0.000000;0.000000;0.000000;1.000000;-88.434082;-141.586731;1948.920654;0.000390;0.000000;0.000000;0.000000;0.000000;2.000000;-128.359192;298.946655;2031.075195;0.008682;0.000000;0.000000;0.000000;0.000000;2.000000;-62.357239;715.354614;1946.687744;0.009073;0.000000;0.000000;0.000000;0.000000;2.000000;-160.854309;888.667480;2014.407349;0.031750;0.000000;0.000000;0.000000;0.000000;2.000000;79.744812;-157.586624;2046.060425;0.000348;0.000000;0.000000;0.000000;0.000000;2.000000;76.266052;290.929749;2074.317871;0.030932;0.000000;0.000000;0.000000;0.000000;2.000000;99.631348;722.963745;2034.521362;0.075729;0.000000;0.000000;0.000000;0.000000;2.000000;49.006287;870.450378;2149.437256;0.091393;0.000000;0.000000;0.000000;0.000000;2.000000;-49.917664;-840.777039;1943.019897;0.011878;0.000000;0.000000;0.000000;0.000000;2.000000;-99.000916;-773.058533;2103.069824;0.013791;0.000000;0.000000;0.000000;0.000000;2.000000;-116.217590;-832.232788;2090.471680;0.024898;0.000000;0.000000;0.000000;0.000000;2.000000;-142.991394;-906.811890;1972.072754;0.039825;0.000000;0.000000;0.000000;0.000000;2.000000;-61.285645;-817.268372;2104.997070;0.017399;0.000000;0.000000;0.000000;0.000000;2.000000;36.565857;-879.685547;2014.388672;0.032864;0.000000;0.000000;0.000000;0.000000;2.000000;17765965824.000000
0.000000;-150.000000;2000.000000;0.000000;0.000000;0.000000;0.000000;0.000000;2.000000;-9.945251;-349.284393;1983.711792;0.013821;0.000000;0.000000;0.000000;0.000000;2.000000;-14.187744;-508.094299;1964.308716;0.044706;0.000000;0.000000;0.000000;0.000000;2.000000;-35.990601;-749.836182;1943.394897;0.131064;0.000000;0.000000;0.000000;0.000000;2.000000;-62.522034;-705.568298;1924.378662;0.127793;0.000000;0.000000;0.000000;0.000000;2.000000;-178.681396;-630.442810;1843.166870;0.129178;0.000000;0.000000;0.000000;0.000000;2.000000;-205.893311;-321.546021;1842.182129;0.065776;0.000000;0.000000;0.000000;0.000000;2.000000;-229.204346;-62.355988;1846.065063;0.192841;0.000000;0.000000;0.000000;0.000000;2.000000;-248.302429;-27.804054;1946.648926;0.325396;0.000000;0.000000;0.000000;0.000000;2.000000;-207.085571;78.671616;1987.467651;0.314356;0.000000;0.000000;0.000000;0.000000;2.000000;-252.983887;53.256622;1930.445923;0.140801;0.000000;0.000000;0.000000;0.000000;2.000000;-1.002502;-714.157104;1967.323730;0.105026;0.000000;0.000000;0.000000;0.000000;2.000000;115.763184;-690.884216;2054.512939;0.058760;0.000000;0.000000;0.000000;0.000000;2.000000;208.618530;-430.758911;2207.954346;1.620209;0.000000;0.000000;0.000000;0.000000;2.000000;135.784180;-264.851654;2399.353760;1.934329;0.000000;0.000000;0.000000;0.000000;1.000000;132.617554;-177.442154;2476.070801;0.555768;0.000000;0.000000;0.000000;0.000000;0.000000;168.219604;-63.811920;2481.089355;0.299541;0.000000;0.000000;0.000000;0.000000;0.000000;185.552734;-147.252411;2327.943359;1.209435;0.000000;0.000000;0.000000;0.000000;1.000000;-88.451294;-141.440536;1949.282715;0.011226;0.000000;0.000000;0.000000;0.000000;2.000000;-126.584534;298.098999;2033.900757;0.098881;0.000000;0.000000;0.000000;0.000000;2.000000;-61.929443;713.798340;1948.253174;0.064581;0.000000;0.000000;0.000000;0.000000;2.000000;-158.477905;886.053650;2020.359131;0.198794;0.000000;0.000000;0.000000;0.000000;2.000000;79.760437;-157.718445;2045.733887;0.010124;0.000000;0.000000;0.000000;0.000000;2.000000;82.609924;289.943054;2076.817383;0.197884;0.000000;0.000000;0.000000;0.000000;2.000000;110.048218;722.045593;2049.348145;0.521126;0.000000;0.000000;0.000000;0.000000;2.000000;57.642456;865.309753;2168.251465;0.612659;0.000000;0.000000;0.000000;0.000000;2.000000;-52.720825;-839.845459;1947.948975;0.165051;0.000000;0.000000;0.000000;0.000000;2.000000;-100.179138;-769.484802;2107.042725;0.157172;0.000000;0.000000;0.000000;0.000000;2.000000;-112.882813;-830.279663;2097.687500;0.235109;0.000000;0.000000;0.000000;0.000000;2.000000;-138.428345;-911.838135;1983.967163;0.393363;0.000000;0.000000;0.000000;0.000000;2.000000;-58.898193;-810.262085;2108.960938;0.241166;0.000000;0.000000;0.000000;0.000000;2.000000;39.633301;-868.295105;2016.550293;0.344458;0.000000;0.000000;0.000000;0.000000;2.000000;17766000640.000000
0.000000;-150.000000;2000.000000;0.000000;0.000000;0.000000;0.000000;0.000000;2.000000;-9.057739;-348.621124;1987.215820;0.112153;0.000000;0.000000;0.000000;0.000000;2.000000;-13.562378;-507.095520;1971.851318;0.232974;0.000000;0.000000;0.000000;0.000000;2.000000;-30.320374;-748.083862;1951.138550;0.297740;0.000000;0.000000;0.000000;0.000000;2.000000;-58.473328;-704.629333;1933.378662;0.302530;0.000000;0.000000;0.000000;0.000000;2.000000;-174.751038;-632.977539;1850.722534;0.271179;0.000000;0.000000;0.000000;0.000000;2.000000;-205.912842;-325.966370;1847.028320;0.200176;0.000000;0.000000;0.000000;0.000000;2.000000;-233.502930;-68.520386;1854.206543;0.338128;0.000000;0.000000;0.000000;0.000000;2.000000;-253.699219;-33.237663;1953.762817;0.318988;0.000000;0.000000;0.000000;0.000000;2.000000;-207.756775;69.964836;1996.192017;0.376707;0.000000;0.000000;0.000000;0.000000;2.000000;-253.890259;46.676903;1938.852295;0.326953;0.000000;0.000000;0.000000;0.000000;2.000000;4.536926;-711.806702;1973.707764;0.267731;0.000000;0.000000;0.000000;0.000000;2.000000;123.745483;-684.539246;2055.044922;0.311606;0.000000;0.000000;0.000000;0.000000;2.000000;224.344849;-414.224579;2180.297119;1.094226;0.000000;0.000000;0.000000;0.000000;2.000000;176.681519;-228.854980;2359.648438;2.057361;0.000000;0.000000;0.000000;0.000000;1.000000;176.463745;-174.204285;2461.726563;1.411328;0.000000;0.000000;0.000000;0.000000;0.000000;158.781494;-60.937309;2492.170410;0.452784;0.000000;0.000000;0.000000;0.000000;0.000000;199.805908;-106.674744;2360.913086;1.653789;0.000000;0.000000;0.000000;0.000000;1.000000;-89.857361;-142.853363;1952.631714;0.118936;0.000000;0.000000;0.000000;0.000000;2.000000;-121.813538;294.505493;2039.686768;0.253780;0.000000;0.000000;0.000000;0.000000;2.000000;-59.168091;708.173340;1952.990112;0.239722;0.000000;0.000000;0.000000;0.000000;2.000000;-147.145447;881.623474;2030.099487;0.475649;0.000000;0.000000;0.000000;0.000000;2.000000;81.028442;-156.444443;2042.714111;0.107246;0.000000;0.000000;0.000000;0.000000;2.000000;91.962036;289.088623;2071.580322;0.328144;0.000000;0.000000;0.000000;0.000000;2.000000;117.348145;719.939148;2059.481934;0.386526;0.000000;0.000000;0.000000;0.000000;2.000000;72.329712;860.257141;2183.320801;0.660428;0.000000;0.000000;0.000000;0.000000;2.000000;-44.649719;-838.044128;1956.028564;0.352828;0.000000;0.000000;0.000000;0.000000;2.000000;-91.701965;-783.875183;2120.512695;0.654803;0.000000;0.000000;0.000000;0.000000;2.000000;-104.580383;-843.106201;2105.245605;0.520211;0.000000;0.000000;0.000000;0.000000;2.000000;-130.255371;-912.548706;1984.572510;0.251041;0.000000;0.000000;0.000000;0.000000;2.000000;-50.782166;-824.612244;2118.397949;0.579717;0.000000;0.000000;0.000000;0.000000;2.000000;47.105103;-873.358765;2021.179321;0.309564;0.000000;0.000000;0.000000;0.000000;2.000000;17766033408.000000
0.000000;-150.000000;2000.000000;0.000000;0.000000;0.000000;0.000000;0.000000;2.000000;-9.423096;-348.662537;1985.592773;0.050787;0.000000;0.000000;0.000000;0.000000;2.000000;-12.402893;-506.662903;1964.603394;0.224390;0.000000;0.000000;0.000000;0.000000;2.000000;-39.253540;-747.160706;1946.581909;0.307330;0.000000;0.000000;0.000000;0.000000;2.000000;-66.686157;-702.735107;1929.993042;0.277191;0.000000;0.000000;0.000000;0.000000;2.000000;-186.104126;-631.005432;1851.737305;0.353018;0.000000;0.000000;0.000000;0.000000;2.000000;-210.638489;-323.573853;1834.822998;0.406040;0.000000;0.000000;0.000000;0.000000;2.000000;-233.890503;-66.304840;1856.664429;0.101675;0.000000;0.000000;0.000000;0.000000;2.000000;-265.603943;-34.744392;1954.552124;0.366993;0.000000;0.000000;0.000000;0.000000;2.000000;-214.181152;68.837914;1989.377563;0.287869;0.000000;0.000000;0.000000;0.000000;2.000000;-260.716797;51.583942;1932.967529;0.313175;0.000000;0.000000;0.000000;0.000000;2.000000;-1.887146;-712.071960;1967.029907;0.282898;0.000000;0.000000;0.000000;0.000000;2.000000;117.632751;-690.187988;2049.749512;0.301051;0.000000;0.000000;0.000000;0.000000;2.000000;226.035339;-419.231201;2167.552246;0.421049;0.000000;0.000000;0.000000;0.000000;2.000000;192.437683;-220.030838;2335.205566;0.927441;0.000000;0.000000;0.000000;0.000000;1.000000;185.018127;-178.982712;2443.323486;0.636263;0.000000;0.000000;0.000000;0.000000;0.000000;150.481873;-73.040527;2484.265625;0.508699;0.000000;0.000000;0.000000;0.000000;0.000000;197.483948;-96.733063;2351.735352;0.418947;0.000000;0.000000;0.000000;0.000000;1.000000;-91.855225;-142.487823;1956.491821;0.133112;0.000000;0.000000;0.000000;0.000000;2.000000;-126.748657;296.298920;2036.929565;0.180993;0.000000;0.000000;0.000000;0.000000;2.000000;-62.522766;709.850159;1949.054688;0.165902;0.000000;0.000000;0.000000;0.000000;2.000000;-147.987366;884.606689;2026.521118;0.144478;0.000000;0.000000;0.000000;0.000000;2.000000;82.829895;-156.774048;2039.233154;0.120035;0.000000;0.000000;0.000000;0.000000;2.000000;87.598450;288.740906;2075.073730;0.170914;0.000000;0.000000;0.000000;0.000000;2.000000;111.362976;719.694946;2053.783203;0.252315;0.000000;0.000000;0.000000;0.000000;2.000000;69.716003;865.442017;2172.686523;0.369757;0.000000;0.000000;0.000000;0.000000;2.000000;-56.671631;-836.564087;1952.895264;0.381817;0.000000;0.000000;0.000000;0.000000;2.000000;-96.132874;-779.034546;2118.397949;0.210409;0.000000;0.000000;0.000000;0.000000;2.000000;-111.526733;-838.004517;2104.274902;0.264679;0.000000;0.000000;0.000000;0.000000;2.000000;-143.746521;-907.878113;1985.291626;0.436244;0.000000;0.000000;0.000000;0.000000;2.000000;-56.665710;-821.190247;2115.347168;0.227624;0.000000;0.000000;0.000000;0.000000;2.000000;36.151306;-874.302551;2015.297119;0.380525;0.000000;0.000000;0.000000;0.000000;2.000000;17766066176.000000
0.000000;-150.000000;2000.000000;0.000000;0.000000;0.000000;0.000000;0.000000;2.000000;-10.693359;-346.475800;1980.576904;0.161343;0.000000;0.000000;0.000000;0.000000;2.000000;-15.941528;-502.791260;1957.685303;0.249359;0.000000;0.000000;0.000000;0.000000;2.000000;-36.756165;-741.596008;1936.863281;0.329563;0.000000;0.000000;0.000000;0.000000;2.000000;-65.684387;-698.060425;1922.074463;0.265679;0.000000;0.000000;0.000000;0.000000;2.000000;-188.456055;-628.160217;1850.370850;0.113058;0.000000;0.000000;0.000000;0.000000;2.000000;-204.694641;-322.720367;1834.867065;0.172477;0.000000;0.000000;0.000000;0.000000;2.000000;-220.620056;-68.965897;1872.678467;0.602237;0.000000;0.000000;0.000000;0.000000;2.000000;-266.274963;-31.294395;1961.478638;0.223093;0.000000;0.000000;0.000000;0.000000;2.000000;-206.264343;65.897079;1997.445313;0.335466;0.000000;0.000000;0.000000;0.000000;2.000000;-250.967346;52.863113;1932.849243;0.282448;0.000000;0.000000;0.000000;0.000000;2.000000;0.028015;-706.116272;1956.420532;0.353761;0.000000;0.000000;0.000000;0.000000;2.000000;121.667236;-680.370422;2032.473999;0.582368;0.000000;0.000000;0.000000;0.000000;2.000000;224.214355;-411.509857;2153.214355;0.470654;0.000000;0.000000;0.000000;0.000000;2.000000;197.585205;-216.743347;2323.845703;0.370454;0.000000;0.000000;0.000000;0.000000;1.000000;189.404663;-179.006088;2432.070068;0.346914;0.000000;0.000000;0.000000;0.000000;0.000000;153.989258;-77.285507;2479.550781;0.208216;0.000000;0.000000;0.000000;0.000000;0.000000;198.303101;-94.221100;2348.372070;0.122845;0.000000;0.000000;0.000000;0.000000;1.000000;-92.190735;-140.989105;1959.605225;0.099713;0.000000;0.000000;0.000000;0.000000;2.000000;-123.015564;295.934265;2030.327759;0.218088;0.000000;0.000000;0.000000;0.000000;2.000000;-61.712158;707.416016;1948.350708;0.076413;0.000000;0.000000;0.000000;0.000000;2.000000;-140.238281;884.785034;2022.387817;0.252307;0.000000;0.000000;0.000000;0.000000;2.000000;83.132385;-158.125504;2036.425903;0.089909;0.000000;0.000000;0.000000;0.000000;2.000000;77.136597;283.898560;2068.192871;0.385614;0.000000;0.000000;0.000000;0.000000;2.000000;95.750977;710.218628;2029.424561;0.874445;0.000000;0.000000;0.000000;0.000000;2.000000;53.055542;856.583984;2144.510254;0.973998;0.000000;0.000000;0.000000;0.000000;2.000000;-51.412964;-830.769714;1942.269043;0.379033;0.000000;0.000000;0.000000;0.000000;2.000000;-82.898560;-775.600342;2108.643066;0.482416;0.000000;0.000000;0.000000;0.000000;2.000000;-95.488464;-834.939758;2095.666504;0.530178;0.000000;0.000000;0.000000;0.000000;2.000000;-130.971497;-906.460022;1980.057007;0.398625;0.000000;0.000000;0.000000;0.000000;2.000000;-41.591064;-814.965515;2102.995361;0.587624;0.000000;0.000000;0.000000;0.000000;2.000000;46.646118;-862.323975;1997.844849;0.678609;0.000000;0.000000;0.000000;0.000000;2.000000;17766100992.000000
0.000000;-150.000000;2000.000000;0.000000;0.000000;0.000000;0.000000;0.000000;2.000000;-10.601563;-346.661133;1980.811279;0.009539;0.000000;0.000000;0.000000;0.000000;2.000000;-16.012817;-503.196777;1958.609131;0.030866;0.000000;0.000000;0.000000;0.000000;2.000000;-37.127441;-742.281006;1939.141602;0.073482;0.000000;0.000000;0.000000;0.000000;2.000000;-65.894348;-698.755249;1923.859863;0.058817;0.000000;0.000000;0.000000;0.000000;2.000000;-188.267212;-629.511963;1850.577637;0.042128;0.000000;0.000000;0.000000;0.000000;2.000000;-211.346130;-324.380524;1833.025635;0.216630;0.000000;0.000000;0.000000;0.000000;2.000000;-232.694946;-70.418091;1868.046997;0.397154;0.000000;0.000000;0.000000;0.000000;2.000000;-273.867859;-32.869667;1959.161987;0.246986;0.000000;0.000000;0.000000;0.000000;2.000000;-212.090393;63.138206;1995.628052;0.204392;0.000000;0.000000;0.000000;0.000000;2.000000;-247.611389;53.279343;1938.197388;0.193103;0.000000;0.000000;0.000000;0.000000;2.000000;-0.389465;-706.714294;1958.748779;0.074457;0.000000;0.000000;0.000000;0.000000;2.000000;121.458313;-680.881042;2034.659424;0.068786;0.000000;0.000000;0.000000;0.000000;2.000000;228.620178;-409.934937;2147.081787;0.235401;0.000000;0.000000;0.000000;0.000000;2.000000;204.627136;-210.441040;2312.888184;0.441583;0.000000;0.000000;0.000000;0.000000;1.000000;194.997253;-178.292419;2422.879883;0.329033;0.000000;0.000000;0.000000;0.000000;0.000000;154.693054;-81.208801;2476.058838;0.161718;0.000000;0.000000;0.000000;0.000000;0.000000;198.340637;-89.246460;2345.586914;0.173992;0.000000;0.000000;0.000000;0.000000;1.000000;-92.314636;-141.088043;1959.666382;0.005186;0.000000;0.000000;0.000000;0.000000;2.000000;-123.768860;296.136017;2030.455444;0.024116;0.000000;0.000000;0.000000;0.000000;2.000000;-62.866394;708.083862;1948.784912;0.042799;0.000000;0.000000;0.000000;0.000000;2.000000;-139.477966;886.318848;2023.207886;0.057929;0.000000;0.000000;0.000000;0.000000;2.000000;83.244141;-158.036301;2036.370728;0.004677;0.000000;0.000000;0.000000;0.000000;2.000000;83.833984;284.327698;2068.850342;0.205788;0.000000;0.000000;0.000000;0.000000;2.000000;106.483948;711.536743;2039.385010;0.448665;0.000000;0.000000;0.000000;0.000000;2.000000;63.360535;860.758545;2150.835938;0.390379;0.000000;0.000000;0.000000;0.000000;2.000000;-51.994751;-831.463074;1945.014038;0.088207;0.000000;0.000000;0.000000;0.000000;2.000000;-88.520630;-780.785706;2111.936768;0.254129;0.000000;0.000000;0.000000;0.000000;2.000000;-100.935364;-839.724365;2096.895020;0.224404;0.000000;0.000000;0.000000;0.000000;2.000000;-133.061279;-907.862671;1978.167969;0.096036;0.000000;0.000000;0.000000;0.000000;2.000000;-47.176086;-820.204590;2106.478027;0.256728;0.000000;0.000000;0.000000;0.000000;2.000000;44.217773;-865.054443;2002.775146;0.187280;0.000000;0.000000;0.000000;0.000000;2.000000;17766133760.000000
0.000000;-150.000000;2000.000000;0.000000;0.000000;0.000000;0.000000;0.000000;2.000000;-14.998169;-346.099915;1980.169922;0.136671;0.000000;0.000000;0.000000;0.000000;2.000000;-23.392883;-501.820068;1954.607666;0.259619;0.000000;0.000000;0.000000;0.000000;2.000000;-48.816040;-740.326233;1936.390869;0.371276;0.000000;0.000000;0.000000;0.000000;2.000000;-76.880066;-696.414795;1921.110229;0.352903;0.000000;0.000000;0.000000;0.000000;2.000000;-194.796997;-621.570374;1846.405640;0.338611;0.000000;0.000000;0.000000;0.000000;2.000000;-219.232483;-316.581726;1834.917603;0.343367;0.000000;0.000000;0.000000;0.000000;2.000000;-247.128601;-62.568176;1862.085205;0.533398;0.000000;0.000000;0.000000;0.000000;2.000000;-273.809692;-24.509201;1958.119141;0.257125;0.000000;0.000000;0.000000;0.000000;2.000000;-208.629395;68.165596;1996.800781;0.189672;0.000000;0.000000;0.000000;0.000000;2.000000;-249.645996;58.147835;1939.156494;0.163666;0.000000;0.000000;0.000000;0.000000;2.000000;-11.370544;-705.363342;1955.579224;0.351224;0.000000;0.000000;0.000000;0.000000;2.000000;111.665894;-683.198792;2030.428711;0.333135;0.000000;0.000000;0.000000;0.000000;2.000000;223.105103;-414.750061;2143.761963;0.245326;0.000000;0.000000;0.000000;0.000000;2.000000;203.523071;-215.603714;2310.131836;0.181752;0.000000;0.000000;0.000000;0.000000;1.000000;189.843628;-173.639832;2416.190430;0.294230;0.000000;0.000000;0.000000;0.000000;0.000000;152.975830;-77.126633;2472.530762;0.172796;0.000000;0.000000;0.000000;0.000000;0.000000;195.535889;-92.206100;2343.057617;0.146432;0.000000;0.000000;0.000000;0.000000;1.000000;-94.581665;-139.341003;1966.128540;0.215686;0.000000;0.000000;0.000000;0.000000;2.000000;-125.637085;299.153992;2025.338501;0.190048;0.000000;0.000000;0.000000;0.000000;2.000000;-67.862427;712.132813;1949.117065;0.196512;0.000000;0.000000;0.000000;0.000000;2.000000;-141.024048;891.407410;2023.899658;0.163668;0.000000;0.000000;0.000000;0.000000;2.000000;85.288452;-159.611679;2030.543457;0.194496;0.000000;0.000000;0.000000;0.000000;2.000000;58.495911;282.194397;2050.901855;0.949836;0.000000;0.000000;0.000000;0.000000;2.000000;54.817139;706.065918;1989.102661;2.206508;0.000000;0.000000;0.000000;0.000000;2.000000;24.808350;856.882507;2102.348633;1.894135;0.000000;0.000000;0.000000;0.000000;2.000000;-65.197021;-829.110779;1942.760254;0.414986;0.000000;0.000000;0.000000;0.000000;2.000000;-91.512634;-777.170410;2111.010010;0.145979;0.000000;0.000000;0.000000;0.000000;2.000000;-104.559692;-836.223938;2097.282715;0.154224;0.000000;0.000000;0.000000;0.000000;2.000000;-143.632202;-905.451538;1981.480835;0.345985;0.000000;0.000000;0.000000;0.000000;2.000000;-50.454529;-816.432434;2103.343506;0.180034;0.000000;0.000000;0.000000;0.000000;2.000000;34.450134;-861.784668;1994.677612;0.399848;0.000000;0.000000;0.000000;0.000000;2.000000;17766166528.000000
0.000000;-150.000000;2000.000000;0.000000;0.000000;0.000000;0.000000;0.000000;2.000000;-14.091919;-345.885681;1983.141846;0.095044;0.000000;0.000000;0.000000;0.000000;2.000000;-21.926025;-501.571228;1960.052979;0.172269;0.000000;0.000000;0.000000;0.000000;2.000000;-42.887451;-739.720520;1940.454712;0.220129;0.000000;0.000000;0.000000;0.000000;2.000000;-71.777039;-696.370850;1925.657593;0.208597;0.000000;0.000000;0.000000;0.000000;2.000000;-189.469604;-622.278564;1850.792358;0.211709;0.000000;0.000000;0.000000;0.000000;2.000000;-221.331604;-318.797638;1840.546875;0.195420;0.000000;0.000000;0.000000;0.000000;2.000000;-256.037598;-66.747818;1871.120605;0.407702;0.000000;0.000000;0.000000;0.000000;2.000000;-273.879028;-33.959152;1970.747681;0.481353;0.000000;0.000000;0.000000;0.000000;2.000000;-223.578735;67.254898;2009.198730;0.593346;0.000000;0.000000;0.000000;0.000000;2.000000;-240.264099;58.027630;1948.211914;0.397942;0.000000;0.000000;0.000000;0.000000;2.000000;-6.106506;-704.281555;1959.617432;0.205144;0.000000;0.000000;0.000000;0.000000;2.000000;116.507507;-679.573059;2033.561768;0.207885;0.000000;0.000000;0.000000;0.000000;2.000000;231.909607;-411.136078;2140.357910;0.308466;0.000000;0.000000;0.000000;0.000000;2.000000;210.194519;-212.173798;2305.536133;0.268473;0.000000;0.000000;0.000000;0.000000;1.000000;197.262268;-174.732864;2413.022461;0.248427;0.000000;0.000000;0.000000;0.000000;0.000000;157.987488;-81.148239;2471.928711;0.196957;0.000000;0.000000;0.000000;0.000000;0.000000;199.097961;-91.026199;2344.185547;0.119576;0.000000;0.000000;0.000000;0.000000;1.000000;-94.729248;-140.353561;1967.097290;0.043002;0.000000;0.000000;0.000000;0.000000;2.000000;-119.651123;297.574280;2024.031860;0.193093;0.000000;0.000000;0.000000;0.000000;2.000000;-67.245056;711.509216;1956.196533;0.217702;0.000000;0.000000;0.000000;0.000000;2.000000;-129.154114;893.000671;2034.110962;0.480305;0.000000;0.000000;0.000000;0.000000;2.000000;85.421570;-158.698608;2029.669922;0.038776;0.000000;0.000000;0.000000;0.000000;2.000000;45.831665;280.990784;2011.545532;1.262245;0.000000;0.000000;0.000000;0.000000;2.000000;17.953247;703.211182;1953.045898;1.576074;0.000000;0.000000;0.000000;0.000000;2.000000;-12.037476;850.745911;2069.665527;1.514686;0.000000;0.000000;0.000000;0.000000;2.000000;-57.514404;-828.587708;1946.309570;0.258759;0.000000;0.000000;0.000000;0.000000;2.000000;-82.220093;-779.208130;2115.044922;0.315358;0.000000;0.000000;0.000000;0.000000;2.000000;-96.655029;-837.513550;2100.330811;0.261523;0.000000;0.000000;0.000000;0.000000;2.000000;-137.454651;-903.511658;1983.720093;0.209083;0.000000;0.000000;0.000000;0.000000;2.000000;-42.236206;-819.179932;2106.610107;0.282614;0.000000;0.000000;0.000000;0.000000;2.000000;41.137573;-864.452271;1997.271973;0.233552;0.000000;0.000000;0.000000;0.000000;2.000000;17766199296.000000
0.000000;-150.000000;2000.000000;0.000000;0.000000;0.000000;0.000000;0.000000;2.000000;-14.090698;-344.249146;1981.092407;0.075330;0.000000;0.000000;0.000000;0.000000;2.000000;-22.711182;-498.480164;1956.400757;0.139266;0.000000;0.000000;0.000000;0.000000;2.000000;-44.385315;-735.203430;1942.477661;0.148526;0.000000;0.000000;0.000000;0.000000;2.000000;-73.183777;-692.425049;1927.287354;0.129105;0.000000;0.000000;0.000000;0.000000;2.000000;-190.006836;-616.229675;1855.665039;0.223631;0.000000;0.000000;0.000000;0.000000;2.000000;-217.489685;-314.520935;1846.654053;0.240906;0.000000;0.000000;0.000000;0.000000;2.000000;-247.859985;-64.296692;1880.984253;0.374685;0.000000;0.000000;0.000000;0.000000;2.000000;-264.173035;-27.159248;1978.498413;0.406723;0.000000;0.000000;0.000000;0.000000;2.000000;-223.930359;67.966835;2036.611328;0.787687;0.000000;0.000000;0.000000;0.000000;2.000000;-246.808716;54.429462;1963.662109;0.492895;0.000000;0.000000;0.000000;0.000000;2.000000;-7.499268;-699.713867;1960.157471;0.138033;0.000000;0.000000;0.000000;0.000000;2.000000;111.754578;-669.597412;2035.502441;0.322242;0.000000;0.000000;0.000000;0.000000;2.000000;223.370789;-402.524902;2143.147949;0.357416;0.000000;0.000000;0.000000;0.000000;2.000000;201.851379;-204.735504;2306.788086;0.323052;0.000000;0.000000;0.000000;0.000000;1.000000;200.565247;-176.072067;2416.825684;0.149709;0.000000;0.000000;0.000000;0.000000;1.000000;167.441467;-80.431137;2474.495605;0.282125;0.000000;0.000000;0.000000;0.000000;0.000000;201.108948;-86.357330;2348.654785;0.194416;0.000000;0.000000;0.000000;0.000000;1.000000;-96.231873;-140.535004;1974.476074;0.216349;0.000000;0.000000;0.000000;0.000000;2.000000;-113.390259;295.013062;2027.399780;0.217042;0.000000;0.000000;0.000000;0.000000;2.000000;-65.854065;707.511414;1966.768066;0.327076;0.000000;0.000000;0.000000;0.000000;2.000000;-128.427795;885.876038;2047.328125;0.431775;0.000000;0.000000;0.000000;0.000000;2.000000;86.776550;-158.535019;2023.016113;0.195093;0.000000;0.000000;0.000000;0.000000;2.000000;18.795959;271.612305;1970.723022;1.431911;0.000000;0.000000;0.000000;0.000000;2.000000;-40.106567;683.416199;1888.484863;2.557895;0.000000;0.000000;0.000000;0.000000;2.000000;-87.509583;830.106995;1997.907227;3.049350;0.000000;0.000000;0.000000;0.000000;2.000000;-59.026001;-823.232666;1950.453247;0.199267;0.000000;0.000000;0.000000;0.000000;2.000000;-91.611084;-773.465698;2116.354492;0.318393;0.000000;0.000000;0.000000;0.000000;2.000000;-97.541931;-833.173096;2103.369385;0.154299;0.000000;0.000000;0.000000;0.000000;2.000000;-127.456177;-906.961914;1989.380859;0.344571;0.000000;0.000000;0.000000;0.000000;2.000000;-46.668152;-807.386047;2109.311279;0.370101;0.000000;0.000000;0.000000;0.000000;2.000000;42.505493;-843.267700;2002.487549;0.627872;0.000000;0.000000;0.000000;0.000000;2.000000;17766234112.000000
0.000000;-150.000000;2000.000000;0.000000;0.000000;0.000000;0.000000;0.000000;2.000000;-13.781128;-344.103943;1982.627563;0.047997;0.000000;0.000000;0.000000;0.000000;2.000000;-21.859192;-497.778198;1955.925171;0.036682;0.000000;0.000000;0.000000;0.000000;2.000000;-44.680786;-734.389343;1951.791138;0.285451;0.000000;0.000000;0.000000;0.000000;2.000000;-73.960693;-692.151794;1936.310425;0.276507;0.000000;0.000000;0.000000;0.000000;2.000000;-193.488098;-617.783936;1867.839844;0.389336;0.000000;0.000000;0.000000;0.000000;2.000000;-219.880798;-316.687775;1853.021729;0.217853;0.000000;0.000000;0.000000;0.000000;2.000000;-243.588135;-66.518219;1889.929932;0.310034;0.000000;0.000000;0.000000;0.000000;2.000000;-257.139465;-30.216682;1987.999878;0.372636;0.000000;0.000000;0.000000;0.000000;2.000000;-220.981506;59.830269;2055.715332;0.640042;0.000000;0.000000;0.000000;0.000000;2.000000;-256.678772;50.691612;1960.625977;0.335149;0.000000;0.000000;0.000000;0.000000;2.000000;-7.028259;-698.478210;1966.491455;0.197466;0.000000;0.000000;0.000000;0.000000;2.000000;116.666931;-667.086365;2033.228149;0.182108;0.000000;0.000000;0.000000;0.000000;2.000000;228.335388;-399.392944;2137.837891;0.241558;0.000000;0.000000;0.000000;0.000000;2.000000;202.069763;-206.479706;2305.906738;0.060010;0.000000;0.000000;0.000000;0.000000;1.000000;201.137146;-177.152649;2415.586914;0.053115;0.000000;0.000000;0.000000;0.000000;1.000000;169.531799;-83.799042;2477.341553;0.148917;0.000000;0.000000;0.000000;0.000000;0.000000;200.406799;-89.166992;2353.213379;0.164817;0.000000;0.000000;0.000000;0.000000;1.000000;-97.164063;-141.199127;1978.744873;0.134875;0.000000;0.000000;0.000000;0.000000;2.000000;-111.577820;293.494019;2033.733398;0.206320;0.000000;0.000000;0.000000;0.000000;2.000000;-64.489441;705.578491;1974.533325;0.247734;0.000000;0.000000;0.000000;0.000000;2.000000;-120.781677;886.954529;2052.122803;0.277383;0.000000;0.000000;0.000000;0.000000;2.000000;87.617126;-157.936157;2019.166626;0.121626;0.000000;0.000000;0.000000;0.000000;2.000000;17.963867;272.224854;1975.737549;0.156246;0.000000;0.000000;0.000000;0.000000;2.000000;-40.140808;685.164734;1902.575806;0.433321;0.000000;0.000000;0.000000;0.000000;2.000000;-95.848938;838.175720;1998.022095;0.354139;0.000000;0.000000;0.000000;0.000000;2.000000;-59.158264;-821.862488;1963.650513;0.404934;0.000000;0.000000;0.000000;0.000000;2.000000;-100.053406;-789.241272;2131.660156;0.718561;0.000000;0.000000;0.000000;0.000000;2.000000;-103.689331;-847.451172;2112.812012;0.555065;0.000000;0.000000;0.000000;0.000000;2.000000;-126.593750;-910.499817;1991.270386;0.125200;0.000000;0.000000;0.000000;0.000000;2.000000;-53.959900;-821.142090;2123.435547;0.641518;0.000000;0.000000;0.000000;0.000000;2.000000;40.479431;-844.263184;2017.926025;0.476155;0.000000;0.000000;0.000000;0.000000;2.000000;17766266880.000000
0.000000;-150.000000;2000.000000;0.000000;0.000000;0.000000;0.000000;0.000000;2.000000;-14.063965;-344.607422;1984.088623;0.047944;0.000000;0.000000;0.000000;0.000000;2.000000;-23.331055;-498.938171;1959.814209;0.131745;0.000000;0.000000;0.000000;0.000000;2.000000;-45.044922;-736.129395;1955.223511;0.117964;0.000000;0.000000;0.000000;0.000000;2.000000;-75.271179;-693.886597;1941.274048;0.165372;0.000000;0.000000;0.000000;0.000000;2.000000;-197.955566;-617.484558;1880.312134;0.404408;0.000000;0.000000;0.000000;0.000000;2.000000;-220.614563;-315.561829;1863.695190;0.328300;0.000000;0.000000;0.000000;0.000000;2.000000;-239.995728;-64.684738;1901.853271;0.384125;0.000000;0.000000;0.000000;0.000000;2.000000;-251.257263;-25.841393;1999.468140;0.415381;0.000000;0.000000;0.000000;0.000000;2.000000;-215.039124;62.740730;2069.465088;0.465669;0.000000;0.000000;0.000000;0.000000;2.000000;-251.081970;52.008308;1975.100464;0.475300;0.000000;0.000000;0.000000;0.000000;2.000000;-6.905518;-700.014404;1968.504517;0.077369;0.000000;0.000000;0.000000;0.000000;2.000000;118.769653;-667.603333;2031.585449;0.082945;0.000000;0.000000;0.000000;0.000000;2.000000;230.290161;-399.223511;2136.439209;0.073535;0.000000;0.000000;0.000000;0.000000;2.000000;206.396606;-207.930710;2307.487061;0.147386;0.000000;0.000000;0.000000;0.000000;1.000000;202.895996;-176.418396;2416.747070;0.068093;0.000000;0.000000;0.000000;0.000000;1.000000;172.499390;-84.012527;2480.930664;0.142272;0.000000;0.000000;0.000000;0.000000;0.000000;201.127075;-89.252609;2357.822266;0.142383;0.000000;0.000000;0.000000;0.000000;1.000000;-98.418274;-141.585388;1984.074463;0.167504;0.000000;0.000000;0.000000;0.000000;2.000000;-109.671448;294.096863;2039.067749;0.173851;0.000000;0.000000;0.000000;0.000000;2.000000;-67.685730;707.399231;1978.514282;0.165414;0.000000;0.000000;0.000000;0.000000;2.000000;-116.222290;888.470581;2062.861816;0.359036;0.000000;0.000000;0.000000;0.000000;2.000000;88.748047;-157.587814;2014.360718;0.151045;0.000000;0.000000;0.000000;0.000000;2.000000;18.422607;273.821167;1975.689819;0.050708;0.000000;0.000000;0.000000;0.000000;2.000000;-41.375061;688.328430;1907.985229;0.194917;0.000000;0.000000;0.000000;0.000000;2.000000;-89.858704;841.445190;2007.860352;0.365401;0.000000;0.000000;0.000000;0.000000;2.000000;-58.530029;-823.931213;1967.193848;0.126674;0.000000;0.000000;0.000000;0.000000;2.000000;-92.371216;-787.463867;2136.352051;0.280013;0.000000;0.000000;0.000000;0.000000;2.000000;-95.812866;-846.328247;2119.168701;0.310781;0.000000;0.000000;0.000000;0.000000;2.000000;-123.145630;-913.110962;2000.243042;0.303977;0.000000;0.000000;0.000000;0.000000;2.000000;-46.035583;-818.850403;2126.820801;0.272114;0.000000;0.000000;0.000000;0.000000;2.000000;44.078125;-843.223083;2017.483032;0.115115;0.000000;0.000000;0.000000;0.000000;2.000000;17766299648.000000
0.000000;-150.000000;2000.000000;0.000000;0.000000;0.000000;0.000000;0.000000;2.000000;-14.060852;-344.596466;1984.090942;0.000355;0.000000;0.000000;0.000000;0.000000;2.000000;-23.326477;-498.919281;1959.823853;0.000662;0.000000;0.000000;0.000000;0.000000;2.000000;-45.053467;-736.095825;1955.251465;0.001358;0.000000;0.000000;0.000000;0.000000;2.000000;-75.276306;-693.854614;1941.301636;0.001298;0.000000;0.000000;0.000000;0.000000;2.000000;-197.948547;-617.446777;1880.345825;0.001560;0.000000;0.000000;0.000000;0.000000;2.000000;-220.542847;-315.538269;1863.701660;0.002312;0.000000;0.000000;0.000000;0.000000;2.000000;-239.868958;-64.667938;1901.833862;0.003947;0.000000;0.000000;0.000000;0.000000;2.000000;-250.964966;-25.785187;1999.445435;0.009110;0.000000;0.000000;0.000000;0.000000;2.000000;-214.275208;62.982483;2068.948242;0.029098;0.000000;0.000000;0.000000;0.000000;2.000000;-250.727295;52.061089;1975.103271;0.010943;0.000000;0.000000;0.000000;0.000000;2.000000;-6.913330;-699.984253;1968.526978;0.001172;0.000000;0.000000;0.000000;0.000000;2.000000;118.754700;-667.564941;2031.598999;0.001324;0.000000;0.000000;0.000000;0.000000;2.000000;230.249207;-399.184265;2136.425537;0.001781;0.000000;0.000000;0.000000;0.000000;2.000000;206.359070;-207.883667;2307.442627;0.002283;0.000000;0.000000;0.000000;0.000000;1.000000;202.864075;-176.361954;2416.693359;0.002570;0.000000;0.000000;0.000000;0.000000;1.000000;172.470276;-83.956940;2480.867432;0.002719;0.000000;0.000000;0.000000;0.000000;0.000000;201.089172;-89.208206;2357.764648;0.002503;0.000000;0.000000;0.000000;0.000000;1.000000;-98.412781;-141.587204;1984.076294;0.000185;0.000000;0.000000;0.000000;0.000000;2.000000;-109.698669;294.073059;2039.034302;0.001503;0.000000;0.000000;0.000000;0.000000;2.000000;-67.700745;707.347168;1978.465576;0.002223;0.000000;0.000000;0.000000;0.000000;2.000000;-116.273376;888.409546;2062.781982;0.003440;0.000000;0.000000;0.000000;0.000000;2.000000;88.743225;-157.586197;2014.359131;0.000163;0.000000;0.000000;0.000000;0.000000;2.000000;18.420837;273.798767;1975.703003;0.000795;0.000000;0.000000;0.000000;0.000000;2.000000;-41.379944;688.285767;1908.030762;0.001910;0.000000;0.000000;0.000000;0.000000;2.000000;-89.989319;841.413208;2007.807617;0.004408;0.000000;0.000000;0.000000;0.000000;2.000000;-58.542358;-823.890869;1967.228027;0.001657;0.000000;0.000000;0.000000;0.000000;2.000000;-92.242859;-787.225464;2136.360840;0.008267;0.000000;0.000000;0.000000;0.000000;2.000000;-95.805420;-846.093384;2119.226563;0.007385;0.000000;0.000000;0.000000;0.000000;2.000000;-123.313904;-912.913574;2000.372070;0.008841;0.000000;0.000000;0.000000;0.000000;2.000000;-45.974792;-818.707764;2126.836426;0.004756;0.000000;0.000000;0.000000;0.000000;2.000000;44.042358;-843.340820;2017.488647;0.003759;0.000000;0.000000;0.000000;0.000000;2.000000;17766332416.000000
0.000000;-150.000000;2000.000000;0.000000;0.000000;0.000000;0.000000;0.000000;2.000000;-13.958862;-344.519958;1984.186890;0.004583;0.000000;0.000000;0.000000;0.000000;2.000000;-23.161011;-498.797791;1960.080200;0.009433;0.000000;0.000000;0.000000;0.000000;2.000000;-44.679016;-735.888123;1955.837036;0.020836;0.000000;0.000000;0.000000;0.000000;2.000000;-74.931641;-693.710815;1941.855103;0.019177;0.000000;0.000000;0.000000;0.000000;2.000000;-197.630737;-617.480530;1880.918945;0.018848;0.000000;0.000000;0.000000;0.000000;2.000000;-220.172363;-315.730835;1863.898315;0.013256;0.000000;0.000000;0.000000;0.000000;2.000000;-239.436096;-64.918671;1901.652954;0.015279;0.000000;0.000000;0.000000;0.000000;2.000000;-250.042236;-25.860092;1999.195435;0.027543;0.000000;0.000000;0.000000;0.000000;2.000000;-211.806702;63.622944;2066.828613;0.095247;0.000000;0.000000;0.000000;0.000000;2.000000;-250.389282;51.958897;1974.076172;0.031196;0.000000;0.000000;0.000000;0.000000;2.000000;-6.579712;-699.743408;1969.036377;0.018808;0.000000;0.000000;0.000000;0.000000;2.000000;118.823853;-666.778870;2032.198242;0.028460;0.000000;0.000000;0.000000;0.000000;2.000000;229.099121;-397.985535;2136.833008;0.049129;0.000000;0.000000;0.000000;0.000000;2.000000;204.432739;-206.553726;2307.412109;0.067240;0.000000;0.000000;0.000000;0.000000;1.000000;201.077148;-174.957718;2416.590332;0.065343;0.000000;0.000000;0.000000;0.000000;1.000000;170.573120;-82.747101;2480.893066;0.064632;0.000000;0.000000;0.000000;0.000000;0.000000;199.189331;-88.062317;2357.646729;0.063815;0.000000;0.000000;0.000000;0.000000;1.000000;-98.374878;-141.648178;1984.102295;0.002193;0.000000;0.000000;0.000000;0.000000;2.000000;-109.978516;293.852051;2038.626343;0.015563;0.000000;0.000000;0.000000;0.000000;2.000000;-67.921570;706.847900;1977.556885;0.030448;0.000000;0.000000;0.000000;0.000000;2.000000;-116.020447;888.149841;2061.395752;0.041155;0.000000;0.000000;0.000000;0.000000;2.000000;88.708984;-157.531189;2014.335815;0.001978;0.000000;0.000000;0.000000;0.000000;2.000000;18.092773;273.578888;1975.467407;0.013209;0.000000;0.000000;0.000000;0.000000;2.000000;-41.983948;687.785461;1907.560547;0.026265;0.000000;0.000000;0.000000;0.000000;2.000000;-91.666687;841.057861;2006.414795;0.063449;0.000000;0.000000;0.000000;0.000000;2.000000;-58.080200;-823.637817;1967.932251;0.025262;0.000000;0.000000;0.000000;0.000000;2.000000;-92.609741;-785.878174;2136.570801;0.040557;0.000000;0.000000;0.000000;0.000000;2.000000;-95.793152;-844.865967;2119.882813;0.039979;0.000000;0.000000;0.000000;0.000000;2.000000;-122.476868;-912.706482;2001.494751;0.040660;0.000000;0.000000;0.000000;0.000000;2.000000;-46.161011;-817.171021;2127.468750;0.048028;0.000000;0.000000;0.000000;0.000000;2.000000;44.363892;-842.148132;2018.707642;0.049847;0.000000;0.000000;0.000000;0.000000;2.000000;17766367232.000000
0.000000;-150.000000;2000.000000;0.000000;0.000000;0.000000;0.000000;0.000000;2.000000;-13.959290;-344.519897;1984.187134;0.000015;0.000000;0.000000;0.000000;0.000000;2.000000;-23.161865;-498.797913;1960.081421;0.000046;0.000000;0.000000;0.000000;0.000000;2.000000;-44.682251;-735.888000;1955.840210;0.000138;0.000000;0.000000;0.000000;0.000000;2.000000;-74.934509;-693.710571;1941.858032;0.000125;0.000000;0.000000;0.000000;0.000000;2.000000;-197.632507;-617.478577;1880.921753;0.000118;0.000000;0.000000;0.000000;0.000000;2.000000;-220.165588;-315.728516;1863.899658;0.000222;0.000000;0.000000;0.000000;0.000000;2.000000;-239.422485;-64.915924;1901.654053;0.000425;0.000000;0.000000;0.000000;0.000000;2.000000;-250.016663;-25.854088;1999.196411;0.000802;0.000000;0.000000;0.000000;0.000000;2.000000;-211.759583;63.635391;2066.808594;0.001608;0.000000;0.000000;0.000000;0.000000;2.000000;-250.369568;51.965233;1974.065918;0.000705;0.000000;0.000000;0.000000;0.000000;2.000000;-6.582520;-699.743469;1969.039307;0.000124;0.000000;0.000000;0.000000;0.000000;2.000000;118.821045;-666.779297;2032.201416;0.000130;0.000000;0.000000;0.000000;0.000000;2.000000;229.097168;-397.983398;2136.828613;0.000161;0.000000;0.000000;0.000000;0.000000;2.000000;204.432617;-206.546432;2307.401855;0.000384;0.000000;0.000000;0.000000;0.000000;1.000000;201.077637;-174.947128;2416.579346;0.000466;0.000000;0.000000;0.000000;0.000000;1.000000;170.574463;-82.734436;2480.879395;0.000570;0.000000;0.000000;0.000000;0.000000;0.000000;199.190186;-88.053558;2357.633057;0.000496;0.000000;0.000000;0.000000;0.000000;1.000000;-98.374817;-141.647995;1984.102295;0.000006;0.000000;0.000000;0.000000;0.000000;2.000000;-109.975586;293.852020;2038.628418;0.000110;0.000000;0.000000;0.000000;0.000000;2.000000;-67.919983;706.848145;1977.560303;0.000115;0.000000;0.000000;0.000000;0.000000;2.000000;-116.010925;888.151306;2061.401123;0.000337;0.000000;0.000000;0.000000;0.000000;2.000000;88.708984;-157.531357;2014.335571;0.000009;0.000000;0.000000;0.000000;0.000000;2.000000;18.094360;273.578735;1975.465332;0.000080;0.000000;0.000000;0.000000;0.000000;2.000000;-41.980347;687.785034;1907.555664;0.000186;0.000000;0.000000;0.000000;0.000000;2.000000;-91.670227;841.059692;2006.402832;0.000385;0.000000;0.000000;0.000000;0.000000;2.000000;-58.084229;-823.637329;1967.936157;0.000172;0.000000;0.000000;0.000000;0.000000;2.000000;-92.611633;-785.881531;2136.576172;0.000202;0.000000;0.000000;0.000000;0.000000;2.000000;-95.796265;-844.868713;2119.886230;0.000164;0.000000;0.000000;0.000000;0.000000;2.000000;-122.482361;-912.705627;2001.496948;0.000182;0.000000;0.000000;0.000000;0.000000;2.000000;-46.163513;-817.174927;2127.472656;0.000185;0.000000;0.000000;0.000000;0.000000;2.000000;44.359924;-842.150879;2018.710083;0.000165;0.000000;0.000000;0.000000;0.000000;2.000000;17766400000.000000
0.000000;-150.000000;2000.000000;0.000000;0.000000;0.000000;0.000000;0.000000;2.000000;-13.959595;-344.519531;1984.188232;0.000037;0.000000;0.000000;0.000000;0.000000;2.000000;-23.162903;-498.797668;1960.085938;0.000142;0.000000;0.000000;0.000000;0.000000;2.000000;-44.687073;-735.887085;1955.851440;0.000374;0.000000;0.000000;0.000000;0.000000;2.000000;-74.938599;-693.709595;1941.868286;0.000338;0.000000;0.000000;0.000000;0.000000;2.000000;-197.634949;-617.476074;1880.931274;0.000310;0.000000;0.000000;0.000000;0.000000;2.000000;-220.155823;-315.726013;1863.902466;0.000319;0.000000;0.000000;0.000000;0.000000;2.000000;-239.402405;-64.912399;1901.651855;0.000626;0.000000;0.000000;0.000000;0.000000;2.000000;-249.976746;-25.844894;1999.193970;0.001252;0.000000;0.000000;0.000000;0.000000;2.000000;-211.677063;63.659107;2066.762451;0.002975;0.000000;0.000000;0.000000;0.000000;2.000000;-250.326843;51.974464;1974.059448;0.001348;0.000000;0.000000;0.000000;0.000000;2.000000;-6.586731;-699.742981;1969.049316;0.000332;0.000000;0.000000;0.000000;0.000000;2.000000;118.816711;-666.777222;2032.210083;0.000302;0.000000;0.000000;0.000000;0.000000;2.000000;229.093689;-397.977722;2136.825195;0.000228;0.000000;0.000000;0.000000;0.000000;2.000000;204.431580;-206.533096;2307.389404;0.000558;0.000000;0.000000;0.000000;0.000000;1.000000;201.077576;-174.928848;2416.565186;0.000706;0.000000;0.000000;0.000000;0.000000;1.000000;170.575500;-82.713242;2480.861328;0.000850;0.000000;0.000000;0.000000;0.000000;0.000000;199.190125;-88.038147;2357.615234;0.000719;0.000000;0.000000;0.000000;0.000000;1.000000;-98.374695;-141.647949;1984.102661;0.000012;0.000000;0.000000;0.000000;0.000000;2.000000;-109.972534;293.851074;2038.630127;0.000111;0.000000;0.000000;0.000000;0.000000;2.000000;-67.920776;706.846680;1977.562012;0.000073;0.000000;0.000000;0.000000;0.000000;2.000000;-116.002930;888.150146;2061.406250;0.000292;0.000000;0.000000;0.000000;0.000000;2.000000;88.708801;-157.531418;2014.335449;0.000007;0.000000;0.000000;0.000000;0.000000;2.000000;18.095520;273.577576;1975.461426;0.000129;0.000000;0.000000;0.000000;0.000000;2.000000;-41.977478;687.782471;1907.547607;0.000272;0.000000;0.000000;0.000000;0.000000;2.000000;-91.675842;841.059631;2006.386108;0.000538;0.000000;0.000000;0.000000;0.000000;2.000000;-58.090332;-823.635742;1967.949951;0.000463;0.000000;0.000000;0.000000;0.000000;2.000000;-92.623352;-785.869446;2136.585938;0.000594;0.000000;0.000000;0.000000;0.000000;2.000000;-95.808105;-844.857544;2119.899658;0.000644;0.000000;0.000000;0.000000;0.000000;2.000000;-122.490540;-912.701233;2001.513550;0.000580;0.000000;0.000000;0.000000;0.000000;2.000000;-46.175354;-817.163940;2127.486328;0.000646;0.000000;0.000000;0.000000;0.000000;2.000000;44.351501;-842.147461;2018.728638;0.000631;0.000000;0.000000;0.000000;0.000000;2.000000;17766432768.000000
