posX0;posY0;posZ0;posVel0;rotX0;rotY0;rotZ0;rotVel0;confidence0;posX1;posY1;posZ1;posVel1;rotX1;rotY1;rotZ1;rotVel1;confidence1;posX2;posY2;posZ2;posVel2;rotX2;rotY2;rotZ2;rotVel2;confidence2;posX3;posY3;posZ3;posVel3;rotX3;rotY3;rotZ3;rotVel3;confidence3;posX4;posY4;posZ4;posVel4;rotX4;rotY4;rotZ4;rotVel4;confidence4;posX5;posY5;posZ5;posVel5;rotX5;rotY5;rotZ5;rotVel5;confidence5;posX6;posY6;posZ6;posVel6;rotX6;rotY6;rotZ6;rotVel6;confidence6;posX7;posY7;posZ7;posVel7;rotX7;rotY7;rotZ7;rotVel7;confidence7;posX8;posY8;posZ8;posVel8;rotX8;rotY8;rotZ8;rotVel8;confidence8;posX9;posY9;posZ9;posVel9;rotX9;rotY9;rotZ9;rotVel9;confidence9;posX10;posY10;posZ10;posVel10;rotX10;rotY10;rotZ10;rotVel10;confidence10;posX11;posY11;posZ11;posVel11;rotX11;rotY11;rotZ11;rotVel11;confidence11;posX12;posY12;posZ12;posVel12;rotX12;rotY12;rotZ12;rotVel12;confidence12;posX13;posY13;posZ13;posVel13;rotX13;rotY13;rotZ13;rotVel13;confidence13;posX14;posY14;posZ14;posVel14;rotX14;rotY14;rotZ14;rotVel14;confidence14;posX15;posY15;posZ15;posVel15;rotX15;rotY15;rotZ15;rotVel15;confidence15;posX16;posY16;posZ16;posVel16;rotX16;rotY16;rotZ16;rotVel16;confidence16;posX17;posY17;posZ17;posVel17;rotX17;rotY17;rotZ17;rotVel17;confidence17;posX18;posY18;posZ18;posVel18;rotX18;rotY18;rotZ18;rotVel18;confidence18;posX19;posY19;posZ19;posVel19;rotX19;rotY19;rotZ19;rotVel19;confidence19;posX20;posY20;posZ20;posVel20;rotX20;rotY20;rotZ20;rotVel20;confidence20;posX21;posY21;posZ21;posVel21;rotX21;rotY21;rotZ21;rotVel21;confidence21;posX22;posY22;posZ22;posVel22;rotX22;rotY22;rotZ22;rotVel22;confidence22;posX23;posY23;posZ23;posVel23;rotX23;rotY23;rotZ23;rotVel23;confidence23;posX24;posY24;posZ24;posVel24;rotX24;rotY24;rotZ24;rotVel24;confidence24;posX25;posY25;posZ25;posVel25;rotX25;rotY25;rotZ25;rotVel25;confidence25;posX26;posY26;posZ26;posVel26;rotX26;rotY26;rotZ26;rotVel26;confidence26;posX27;posY27;posZ27;posVel27;rotX27;rotY27;rotZ27;rotVel27;confidence27;posX28;posY28;posZ28;posVel28;rotX28;rotY28;rotZ28;rotVel28;confidence28;posX29;posY29;posZ29;posVel29;rotX29;rotY29;rotZ29;rotVel29;confidence29;posX30;posY30;posZ30;posVel30;rotX30;rotY30;rotZ30;rotVel30;confidence30;posX31;posY31;posZ31;posVel31;rotX31;rotY31;rotZ31;rotVel31;confidence31;TimeStamp
0.000000;-150.000000;2000.000000;0.000000;0.000000;0.000000;0.000000;0.000000;2.000000;-2.937531;-335.203583;1958.105591;0.000000;0.000000;0.000000;0.000000;0.000000;2.000000;1.564789;-480.035156;1912.796143;0.000000;0.000000;0.000000;0.000000;0.000000;2.000000;-20.225555;-709.580322;1897.262939;0.000000;0.000000;0.000000;0.000000;0.000000;2.000000;-44.167816;-667.821594;1877.134521;0.000000;0.000000;0.000000;0.000000;0.000000;2.000000;-159.989578;-603.566589;1802.225220;0.000000;0.000000;0.000000;0.000000;0.000000;2.000000;-175.812042;-310.239166;1786.864746;0.000000;0.000000;0.000000;0.000000;0.000000;2.000000;-213.508621;-71.033348;1834.955444;0.000000;0.000000;0.000000;0.000000;0.000000;2.000000;-257.674408;8.525236;1882.136353;0.000000;0.000000;0.000000;0.000000;0.000000;2.000000;-207.047577;78.906021;1957.720337;0.000000;0.000000;0.000000;0.000000;0.000000;2.000000;-200.242767;41.279980;1933.825317;0.000000;0.000000;0.000000;0.000000;0.000000;2.000000;12.190857;-675.479004;1920.684082;0.000000;0.000000;0.000000;0.000000;0.000000;2.000000;112.677048;-635.460022;2009.552002;0.000000;0.000000;0.000000;0.000000;0.000000;2.000000;206.918106;-352.061401;2034.772339;0.000000;0.000000;0.000000;0.000000;0.000000;2.000000;125.983780;-150.301987;2158.258789;0.000000;0.000000;0.000000;0.000000;0.000000;1.000000;130.292007;-54.107826;2104.330566;0.000000;0.000000;0.000000;0.000000;0.000000;1.000000;231.463333;-88.541397;2067.445801;0.000000;0.000000;0.000000;0.000000;0.000000;1.000000;243.773392;-125.878998;2110.498047;0.000000;0.000000;0.000000;0.000000;0.000000;1.000000;-84.709900;-138.272461;1954.095459;0.000000;0.000000;0.000000;0.000000;0.000000;2.000000;-167.154663;266.252319;2059.728027;0.000000;0.000000;0.000000;0.000000;0.000000;2.000000;-88.466919;663.415344;2015.802246;0.000000;0.000000;0.000000;0.000000;0.000000;2.000000;-213.936859;787.343323;2108.890625;0.000000;0.000000;0.000000;0.000000;0.000000;2.000000;76.386642;-160.575226;2041.394043;0.000000;0.000000;0.000000;0.000000;0.000000;2.000000;176.466385;253.154480;2045.485718;0.000000;0.000000;0.000000;0.000000;0.000000;2.000000;356.848328;574.281372;1861.889648;0.000000;0.000000;0.000000;0.000000;0.000000;2.000000;332.809570;754.062317;1889.511597;0.000000;0.000000;0.000000;0.000000;0.000000;2.000000;-37.034943;-794.712952;1902.795532;0.000000;0.000000;0.000000;0.000000;0.000000;2.000000;-88.961166;-848.742004;2056.553711;0.000000;0.000000;0.000000;0.000000;0.000000;2.000000;-103.734871;-882.266968;2009.568848;0.000000;0.000000;0.000000;0.000000;0.000000;2.000000;-124.540741;-859.365601;1878.220459;0.000000;0.000000;0.000000;0.000000;0.000000;2.000000;-52.410217;-881.098572;2031.057617;0.000000;0.000000;0.000000;0.000000;0.000000;2.000000;43.799942;-867.570679;1931.000000;0.000000;0.000000;0.000000;0.000000;0.000000;2.000000;5871333376.000000
0.000000;-150.000000;2000.000000;0.000000;0.000000;0.000000;0.000000;0.000000;2.000000;-3.044586;-335.211121;1958.453491;0.010940;0.000000;0.000000;0.000000;0.000000;2.000000;2.477982;-479.149994;1910.660889;0.074679;0.000000;0.000000;0.000000;0.000000;2.000000;-19.220230;-708.558838;1894.231934;0.100744;0.000000;0.000000;0.000000;0.000000;2.000000;-44.385773;-666.742065;1875.839355;0.051085;0.000000;0.000000;0.000000;0.000000;2.000000;-163.008270;-602.992126;1805.107422;0.126593;0.000000;0.000000;0.000000;0.000000;2.000000;-184.649750;-309.975311;1793.335571;0.329224;0.000000;0.000000;0.000000;0.000000;2.000000;-227.483292;-73.473625;1849.390137;0.608135;0.000000;0.000000;0.000000;0.000000;2.000000;-264.108002;9.749823;1896.626221;0.477799;0.000000;0.000000;0.000000;0.000000;2.000000;-216.062592;86.331825;1967.667969;0.460989;0.000000;0.000000;0.000000;0.000000;2.000000;-207.001923;40.099796;1946.580811;0.435212;0.000000;0.000000;0.000000;0.000000;2.000000;14.285675;-674.538513;1916.147217;0.152791;0.000000;0.000000;0.000000;0.000000;2.000000;123.286621;-634.123901;1994.045044;0.566001;0.000000;0.000000;0.000000;0.000000;2.000000;196.761353;-345.793915;2029.196899;0.395822;0.000000;0.000000;0.000000;0.000000;2.000000;128.208771;-146.870010;2164.072754;0.213598;0.000000;0.000000;0.000000;0.000000;1.000000;144.144531;-49.183010;2115.340820;0.551914;0.000000;0.000000;0.000000;0.000000;1.000000;245.109375;-77.838829;2073.416748;0.551128;0.000000;0.000000;0.000000;0.000000;1.000000;248.115692;-123.546623;2104.802734;0.226324;0.000000;0.000000;0.000000;0.000000;1.000000;-85.895332;-138.784363;1956.296021;0.076665;0.000000;0.000000;0.000000;0.000000;2.000000;-149.707184;271.224792;2052.666504;0.584978;0.000000;0.000000;0.000000;0.000000;2.000000;-69.576004;667.357361;2003.677124;0.684822;0.000000;0.000000;0.000000;0.000000;2.000000;-188.273682;793.369690;2102.519531;0.814911;0.000000;0.000000;0.000000;0.000000;2.000000;77.455597;-160.113647;2039.409912;0.069127;0.000000;0.000000;0.000000;0.000000;2.000000;182.532715;251.921600;2055.599365;0.356303;0.000000;0.000000;0.000000;0.000000;2.000000;359.066925;567.839355;1859.949219;0.212869;0.000000;0.000000;0.000000;0.000000;2.000000;349.059601;748.920532;1887.291382;0.516469;0.000000;0.000000;0.000000;0.000000;2.000000;-35.359909;-793.781250;1899.889160;0.104612;0.000000;0.000000;0.000000;0.000000;2.000000;-83.913399;-846.364197;2055.175781;0.172698;0.000000;0.000000;0.000000;0.000000;2.000000;-99.141563;-880.641235;2008.910522;0.147740;0.000000;0.000000;0.000000;0.000000;2.000000;-122.531471;-859.676086;1877.722900;0.062894;0.000000;0.000000;0.000000;0.000000;2.000000;-47.476624;-878.634460;2029.449951;0.172605;0.000000;0.000000;0.000000;0.000000;2.000000;46.744278;-865.354492;1927.552124;0.151641;0.000000;0.000000;0.000000;0.000000;2.000000;5871366656.000000
0.000000;-150.000000;2000.000000;0.000000;0.000000;0.000000;0.000000;0.000000;2.000000;-2.074173;-335.455017;1957.082886;0.050991;0.000000;0.000000;0.000000;0.000000;2.000000;5.307846;-478.440277;1905.484741;0.178538;0.000000;0.000000;0.000000;0.000000;2.000000;-14.123795;-708.793457;1890.420166;0.191362;0.000000;0.000000;0.000000;0.000000;2.000000;-40.833374;-667.241211;1873.231934;0.133257;0.000000;0.000000;0.000000;0.000000;2.000000;-163.793411;-604.097778;1808.723999;0.116059;0.000000;0.000000;0.000000;0.000000;2.000000;-184.443039;-310.160980;1797.619995;0.129009;0.000000;0.000000;0.000000;0.000000;2.000000;-224.070923;-74.998947;1863.789673;0.447018;0.000000;0.000000;0.000000;0.000000;2.000000;-274.458801;2.697409;1908.306274;0.514603;0.000000;0.000000;0.000000;0.000000;2.000000;-228.573975;97.465759;1955.289551;0.625783;0.000000;0.000000;0.000000;0.000000;2.000000;-215.086731;46.303879;1959.593262;0.496638;0.000000;0.000000;0.000000;0.000000;2.000000;20.081238;-674.184204;1910.617676;0.240928;0.000000;0.000000;0.000000;0.000000;2.000000;134.821701;-630.599060;1978.639038;0.587920;0.000000;0.000000;0.000000;0.000000;2.000000;192.581589;-338.703735;2020.238525;0.365543;0.000000;0.000000;0.000000;0.000000;2.000000;125.921524;-146.512558;2166.626465;0.103571;0.000000;0.000000;0.000000;0.000000;1.000000;141.975479;-46.132751;2122.973145;0.255429;0.000000;0.000000;0.000000;0.000000;1.000000;243.215256;-67.624504;2076.792969;0.328225;0.000000;0.000000;0.000000;0.000000;1.000000;245.283585;-121.477455;2101.088867;0.153496;0.000000;0.000000;0.000000;0.000000;1.000000;-86.999451;-139.257797;1957.785156;0.057491;0.000000;0.000000;0.000000;0.000000;2.000000;-134.746475;276.480988;2043.583496;0.549109;0.000000;0.000000;0.000000;0.000000;2.000000;-52.616547;673.685791;1997.212646;0.577566;0.000000;0.000000;0.000000;0.000000;2.000000;-172.576111;801.003052;2093.959473;0.584168;0.000000;0.000000;0.000000;0.000000;2.000000;78.451248;-159.686707;2038.067017;0.051845;0.000000;0.000000;0.000000;0.000000;2.000000;180.091934;254.017395;2062.672119;0.233475;0.000000;0.000000;0.000000;0.000000;2.000000;357.041077;567.634277;1861.362183;0.074472;0.000000;0.000000;0.000000;0.000000;2.000000;356.079956;749.509216;1888.684814;0.215790;0.000000;0.000000;0.000000;0.000000;2.000000;-28.833298;-794.453796;1897.013794;0.215251;0.000000;0.000000;0.000000;0.000000;2.000000;-73.987785;-845.757263;2054.267090;0.300048;0.000000;0.000000;0.000000;0.000000;2.000000;-89.055954;-881.264709;2008.668213;0.303719;0.000000;0.000000;0.000000;0.000000;2.000000;-114.886612;-863.023621;1877.144531;0.251372;0.000000;0.000000;0.000000;0.000000;2.000000;-37.026398;-877.635498;2028.471924;0.316807;0.000000;0.000000;0.000000;0.000000;2.000000;55.640732;-863.707336;1924.720093;0.284872;0.000000;0.000000;0.000000;0.000000;2.000000;5871399936.000000
0.000000;-150.000000;2000.000000;0.000000;0.000000;0.000000;0.000000;0.000000;2.000000;-3.188705;-335.542664;1956.822998;0.034489;0.000000;0.000000;0.000000;0.000000;2.000000;2.887512;-478.889313;1905.683105;0.074207;0.000000;0.000000;0.000000;0.000000;2.000000;-16.937515;-709.468140;1891.629761;0.094235;0.000000;0.000000;0.000000;0.000000;2.000000;-43.497208;-667.913574;1874.085205;0.086443;0.000000;0.000000;0.000000;0.000000;2.000000;-165.464355;-603.371582;1808.778809;0.054770;0.000000;0.000000;0.000000;0.000000;2.000000;-188.428421;-309.223328;1802.161011;0.183720;0.000000;0.000000;0.000000;0.000000;2.000000;-231.128937;-76.548965;1875.591064;0.415806;0.000000;0.000000;0.000000;0.000000;2.000000;-282.030762;-1.801936;1924.549805;0.555224;0.000000;0.000000;0.000000;0.000000;2.000000;-235.319000;98.513763;1957.275269;0.213609;0.000000;0.000000;0.000000;0.000000;2.000000;-224.019638;47.720272;1969.085327;0.393965;0.000000;0.000000;0.000000;0.000000;2.000000;17.258881;-674.798340;1911.853271;0.094399;0.000000;0.000000;0.000000;0.000000;2.000000;130.993301;-632.520142;1982.578003;0.174855;0.000000;0.000000;0.000000;0.000000;2.000000;198.343735;-342.233948;2022.812744;0.217286;0.000000;0.000000;0.000000;0.000000;2.000000;127.630966;-150.342590;2168.047607;0.133066;0.000000;0.000000;0.000000;0.000000;1.000000;147.371597;-49.704727;2126.306641;0.218731;0.000000;0.000000;0.000000;0.000000;1.000000;250.950760;-57.940437;2080.819824;0.391589;0.000000;0.000000;0.000000;0.000000;1.000000;246.639755;-117.185516;2096.059570;0.202805;0.000000;0.000000;0.000000;0.000000;1.000000;-87.192200;-138.757263;1958.126343;0.019101;0.000000;0.000000;0.000000;0.000000;2.000000;-118.257736;281.129425;2032.396118;0.614807;0.000000;0.000000;0.000000;0.000000;2.000000;-40.630768;679.872437;1988.524292;0.482102;0.000000;0.000000;0.000000;0.000000;2.000000;-154.128189;805.199341;2095.475098;0.570306;0.000000;0.000000;0.000000;0.000000;2.000000;78.625031;-160.138062;2037.759155;0.017227;0.000000;0.000000;0.000000;0.000000;2.000000;169.777176;255.658585;2072.357422;0.428006;0.000000;0.000000;0.000000;0.000000;2.000000;342.702209;564.506226;1859.783325;0.443533;0.000000;0.000000;0.000000;0.000000;2.000000;350.360779;746.918213;1883.232910;0.249861;0.000000;0.000000;0.000000;0.000000;2.000000;-31.863037;-795.138062;1898.570190;0.104392;0.000000;0.000000;0.000000;0.000000;2.000000;-76.983437;-854.213257;2053.241211;0.271316;0.000000;0.000000;0.000000;0.000000;2.000000;-89.773972;-888.682861;2006.110352;0.236765;0.000000;0.000000;0.000000;0.000000;2.000000;-114.498627;-866.762085;1874.819580;0.132798;0.000000;0.000000;0.000000;0.000000;2.000000;-38.213425;-883.462524;2026.892944;0.184879;0.000000;0.000000;0.000000;0.000000;2.000000;55.314041;-861.581055;1925.147095;0.065901;0.000000;0.000000;0.000000;0.000000;2.000000;5871433216.000000
0.000000;-150.000000;2000.000000;0.000000;0.000000;0.000000;0.000000;0.000000;2.000000;-2.304214;-335.937012;1959.946899;0.098274;0.000000;0.000000;0.000000;0.000000;2.000000;2.199387;-481.213379;1915.233154;0.296059;0.000000;0.000000;0.000000;0.000000;2.000000;-15.287918;-711.451660;1898.913086;0.232173;0.000000;0.000000;0.000000;0.000000;2.000000;-42.125053;-670.057556;1881.668701;0.240364;0.000000;0.000000;0.000000;0.000000;2.000000;-160.157242;-607.440308;1808.333618;0.201385;0.000000;0.000000;0.000000;0.000000;2.000000;-183.712738;-313.751099;1806.879028;0.242252;0.000000;0.000000;0.000000;0.000000;2.000000;-236.695114;-85.289825;1885.306763;0.426831;0.000000;0.000000;0.000000;0.000000;2.000000;-293.221069;-22.390614;1943.522827;0.905984;0.000000;0.000000;0.000000;0.000000;2.000000;-248.890732;83.894882;1946.836182;0.676501;0.000000;0.000000;0.000000;0.000000;2.000000;-224.684814;39.402813;1980.172852;0.416961;0.000000;0.000000;0.000000;0.000000;2.000000;18.420395;-676.704712;1919.594360;0.242084;0.000000;0.000000;0.000000;0.000000;2.000000;136.213272;-637.010132;1984.477417;0.214620;0.000000;0.000000;0.000000;0.000000;2.000000;211.603683;-348.513916;2019.295532;0.453353;0.000000;0.000000;0.000000;0.000000;2.000000;147.945877;-154.363159;2164.084473;0.633556;0.000000;0.000000;0.000000;0.000000;1.000000;160.711044;-51.944725;2124.492676;0.410075;0.000000;0.000000;0.000000;0.000000;1.000000;261.759705;-59.094547;2073.879883;0.387525;0.000000;0.000000;0.000000;0.000000;1.000000;262.577148;-116.919891;2090.440918;0.507839;0.000000;0.000000;0.000000;0.000000;1.000000;-87.531311;-140.057724;1958.880981;0.046314;0.000000;0.000000;0.000000;0.000000;2.000000;-101.389748;281.363342;2025.228760;0.550753;0.000000;0.000000;0.000000;0.000000;2.000000;-27.577255;680.227478;1982.083984;0.437504;0.000000;0.000000;0.000000;0.000000;2.000000;-141.716141;808.285278;2084.406738;0.508240;0.000000;0.000000;0.000000;0.000000;2.000000;78.930817;-158.965393;2037.078857;0.041760;0.000000;0.000000;0.000000;0.000000;2.000000;164.501755;255.517593;2088.841309;0.520074;0.000000;0.000000;0.000000;0.000000;2.000000;329.460083;556.963928;1861.156250;0.459770;0.000000;0.000000;0.000000;0.000000;2.000000;345.578918;737.720581;1890.128296;0.374106;0.000000;0.000000;0.000000;0.000000;2.000000;-29.388405;-797.184509;1904.955200;0.214755;0.000000;0.000000;0.000000;0.000000;2.000000;-76.635979;-853.027283;2059.881348;0.202950;0.000000;0.000000;0.000000;0.000000;2.000000;-90.371140;-887.533691;2013.168701;0.215630;0.000000;0.000000;0.000000;0.000000;2.000000;-114.043129;-866.315735;1881.796021;0.210503;0.000000;0.000000;0.000000;0.000000;2.000000;-38.805519;-883.717468;2033.999268;0.214408;0.000000;0.000000;0.000000;0.000000;2.000000;55.451584;-865.930359;1932.442505;0.255247;0.000000;0.000000;0.000000;0.000000;2.000000;5871466496.000000
0.000000;-150.000000;2000.000000;0.000000;0.000000;0.000000;0.000000;0.000000;2.000000;-3.009613;-337.016602;1960.515869;0.042354;0.000000;0.000000;0.000000;0.000000;2.000000;0.414993;-482.812714;1914.827881;0.073025;0.000000;0.000000;0.000000;0.000000;2.000000;-10.277802;-714.792480;1901.127197;0.192787;0.000000;0.000000;0.000000;0.000000;2.000000;-40.882538;-674.351074;1887.482544;0.220355;0.000000;0.000000;0.000000;0.000000;2.000000;-167.700592;-617.426636;1823.145752;0.582676;0.000000;0.000000;0.000000;0.000000;2.000000;-191.291077;-322.336731;1816.644043;0.452221;0.000000;0.000000;0.000000;0.000000;2.000000;-236.695831;-93.046669;1901.068359;0.527852;0.000000;0.000000;0.000000;0.000000;2.000000;-304.916016;-38.168430;1955.659424;0.693719;0.000000;0.000000;0.000000;0.000000;2.000000;-261.346344;65.672546;1982.566406;1.261964;0.000000;0.000000;0.000000;0.000000;2.000000;-266.341156;26.325277;1995.419922;1.389621;0.000000;0.000000;0.000000;0.000000;2.000000;24.685303;-678.487305;1917.204956;0.208474;0.000000;0.000000;0.000000;0.000000;2.000000;152.002518;-632.326416;1956.145630;0.984701;0.000000;0.000000;0.000000;0.000000;2.000000;228.163925;-347.801788;2021.497437;0.502439;0.000000;0.000000;0.000000;0.000000;2.000000;193.902481;-163.894608;2189.844727;1.608751;0.000000;0.000000;0.000000;0.000000;1.000000;186.332199;-61.526196;2147.354980;1.071218;0.000000;0.000000;0.000000;0.000000;1.000000;268.237610;-63.115067;2068.357910;0.282867;0.000000;0.000000;0.000000;0.000000;1.000000;279.384155;-118.264900;2087.552002;0.514016;0.000000;0.000000;0.000000;0.000000;1.000000;-90.735817;-141.123581;1964.872925;0.206674;0.000000;0.000000;0.000000;0.000000;2.000000;-82.869858;283.887604;2022.422363;0.567928;0.000000;0.000000;0.000000;0.000000;2.000000;-11.692017;685.149414;1977.858276;0.515588;0.000000;0.000000;0.000000;0.000000;2.000000;-123.818054;808.992065;2089.147949;0.556758;0.000000;0.000000;0.000000;0.000000;2.000000;81.820465;-158.004242;2031.675659;0.186367;0.000000;0.000000;0.000000;0.000000;2.000000;156.412460;257.061859;2107.627197;0.616338;0.000000;0.000000;0.000000;0.000000;2.000000;314.480164;556.650146;1869.133667;0.510053;0.000000;0.000000;0.000000;0.000000;2.000000;340.726196;734.995850;1909.298218;0.599803;0.000000;0.000000;0.000000;0.000000;2.000000;-20.201057;-801.389282;1909.108154;0.328246;0.000000;0.000000;0.000000;0.000000;2.000000;-62.494637;-845.585815;2070.054443;0.569207;0.000000;0.000000;0.000000;0.000000;2.000000;-76.800812;-884.191895;2026.444092;0.579201;0.000000;0.000000;0.000000;0.000000;2.000000;-104.423508;-874.050903;1893.832642;0.518057;0.000000;0.000000;0.000000;0.000000;2.000000;-24.543098;-877.736816;2045.574463;0.580457;0.000000;0.000000;0.000000;0.000000;2.000000;67.130951;-866.459106;1939.848267;0.415851;0.000000;0.000000;0.000000;0.000000;2.000000;5871499776.000000
0.000000;-150.000000;2000.000000;0.000000;0.000000;0.000000;0.000000;0.000000;2.000000;-3.656876;-337.333954;1961.587769;0.038227;0.000000;0.000000;0.000000;0.000000;2.000000;-1.514526;-483.763794;1917.603027;0.103908;0.000000;0.000000;0.000000;0.000000;2.000000;-12.083603;-715.910278;1904.504395;0.118060;0.000000;0.000000;0.000000;0.000000;2.000000;-42.787666;-675.504272;1890.868774;0.119936;0.000000;0.000000;0.000000;0.000000;2.000000;-171.746613;-619.094116;1830.244019;0.246769;0.000000;0.000000;0.000000;0.000000;2.000000;-211.468460;-325.508514;1829.018677;0.706716;0.000000;0.000000;0.000000;0.000000;2.000000;-263.754791;-95.934868;1908.968506;0.838548;0.000000;0.000000;0.000000;0.000000;2.000000;-326.205322;-39.326660;1968.573730;0.737660;0.000000;0.000000;0.000000;0.000000;2.000000;-277.744507;62.897163;1993.505981;0.589095;0.000000;0.000000;0.000000;0.000000;2.000000;-287.822449;19.044601;2010.766724;0.810421;0.000000;0.000000;0.000000;0.000000;2.000000;22.930435;-679.519165;1920.369873;0.111361;0.000000;0.000000;0.000000;0.000000;2.000000;150.973251;-634.713013;1958.786499;0.109651;0.000000;0.000000;0.000000;0.000000;2.000000;223.867355;-346.730774;2012.424316;0.298769;0.000000;0.000000;0.000000;0.000000;2.000000;217.047897;-119.707848;2121.140625;2.512503;0.000000;0.000000;0.000000;0.000000;2.000000;219.954697;-8.655189;2124.909180;1.969563;0.000000;0.000000;0.000000;0.000000;1.000000;278.356567;-69.694916;2048.561523;0.686135;0.000000;0.000000;0.000000;0.000000;1.000000;316.111572;-65.765648;2073.684570;1.939939;0.000000;0.000000;0.000000;0.000000;1.000000;-91.677765;-141.476318;1967.158447;0.073895;0.000000;0.000000;0.000000;0.000000;2.000000;-76.085022;283.971039;2021.556763;0.202425;0.000000;0.000000;0.000000;0.000000;2.000000;-2.563995;684.479980;1972.235596;0.317876;0.000000;0.000000;0.000000;0.000000;2.000000;-106.645233;809.105225;2090.447266;0.509655;0.000000;0.000000;0.000000;0.000000;2.000000;82.669861;-157.686188;2029.614746;0.066633;0.000000;0.000000;0.000000;0.000000;2.000000;146.444595;254.855499;2127.357422;0.657405;0.000000;0.000000;0.000000;0.000000;2.000000;280.771484;565.630127;1888.235596;1.176960;0.000000;0.000000;0.000000;0.000000;2.000000;311.476135;741.036011;1937.593506;1.217510;0.000000;0.000000;0.000000;0.000000;2.000000;-21.914513;-802.541748;1912.739258;0.123615;0.000000;0.000000;0.000000;0.000000;2.000000;-47.916489;-832.750000;2080.337646;0.650385;0.000000;0.000000;0.000000;0.000000;2.000000;-67.467087;-874.290405;2041.698120;0.604913;0.000000;0.000000;0.000000;0.000000;2.000000;-108.690369;-873.884521;1912.190674;0.557768;0.000000;0.000000;0.000000;0.000000;2.000000;-13.346382;-867.778198;2054.753906;0.520028;0.000000;0.000000;0.000000;0.000000;2.000000;66.956863;-867.389160;1939.506470;0.029772;0.000000;0.000000;0.000000;0.000000;2.000000;5871533568.000000
0.000000;-150.000000;2000.000000;0.000000;0.000000;0.000000;0.000000;0.000000;2.000000;-4.704544;-335.305481;1961.988525;0.069650;0.000000;0.000000;0.000000;0.000000;2.000000;-3.268356;-479.713989;1916.955566;0.134029;0.000000;0.000000;0.000000;0.000000;2.000000;-14.007889;-709.357788;1903.845703;0.206157;0.000000;0.000000;0.000000;0.000000;2.000000;-45.675346;-669.451782;1893.487183;0.216320;0.000000;0.000000;0.000000;0.000000;2.000000;-178.941391;-618.033081;1842.646484;0.432015;0.000000;0.000000;0.000000;0.000000;2.000000;-215.682953;-327.351227;1834.904419;0.224456;0.000000;0.000000;0.000000;0.000000;2.000000;-256.269623;-98.703499;1916.072998;0.321060;0.000000;0.000000;0.000000;0.000000;2.000000;-320.050537;-49.278847;1978.682617;0.464646;0.000000;0.000000;0.000000;0.000000;2.000000;-299.491730;63.277798;1985.224976;0.699328;0.000000;0.000000;0.000000;0.000000;2.000000;-303.904999;11.835477;2009.965210;0.530127;0.000000;0.000000;0.000000;0.000000;2.000000;21.817451;-673.281128;1916.393677;0.224783;0.000000;0.000000;0.000000;0.000000;2.000000;150.795959;-627.072876;1942.568237;0.538720;0.000000;0.000000;0.000000;0.000000;2.000000;226.643677;-346.926178;2012.938599;0.085045;0.000000;0.000000;0.000000;0.000000;2.000000;227.872528;-143.012863;2156.029541;1.301998;0.000000;0.000000;0.000000;0.000000;1.000000;229.985229;-35.011406;2135.440918;0.904532;0.000000;0.000000;0.000000;0.000000;1.000000;295.817291;-67.510086;2050.001465;0.530520;0.000000;0.000000;0.000000;0.000000;1.000000;307.238983;-73.869026;2075.568359;0.365472;0.000000;0.000000;0.000000;0.000000;1.000000;-91.450737;-141.467148;1969.720947;0.077300;0.000000;0.000000;0.000000;0.000000;2.000000;-63.938740;280.451111;2008.700684;0.541867;0.000000;0.000000;0.000000;0.000000;2.000000;1.261726;679.136353;1970.393799;0.205083;0.000000;0.000000;0.000000;0.000000;2.000000;-104.451218;803.627686;2083.563477;0.272435;0.000000;0.000000;0.000000;0.000000;2.000000;82.465157;-157.694443;2027.303955;0.069707;0.000000;0.000000;0.000000;0.000000;2.000000;136.288910;247.314362;2141.208984;0.563650;0.000000;0.000000;0.000000;0.000000;2.000000;256.653503;569.693848;1918.195679;1.162126;0.000000;0.000000;0.000000;0.000000;2.000000;292.895447;741.300049;1969.752197;1.116032;0.000000;0.000000;0.000000;0.000000;2.000000;-22.589462;-795.143188;1912.427124;0.223433;0.000000;0.000000;0.000000;0.000000;2.000000;-38.788467;-807.136963;2081.662598;0.818005;0.000000;0.000000;0.000000;0.000000;2.000000;-60.698685;-851.715454;2049.151367;0.742735;0.000000;0.000000;0.000000;0.000000;2.000000;-108.931885;-864.113403;1924.256104;0.466576;0.000000;0.000000;0.000000;0.000000;2.000000;-6.436172;-844.751099;2058.216797;0.729859;0.000000;0.000000;0.000000;0.000000;2.000000;66.174721;-857.471313;1940.415894;0.300184;0.000000;0.000000;0.000000;0.000000;2.000000;5871566848.000000
0.000000;-150.000000;2000.000000;0.000000;0.000000;0.000000;0.000000;0.000000;2.000000;1.234657;-335.625244;1963.411011;0.183760;0.000000;0.000000;0.000000;0.000000;2.000000;6.185837;-480.874023;1921.495117;0.317053;0.000000;0.000000;0.000000;0.000000;2.000000;-7.473457;-710.648010;1916.125000;0.419754;0.000000;0.000000;0.000000;0.000000;2.000000;-38.963375;-670.720398;1905.346436;0.411233;0.000000;0.000000;0.000000;0.000000;2.000000;-171.360199;-615.110657;1856.746826;0.488995;0.000000;0.000000;0.000000;0.000000;2.000000;-208.430145;-324.597412;1846.060425;0.408304;0.000000;0.000000;0.000000;0.000000;2.000000;-246.381866;-99.990746;1938.867676;0.747601;0.000000;0.000000;0.000000;0.000000;2.000000;-321.087402;-54.313660;1991.413696;0.412551;0.000000;0.000000;0.000000;0.000000;2.000000;-296.830994;53.301403;2022.431641;1.160239;0.000000;0.000000;0.000000;0.000000;2.000000;-300.643768;10.054665;2029.523682;0.598206;0.000000;0.000000;0.000000;0.000000;2.000000;29.080833;-674.625977;1926.517822;0.376578;0.000000;0.000000;0.000000;0.000000;2.000000;158.354767;-626.502686;1947.103149;0.265422;0.000000;0.000000;0.000000;0.000000;2.000000;223.843933;-341.937500;2009.558228;0.199661;0.000000;0.000000;0.000000;0.000000;2.000000;239.077026;-117.830414;2117.201660;1.430775;0.000000;0.000000;0.000000;0.000000;2.000000;255.265442;-10.305285;2133.517578;1.063711;0.000000;0.000000;0.000000;0.000000;1.000000;299.536987;-58.109795;2041.638062;0.394247;0.000000;0.000000;0.000000;0.000000;1.000000;336.788849;-68.736580;2072.512207;0.905877;0.000000;0.000000;0.000000;0.000000;1.000000;-92.505478;-145.145905;1972.252563;0.137877;0.000000;0.000000;0.000000;0.000000;2.000000;-54.967453;276.211426;2008.300903;0.298398;0.000000;0.000000;0.000000;0.000000;2.000000;18.567032;673.265869;1968.658203;0.551567;0.000000;0.000000;0.000000;0.000000;2.000000;-81.567474;804.082642;2079.707031;0.697442;0.000000;0.000000;0.000000;0.000000;2.000000;83.416267;-154.377151;2025.021240;0.124327;0.000000;0.000000;0.000000;0.000000;2.000000;121.889656;245.535324;2160.861328;0.734009;0.000000;0.000000;0.000000;0.000000;2.000000;220.986176;583.005920;1950.133179;1.493173;0.000000;0.000000;0.000000;0.000000;2.000000;227.339539;763.397583;1978.962891;2.097070;0.000000;0.000000;0.000000;0.000000;2.000000;-16.771484;-795.994873;1927.708374;0.491992;0.000000;0.000000;0.000000;0.000000;2.000000;-15.311165;-805.872131;2097.828125;0.857349;0.000000;0.000000;0.000000;0.000000;2.000000;-40.272144;-850.924072;2068.319336;0.842033;0.000000;0.000000;0.000000;0.000000;2.000000;-101.114548;-865.063416;1949.268311;0.787938;0.000000;0.000000;0.000000;0.000000;2.000000;14.600258;-843.679810;2071.628906;0.750338;0.000000;0.000000;0.000000;0.000000;2.000000;74.673622;-857.682190;1947.121948;0.325363;0.000000;0.000000;0.000000;0.000000;2.000000;5871600128.000000
0.000000;-150.000000;2000.000000;0.000000;0.000000;0.000000;0.000000;0.000000;2.000000;-2.072906;-333.195251;1961.931152;0.131096;0.000000;0.000000;0.000000;0.000000;2.000000;-0.155830;-477.033691;1920.881470;0.223533;0.000000;0.000000;0.000000;0.000000;2.000000;-8.823380;-703.781250;1901.844482;0.477857;0.000000;0.000000;0.000000;0.000000;2.000000;-40.902466;-664.413086;1893.845581;0.398420;0.000000;0.000000;0.000000;0.000000;2.000000;-178.195938;-619.042725;1854.189331;0.249108;0.000000;0.000000;0.000000;0.000000;2.000000;-222.369781;-332.587769;1854.157837;0.540638;0.000000;0.000000;0.000000;0.000000;2.000000;-265.122650;-109.995224;1942.493164;0.647570;0.000000;0.000000;0.000000;0.000000;2.000000;-330.334564;-57.721691;1999.195679;0.377320;0.000000;0.000000;0.000000;0.000000;2.000000;-311.487152;51.330334;2023.623169;0.445794;0.000000;0.000000;0.000000;0.000000;2.000000;-322.858917;4.586849;2013.172729;0.844967;0.000000;0.000000;0.000000;0.000000;2.000000;26.644859;-668.058472;1913.999023;0.431047;0.000000;0.000000;0.000000;0.000000;2.000000;154.663116;-622.807190;1938.279907;0.308098;0.000000;0.000000;0.000000;0.000000;2.000000;211.443878;-340.803650;2005.111084;0.397299;0.000000;0.000000;0.000000;0.000000;2.000000;231.654327;-115.855690;2103.478027;0.472562;0.000000;0.000000;0.000000;0.000000;2.000000;259.709930;-13.406855;2126.771973;0.260009;0.000000;0.000000;0.000000;0.000000;1.000000;287.906189;-60.258125;2029.717773;0.504579;0.000000;0.000000;0.000000;0.000000;1.000000;328.525146;-72.697716;2054.458008;0.608378;0.000000;0.000000;0.000000;0.000000;1.000000;-90.901657;-142.971252;1971.125977;0.087967;0.000000;0.000000;0.000000;0.000000;2.000000;-53.945969;274.187927;2001.466431;0.216363;0.000000;0.000000;0.000000;0.000000;2.000000;20.763359;666.173523;1959.087158;0.363979;0.000000;0.000000;0.000000;0.000000;2.000000;-86.643356;789.599182;2067.891113;0.581996;0.000000;0.000000;0.000000;0.000000;2.000000;81.970024;-156.338135;2026.036987;0.079322;0.000000;0.000000;0.000000;0.000000;2.000000;119.760948;232.498810;2178.701172;0.667001;0.000000;0.000000;0.000000;0.000000;2.000000;180.087463;588.269165;1993.703735;1.802584;0.000000;0.000000;0.000000;0.000000;2.000000;167.180908;743.704651;2085.109863;3.713589;0.000000;0.000000;0.000000;0.000000;2.000000;-16.100037;-788.911316;1908.208740;0.623715;0.000000;0.000000;0.000000;0.000000;2.000000;-72.655487;-832.904907;2060.757813;2.206714;0.000000;0.000000;0.000000;0.000000;2.000000;-88.684937;-866.691162;2015.503296;2.204377;0.000000;0.000000;0.000000;0.000000;2.000000;-105.920898;-847.845032;1885.014771;2.004027;0.000000;0.000000;0.000000;0.000000;2.000000;-38.437263;-867.969360;2037.428345;2.031890;0.000000;0.000000;0.000000;0.000000;2.000000;58.358437;-864.534729;1939.943237;0.573813;0.000000;0.000000;0.000000;0.000000;2.000000;5871633408.000000
0.000000;-150.000000;2000.000000;0.000000;0.000000;0.000000;0.000000;0.000000;2.000000;-5.578651;-334.153687;1963.665039;0.120998;0.000000;0.000000;0.000000;0.000000;2.000000;-7.939865;-479.906799;1927.770508;0.324053;0.000000;0.000000;0.000000;0.000000;2.000000;-18.553276;-708.105408;1921.872803;0.681570;0.000000;0.000000;0.000000;0.000000;2.000000;-50.729221;-668.869995;1912.542603;0.648654;0.000000;0.000000;0.000000;0.000000;2.000000;-186.849838;-620.183716;1870.806885;0.564020;0.000000;0.000000;0.000000;0.000000;2.000000;-237.101532;-333.719788;1866.276489;0.574199;0.000000;0.000000;0.000000;0.000000;2.000000;-282.252563;-106.938278;1944.584961;0.526617;0.000000;0.000000;0.000000;0.000000;2.000000;-331.633423;-56.598003;2017.389404;0.549117;0.000000;0.000000;0.000000;0.000000;2.000000;-316.818268;54.028038;2039.260010;0.502988;0.000000;0.000000;0.000000;0.000000;2.000000;-343.436859;-1.942491;2016.408203;0.655952;0.000000;0.000000;0.000000;0.000000;2.000000;17.595131;-671.895325;1930.989014;0.589799;0.000000;0.000000;0.000000;0.000000;2.000000;145.569885;-621.472595;1946.535645;0.371219;0.000000;0.000000;0.000000;0.000000;2.000000;208.129059;-338.159241;2007.023804;0.139778;0.000000;0.000000;0.000000;0.000000;2.000000;227.744293;-115.146774;2111.904053;0.279929;0.000000;0.000000;0.000000;0.000000;2.000000;263.763733;-13.339003;2127.641113;0.124594;0.000000;0.000000;0.000000;0.000000;1.000000;288.856720;-55.000000;2026.979126;0.180418;0.000000;0.000000;0.000000;0.000000;1.000000;323.294525;-68.683807;2055.411377;0.200175;0.000000;0.000000;0.000000;0.000000;1.000000;-91.910316;-141.995682;1973.543823;0.084001;0.000000;0.000000;0.000000;0.000000;2.000000;-48.118221;276.242554;2000.476318;0.188045;0.000000;0.000000;0.000000;0.000000;2.000000;25.447639;669.715149;1956.353149;0.194642;0.000000;0.000000;0.000000;0.000000;2.000000;-84.675949;784.197449;2073.188965;0.234907;0.000000;0.000000;0.000000;0.000000;2.000000;82.879570;-157.217819;2023.856567;0.075751;0.000000;0.000000;0.000000;0.000000;2.000000;94.273384;226.774323;2195.916504;0.940055;0.000000;0.000000;0.000000;0.000000;2.000000;140.564758;594.989929;2028.931763;1.603629;0.000000;0.000000;0.000000;0.000000;2.000000;77.701714;735.833252;2124.464600;2.946747;0.000000;0.000000;0.000000;0.000000;2.000000;-26.178673;-792.982300;1933.306519;0.821830;0.000000;0.000000;0.000000;0.000000;2.000000;-21.719261;-816.468140;2100.747314;2.007568;0.000000;0.000000;0.000000;0.000000;2.000000;-44.502121;-859.919128;2068.128662;2.074713;0.000000;0.000000;0.000000;0.000000;2.000000;-105.790604;-867.505188;1949.841309;2.035526;0.000000;0.000000;0.000000;0.000000;2.000000;9.541565;-850.070984;2071.433594;1.847084;0.000000;0.000000;0.000000;0.000000;2.000000;67.994118;-850.553040;1946.524048;0.547206;0.000000;0.000000;0.000000;0.000000;2.000000;5871666688.000000
0.000000;-150.000000;2000.000000;0.000000;0.000000;0.000000;0.000000;0.000000;2.000000;-8.405991;-334.451172;1964.725220;0.091172;0.000000;0.000000;0.000000;0.000000;2.000000;-13.829643;-480.838074;1931.165283;0.206177;0.000000;0.000000;0.000000;0.000000;2.000000;-20.543541;-709.489624;1929.181030;0.231365;0.000000;0.000000;0.000000;0.000000;2.000000;-53.697601;-670.936340;1920.139404;0.252819;0.000000;0.000000;0.000000;0.000000;2.000000;-191.767746;-622.198181;1884.793945;0.449600;0.000000;0.000000;0.000000;0.000000;2.000000;-245.414307;-336.050262;1879.842896;0.483186;0.000000;0.000000;0.000000;0.000000;2.000000;-286.739532;-108.625656;1959.182617;0.461677;0.000000;0.000000;0.000000;0.000000;2.000000;-332.626434;-57.248558;2033.675781;0.490673;0.000000;0.000000;0.000000;0.000000;2.000000;-317.251434;52.002079;2061.795410;0.680001;0.000000;0.000000;0.000000;0.000000;2.000000;-346.397491;0.281042;2018.667969;0.130341;0.000000;0.000000;0.000000;0.000000;2.000000;15.233063;-672.474915;1936.700439;0.186530;0.000000;0.000000;0.000000;0.000000;2.000000;143.239441;-620.638184;1948.050903;0.087208;0.000000;0.000000;0.000000;0.000000;2.000000;206.472961;-337.410706;2009.736694;0.098119;0.000000;0.000000;0.000000;0.000000;2.000000;227.288483;-115.589882;2117.479004;0.168602;0.000000;0.000000;0.000000;0.000000;2.000000;269.150208;-15.137115;2127.043213;0.171576;0.000000;0.000000;0.000000;0.000000;1.000000;291.032471;-52.440311;2023.826050;0.138442;0.000000;0.000000;0.000000;0.000000;1.000000;321.114960;-67.911278;2055.704102;0.070038;0.000000;0.000000;0.000000;0.000000;1.000000;-93.401428;-141.738449;1979.058228;0.171822;0.000000;0.000000;0.000000;0.000000;2.000000;-50.769855;277.120728;2005.036133;0.160678;0.000000;0.000000;0.000000;0.000000;2.000000;27.899658;669.402100;1955.610229;0.077559;0.000000;0.000000;0.000000;0.000000;2.000000;-82.647720;793.040649;2062.650146;0.417855;0.000000;0.000000;0.000000;0.000000;2.000000;84.224174;-157.449799;2018.884155;0.154935;0.000000;0.000000;0.000000;0.000000;2.000000;77.452187;219.178146;2207.717529;0.658265;0.000000;0.000000;0.000000;0.000000;2.000000;107.064552;601.603882;2070.504639;1.616551;0.000000;0.000000;0.000000;0.000000;2.000000;47.429680;748.395569;2159.270508;1.436556;0.000000;0.000000;0.000000;0.000000;2.000000;-26.336685;-794.376343;1942.181763;0.269995;0.000000;0.000000;0.000000;0.000000;2.000000;-15.499168;-807.728760;2110.620605;0.438072;0.000000;0.000000;0.000000;0.000000;2.000000;-37.862392;-853.806519;2081.380615;0.481768;0.000000;0.000000;0.000000;0.000000;2.000000;-102.814659;-870.412659;1965.846436;0.496906;0.000000;0.000000;0.000000;0.000000;2.000000;15.944862;-842.015442;2082.203125;0.447582;0.000000;0.000000;0.000000;0.000000;2.000000;70.254692;-848.023926;1955.423096;0.286167;0.000000;0.000000;0.000000;0.000000;2.000000;5871699968.000000
0.000000;-150.000000;2000.000000;0.000000;0.000000;0.000000;0.000000;0.000000;2.000000;-8.413841;-335.142273;1967.599365;0.088824;0.000000;0.000000;0.000000;0.000000;2.000000;-14.039055;-482.168030;1936.364746;0.161387;0.000000;0.000000;0.000000;0.000000;2.000000;-17.537315;-711.097229;1935.946777;0.227647;0.000000;0.000000;0.000000;0.000000;2.000000;-51.457287;-673.042664;1927.391357;0.236687;0.000000;0.000000;0.000000;0.000000;2.000000;-189.878876;-626.719421;1889.696533;0.208276;0.000000;0.000000;0.000000;0.000000;2.000000;-249.203186;-341.417664;1893.321411;0.450556;0.000000;0.000000;0.000000;0.000000;2.000000;-293.805450;-112.953766;1968.438965;0.373298;0.000000;0.000000;0.000000;0.000000;2.000000;-335.605286;-56.433491;2041.722412;0.258983;0.000000;0.000000;0.000000;0.000000;2.000000;-317.358978;54.137409;2062.370850;0.066530;0.000000;0.000000;0.000000;0.000000;2.000000;-340.405853;2.548226;2036.907227;0.580877;0.000000;0.000000;0.000000;0.000000;2.000000;17.894836;-673.500427;1942.452148;0.192914;0.000000;0.000000;0.000000;0.000000;2.000000;146.800751;-623.112488;1951.340820;0.163558;0.000000;0.000000;0.000000;0.000000;2.000000;204.174591;-338.265747;2012.530151;0.111692;0.000000;0.000000;0.000000;0.000000;2.000000;223.952850;-117.946404;2123.976318;0.230598;0.000000;0.000000;0.000000;0.000000;2.000000;277.260620;-22.502810;2125.991699;0.330717;0.000000;0.000000;0.000000;0.000000;1.000000;285.894470;-47.147549;2017.070190;0.300562;0.000000;0.000000;0.000000;0.000000;1.000000;312.837463;-68.466904;2055.154785;0.249828;0.000000;0.000000;0.000000;0.000000;1.000000;-94.152672;-142.559036;1981.930786;0.092562;0.000000;0.000000;0.000000;0.000000;2.000000;-44.642784;276.073120;2005.138306;0.186804;0.000000;0.000000;0.000000;0.000000;2.000000;33.541840;668.283386;1951.701294;0.208970;0.000000;0.000000;0.000000;0.000000;2.000000;-72.631996;793.123230;2062.038086;0.301525;0.000000;0.000000;0.000000;0.000000;2.000000;84.901604;-156.709869;2016.293701;0.083471;0.000000;0.000000;0.000000;0.000000;2.000000;65.445564;213.047287;2218.185791;0.512873;0.000000;0.000000;0.000000;0.000000;2.000000;84.332695;600.152893;2091.564941;0.932158;0.000000;0.000000;0.000000;0.000000;2.000000;32.502731;747.406128;2184.681152;0.886033;0.000000;0.000000;0.000000;0.000000;2.000000;-21.836761;-796.043945;1949.610107;0.265735;0.000000;0.000000;0.000000;0.000000;2.000000;-32.562618;-824.140808;2116.380371;0.732145;0.000000;0.000000;0.000000;0.000000;2.000000;-53.679630;-866.081177;2080.612793;0.602044;0.000000;0.000000;0.000000;0.000000;2.000000;-104.785316;-868.672363;1957.101563;0.274385;0.000000;0.000000;0.000000;0.000000;2.000000;0.231125;-857.949585;2088.839355;0.701388;0.000000;0.000000;0.000000;0.000000;2.000000;69.370033;-856.885742;1969.213013;0.493261;0.000000;0.000000;0.000000;0.000000;2.000000;5871733248.000000
0.000000;-150.000000;2000.000000;0.000000;0.000000;0.000000;0.000000;0.000000;2.000000;-13.014252;-333.087067;1970.877930;0.180630;0.000000;0.000000;0.000000;0.000000;2.000000;-21.552788;-477.676666;1937.784668;0.266472;0.000000;0.000000;0.000000;0.000000;2.000000;-22.157269;-703.793213;1942.079468;0.318428;0.000000;0.000000;0.000000;0.000000;2.000000;-56.299774;-666.799500;1933.550049;0.301016;0.000000;0.000000;0.000000;0.000000;2.000000;-193.726913;-622.212097;1897.482056;0.294007;0.000000;0.000000;0.000000;0.000000;2.000000;-253.829895;-340.791626;1905.005127;0.378066;0.000000;0.000000;0.000000;0.000000;2.000000;-295.303986;-116.123238;1983.607788;0.467809;0.000000;0.000000;0.000000;0.000000;2.000000;-335.375427;-53.153160;2050.621094;0.285061;0.000000;0.000000;0.000000;0.000000;2.000000;-319.418213;55.746136;2074.202148;0.364076;0.000000;0.000000;0.000000;0.000000;2.000000;-334.651917;0.276809;2055.454590;0.587493;0.000000;0.000000;0.000000;0.000000;2.000000;12.492836;-666.105652;1947.022095;0.307533;0.000000;0.000000;0.000000;0.000000;2.000000;141.321869;-619.932983;1953.233521;0.198658;0.000000;0.000000;0.000000;0.000000;2.000000;206.142853;-340.881378;2016.161987;0.146916;0.000000;0.000000;0.000000;0.000000;2.000000;218.200500;-129.002533;2137.914063;0.561817;0.000000;0.000000;0.000000;0.000000;2.000000;234.855927;-40.941994;2077.641602;2.010280;0.000000;0.000000;0.000000;0.000000;2.000000;308.305542;-50.370232;1995.439087;0.940916;0.000000;0.000000;0.000000;0.000000;1.000000;299.615479;-74.616455;2058.149902;0.447311;0.000000;0.000000;0.000000;0.000000;1.000000;-93.167130;-140.824280;1983.948364;0.085261;0.000000;0.000000;0.000000;0.000000;2.000000;-42.220993;272.679779;2002.155029;0.154038;0.000000;0.000000;0.000000;0.000000;2.000000;35.394264;659.982849;1949.102539;0.267215;0.000000;0.000000;0.000000;0.000000;2.000000;-64.125626;790.723877;2054.394531;0.351112;0.000000;0.000000;0.000000;0.000000;2.000000;84.012901;-158.274155;2014.474365;0.076883;0.000000;0.000000;0.000000;0.000000;2.000000;43.895897;207.183319;2210.356934;0.711109;0.000000;0.000000;0.000000;0.000000;2.000000;71.209358;600.414917;2127.744629;1.156465;0.000000;0.000000;0.000000;0.000000;1.000000;63.155235;741.197876;2238.889160;1.880498;0.000000;0.000000;0.000000;0.000000;1.000000;-25.068413;-787.449219;1957.377808;0.361390;0.000000;0.000000;0.000000;0.000000;2.000000;-52.840069;-822.905151;2118.594727;0.614044;0.000000;0.000000;0.000000;0.000000;2.000000;-70.659828;-862.123779;2079.301270;0.525376;0.000000;0.000000;0.000000;0.000000;2.000000;-108.483177;-857.708191;1952.852783;0.370384;0.000000;0.000000;0.000000;0.000000;2.000000;-18.389725;-855.626282;2093.155273;0.578580;0.000000;0.000000;0.000000;0.000000;2.000000;61.595802;-850.312683;1982.692261;0.507567;0.000000;0.000000;0.000000;0.000000;2.000000;5871766528.000000
0.000000;-150.000000;2000.000000;0.000000;0.000000;0.000000;0.000000;0.000000;2.000000;-15.382576;-332.719421;1970.996460;0.072104;0.000000;0.000000;0.000000;0.000000;2.000000;-25.925549;-477.081238;1938.203613;0.133202;0.000000;0.000000;0.000000;0.000000;2.000000;-24.302288;-702.768433;1948.224365;0.197978;0.000000;0.000000;0.000000;0.000000;2.000000;-58.883026;-666.358765;1939.284668;0.189454;0.000000;0.000000;0.000000;0.000000;2.000000;-196.992615;-622.416504;1905.782471;0.268091;0.000000;0.000000;0.000000;0.000000;2.000000;-257.347504;-341.396912;1914.377808;0.301362;0.000000;0.000000;0.000000;0.000000;2.000000;-297.351990;-114.003441;1984.669556;0.094138;0.000000;0.000000;0.000000;0.000000;2.000000;-336.311707;-48.860565;2050.081055;0.133010;0.000000;0.000000;0.000000;0.000000;2.000000;-319.171021;60.536274;2069.603027;0.199675;0.000000;0.000000;0.000000;0.000000;2.000000;-330.219177;3.133111;2062.021973;0.253079;0.000000;0.000000;0.000000;0.000000;2.000000;10.017792;-664.691040;1951.684204;0.164202;0.000000;0.000000;0.000000;0.000000;2.000000;138.501312;-617.688660;1954.832520;0.118487;0.000000;0.000000;0.000000;0.000000;2.000000;209.629395;-341.839172;2023.351318;0.241807;0.000000;0.000000;0.000000;0.000000;2.000000;219.393524;-150.074081;2174.559570;1.270692;0.000000;0.000000;0.000000;0.000000;2.000000;205.413208;-53.869976;2127.771484;1.789567;0.000000;0.000000;0.000000;0.000000;2.000000;262.134247;-52.202526;2032.931396;1.788004;0.000000;0.000000;0.000000;0.000000;1.000000;276.719604;-91.247910;2071.379395;0.938658;0.000000;0.000000;0.000000;0.000000;1.000000;-93.098038;-139.753189;1984.822388;0.041592;0.000000;0.000000;0.000000;0.000000;2.000000;-42.489113;273.401611;2001.595337;0.028604;0.000000;0.000000;0.000000;0.000000;2.000000;36.259140;659.611023;1945.536987;0.110809;0.000000;0.000000;0.000000;0.000000;2.000000;-60.451431;795.639160;2046.262207;0.306128;0.000000;0.000000;0.000000;0.000000;2.000000;83.950600;-159.240005;2013.686401;0.037502;0.000000;0.000000;0.000000;0.000000;2.000000;51.711876;203.271667;2215.458740;0.304093;0.000000;0.000000;0.000000;0.000000;2.000000;77.305641;599.236267;2149.044922;0.666672;0.000000;0.000000;0.000000;0.000000;1.000000;70.762779;738.565796;2261.797363;0.729611;0.000000;0.000000;0.000000;0.000000;1.000000;-26.183033;-785.941406;1965.660767;0.255185;0.000000;0.000000;0.000000;0.000000;2.000000;-41.949932;-806.669434;2130.830078;0.692996;0.000000;0.000000;0.000000;0.000000;2.000000;-60.890636;-849.909973;2096.715332;0.703320;0.000000;0.000000;0.000000;0.000000;2.000000;-107.062302;-858.653748;1973.453125;0.621121;0.000000;0.000000;0.000000;0.000000;2.000000;-8.142517;-840.600769;2106.250488;0.673410;0.000000;0.000000;0.000000;0.000000;2.000000;64.058159;-843.475220;1990.635742;0.323506;0.000000;0.000000;0.000000;0.000000;2.000000;5871799808.000000
0.000000;-150.000000;2000.000000;0.000000;0.000000;0.000000;0.000000;0.000000;2.000000;-15.393936;-332.445648;1972.298706;0.039987;0.000000;0.000000;0.000000;0.000000;2.000000;-26.042355;-476.742584;1940.978149;0.084062;0.000000;0.000000;0.000000;0.000000;2.000000;-21.303341;-701.837524;1950.498901;0.116507;0.000000;0.000000;0.000000;0.000000;2.000000;-56.440948;-665.955566;1942.366333;0.118768;0.000000;0.000000;0.000000;0.000000;2.000000;-194.961624;-622.782959;1911.312378;0.177358;0.000000;0.000000;0.000000;0.000000;2.000000;-256.344727;-342.754242;1920.715210;0.197063;0.000000;0.000000;0.000000;0.000000;2.000000;-295.410614;-115.975174;1991.432861;0.219575;0.000000;0.000000;0.000000;0.000000;2.000000;-334.548950;-51.474861;2056.988281;0.228151;0.000000;0.000000;0.000000;0.000000;2.000000;-317.513672;57.606003;2076.739258;0.237093;0.000000;0.000000;0.000000;0.000000;2.000000;-329.024841;2.360440;2065.052734;0.100600;0.000000;0.000000;0.000000;0.000000;2.000000;12.499748;-663.420776;1953.317383;0.097093;0.000000;0.000000;0.000000;0.000000;2.000000;140.329926;-615.548340;1954.070801;0.087630;0.000000;0.000000;0.000000;0.000000;2.000000;209.173508;-342.015137;2030.588379;0.217955;0.000000;0.000000;0.000000;0.000000;2.000000;222.132492;-150.277863;2180.592773;0.199187;0.000000;0.000000;0.000000;0.000000;2.000000;182.919876;-58.269318;2140.868896;0.793205;0.000000;0.000000;0.000000;0.000000;2.000000;223.849747;-66.294800;2038.821899;1.238547;0.000000;0.000000;0.000000;0.000000;1.000000;267.627991;-100.435768;2076.201660;0.414542;0.000000;0.000000;0.000000;0.000000;1.000000;-92.885628;-139.875000;1984.932373;0.008066;0.000000;0.000000;0.000000;0.000000;2.000000;-43.124855;272.476349;1997.430054;0.129625;0.000000;0.000000;0.000000;0.000000;2.000000;39.613380;656.574341;1939.751343;0.220697;0.000000;0.000000;0.000000;0.000000;2.000000;-51.293201;796.592041;2039.460449;0.343975;0.000000;0.000000;0.000000;0.000000;2.000000;83.759064;-159.130173;2013.587036;0.007275;0.000000;0.000000;0.000000;0.000000;2.000000;56.439163;194.911789;2228.534668;0.487497;0.000000;0.000000;0.000000;0.000000;2.000000;82.377090;591.274292;2171.410889;0.729463;0.000000;0.000000;0.000000;0.000000;1.000000;78.538162;729.261597;2285.215332;0.792396;0.000000;0.000000;0.000000;0.000000;1.000000;-21.745701;-784.847412;1967.764526;0.151177;0.000000;0.000000;0.000000;0.000000;2.000000;-59.363571;-812.287598;2127.921875;0.556706;0.000000;0.000000;0.000000;0.000000;2.000000;-76.341286;-852.402100;2089.479248;0.518096;0.000000;0.000000;0.000000;0.000000;2.000000;-106.931984;-852.178589;1961.500854;0.408479;0.000000;0.000000;0.000000;0.000000;2.000000;-24.890327;-847.076538;2105.895508;0.539654;0.000000;0.000000;0.000000;0.000000;2.000000;60.820740;-849.180298;2000.331909;0.351761;0.000000;0.000000;0.000000;0.000000;2.000000;5871833088.000000
0.000000;-150.000000;2000.000000;0.000000;0.000000;0.000000;0.000000;0.000000;2.000000;-14.618084;-331.158508;1971.674194;0.048162;0.000000;0.000000;0.000000;0.000000;2.000000;-25.014626;-474.822876;1942.063110;0.071994;0.000000;0.000000;0.000000;0.000000;2.000000;-21.617424;-698.438965;1951.520142;0.105426;0.000000;0.000000;0.000000;0.000000;2.000000;-56.176872;-662.618652;1942.778564;0.099806;0.000000;0.000000;0.000000;0.000000;2.000000;-192.296692;-618.069458;1907.993408;0.187942;0.000000;0.000000;0.000000;0.000000;2.000000;-258.347931;-341.252197;1921.670410;0.079303;0.000000;0.000000;0.000000;0.000000;2.000000;-297.835632;-115.863647;1991.135864;0.072375;0.000000;0.000000;0.000000;0.000000;2.000000;-324.028839;-46.928871;2057.608154;0.339639;0.000000;0.000000;0.000000;0.000000;2.000000;-310.876770;62.990944;2070.106934;0.320141;0.000000;0.000000;0.000000;0.000000;2.000000;-324.280640;3.588643;2061.332520;0.182076;0.000000;0.000000;0.000000;0.000000;2.000000;12.090790;-660.449158;1954.987793;0.101603;0.000000;0.000000;0.000000;0.000000;2.000000;139.665680;-614.666992;1958.674072;0.140084;0.000000;0.000000;0.000000;0.000000;2.000000;206.486877;-343.383972;2037.532715;0.224038;0.000000;0.000000;0.000000;0.000000;2.000000;222.537720;-139.368744;2167.000000;0.515914;0.000000;0.000000;0.000000;0.000000;2.000000;169.979919;-106.374557;2254.041016;3.659170;0.000000;0.000000;0.000000;0.000000;2.000000;216.059052;-35.697025;2184.234863;4.403450;0.000000;0.000000;0.000000;0.000000;2.000000;167.327728;-20.517002;2103.694336;3.881398;0.000000;0.000000;0.000000;0.000000;1.000000;-92.211357;-140.146698;1984.570313;0.024033;0.000000;0.000000;0.000000;0.000000;2.000000;-38.657291;269.065063;1991.355957;0.244907;0.000000;0.000000;0.000000;0.000000;2.000000;44.316917;649.847778;1930.322021;0.369948;0.000000;0.000000;0.000000;0.000000;2.000000;-51.150990;790.282532;2022.363892;0.539306;0.000000;0.000000;0.000000;0.000000;2.000000;83.151039;-158.885162;2013.913574;0.021673;0.000000;0.000000;0.000000;0.000000;2.000000;29.429741;198.046204;2213.202148;0.923760;0.000000;0.000000;0.000000;0.000000;2.000000;-26.649929;592.584595;2222.728516;3.566161;0.000000;0.000000;0.000000;0.000000;2.000000;-71.156059;699.619324;2357.426270;4.995966;0.000000;0.000000;0.000000;0.000000;2.000000;-22.805389;-780.896606;1968.625610;0.123701;0.000000;0.000000;0.000000;0.000000;2.000000;-61.022697;-810.448242;2127.100830;0.077226;0.000000;0.000000;0.000000;0.000000;2.000000;-77.725609;-849.713135;2088.247070;0.096643;0.000000;0.000000;0.000000;0.000000;2.000000;-107.451599;-847.594727;1960.984497;0.137371;0.000000;0.000000;0.000000;0.000000;2.000000;-26.698563;-844.714478;2104.894043;0.092885;0.000000;0.000000;0.000000;0.000000;2.000000;58.981499;-845.350403;2000.458008;0.125784;0.000000;0.000000;0.000000;0.000000;2.000000;5871866880.000000
0.000000;-150.000000;2000.000000;0.000000;0.000000;0.000000;0.000000;0.000000;2.000000;-9.756737;-331.290039;1970.705933;0.148996;0.000000;0.000000;0.000000;0.000000;2.000000;-16.148674;-475.098633;1940.822998;0.269126;0.000000;0.000000;0.000000;0.000000;2.000000;-13.274666;-698.596436;1951.928955;0.251029;0.000000;0.000000;0.000000;0.000000;2.000000;-47.535786;-662.811646;1942.011475;0.260734;0.000000;0.000000;0.000000;0.000000;2.000000;-182.718628;-618.887695;1903.154297;0.323385;0.000000;0.000000;0.000000;0.000000;2.000000;-251.502716;-342.820801;1917.204834;0.250066;0.000000;0.000000;0.000000;0.000000;2.000000;-289.813934;-119.353577;1993.059814;0.269142;0.000000;0.000000;0.000000;0.000000;2.000000;-312.596069;-51.156528;2061.488037;0.384374;0.000000;0.000000;0.000000;0.000000;2.000000;-295.872681;58.331436;2073.267578;0.481542;0.000000;0.000000;0.000000;0.000000;2.000000;-318.671021;-0.698321;2059.344238;0.220396;0.000000;0.000000;0.000000;0.000000;2.000000;20.365730;-660.625488;1956.036987;0.250693;0.000000;0.000000;0.000000;0.000000;2.000000;146.867950;-612.306335;1962.300171;0.252465;0.000000;0.000000;0.000000;0.000000;2.000000;211.913101;-344.204285;2052.473633;0.478272;0.000000;0.000000;0.000000;0.000000;2.000000;242.910202;-129.446152;2159.868652;0.713825;0.000000;0.000000;0.000000;0.000000;2.000000;194.827225;-102.872902;2251.541504;0.757723;0.000000;0.000000;0.000000;0.000000;2.000000;231.561874;-1.637683;2271.244141;2.846013;0.000000;0.000000;0.000000;0.000000;0.000000;165.013672;-9.852194;2118.272461;0.547184;0.000000;0.000000;0.000000;0.000000;2.000000;-91.785362;-142.052582;1981.386719;0.112225;0.000000;0.000000;0.000000;0.000000;2.000000;-34.078686;266.557434;1982.066406;0.320188;0.000000;0.000000;0.000000;0.000000;2.000000;47.714279;647.774658;1922.741699;0.257260;0.000000;0.000000;0.000000;0.000000;2.000000;-37.717987;792.104919;2018.456177;0.423920;0.000000;0.000000;0.000000;0.000000;2.000000;82.766907;-157.166550;2016.784424;0.101200;0.000000;0.000000;0.000000;0.000000;2.000000;17.666756;195.733475;2219.638672;0.408859;0.000000;0.000000;0.000000;0.000000;2.000000;-40.275452;582.194458;2297.845703;2.315107;0.000000;0.000000;0.000000;0.000000;2.000000;-90.763809;698.285767;2422.507324;2.042780;0.000000;0.000000;0.000000;0.000000;2.000000;-15.020840;-780.912476;1969.568359;0.235620;0.000000;0.000000;0.000000;0.000000;2.000000;-64.462776;-814.651794;2124.013184;0.187741;0.000000;0.000000;0.000000;0.000000;2.000000;-78.608971;-852.657593;2082.973145;0.183427;0.000000;0.000000;0.000000;0.000000;2.000000;-99.280350;-846.694397;1954.079834;0.322586;0.000000;0.000000;0.000000;0.000000;2.000000;-28.864414;-848.530212;2103.295898;0.140311;0.000000;0.000000;0.000000;0.000000;2.000000;63.932999;-846.861572;2005.183228;0.210613;0.000000;0.000000;0.000000;0.000000;2.000000;5871900160.000000
0.000000;-150.000000;2000.000000;0.000000;0.000000;0.000000;0.000000;0.000000;2.000000;-11.425316;-330.102722;1970.466797;0.061953;0.000000;0.000000;0.000000;0.000000;2.000000;-18.310959;-472.559998;1938.363892;0.124500;0.000000;0.000000;0.000000;0.000000;2.000000;-5.883648;-694.431152;1950.168701;0.260354;0.000000;0.000000;0.000000;0.000000;2.000000;-41.112457;-660.432007;1938.896606;0.226109;0.000000;0.000000;0.000000;0.000000;2.000000;-176.762177;-620.950562;1900.035645;0.211323;0.000000;0.000000;0.000000;0.000000;2.000000;-248.536453;-347.460999;1916.844849;0.165836;0.000000;0.000000;0.000000;0.000000;2.000000;-282.209534;-125.161751;1994.089478;0.289184;0.000000;0.000000;0.000000;0.000000;2.000000;-302.785492;-58.073559;2063.497559;0.365712;0.000000;0.000000;0.000000;0.000000;2.000000;-289.077026;51.597260;2070.649658;0.298042;0.000000;0.000000;0.000000;0.000000;2.000000;-302.767029;-6.789150;2067.121826;0.562570;0.000000;0.000000;0.000000;0.000000;2.000000;25.651695;-655.199341;1955.426880;0.228359;0.000000;0.000000;0.000000;0.000000;2.000000;147.269577;-599.308105;1971.418457;0.477243;0.000000;0.000000;0.000000;0.000000;2.000000;213.457458;-333.726318;2062.963623;0.447921;0.000000;0.000000;0.000000;0.000000;2.000000;250.147308;-117.288490;2161.786621;0.429028;0.000000;0.000000;0.000000;0.000000;2.000000;243.526184;-53.639565;2246.632324;2.086040;0.000000;0.000000;0.000000;0.000000;0.000000;237.042175;50.943501;2276.161133;1.595378;0.000000;0.000000;0.000000;0.000000;0.000000;229.134064;-14.639946;2241.434570;4.174764;0.000000;0.000000;0.000000;0.000000;2.000000;-90.296135;-140.628021;1977.779175;0.124841;0.000000;0.000000;0.000000;0.000000;2.000000;-32.350731;265.602478;1977.854492;0.139774;0.000000;0.000000;0.000000;0.000000;2.000000;58.389030;640.698853;1908.147583;0.583432;0.000000;0.000000;0.000000;0.000000;2.000000;-27.422756;785.485229;2000.590698;0.650725;0.000000;0.000000;0.000000;0.000000;2.000000;81.423996;-158.451096;2020.037476;0.112573;0.000000;0.000000;0.000000;0.000000;2.000000;10.943565;206.466904;2192.913086;0.888664;0.000000;0.000000;0.000000;0.000000;2.000000;-45.710369;574.238037;2329.211914;0.985963;0.000000;0.000000;0.000000;0.000000;2.000000;-104.608757;662.289673;2470.599121;1.852342;0.000000;0.000000;0.000000;0.000000;2.000000;-4.610783;-776.257324;1967.871826;0.346424;0.000000;0.000000;0.000000;0.000000;2.000000;-78.959282;-833.001099;2103.446289;0.935766;0.000000;0.000000;0.000000;0.000000;2.000000;-84.086220;-864.413086;2055.712891;0.907090;0.000000;0.000000;0.000000;0.000000;2.000000;-81.748177;-839.588013;1928.187012;0.963563;0.000000;0.000000;0.000000;0.000000;2.000000;-39.195477;-862.810913;2084.939941;0.764669;0.000000;0.000000;0.000000;0.000000;2.000000;68.816246;-845.488037;2007.037109;0.162286;0.000000;0.000000;0.000000;0.000000;2.000000;5871933440.000000
0.000000;-150.000000;2000.000000;0.000000;0.000000;0.000000;0.000000;0.000000;2.000000;-6.613308;-332.102356;1971.653320;0.160587;0.000000;0.000000;0.000000;0.000000;2.000000;-9.223145;-475.927795;1939.356812;0.292743;0.000000;0.000000;0.000000;0.000000;2.000000;0.364502;-699.855774;1950.640015;0.249033;0.000000;0.000000;0.000000;0.000000;2.000000;-34.523636;-665.096558;1938.739380;0.242619;0.000000;0.000000;0.000000;0.000000;2.000000;-172.128998;-631.464661;1896.683716;0.359634;0.000000;0.000000;0.000000;0.000000;2.000000;-240.513977;-354.331635;1907.459839;0.424566;0.000000;0.000000;0.000000;0.000000;2.000000;-272.112274;-128.658249;1981.971680;0.485461;0.000000;0.000000;0.000000;0.000000;2.000000;-288.853394;-64.445297;2056.159424;0.510420;0.000000;0.000000;0.000000;0.000000;2.000000;-272.891266;44.605236;2074.287109;0.540947;0.000000;0.000000;0.000000;0.000000;2.000000;-293.255798;-11.123191;2054.894531;0.483348;0.000000;0.000000;0.000000;0.000000;2.000000;32.539917;-660.702454;1956.689087;0.267622;0.000000;0.000000;0.000000;0.000000;2.000000;157.660660;-610.943237;1975.353760;0.483426;0.000000;0.000000;0.000000;0.000000;2.000000;227.120789;-341.854340;2061.831299;0.478919;0.000000;0.000000;0.000000;0.000000;2.000000;277.995392;-119.026970;2143.703857;0.999081;0.000000;0.000000;0.000000;0.000000;2.000000;260.275269;-47.700542;2221.706543;0.919834;0.000000;0.000000;0.000000;0.000000;2.000000;256.649261;58.934769;2247.571533;1.068995;0.000000;0.000000;0.000000;0.000000;0.000000;241.376923;-10.912310;2214.012695;0.909292;0.000000;0.000000;0.000000;0.000000;2.000000;-90.881760;-142.968002;1976.028564;0.089557;0.000000;0.000000;0.000000;0.000000;2.000000;-20.130030;264.586212;1964.247559;0.550403;0.000000;0.000000;0.000000;0.000000;2.000000;76.985397;640.875061;1890.890503;0.762335;0.000000;0.000000;0.000000;0.000000;2.000000;-25.298986;779.226440;1979.752686;0.656883;0.000000;0.000000;0.000000;0.000000;2.000000;81.952080;-156.341049;2021.616211;0.080759;0.000000;0.000000;0.000000;0.000000;2.000000;12.874882;209.478394;2201.285400;0.273577;0.000000;0.000000;0.000000;0.000000;2.000000;-43.064724;578.703613;2343.613770;0.459995;0.000000;0.000000;0.000000;0.000000;2.000000;-109.140045;671.566895;2480.558594;0.431052;0.000000;0.000000;0.000000;0.000000;2.000000;0.309902;-782.447998;1968.198730;0.237825;0.000000;0.000000;0.000000;0.000000;2.000000;-77.658463;-838.387878;2103.775879;0.166809;0.000000;0.000000;0.000000;0.000000;2.000000;-79.991753;-871.562317;2056.431641;0.248497;0.000000;0.000000;0.000000;0.000000;2.000000;-73.767235;-850.072693;1927.314209;0.396800;0.000000;0.000000;0.000000;0.000000;2.000000;-35.911385;-867.551147;2087.442139;0.188888;0.000000;0.000000;0.000000;0.000000;2.000000;75.170715;-848.518799;2012.336914;0.264786;0.000000;0.000000;0.000000;0.000000;2.000000;5871966720.000000
0.000000;-150.000000;2000.000000;0.000000;0.000000;0.000000;0.000000;0.000000;2.000000;-4.811729;-336.435608;1975.883545;0.189845;0.000000;0.000000;0.000000;0.000000;2.000000;-6.643705;-484.200317;1948.251465;0.373132;0.000000;0.000000;0.000000;0.000000;2.000000;-2.670898;-712.271057;1966.601563;0.614425;0.000000;0.000000;0.000000;0.000000;2.000000;-37.264141;-676.331543;1953.151489;0.555235;0.000000;0.000000;0.000000;0.000000;2.000000;-174.444275;-635.724609;1905.851196;0.311618;0.000000;0.000000;0.000000;0.000000;2.000000;-235.284790;-350.868896;1906.691040;0.189865;0.000000;0.000000;0.000000;0.000000;2.000000;-261.645416;-122.452400;1989.752441;0.433992;0.000000;0.000000;0.000000;0.000000;2.000000;-273.456085;-65.996117;2073.270020;0.693228;0.000000;0.000000;0.000000;0.000000;2.000000;-251.091965;44.441849;2089.870605;0.805200;0.000000;0.000000;0.000000;0.000000;2.000000;-269.735626;-7.879753;2078.145996;0.998550;0.000000;0.000000;0.000000;0.000000;2.000000;31.086458;-673.006897;1971.829956;0.587867;0.000000;0.000000;0.000000;0.000000;2.000000;158.923859;-622.350525;1989.353027;0.543946;0.000000;0.000000;0.000000;0.000000;2.000000;233.950668;-346.398376;2068.770752;0.322862;0.000000;0.000000;0.000000;0.000000;2.000000;292.385010;-116.895950;2140.916260;0.445050;0.000000;0.000000;0.000000;0.000000;2.000000;295.012390;-28.549488;2205.191895;1.291076;0.000000;0.000000;0.000000;0.000000;2.000000;273.611053;80.789810;2216.154053;1.257864;0.000000;0.000000;0.000000;0.000000;0.000000;254.718338;2.828706;2202.824951;0.666481;0.000000;0.000000;0.000000;0.000000;2.000000;-93.472725;-144.774475;1978.253174;0.116086;0.000000;0.000000;0.000000;0.000000;2.000000;-17.686626;270.334778;1975.812622;0.394954;0.000000;0.000000;0.000000;0.000000;2.000000;86.237778;648.526917;1881.974731;0.449365;0.000000;0.000000;0.000000;0.000000;2.000000;-7.973118;790.046814;1982.421875;0.619013;0.000000;0.000000;0.000000;0.000000;2.000000;84.288467;-154.712067;2019.610107;0.104681;0.000000;0.000000;0.000000;0.000000;2.000000;2.531912;201.618149;2229.435547;0.931583;0.000000;0.000000;0.000000;0.000000;2.000000;-50.471996;582.585266;2364.081299;0.664365;0.000000;0.000000;0.000000;0.000000;2.000000;-114.674927;673.416809;2507.730957;0.835096;0.000000;0.000000;0.000000;0.000000;2.000000;-4.959019;-795.892456;1986.996826;0.712262;0.000000;0.000000;0.000000;0.000000;2.000000;-33.536324;-806.235535;2153.624023;2.221399;0.000000;0.000000;0.000000;0.000000;2.000000;-49.423676;-852.532715;2120.685547;2.213199;0.000000;0.000000;0.000000;0.000000;2.000000;-86.286469;-870.343994;1993.486450;2.113305;0.000000;0.000000;0.000000;0.000000;2.000000;2.974573;-841.530701;2133.743896;1.977938;0.000000;0.000000;0.000000;0.000000;2.000000;84.973114;-850.740417;2023.000122;0.440311;0.000000;0.000000;0.000000;0.000000;2.000000;5872000000.000000
0.000000;-150.000000;2000.000000;0.000000;0.000000;0.000000;0.000000;0.000000;2.000000;-4.357416;-333.075806;1973.039185;0.132978;0.000000;0.000000;0.000000;0.000000;2.000000;-5.822689;-478.285034;1944.576416;0.210702;0.000000;0.000000;0.000000;0.000000;2.000000;0.537991;-703.094849;1957.196777;0.406427;0.000000;0.000000;0.000000;0.000000;2.000000;-33.735321;-667.806091;1944.303833;0.384118;0.000000;0.000000;0.000000;0.000000;2.000000;-169.011002;-627.997314;1898.326782;0.362884;0.000000;0.000000;0.000000;0.000000;2.000000;-230.646149;-347.989929;1899.678467;0.267042;0.000000;0.000000;0.000000;0.000000;2.000000;-258.721832;-126.026886;1988.292603;0.145525;0.000000;0.000000;0.000000;0.000000;2.000000;-270.547974;-64.007233;2065.720703;0.250329;0.000000;0.000000;0.000000;0.000000;2.000000;-246.659546;44.596424;2079.975586;0.325827;0.000000;0.000000;0.000000;0.000000;2.000000;-261.794098;-12.254462;2075.588379;0.283070;0.000000;0.000000;0.000000;0.000000;2.000000;33.212852;-664.196960;1963.799438;0.363850;0.000000;0.000000;0.000000;0.000000;2.000000;156.108063;-609.308350;1986.196045;0.411991;0.000000;0.000000;0.000000;0.000000;2.000000;228.183044;-337.250031;2064.517090;0.349194;0.000000;0.000000;0.000000;0.000000;2.000000;288.567932;-110.268845;2129.454590;0.414030;0.000000;0.000000;0.000000;0.000000;2.000000;297.741333;-18.287712;2184.473145;0.699558;0.000000;0.000000;0.000000;0.000000;2.000000;291.418549;90.906746;2171.061768;1.488145;0.000000;0.000000;0.000000;0.000000;2.000000;263.710663;21.620842;2165.960938;1.272337;0.000000;0.000000;0.000000;0.000000;2.000000;-90.891541;-144.071945;1974.435791;0.140066;0.000000;0.000000;0.000000;0.000000;2.000000;-16.820129;264.430084;1961.637573;0.462143;0.000000;0.000000;0.000000;0.000000;2.000000;90.776413;633.977966;1864.520874;0.696252;0.000000;0.000000;0.000000;0.000000;2.000000;-2.171200;779.709229;1953.419678;0.941448;0.000000;0.000000;0.000000;0.000000;2.000000;81.960892;-155.345596;2023.052246;0.126299;0.000000;0.000000;0.000000;0.000000;2.000000;-7.597689;193.272675;2229.444580;0.394370;0.000000;0.000000;0.000000;0.000000;2.000000;-62.114204;570.582886;2354.232422;0.583117;0.000000;0.000000;0.000000;0.000000;2.000000;-130.301239;667.303162;2488.307617;0.771261;0.000000;0.000000;0.000000;0.000000;2.000000;-1.018774;-785.895691;1975.214478;0.479156;0.000000;0.000000;0.000000;0.000000;2.000000;-70.953850;-857.775818;2108.398193;2.347185;0.000000;0.000000;0.000000;0.000000;2.000000;-71.074844;-888.062012;2058.848145;2.239533;0.000000;0.000000;0.000000;0.000000;2.000000;-69.427994;-857.812805;1930.854492;1.984993;0.000000;0.000000;0.000000;0.000000;1.000000;-26.806190;-881.817871;2089.571533;2.006966;0.000000;0.000000;0.000000;0.000000;2.000000;80.893860;-847.421204;2014.094116;0.310783;0.000000;0.000000;0.000000;0.000000;2.000000;5872033280.000000
0.000000;-150.000000;2000.000000;0.000000;0.000000;0.000000;0.000000;0.000000;2.000000;-7.152454;-330.356262;1969.313599;0.162060;0.000000;0.000000;0.000000;0.000000;2.000000;-10.025360;-473.007202;1936.654907;0.312656;0.000000;0.000000;0.000000;0.000000;2.000000;-1.933016;-695.443237;1946.553833;0.400807;0.000000;0.000000;0.000000;0.000000;2.000000;-35.762405;-660.700867;1933.183838;0.401170;0.000000;0.000000;0.000000;0.000000;2.000000;-170.434418;-626.636292;1886.012085;0.374735;0.000000;0.000000;0.000000;0.000000;2.000000;-228.768631;-349.114380;1888.196899;0.351210;0.000000;0.000000;0.000000;0.000000;2.000000;-255.377350;-128.530930;1973.579468;0.459581;0.000000;0.000000;0.000000;0.000000;2.000000;-265.650665;-69.539291;2052.191406;0.463198;0.000000;0.000000;0.000000;0.000000;2.000000;-246.451492;38.450981;2068.505371;0.391059;0.000000;0.000000;0.000000;0.000000;2.000000;-260.334778;-16.408617;2059.851074;0.491035;0.000000;0.000000;0.000000;0.000000;2.000000;29.786259;-656.750793;1954.571655;0.370870;0.000000;0.000000;0.000000;0.000000;2.000000;151.152496;-605.539124;1983.937012;0.199017;0.000000;0.000000;0.000000;0.000000;2.000000;224.343231;-335.507996;2056.216309;0.279757;0.000000;0.000000;0.000000;0.000000;2.000000;285.940979;-110.190460;2115.684082;0.421246;0.000000;0.000000;0.000000;0.000000;2.000000;291.014862;-15.434208;2163.817383;0.658354;0.000000;0.000000;0.000000;0.000000;2.000000;296.312592;90.083435;2137.013184;1.033905;0.000000;0.000000;0.000000;0.000000;2.000000;264.271362;25.364635;2133.013184;0.996530;0.000000;0.000000;0.000000;0.000000;2.000000;-88.442459;-141.497498;1970.641724;0.156194;0.000000;0.000000;0.000000;0.000000;2.000000;-19.172819;262.853027;1948.429810;0.405891;0.000000;0.000000;0.000000;0.000000;2.000000;94.339294;624.497070;1845.993896;0.634456;0.000000;0.000000;0.000000;0.000000;2.000000;-1.351566;771.080566;1925.485107;0.878857;0.000000;0.000000;0.000000;0.000000;2.000000;79.752457;-157.667099;2026.473633;0.140850;0.000000;0.000000;0.000000;0.000000;2.000000;-11.734048;193.951019;2217.321289;0.385441;0.000000;0.000000;0.000000;0.000000;2.000000;-65.573006;568.456238;2336.788086;0.538180;0.000000;0.000000;0.000000;0.000000;2.000000;-150.178467;668.557495;2455.573730;1.151349;0.000000;0.000000;0.000000;0.000000;2.000000;-3.219398;-777.575256;1963.295654;0.441748;0.000000;0.000000;0.000000;0.000000;2.000000;-87.946991;-840.542236;2089.986328;0.913758;0.000000;0.000000;0.000000;0.000000;2.000000;-84.510773;-872.444946;2042.342773;0.793203;0.000000;0.000000;0.000000;0.000000;2.000000;-69.182220;-847.793945;1915.523560;0.550360;0.000000;0.000000;0.000000;0.000000;1.000000;-43.702293;-866.717712;2076.705811;0.782993;0.000000;0.000000;0.000000;0.000000;2.000000;70.989624;-839.873535;2011.863403;0.380126;0.000000;0.000000;0.000000;0.000000;2.000000;5872066560.000000
0.000000;-150.000000;2000.000000;0.000000;0.000000;0.000000;0.000000;0.000000;2.000000;-8.647721;-330.514069;1969.200073;0.045308;0.000000;0.000000;0.000000;0.000000;2.000000;-12.076155;-473.042053;1935.227539;0.075086;0.000000;0.000000;0.000000;0.000000;2.000000;-4.470416;-695.686523;1947.164063;0.078758;0.000000;0.000000;0.000000;0.000000;2.000000;-38.130733;-660.961426;1933.093262;0.071645;0.000000;0.000000;0.000000;0.000000;2.000000;-173.060669;-628.855957;1884.704468;0.110543;0.000000;0.000000;0.000000;0.000000;2.000000;-227.247238;-350.221588;1876.777100;0.347770;0.000000;0.000000;0.000000;0.000000;2.000000;-246.847855;-129.116333;1963.561401;0.395742;0.000000;0.000000;0.000000;0.000000;2.000000;-263.673157;-70.578094;2041.542847;0.326933;0.000000;0.000000;0.000000;0.000000;2.000000;-240.636459;37.436836;2052.981445;0.499047;0.000000;0.000000;0.000000;0.000000;2.000000;-257.491425;-17.570198;2050.696533;0.290146;0.000000;0.000000;0.000000;0.000000;2.000000;27.264648;-656.927124;1955.213501;0.078365;0.000000;0.000000;0.000000;0.000000;2.000000;148.550201;-606.053711;1986.262085;0.105992;0.000000;0.000000;0.000000;0.000000;2.000000;224.153549;-334.250977;2050.476318;0.176655;0.000000;0.000000;0.000000;0.000000;2.000000;287.637726;-107.498245;2103.423340;0.380619;0.000000;0.000000;0.000000;0.000000;2.000000;293.785126;-6.553136;2136.937012;0.854709;0.000000;0.000000;0.000000;0.000000;2.000000;306.119202;95.404518;2100.004395;1.161479;0.000000;0.000000;0.000000;0.000000;2.000000;266.159454;30.085907;2100.926758;0.976167;0.000000;0.000000;0.000000;0.000000;2.000000;-87.922691;-140.505280;1969.038818;0.058759;0.000000;0.000000;0.000000;0.000000;2.000000;-18.962212;264.108917;1941.403564;0.214565;0.000000;0.000000;0.000000;0.000000;2.000000;97.519806;623.273682;1831.859619;0.436877;0.000000;0.000000;0.000000;0.000000;2.000000;7.573561;774.432983;1910.086304;0.544210;0.000000;0.000000;0.000000;0.000000;2.000000;79.283760;-158.561829;2027.919067;0.052986;0.000000;0.000000;0.000000;0.000000;2.000000;-21.625748;186.318283;2227.275391;0.480007;0.000000;0.000000;0.000000;0.000000;2.000000;-64.905319;568.490967;2326.810059;0.300493;0.000000;0.000000;0.000000;0.000000;2.000000;-154.198868;680.821777;2430.630371;0.843890;0.000000;0.000000;0.000000;0.000000;2.000000;-6.089478;-777.774536;1964.625732;0.095240;0.000000;0.000000;0.000000;0.000000;2.000000;-80.605087;-834.365723;2100.677246;0.431636;0.000000;0.000000;0.000000;0.000000;2.000000;-81.581711;-868.261230;2054.220215;0.388489;0.000000;0.000000;0.000000;0.000000;2.000000;-76.753494;-848.966187;1925.478760;0.377465;0.000000;0.000000;0.000000;0.000000;2.000000;-37.891174;-861.751465;2084.801758;0.334570;0.000000;0.000000;0.000000;0.000000;2.000000;71.344223;-839.240723;2009.386108;0.077564;0.000000;0.000000;0.000000;0.000000;2.000000;5872099840.000000
0.000000;-150.000000;2000.000000;0.000000;0.000000;0.000000;0.000000;0.000000;2.000000;-8.530910;-330.729401;1970.203735;0.031043;0.000000;0.000000;0.000000;0.000000;2.000000;-12.338537;-473.463867;1937.006714;0.055506;0.000000;0.000000;0.000000;0.000000;2.000000;-5.577891;-696.095154;1950.522949;0.106980;0.000000;0.000000;0.000000;0.000000;2.000000;-39.278225;-661.312927;1936.650391;0.112804;0.000000;0.000000;0.000000;0.000000;2.000000;-171.748230;-625.546326;1884.111084;0.108458;0.000000;0.000000;0.000000;0.000000;2.000000;-217.201996;-345.464478;1871.456665;0.370267;0.000000;0.000000;0.000000;0.000000;2.000000;-241.108871;-123.551964;1955.193359;0.347731;0.000000;0.000000;0.000000;0.000000;2.000000;-250.431976;-63.087105;2032.990234;0.524415;0.000000;0.000000;0.000000;0.000000;2.000000;-226.708694;43.995644;2050.447266;0.468810;0.000000;0.000000;0.000000;0.000000;2.000000;-248.893158;-12.751053;2040.686768;0.422119;0.000000;0.000000;0.000000;0.000000;2.000000;26.447538;-657.415466;1957.844604;0.084075;0.000000;0.000000;0.000000;0.000000;2.000000;145.497849;-599.662476;1985.449829;0.214217;0.000000;0.000000;0.000000;0.000000;2.000000;224.335007;-328.105499;2047.052246;0.211458;0.000000;0.000000;0.000000;0.000000;2.000000;290.629517;-101.555542;2097.614746;0.265388;0.000000;0.000000;0.000000;0.000000;2.000000;296.130859;1.658057;2123.549805;0.477134;0.000000;0.000000;0.000000;0.000000;2.000000;313.819427;99.889488;2079.339355;0.676217;0.000000;0.000000;0.000000;0.000000;2.000000;274.925903;35.226067;2084.687256;0.575633;0.000000;0.000000;0.000000;0.000000;2.000000;-89.302261;-141.321564;1972.928955;0.126426;0.000000;0.000000;0.000000;0.000000;2.000000;-18.728983;262.709198;1939.977661;0.060447;0.000000;0.000000;0.000000;0.000000;2.000000;106.555382;614.630005;1817.129395;0.580585;0.000000;0.000000;0.000000;0.000000;2.000000;16.241211;769.712769;1886.900879;0.757171;0.000000;0.000000;0.000000;0.000000;2.000000;80.527763;-157.825714;2024.411255;0.114001;0.000000;0.000000;0.000000;0.000000;2.000000;52.068024;217.346313;2189.877441;2.652433;0.000000;0.000000;0.000000;0.000000;1.000000;45.926811;613.208313;2223.968262;4.737681;0.000000;0.000000;0.000000;0.000000;1.000000;21.534473;711.525146;2369.305664;5.668314;0.000000;0.000000;0.000000;0.000000;1.000000;-7.329334;-778.059753;1968.628906;0.126216;0.000000;0.000000;0.000000;0.000000;2.000000;-42.793129;-795.817322;2128.954590;1.831536;0.000000;0.000000;0.000000;0.000000;2.000000;-53.527199;-840.691040;2094.593018;1.693692;0.000000;0.000000;0.000000;0.000000;2.000000;-81.774223;-855.887512;1968.304810;1.312239;0.000000;0.000000;0.000000;0.000000;2.000000;-3.998649;-827.099365;2110.402832;1.647141;0.000000;0.000000;0.000000;0.000000;2.000000;81.843918;-826.903870;2006.644775;0.493700;0.000000;0.000000;0.000000;0.000000;2.000000;5872133120.000000
0.000000;-150.000000;2000.000000;0.000000;0.000000;0.000000;0.000000;0.000000;2.000000;-7.725986;-330.749268;1969.564941;0.030415;0.000000;0.000000;0.000000;0.000000;2.000000;-10.845747;-473.555847;1936.292969;0.049041;0.000000;0.000000;0.000000;0.000000;2.000000;-1.746767;-696.333740;1947.628784;0.142263;0.000000;0.000000;0.000000;0.000000;2.000000;-35.374794;-661.797363;1932.904419;0.160740;0.000000;0.000000;0.000000;0.000000;2.000000;-166.665588;-626.304077;1877.120972;0.256741;0.000000;0.000000;0.000000;0.000000;2.000000;-212.770233;-346.152466;1865.307007;0.225240;0.000000;0.000000;0.000000;0.000000;2.000000;-242.622681;-122.919098;1943.787842;0.340996;0.000000;0.000000;0.000000;0.000000;2.000000;-251.477158;-62.951462;2022.083862;0.324254;0.000000;0.000000;0.000000;0.000000;2.000000;-221.863739;42.680176;2039.724487;0.350374;0.000000;0.000000;0.000000;0.000000;2.000000;-243.795074;-9.840202;2028.245728;0.407095;0.000000;0.000000;0.000000;0.000000;2.000000;29.510912;-657.329346;1956.542847;0.098532;0.000000;0.000000;0.000000;0.000000;2.000000;145.430939;-596.558228;1990.565552;0.177091;0.000000;0.000000;0.000000;0.000000;2.000000;225.477921;-323.891663;2046.062134;0.132485;0.000000;0.000000;0.000000;0.000000;2.000000;293.125702;-96.447365;2091.069580;0.256561;0.000000;0.000000;0.000000;0.000000;2.000000;299.432190;6.383154;2118.510986;0.226564;0.000000;0.000000;0.000000;0.000000;0.000000;320.404297;97.086426;2061.401855;0.571510;0.000000;0.000000;0.000000;0.000000;2.000000;286.986847;37.473396;2089.991211;0.395536;0.000000;0.000000;0.000000;0.000000;2.000000;-88.832687;-141.364334;1971.264282;0.051200;0.000000;0.000000;0.000000;0.000000;2.000000;-21.483368;263.409302;1938.194702;0.099283;0.000000;0.000000;0.000000;0.000000;2.000000;114.677155;606.483276;1802.009399;0.562222;0.000000;0.000000;0.000000;0.000000;2.000000;24.587721;766.316101;1860.734253;0.818975;0.000000;0.000000;0.000000;0.000000;2.000000;80.104347;-157.787155;2025.912109;0.046162;0.000000;0.000000;0.000000;0.000000;2.000000;79.309669;229.846741;2163.192871;1.187565;0.000000;0.000000;0.000000;0.000000;1.000000;92.596786;627.158264;2168.340820;2.188087;0.000000;0.000000;0.000000;0.000000;1.000000;73.584229;736.825073;2306.276367;2.532210;0.000000;0.000000;0.000000;0.000000;1.000000;-3.115223;-778.553589;1964.773560;0.169653;0.000000;0.000000;0.000000;0.000000;2.000000;-41.283966;-794.596680;2124.740723;0.137293;0.000000;0.000000;0.000000;0.000000;2.000000;-48.250385;-840.940796;2091.326904;0.183796;0.000000;0.000000;0.000000;0.000000;2.000000;-72.369011;-861.103271;1964.813232;0.334612;0.000000;0.000000;0.000000;0.000000;2.000000;-0.083777;-823.743652;2107.903809;0.169565;0.000000;0.000000;0.000000;0.000000;2.000000;88.120605;-820.523987;2006.110596;0.265322;0.000000;0.000000;0.000000;0.000000;2.000000;5872166912.000000
0.000000;-150.000000;2000.000000;0.000000;0.000000;0.000000;0.000000;0.000000;2.000000;-5.332346;-332.613525;1965.804688;0.145181;0.000000;0.000000;0.000000;0.000000;2.000000;-6.412656;-476.939270;1930.481934;0.242009;0.000000;0.000000;0.000000;0.000000;2.000000;6.766538;-702.477356;1941.295532;0.368417;0.000000;0.000000;0.000000;0.000000;2.000000;-27.655357;-668.061646;1925.860962;0.366095;0.000000;0.000000;0.000000;0.000000;2.000000;-160.949295;-633.773254;1868.968262;0.374013;0.000000;0.000000;0.000000;0.000000;2.000000;-211.726837;-350.761017;1854.504150;0.354299;0.000000;0.000000;0.000000;0.000000;2.000000;-231.051483;-122.932114;1932.650879;0.482573;0.000000;0.000000;0.000000;0.000000;2.000000;-241.514038;-59.108028;2009.337402;0.499655;0.000000;0.000000;0.000000;0.000000;2.000000;-204.426849;47.057476;2014.416870;0.932789;0.000000;0.000000;0.000000;0.000000;2.000000;-227.142746;-6.100099;2017.403198;0.607572;0.000000;0.000000;0.000000;0.000000;2.000000;37.519131;-662.420593;1951.077637;0.329052;0.000000;0.000000;0.000000;0.000000;2.000000;155.276901;-601.830139;1986.194580;0.360378;0.000000;0.000000;0.000000;0.000000;2.000000;225.653870;-322.449707;2041.357422;0.147953;0.000000;0.000000;0.000000;0.000000;2.000000;284.494385;-89.399200;2087.174561;0.354704;0.000000;0.000000;0.000000;0.000000;2.000000;291.525299;12.840939;2121.303223;0.318025;0.000000;0.000000;0.000000;0.000000;0.000000;318.649261;94.195473;2051.379883;0.317825;0.000000;0.000000;0.000000;0.000000;2.000000;284.667816;46.445122;2090.386719;0.278697;0.000000;0.000000;0.000000;0.000000;2.000000;-88.479584;-141.158035;1966.578247;0.141342;0.000000;0.000000;0.000000;0.000000;2.000000;-19.908321;268.756165;1931.694580;0.257295;0.000000;0.000000;0.000000;0.000000;2.000000;126.635216;607.807007;1781.878906;0.704680;0.000000;0.000000;0.000000;0.000000;2.000000;32.826897;773.217834;1825.821777;1.097639;0.000000;0.000000;0.000000;0.000000;2.000000;79.785942;-157.973190;2030.137695;0.127453;0.000000;0.000000;0.000000;0.000000;2.000000;-17.389793;204.364655;2211.362793;3.335264;0.000000;0.000000;0.000000;0.000000;2.000000;-65.886581;594.712158;2298.035645;6.230212;0.000000;0.000000;0.000000;0.000000;2.000000;-151.047256;709.486267;2406.750977;7.439667;0.000000;0.000000;0.000000;0.000000;2.000000;6.593765;-785.858032;1958.323730;0.413333;0.000000;0.000000;0.000000;0.000000;2.000000;-10.649076;-819.651672;2121.375000;1.193471;0.000000;0.000000;0.000000;0.000000;2.000000;-24.417236;-862.090881;2083.830078;0.983609;0.000000;0.000000;0.000000;0.000000;2.000000;-66.815132;-866.655029;1958.831909;0.296615;0.000000;0.000000;0.000000;0.000000;2.000000;26.968636;-848.302734;2095.504639;1.159373;0.000000;0.000000;0.000000;0.000000;2.000000;101.697495;-835.884155;1981.956421;0.951955;0.000000;0.000000;0.000000;0.000000;2.000000;5872200192.000000
0.000000;-150.000000;2000.000000;0.000000;0.000000;0.000000;0.000000;0.000000;2.000000;-6.106445;-332.977570;1965.055298;0.034172;0.000000;0.000000;0.000000;0.000000;2.000000;-7.770760;-477.628571;1929.335083;0.057287;0.000000;0.000000;0.000000;0.000000;2.000000;6.876827;-703.803223;1938.022095;0.106174;0.000000;0.000000;0.000000;0.000000;2.000000;-27.724445;-669.367554;1922.559326;0.106707;0.000000;0.000000;0.000000;0.000000;2.000000;-160.049042;-638.106079;1860.776978;0.279755;0.000000;0.000000;0.000000;0.000000;2.000000;-204.971161;-353.240784;1847.281250;0.306371;0.000000;0.000000;0.000000;0.000000;2.000000;-225.859436;-124.000053;1922.953125;0.332088;0.000000;0.000000;0.000000;0.000000;2.000000;-255.919373;-46.882748;1980.133301;1.045160;0.000000;0.000000;0.000000;0.000000;2.000000;-195.666046;46.845299;1998.245483;0.552681;0.000000;0.000000;0.000000;0.000000;2.000000;-226.281311;0.257331;2002.130859;0.497750;0.000000;0.000000;0.000000;0.000000;2.000000;37.345913;-663.530396;1948.535522;0.083510;0.000000;0.000000;0.000000;0.000000;2.000000;155.662354;-605.436890;1987.303345;0.113971;0.000000;0.000000;0.000000;0.000000;2.000000;218.790314;-323.552795;2042.874390;0.213799;0.000000;0.000000;0.000000;0.000000;2.000000;272.495575;-88.374687;2087.782715;0.362314;0.000000;0.000000;0.000000;0.000000;2.000000;276.939270;13.308929;2124.841797;0.451214;0.000000;0.000000;0.000000;0.000000;0.000000;285.140778;96.383392;2051.742188;1.009068;0.000000;0.000000;0.000000;0.000000;2.000000;278.721680;43.529720;2091.967285;0.204579;0.000000;0.000000;0.000000;0.000000;0.000000;-88.281525;-140.466019;1965.504883;0.038833;0.000000;0.000000;0.000000;0.000000;2.000000;-27.088467;271.615967;1928.518311;0.251080;0.000000;0.000000;0.000000;0.000000;2.000000;127.043861;601.983643;1764.607788;0.547807;0.000000;0.000000;0.000000;0.000000;2.000000;45.944736;777.034058;1797.557373;0.943298;0.000000;0.000000;0.000000;0.000000;2.000000;79.607338;-158.597214;2031.105713;0.035021;0.000000;0.000000;0.000000;0.000000;2.000000;-20.960480;203.329910;2213.979248;0.136599;0.000000;0.000000;0.000000;0.000000;2.000000;-72.697525;597.931030;2282.961914;0.506350;0.000000;0.000000;0.000000;0.000000;2.000000;-150.931671;704.078857;2405.588867;0.166228;0.000000;0.000000;0.000000;0.000000;2.000000;7.107220;-787.585938;1954.250244;0.133849;0.000000;0.000000;0.000000;0.000000;2.000000;-28.887600;-823.399048;2114.262695;0.598908;0.000000;0.000000;0.000000;0.000000;2.000000;-35.958721;-866.255005;2075.112305;0.452266;0.000000;0.000000;0.000000;0.000000;2.000000;-62.266083;-871.809814;1945.428711;0.452632;0.000000;0.000000;0.000000;0.000000;2.000000;13.032842;-850.231812;2093.186035;0.428439;0.000000;0.000000;0.000000;0.000000;2.000000;100.943687;-833.624756;1989.589722;0.240273;0.000000;0.000000;0.000000;0.000000;2.000000;5872233472.000000
0.000000;-150.000000;2000.000000;0.000000;0.000000;0.000000;0.000000;0.000000;2.000000;-3.847462;-333.250031;1965.656494;0.070716;0.000000;0.000000;0.000000;0.000000;2.000000;-3.665428;-478.053986;1930.199951;0.126711;0.000000;0.000000;0.000000;0.000000;2.000000;13.814042;-704.214905;1936.794922;0.212047;0.000000;0.000000;0.000000;0.000000;2.000000;-21.007841;-670.051819;1921.137085;0.207318;0.000000;0.000000;0.000000;0.000000;2.000000;-150.811783;-634.811035;1856.052246;0.327107;0.000000;0.000000;0.000000;0.000000;2.000000;-200.307449;-350.398499;1846.377563;0.166341;0.000000;0.000000;0.000000;0.000000;2.000000;-225.499893;-122.901024;1926.279785;0.105826;0.000000;0.000000;0.000000;0.000000;2.000000;-248.294388;-41.956928;1981.588745;0.276250;0.000000;0.000000;0.000000;0.000000;2.000000;-201.754272;60.169380;1968.909424;0.985285;0.000000;0.000000;0.000000;0.000000;2.000000;-219.058319;9.277094;1992.935425;0.443740;0.000000;0.000000;0.000000;0.000000;2.000000;43.600975;-663.643066;1948.205078;0.188245;0.000000;0.000000;0.000000;0.000000;2.000000;161.557098;-607.628235;1991.154297;0.221583;0.000000;0.000000;0.000000;0.000000;2.000000;220.264297;-325.335358;2050.187012;0.230460;0.000000;0.000000;0.000000;0.000000;2.000000;270.012238;-89.816650;2098.432129;0.331424;0.000000;0.000000;0.000000;0.000000;2.000000;266.608643;0.809025;2157.762695;1.102709;0.000000;0.000000;0.000000;0.000000;0.000000;245.547440;91.697380;2097.591797;1.825721;0.000000;0.000000;0.000000;0.000000;0.000000;284.919525;32.588867;2100.530762;0.457135;0.000000;0.000000;0.000000;0.000000;0.000000;-88.537018;-141.713409;1965.703125;0.038721;0.000000;0.000000;0.000000;0.000000;2.000000;-37.074638;272.456604;1935.398071;0.365256;0.000000;0.000000;0.000000;0.000000;2.000000;123.402641;591.962524;1756.252441;0.407030;0.000000;0.000000;0.000000;0.000000;2.000000;54.896149;773.016113;1785.767090;0.460905;0.000000;0.000000;0.000000;0.000000;2.000000;79.837730;-157.472366;2030.926880;0.034917;0.000000;0.000000;0.000000;0.000000;2.000000;-20.624502;202.502029;2218.150391;0.128178;0.000000;0.000000;0.000000;0.000000;2.000000;-72.689095;600.552429;2264.603516;0.557230;0.000000;0.000000;0.000000;0.000000;2.000000;-141.486755;708.775574;2391.146484;0.537389;0.000000;0.000000;0.000000;0.000000;2.000000;14.889054;-788.196167;1952.170776;0.242727;0.000000;0.000000;0.000000;0.000000;2.000000;-25.438353;-827.256470;2110.471680;0.192750;0.000000;0.000000;0.000000;0.000000;2.000000;-31.327681;-869.363647;2070.282227;0.221705;0.000000;0.000000;0.000000;0.000000;2.000000;-54.047905;-872.400330;1939.770508;0.300334;0.000000;0.000000;0.000000;0.000000;2.000000;17.133261;-853.602600;2090.024414;0.185646;0.000000;0.000000;0.000000;0.000000;2.000000;107.873306;-834.775513;1989.191284;0.211413;0.000000;0.000000;0.000000;0.000000;2.000000;5872266752.000000
0.000000;-150.000000;2000.000000;0.000000;0.000000;0.000000;0.000000;0.000000;2.000000;-2.401894;-334.035400;1963.129028;0.090617;0.000000;0.000000;0.000000;0.000000;2.000000;-1.897839;-479.842896;1927.647949;0.107660;0.000000;0.000000;0.000000;0.000000;2.000000;19.740843;-707.099670;1935.660645;0.200975;0.000000;0.000000;0.000000;0.000000;2.000000;-15.541805;-673.428589;1918.899902;0.204427;0.000000;0.000000;0.000000;0.000000;2.000000;-145.014313;-636.260254;1851.986816;0.217176;0.000000;0.000000;0.000000;0.000000;2.000000;-203.561371;-351.642578;1841.932007;0.169708;0.000000;0.000000;0.000000;0.000000;2.000000;-241.784607;-121.503128;1913.523438;0.622996;0.000000;0.000000;0.000000;0.000000;2.000000;-251.028198;-42.674725;1976.492432;0.175109;0.000000;0.000000;0.000000;0.000000;2.000000;-205.019989;61.264923;1974.291992;0.192019;0.000000;0.000000;0.000000;0.000000;2.000000;-219.260437;8.454742;1981.506836;0.344349;0.000000;0.000000;0.000000;0.000000;2.000000;48.670006;-665.667542;1947.710205;0.164686;0.000000;0.000000;0.000000;0.000000;2.000000;165.242950;-604.826843;1990.776855;0.139572;0.000000;0.000000;0.000000;0.000000;2.000000;207.019226;-320.812622;2063.958984;0.590010;0.000000;0.000000;0.000000;0.000000;2.000000;243.045807;-83.691460;2123.485352;1.121228;0.000000;0.000000;0.000000;0.000000;2.000000;215.394684;-6.162656;2195.071777;1.915419;0.000000;0.000000;0.000000;0.000000;0.000000;207.521301;76.926735;2120.762695;1.409716;0.000000;0.000000;0.000000;0.000000;0.000000;269.065826;27.555328;2097.358643;0.508815;0.000000;0.000000;0.000000;0.000000;0.000000;-89.247147;-141.969971;1965.733154;0.022706;0.000000;0.000000;0.000000;0.000000;2.000000;-46.635658;275.890259;1934.204956;0.307353;0.000000;0.000000;0.000000;0.000000;2.000000;125.726181;589.632324;1750.084473;0.210063;0.000000;0.000000;0.000000;0.000000;2.000000;57.123371;772.580872;1776.059692;0.299553;0.000000;0.000000;0.000000;0.000000;2.000000;80.478073;-157.241043;2030.899902;0.020474;0.000000;0.000000;0.000000;0.000000;2.000000;-25.608608;204.158371;2218.439941;0.158056;0.000000;0.000000;0.000000;0.000000;2.000000;-73.826790;606.431274;2254.795410;0.345297;0.000000;0.000000;0.000000;0.000000;2.000000;-145.513367;719.186218;2377.411621;0.531810;0.000000;0.000000;0.000000;0.000000;2.000000;22.006340;-791.541382;1951.509888;0.237138;0.000000;0.000000;0.000000;0.000000;2.000000;-15.830532;-839.714722;2109.089844;0.474558;0.000000;0.000000;0.000000;0.000000;2.000000;-22.163635;-879.876953;2066.487305;0.434307;0.000000;0.000000;0.000000;0.000000;2.000000;-47.099632;-875.941956;1935.516357;0.266937;0.000000;0.000000;0.000000;0.000000;2.000000;26.836473;-864.801025;2086.431885;0.458135;0.000000;0.000000;0.000000;0.000000;2.000000;116.443146;-839.778259;1984.707520;0.327198;0.000000;0.000000;0.000000;0.000000;2.000000;5872300032.000000
0.000000;-150.000000;2000.000000;0.000000;0.000000;0.000000;0.000000;0.000000;2.000000;3.483055;-334.856354;1959.915161;0.202987;0.000000;0.000000;0.000000;0.000000;2.000000;8.493702;-481.375885;1922.744873;0.348317;0.000000;0.000000;0.000000;0.000000;2.000000;34.632614;-710.015137;1929.310181;0.494282;0.000000;0.000000;0.000000;0.000000;2.000000;-0.870861;-676.606934;1911.284424;0.505785;0.000000;0.000000;0.000000;0.000000;2.000000;-131.665771;-645.763794;1841.136841;0.590521;0.000000;0.000000;0.000000;0.000000;2.000000;-189.582291;-358.668182;1831.482056;0.565331;0.000000;0.000000;0.000000;0.000000;2.000000;-239.972351;-126.820923;1896.280640;0.544921;0.000000;0.000000;0.000000;0.000000;2.000000;-280.154358;-54.941269;1956.657104;1.121176;0.000000;0.000000;0.000000;0.000000;2.000000;-213.871155;38.219646;1964.193359;0.801451;0.000000;0.000000;0.000000;0.000000;2.000000;-213.671082;6.418421;1963.300293;0.575533;0.000000;0.000000;0.000000;0.000000;2.000000;62.388550;-667.823364;1943.123169;0.439449;0.000000;0.000000;0.000000;0.000000;2.000000;175.476349;-600.627686;1989.425171;0.334847;0.000000;0.000000;0.000000;0.000000;2.000000;208.860703;-316.167816;2073.801758;0.331682;0.000000;0.000000;0.000000;0.000000;2.000000;237.531250;-78.673767;2143.133545;0.631467;0.000000;0.000000;0.000000;0.000000;2.000000;218.097549;-5.308577;2222.680420;0.833948;0.000000;0.000000;0.000000;0.000000;0.000000;194.017548;69.958748;2142.431641;0.795251;0.000000;0.000000;0.000000;0.000000;0.000000;203.615753;56.646362;2148.010010;2.635948;0.000000;0.000000;0.000000;0.000000;0.000000;-89.056168;-143.629807;1962.884644;0.099229;0.000000;0.000000;0.000000;0.000000;2.000000;-41.272354;276.631592;1926.602661;0.280446;0.000000;0.000000;0.000000;0.000000;2.000000;140.858185;588.859619;1742.361816;0.511006;0.000000;0.000000;0.000000;0.000000;2.000000;71.944412;774.019287;1763.139893;0.592377;0.000000;0.000000;0.000000;0.000000;2.000000;80.305870;-155.744293;2033.468506;0.089479;0.000000;0.000000;0.000000;0.000000;2.000000;-20.295258;204.409164;2233.469482;0.479059;0.000000;0.000000;0.000000;0.000000;2.000000;-55.071091;612.911743;2233.059326;0.884369;0.000000;0.000000;0.000000;0.000000;2.000000;-127.934509;724.368286;2358.260010;0.796503;0.000000;0.000000;0.000000;0.000000;2.000000;37.983536;-795.235840;1944.463623;0.536314;0.000000;0.000000;0.000000;0.000000;2.000000;8.601196;-848.280518;2103.706543;0.794578;0.000000;0.000000;0.000000;0.000000;2.000000;-2.828243;-886.628906;2059.869873;0.646723;0.000000;0.000000;0.000000;0.000000;2.000000;-36.883263;-876.105103;1930.250244;0.345400;0.000000;0.000000;0.000000;0.000000;2.000000;48.553463;-874.670532;2076.922363;0.771637;0.000000;0.000000;0.000000;0.000000;2.000000;132.655121;-849.719727;1969.182739;0.737666;0.000000;0.000000;0.000000;0.000000;2.000000;5872333312.000000
0.000000;-150.000000;2000.000000;0.000000;0.000000;0.000000;0.000000;0.000000;2.000000;5.410999;-334.542725;1956.386963;0.121178;0.000000;0.000000;0.000000;0.000000;2.000000;11.549004;-480.959320;1917.337402;0.187046;0.000000;0.000000;0.000000;0.000000;2.000000;35.307682;-710.491394;1923.969604;0.162383;0.000000;0.000000;0.000000;0.000000;2.000000;0.127670;-676.613708;1905.774902;0.168248;0.000000;0.000000;0.000000;0.000000;2.000000;-133.115143;-644.393616;1840.095703;0.067605;0.000000;0.000000;0.000000;0.000000;2.000000;-184.989594;-355.502411;1826.166016;0.231536;0.000000;0.000000;0.000000;0.000000;2.000000;-237.287201;-125.559250;1898.378052;0.109174;0.000000;0.000000;0.000000;0.000000;2.000000;-274.043121;-57.162670;1965.122192;0.320741;0.000000;0.000000;0.000000;0.000000;2.000000;-235.610077;49.411091;1945.984009;0.916052;0.000000;0.000000;0.000000;0.000000;2.000000;-233.050690;11.219465;1967.733398;0.614534;0.000000;0.000000;0.000000;0.000000;2.000000;63.536839;-668.483032;1937.926880;0.161129;0.000000;0.000000;0.000000;0.000000;2.000000;175.452606;-600.336853;1986.771362;0.080222;0.000000;0.000000;0.000000;0.000000;2.000000;196.516937;-318.888519;2086.692383;0.542481;0.000000;0.000000;0.000000;0.000000;2.000000;210.204834;-85.489700;2174.503418;1.266753;0.000000;0.000000;0.000000;0.000000;2.000000;149.329407;6.227114;2180.540039;2.448124;0.000000;0.000000;0.000000;0.000000;0.000000;69.062393;65.898308;2128.088867;3.781284;0.000000;0.000000;0.000000;0.000000;0.000000;118.984322;9.776497;2149.661621;2.907373;0.000000;0.000000;0.000000;0.000000;0.000000;-89.374367;-143.857269;1962.919434;0.011799;0.000000;0.000000;0.000000;0.000000;2.000000;-52.387672;278.569061;1925.539307;0.340532;0.000000;0.000000;0.000000;0.000000;2.000000;137.355591;590.711609;1746.454834;0.171171;0.000000;0.000000;0.000000;0.000000;2.000000;82.826805;782.078613;1755.781860;0.463091;0.000000;0.000000;0.000000;0.000000;2.000000;80.592796;-155.539169;2033.437134;0.010640;0.000000;0.000000;0.000000;0.000000;2.000000;-10.778328;206.046555;2237.708008;0.316887;0.000000;0.000000;0.000000;0.000000;2.000000;-47.939926;615.217041;2223.365234;0.368188;0.000000;0.000000;0.000000;0.000000;2.000000;-114.842339;727.255676;2352.057617;0.443870;0.000000;0.000000;0.000000;0.000000;2.000000;37.709171;-795.978943;1939.159790;0.161138;0.000000;0.000000;0.000000;0.000000;2.000000;28.300941;-846.776306;2102.027344;0.595803;0.000000;0.000000;0.000000;0.000000;2.000000;14.716927;-886.933716;2060.253418;0.527404;0.000000;0.000000;0.000000;0.000000;2.000000;-33.324348;-881.690186;1934.413818;0.235057;0.000000;0.000000;0.000000;0.000000;2.000000;66.904068;-871.497437;2071.610840;0.581898;0.000000;0.000000;0.000000;0.000000;2.000000;137.870361;-844.275757;1954.853271;0.486528;0.000000;0.000000;0.000000;0.000000;2.000000;5872366592.000000
0.000000;-150.000000;2000.000000;0.000000;0.000000;0.000000;0.000000;0.000000;2.000000;6.205116;-334.886932;1953.892700;0.079332;0.000000;0.000000;0.000000;0.000000;2.000000;12.996956;-481.550537;1912.975708;0.139232;0.000000;0.000000;0.000000;0.000000;2.000000;41.004242;-711.731934;1920.650635;0.201580;0.000000;0.000000;0.000000;0.000000;2.000000;5.086517;-678.402222;1902.140991;0.192388;0.000000;0.000000;0.000000;0.000000;2.000000;-132.754150;-649.502563;1842.967285;0.176435;0.000000;0.000000;0.000000;0.000000;2.000000;-192.727875;-360.576233;1831.479614;0.320627;0.000000;0.000000;0.000000;0.000000;2.000000;-245.885071;-125.009171;1887.289063;0.421950;0.000000;0.000000;0.000000;0.000000;2.000000;-283.458496;-63.662575;1960.866455;0.366795;0.000000;0.000000;0.000000;0.000000;2.000000;-245.929138;43.618954;1940.478394;0.392175;0.000000;0.000000;0.000000;0.000000;2.000000;-256.922394;10.168371;1954.768799;0.816868;0.000000;0.000000;0.000000;0.000000;2.000000;68.575851;-668.953003;1934.570068;0.182480;0.000000;0.000000;0.000000;0.000000;2.000000;179.004242;-599.313599;1986.593628;0.111189;0.000000;0.000000;0.000000;0.000000;2.000000;183.679352;-319.476196;2097.080566;0.496533;0.000000;0.000000;0.000000;0.000000;2.000000;176.083328;-91.272163;2201.304199;1.315267;0.000000;0.000000;0.000000;0.000000;2.000000;117.047043;2.050278;2210.332520;1.325930;0.000000;0.000000;0.000000;0.000000;0.000000;77.327797;66.002174;2125.392578;0.261259;0.000000;0.000000;0.000000;0.000000;0.000000;126.063911;19.099680;2198.467285;1.508113;0.000000;0.000000;0.000000;0.000000;0.000000;-89.291008;-143.408600;1961.552246;0.043309;0.000000;0.000000;0.000000;0.000000;2.000000;-56.761284;282.023529;1930.373901;0.221695;0.000000;0.000000;0.000000;0.000000;2.000000;144.621216;589.089600;1750.599854;0.256029;0.000000;0.000000;0.000000;0.000000;2.000000;87.309181;780.871216;1754.333374;0.146120;0.000000;0.000000;0.000000;0.000000;2.000000;80.517624;-155.943741;2034.670166;0.039059;0.000000;0.000000;0.000000;0.000000;2.000000;-7.306557;207.726547;2241.212891;0.156596;0.000000;0.000000;0.000000;0.000000;2.000000;-41.269394;618.102051;2207.493164;0.524545;0.000000;0.000000;0.000000;0.000000;2.000000;-116.288368;735.641357;2327.839844;0.771312;0.000000;0.000000;0.000000;0.000000;2.000000;44.925797;-797.525635;1936.277222;0.238085;0.000000;0.000000;0.000000;0.000000;2.000000;16.320255;-839.853638;2100.219727;0.419305;0.000000;0.000000;0.000000;0.000000;2.000000;7.604626;-882.447388;2059.140137;0.254880;0.000000;0.000000;0.000000;0.000000;2.000000;-25.553810;-884.126465;1927.798828;0.315254;0.000000;0.000000;0.000000;0.000000;2.000000;58.383362;-866.106689;2075.759277;0.327610;0.000000;0.000000;0.000000;0.000000;2.000000;142.975067;-844.690186;1966.263550;0.375810;0.000000;0.000000;0.000000;0.000000;2.000000;5872399872.000000
0.000000;-150.000000;2000.000000;0.000000;0.000000;0.000000;0.000000;0.000000;2.000000;5.357677;-333.877991;1954.384644;0.042261;0.000000;0.000000;0.000000;0.000000;2.000000;12.778374;-479.135864;1911.926147;0.079386;0.000000;0.000000;0.000000;0.000000;2.000000;35.918694;-708.515503;1918.559204;0.191419;0.000000;0.000000;0.000000;0.000000;2.000000;1.016624;-674.571045;1900.094482;0.178856;0.000000;0.000000;0.000000;0.000000;2.000000;-136.530426;-647.243408;1841.813721;0.136693;0.000000;0.000000;0.000000;0.000000;2.000000;-199.318405;-360.620239;1832.452881;0.200185;0.000000;0.000000;0.000000;0.000000;2.000000;-253.408585;-126.925629;1888.770020;0.237493;0.000000;0.000000;0.000000;0.000000;2.000000;-291.839050;-75.553818;1968.447144;0.492919;0.000000;0.000000;0.000000;0.000000;0.000000;-259.174255;30.173685;1937.926270;0.572273;0.000000;0.000000;0.000000;0.000000;2.000000;-280.088745;6.487454;1944.757446;0.766347;0.000000;0.000000;0.000000;0.000000;2.000000;64.091980;-666.624634;1932.796509;0.160896;0.000000;0.000000;0.000000;0.000000;2.000000;174.317444;-599.616333;1986.450317;0.141188;0.000000;0.000000;0.000000;0.000000;2.000000;179.971924;-325.050903;2105.010254;0.311838;0.000000;0.000000;0.000000;0.000000;2.000000;169.056473;-103.435570;2219.136475;0.682108;0.000000;0.000000;0.000000;0.000000;2.000000;120.716248;-11.391868;2255.507324;1.420520;0.000000;0.000000;0.000000;0.000000;0.000000;103.329391;49.626545;2162.204834;1.440863;0.000000;0.000000;0.000000;0.000000;0.000000;128.471039;20.900677;2185.457031;0.401234;0.000000;0.000000;0.000000;0.000000;0.000000;-86.460434;-141.873428;1957.086426;0.165435;0.000000;0.000000;0.000000;0.000000;2.000000;-59.489731;282.186890;1939.248047;0.279013;0.000000;0.000000;0.000000;0.000000;2.000000;140.639954;588.036438;1761.473999;0.349394;0.000000;0.000000;0.000000;0.000000;2.000000;83.242928;778.540039;1756.783691;0.158922;0.000000;0.000000;0.000000;0.000000;2.000000;77.965172;-157.328094;2038.697021;0.149176;0.000000;0.000000;0.000000;0.000000;2.000000;-7.403885;217.551712;2219.420166;0.718310;0.000000;0.000000;0.000000;0.000000;2.000000;-37.062653;626.351440;2193.029541;0.516045;0.000000;0.000000;0.000000;0.000000;2.000000;-97.331680;742.586121;2321.033936;0.640176;0.000000;0.000000;0.000000;0.000000;2.000000;37.980988;-793.942444;1933.679199;0.247453;0.000000;0.000000;0.000000;0.000000;2.000000;22.465157;-830.925659;2099.607178;0.326190;0.000000;0.000000;0.000000;0.000000;2.000000;7.237347;-873.359863;2060.837402;0.278004;0.000000;0.000000;0.000000;0.000000;2.000000;-38.003052;-875.293396;1934.003540;0.495115;0.000000;0.000000;0.000000;0.000000;2.000000;60.003593;-860.221252;2072.156494;0.212989;0.000000;0.000000;0.000000;0.000000;2.000000;134.593658;-846.676086;1955.424561;0.416006;0.000000;0.000000;0.000000;0.000000;2.000000;5872433152.000000
0.000000;-150.000000;2000.000000;0.000000;0.000000;0.000000;0.000000;0.000000;2.000000;4.912201;-334.186157;1951.900391;0.076401;0.000000;0.000000;0.000000;0.000000;2.000000;12.035572;-479.631592;1907.505371;0.135519;0.000000;0.000000;0.000000;0.000000;2.000000;34.833080;-709.994385;1918.169312;0.056356;0.000000;0.000000;0.000000;0.000000;2.000000;0.378235;-676.137085;1898.077881;0.079082;0.000000;0.000000;0.000000;0.000000;2.000000;-135.581299;-647.073303;1835.210571;0.200516;0.000000;0.000000;0.000000;0.000000;2.000000;-197.566635;-358.780273;1828.314575;0.145910;0.000000;0.000000;0.000000;0.000000;2.000000;-252.739914;-125.593689;1890.507324;0.068779;0.000000;0.000000;0.000000;0.000000;2.000000;-292.629272;-87.602333;1977.279663;0.449522;0.000000;0.000000;0.000000;0.000000;0.000000;-265.449890;19.078564;1942.890259;0.411040;0.000000;0.000000;0.000000;0.000000;2.000000;-276.011902;6.381856;1956.776123;0.381363;0.000000;0.000000;0.000000;0.000000;0.000000;62.738251;-667.721191;1932.720215;0.052398;0.000000;0.000000;0.000000;0.000000;2.000000;168.332306;-594.271729;1988.927368;0.252337;0.000000;0.000000;0.000000;0.000000;2.000000;176.565735;-328.109680;2128.267578;0.712248;0.000000;0.000000;0.000000;0.000000;2.000000;183.532349;-106.034966;2244.387451;0.878062;0.000000;0.000000;0.000000;0.000000;2.000000;124.336075;-12.531710;2244.394287;0.352860;0.000000;0.000000;0.000000;0.000000;0.000000;113.013367;53.977619;2153.288330;0.416592;0.000000;0.000000;0.000000;0.000000;0.000000;134.016754;5.588668;2177.639648;0.542802;0.000000;0.000000;0.000000;0.000000;0.000000;-86.460709;-140.881866;1956.254395;0.038894;0.000000;0.000000;0.000000;0.000000;2.000000;-75.413132;286.080017;1943.036621;0.505544;0.000000;0.000000;0.000000;0.000000;2.000000;147.133942;584.110779;1774.450439;0.451692;0.000000;0.000000;0.000000;0.000000;2.000000;86.372513;773.575073;1754.548340;0.188710;0.000000;0.000000;0.000000;0.000000;2.000000;77.965431;-158.222244;2039.447266;0.035072;0.000000;0.000000;0.000000;0.000000;2.000000;-16.614296;220.256226;2212.678955;0.352460;0.000000;0.000000;0.000000;0.000000;2.000000;-37.343040;631.512024;2185.531738;0.273631;0.000000;0.000000;0.000000;0.000000;2.000000;-90.394196;739.420959;2324.773193;0.255195;0.000000;0.000000;0.000000;0.000000;2.000000;36.355160;-795.601196;1934.644043;0.075574;0.000000;0.000000;0.000000;0.000000;2.000000;11.487946;-840.768005;2098.226807;0.444951;0.000000;0.000000;0.000000;0.000000;2.000000;1.578476;-882.501465;2056.640625;0.346798;0.000000;0.000000;0.000000;0.000000;2.000000;-34.679893;-881.587097;1926.278564;0.315618;0.000000;0.000000;0.000000;0.000000;2.000000;52.765835;-866.735901;2072.314453;0.292642;0.000000;0.000000;0.000000;0.000000;2.000000;134.728058;-843.730408;1961.360840;0.199168;0.000000;0.000000;0.000000;0.000000;2.000000;5872466432.000000
0.000000;-150.000000;2000.000000;0.000000;0.000000;0.000000;0.000000;0.000000;2.000000;3.995659;-334.051697;1950.749268;0.043725;0.000000;0.000000;0.000000;0.000000;2.000000;10.615799;-479.338440;1905.376221;0.076226;0.000000;0.000000;0.000000;0.000000;2.000000;29.382938;-710.282166;1915.059082;0.185895;0.000000;0.000000;0.000000;0.000000;2.000000;-3.890274;-675.705933;1894.116211;0.172810;0.000000;0.000000;0.000000;0.000000;2.000000;-139.732178;-645.692261;1831.163330;0.176362;0.000000;0.000000;0.000000;0.000000;2.000000;-196.082489;-356.044556;1823.298950;0.174681;0.000000;0.000000;0.000000;0.000000;2.000000;-254.452118;-122.907410;1883.464844;0.228736;0.000000;0.000000;0.000000;0.000000;2.000000;-286.122711;-103.425003;1979.366699;0.510034;0.000000;0.000000;0.000000;0.000000;0.000000;-275.335480;5.046193;1941.422852;0.509809;0.000000;0.000000;0.000000;0.000000;0.000000;-267.507172;8.786645;1953.820679;0.275782;0.000000;0.000000;0.000000;0.000000;0.000000;57.503052;-668.537964;1930.816528;0.166612;0.000000;0.000000;0.000000;0.000000;2.000000;164.357117;-597.701111;1988.245239;0.156669;0.000000;0.000000;0.000000;0.000000;2.000000;172.403488;-333.652100;2132.031250;0.233404;0.000000;0.000000;0.000000;0.000000;2.000000;152.848236;-131.854721;2279.812012;1.583443;0.000000;0.000000;0.000000;0.000000;1.000000;128.998337;-31.626152;2239.181641;0.601765;0.000000;0.000000;0.000000;0.000000;0.000000;138.574646;59.734543;2172.602539;0.963272;0.000000;0.000000;0.000000;0.000000;0.000000;138.988419;-27.075661;2184.527832;0.998784;0.000000;0.000000;0.000000;0.000000;0.000000;-85.443832;-139.654388;1954.406128;0.072226;0.000000;0.000000;0.000000;0.000000;2.000000;-74.669220;287.766663;1946.519409;0.116612;0.000000;0.000000;0.000000;0.000000;2.000000;145.397980;596.055969;1793.062500;0.656473;0.000000;0.000000;0.000000;0.000000;2.000000;86.747154;784.545227;1760.250977;0.366048;0.000000;0.000000;0.000000;0.000000;2.000000;77.048477;-159.329071;2041.114136;0.065133;0.000000;0.000000;0.000000;0.000000;2.000000;-18.282265;225.844574;2199.312988;0.431549;0.000000;0.000000;0.000000;0.000000;2.000000;-32.818054;638.010803;2177.841797;0.326655;0.000000;0.000000;0.000000;0.000000;2.000000;-95.769379;753.151855;2306.982422;0.683806;0.000000;0.000000;0.000000;0.000000;2.000000;29.006180;-796.078308;1930.950195;0.243812;0.000000;0.000000;0.000000;0.000000;2.000000;7.920036;-851.456604;2092.041992;0.380389;0.000000;0.000000;0.000000;0.000000;2.000000;-3.130318;-890.500305;2048.131348;0.372637;0.000000;0.000000;0.000000;0.000000;2.000000;-42.540947;-881.308594;1918.904663;0.319065;0.000000;0.000000;0.000000;0.000000;2.000000;48.508732;-875.829895;2063.534180;0.394725;0.000000;0.000000;0.000000;0.000000;2.000000;127.911247;-846.000366;1952.212280;0.344242;0.000000;0.000000;0.000000;0.000000;2.000000;5872500224.000000
0.000000;-150.000000;2000.000000;0.000000;0.000000;0.000000;0.000000;0.000000;2.000000;4.647903;-333.768738;1953.949829;0.098515;0.000000;0.000000;0.000000;0.000000;2.000000;10.180817;-479.817505;1914.049194;0.261331;0.000000;0.000000;0.000000;0.000000;2.000000;30.624935;-709.191650;1926.418335;0.344918;0.000000;0.000000;0.000000;0.000000;2.000000;-2.193459;-675.313049;1904.373657;0.312628;0.000000;0.000000;0.000000;0.000000;2.000000;-132.231735;-645.917297;1831.683960;0.226017;0.000000;0.000000;0.000000;0.000000;2.000000;-187.426071;-357.895203;1818.963623;0.296173;0.000000;0.000000;0.000000;0.000000;2.000000;-252.052261;-130.810699;1889.348633;0.304718;0.000000;0.000000;0.000000;0.000000;2.000000;-296.749878;-97.495918;1975.107178;0.387415;0.000000;0.000000;0.000000;0.000000;0.000000;-280.764465;13.816700;1952.127686;0.446686;0.000000;0.000000;0.000000;0.000000;0.000000;-290.537109;-4.247314;1955.339478;0.796455;0.000000;0.000000;0.000000;0.000000;0.000000;57.783142;-667.277710;1942.429688;0.351103;0.000000;0.000000;0.000000;0.000000;2.000000;163.224609;-595.454041;1999.332642;0.341627;0.000000;0.000000;0.000000;0.000000;2.000000;177.958572;-335.705750;2146.878418;0.480313;0.000000;0.000000;0.000000;0.000000;2.000000;157.476898;-142.706238;2303.646484;0.799111;0.000000;0.000000;0.000000;0.000000;1.000000;139.232986;-45.132687;2255.941895;0.716179;0.000000;0.000000;0.000000;0.000000;0.000000;149.738159;43.199966;2186.550293;0.731445;0.000000;0.000000;0.000000;0.000000;0.000000;146.935242;-49.547253;2193.881836;0.769384;0.000000;0.000000;0.000000;0.000000;0.000000;-84.203613;-140.380646;1953.113892;0.058075;0.000000;0.000000;0.000000;0.000000;2.000000;-79.191071;284.614563;1966.875000;0.633675;0.000000;0.000000;0.000000;0.000000;2.000000;149.511475;590.188293;1827.285889;1.050648;0.000000;0.000000;0.000000;0.000000;2.000000;84.513039;772.335510;1780.409180;0.711335;0.000000;0.000000;0.000000;0.000000;2.000000;75.930099;-158.674194;2042.279175;0.052364;0.000000;0.000000;0.000000;0.000000;2.000000;-16.498085;226.478836;2195.773926;0.120607;0.000000;0.000000;0.000000;0.000000;2.000000;-21.414986;636.204224;2168.216309;0.451665;0.000000;0.000000;0.000000;0.000000;2.000000;-87.365509;748.977783;2296.488281;0.423001;0.000000;0.000000;0.000000;0.000000;2.000000;30.584644;-794.355469;1943.037231;0.369916;0.000000;0.000000;0.000000;0.000000;2.000000;-30.744759;-834.885010;2097.084473;1.273064;0.000000;0.000000;0.000000;0.000000;2.000000;-29.137466;-878.130005;2056.314453;0.899617;0.000000;0.000000;0.000000;0.000000;2.000000;-33.316605;-882.983765;1921.806030;0.294889;0.000000;0.000000;0.000000;0.000000;2.000000;16.097084;-859.856812;2082.853027;1.231191;0.000000;0.000000;0.000000;0.000000;2.000000;120.823860;-837.290588;1994.013306;1.300570;0.000000;0.000000;0.000000;0.000000;2.000000;5872533504.000000
0.000000;-150.000000;2000.000000;0.000000;0.000000;0.000000;0.000000;0.000000;2.000000;6.990112;-333.884705;1953.133667;0.074611;0.000000;0.000000;0.000000;0.000000;2.000000;14.580086;-479.925049;1912.382324;0.141397;0.000000;0.000000;0.000000;0.000000;2.000000;37.548084;-709.431335;1926.478027;0.208160;0.000000;0.000000;0.000000;0.000000;2.000000;4.859886;-675.999207;1903.335938;0.215211;0.000000;0.000000;0.000000;0.000000;2.000000;-123.022591;-643.975525;1827.362427;0.311189;0.000000;0.000000;0.000000;0.000000;2.000000;-181.418182;-356.028564;1813.534912;0.249688;0.000000;0.000000;0.000000;0.000000;2.000000;-258.584442;-136.277496;1895.383179;0.313669;0.000000;0.000000;0.000000;0.000000;2.000000;-313.901550;-101.332329;1974.272705;0.528705;0.000000;0.000000;0.000000;0.000000;0.000000;-286.552185;9.762868;1962.549683;0.378354;0.000000;0.000000;0.000000;0.000000;0.000000;-297.350098;-9.013453;1960.107300;0.288000;0.000000;0.000000;0.000000;0.000000;0.000000;63.796814;-667.022705;1943.042725;0.181797;0.000000;0.000000;0.000000;0.000000;2.000000;168.648453;-593.716431;1999.840454;0.171814;0.000000;0.000000;0.000000;0.000000;2.000000;175.717834;-321.453796;2124.909180;0.789748;0.000000;0.000000;0.000000;0.000000;2.000000;125.775620;-139.998383;2289.459473;1.046767;0.000000;0.000000;0.000000;0.000000;1.000000;128.233917;-37.475178;2248.700195;0.457737;0.000000;0.000000;0.000000;0.000000;0.000000;167.800018;51.870583;2191.851563;0.622738;0.000000;0.000000;0.000000;0.000000;0.000000;155.909760;-41.916191;2184.450195;0.453448;0.000000;0.000000;0.000000;0.000000;0.000000;-83.674644;-140.866928;1951.685425;0.048047;0.000000;0.000000;0.000000;0.000000;2.000000;-89.185143;284.498291;1976.249878;0.411761;0.000000;0.000000;0.000000;0.000000;2.000000;152.579590;589.959839;1857.596436;0.915453;0.000000;0.000000;0.000000;0.000000;2.000000;83.155975;768.488525;1802.203247;0.666243;0.000000;0.000000;0.000000;0.000000;2.000000;75.453094;-158.235687;2043.567261;0.043325;0.000000;0.000000;0.000000;0.000000;2.000000;-8.494957;230.700150;2194.763672;0.273570;0.000000;0.000000;0.000000;0.000000;2.000000;-13.462906;641.455505;2170.303711;0.293132;0.000000;0.000000;0.000000;0.000000;2.000000;-70.235039;751.483582;2305.684082;0.589046;0.000000;0.000000;0.000000;0.000000;2.000000;38.105591;-794.682983;1943.550537;0.226729;0.000000;0.000000;0.000000;0.000000;2.000000;-42.851219;-836.608704;2088.260742;0.453114;0.000000;0.000000;0.000000;0.000000;2.000000;-37.267189;-879.173218;2046.953003;0.373875;0.000000;0.000000;0.000000;0.000000;2.000000;-24.940498;-881.324036;1912.600708;0.377282;0.000000;0.000000;0.000000;0.000000;2.000000;4.867325;-862.595154;2079.306641;0.363300;0.000000;0.000000;0.000000;0.000000;2.000000;120.485031;-841.079468;2004.355103;0.331106;0.000000;0.000000;0.000000;0.000000;2.000000;5872566784.000000
0.000000;-150.000000;2000.000000;0.000000;0.000000;0.000000;0.000000;0.000000;2.000000;9.323662;-331.148560;1956.571899;0.149498;0.000000;0.000000;0.000000;0.000000;2.000000;18.469444;-475.259949;1919.398193;0.278837;0.000000;0.000000;0.000000;0.000000;2.000000;37.105293;-701.297241;1928.157959;0.249927;0.000000;0.000000;0.000000;0.000000;2.000000;6.705818;-667.367554;1904.695801;0.268358;0.000000;0.000000;0.000000;0.000000;2.000000;-112.241402;-632.368347;1821.257813;0.510134;0.000000;0.000000;0.000000;0.000000;2.000000;-174.612976;-350.564148;1808.567627;0.301747;0.000000;0.000000;0.000000;0.000000;2.000000;-257.335602;-137.005905;1888.227539;0.219358;0.000000;0.000000;0.000000;0.000000;2.000000;-326.520416;-108.780434;1955.689697;0.711092;0.000000;0.000000;0.000000;0.000000;0.000000;-294.186829;-2.781921;1933.778320;0.970628;0.000000;0.000000;0.000000;0.000000;0.000000;-297.475250;-5.906218;1935.390625;0.748544;0.000000;0.000000;0.000000;0.000000;0.000000;62.574188;-660.499207;1946.902954;0.230710;0.000000;0.000000;0.000000;0.000000;2.000000;166.953094;-592.806396;2005.432129;0.177689;0.000000;0.000000;0.000000;0.000000;2.000000;181.324142;-322.068359;2120.093506;0.222841;0.000000;0.000000;0.000000;0.000000;2.000000;125.103714;-144.828812;2280.465576;0.307424;0.000000;0.000000;0.000000;0.000000;1.000000;130.460724;-43.044285;2243.583984;0.236883;0.000000;0.000000;0.000000;0.000000;0.000000;170.667618;47.703102;2193.807373;0.162971;0.000000;0.000000;0.000000;0.000000;0.000000;158.437393;-45.025589;2181.987793;0.141324;0.000000;0.000000;0.000000;0.000000;0.000000;-79.300926;-141.561691;1947.776855;0.177485;0.000000;0.000000;0.000000;0.000000;2.000000;-86.194496;275.416504;1983.134521;0.354034;0.000000;0.000000;0.000000;0.000000;2.000000;142.353073;590.532715;1891.171021;1.054753;0.000000;0.000000;0.000000;0.000000;2.000000;61.851902;765.600220;1856.102173;1.743643;0.000000;0.000000;0.000000;0.000000;2.000000;71.509140;-157.609192;2047.092041;0.160050;0.000000;0.000000;0.000000;0.000000;2.000000;-3.363365;233.331299;2174.964111;0.619660;0.000000;0.000000;0.000000;0.000000;2.000000;10.055168;636.131348;2144.219238;1.067382;0.000000;0.000000;0.000000;0.000000;2.000000;-64.874153;746.840027;2265.049072;1.239462;0.000000;0.000000;0.000000;0.000000;2.000000;35.593697;-785.452209;1942.607422;0.288847;0.000000;0.000000;0.000000;0.000000;2.000000;-71.395866;-836.766663;2061.526123;1.175169;0.000000;0.000000;0.000000;0.000000;2.000000;-61.109657;-873.573059;2017.213379;1.157639;0.000000;0.000000;0.000000;0.000000;2.000000;-24.837845;-860.452026;1890.416504;0.915254;0.000000;0.000000;0.000000;0.000000;2.000000;-25.411324;-864.988281;2057.706055;1.119914;0.000000;0.000000;0.000000;0.000000;2.000000;100.958847;-844.893433;2008.825928;0.612720;0.000000;0.000000;0.000000;0.000000;2.000000;5872600064.000000
0.000000;-150.000000;2000.000000;0.000000;0.000000;0.000000;0.000000;0.000000;2.000000;12.505936;-328.975037;1957.129517;0.117002;0.000000;0.000000;0.000000;0.000000;2.000000;23.968613;-471.452362;1920.855225;0.205696;0.000000;0.000000;0.000000;0.000000;2.000000;41.395271;-695.241089;1922.916748;0.273010;0.000000;0.000000;0.000000;0.000000;2.000000;11.817505;-660.857788;1900.304810;0.281535;0.000000;0.000000;0.000000;0.000000;2.000000;-111.833672;-624.258484;1828.073730;0.318556;0.000000;0.000000;0.000000;0.000000;2.000000;-159.493561;-343.712280;1802.374878;0.532364;0.000000;0.000000;0.000000;0.000000;2.000000;-246.084198;-139.314178;1893.108154;0.374991;0.000000;0.000000;0.000000;0.000000;2.000000;-330.038940;-102.668762;1932.112061;0.739474;0.000000;0.000000;0.000000;0.000000;0.000000;-301.233612;1.492996;1960.441162;0.838572;0.000000;0.000000;0.000000;0.000000;0.000000;-293.403503;-15.885408;1952.897583;0.617747;0.000000;0.000000;0.000000;0.000000;0.000000;66.455910;-655.590149;1943.065186;0.220593;0.000000;0.000000;0.000000;0.000000;2.000000;164.925171;-590.240173;2010.313965;0.176570;0.000000;0.000000;0.000000;0.000000;2.000000;191.719116;-325.943542;2129.417480;0.435447;0.000000;0.000000;0.000000;0.000000;2.000000;129.963226;-160.850845;2296.464844;0.695856;0.000000;0.000000;0.000000;0.000000;1.000000;131.195587;-59.068298;2262.838867;0.753038;0.000000;0.000000;0.000000;0.000000;0.000000;174.791779;28.147583;2212.318359;0.818546;0.000000;0.000000;0.000000;0.000000;0.000000;162.307404;-64.630928;2192.163818;0.673840;0.000000;0.000000;0.000000;0.000000;0.000000;-76.906822;-142.438187;1945.996582;0.093436;0.000000;0.000000;0.000000;0.000000;2.000000;-102.921577;268.972870;1983.397705;0.538678;0.000000;0.000000;0.000000;0.000000;2.000000;127.675468;584.205078;1920.616211;1.006718;0.000000;0.000000;0.000000;0.000000;2.000000;45.786282;759.535156;1912.079590;1.759381;0.000000;0.000000;0.000000;0.000000;2.000000;69.350250;-156.818802;2048.697510;0.084258;0.000000;0.000000;0.000000;0.000000;2.000000;0.276550;232.751740;2168.821289;0.215257;0.000000;0.000000;0.000000;0.000000;2.000000;36.902351;623.522278;2092.963135;1.779432;0.000000;0.000000;0.000000;0.000000;2.000000;-49.934380;724.259644;2211.585938;1.800724;0.000000;0.000000;0.000000;0.000000;2.000000;39.359215;-778.862122;1934.616821;0.331154;0.000000;0.000000;0.000000;0.000000;2.000000;-91.760262;-850.597534;2007.181396;1.792677;0.000000;0.000000;0.000000;0.000000;2.000000;-74.566811;-872.318359;1956.369873;1.872794;0.000000;0.000000;0.000000;0.000000;2.000000;-12.147171;-825.061279;1851.244385;1.631479;0.000000;0.000000;0.000000;0.000000;2.000000;-48.172859;-881.282288;2002.687744;1.854869;0.000000;0.000000;0.000000;0.000000;2.000000;85.152138;-862.767639;1987.406738;0.963471;0.000000;0.000000;0.000000;0.000000;2.000000;5872633344.000000
0.000000;-150.000000;2000.000000;0.000000;0.000000;0.000000;0.000000;0.000000;2.000000;8.687500;-328.123291;1958.483887;0.124401;0.000000;0.000000;0.000000;0.000000;2.000000;15.295448;-470.645386;1925.748535;0.300209;0.000000;0.000000;0.000000;0.000000;2.000000;33.014549;-692.753845;1927.648682;0.298694;0.000000;0.000000;0.000000;0.000000;2.000000;4.346458;-658.612000;1904.343628;0.263965;0.000000;0.000000;0.000000;0.000000;2.000000;-117.253654;-623.291260;1830.237915;0.177755;0.000000;0.000000;0.000000;0.000000;2.000000;-156.313263;-344.220093;1798.090332;0.161057;0.000000;0.000000;0.000000;0.000000;2.000000;-242.056091;-139.560059;1884.272705;0.291871;0.000000;0.000000;0.000000;0.000000;2.000000;-327.900757;-117.206818;1927.840088;0.459821;0.000000;0.000000;0.000000;0.000000;0.000000;-317.712769;-6.798262;1930.056274;1.068102;0.000000;0.000000;0.000000;0.000000;0.000000;-325.141754;-30.287125;1924.111328;1.358284;0.000000;0.000000;0.000000;0.000000;0.000000;57.118118;-653.408813;1948.599243;0.332678;0.000000;0.000000;0.000000;0.000000;2.000000;157.521820;-589.402649;2012.161377;0.230655;0.000000;0.000000;0.000000;0.000000;2.000000;195.079803;-326.391907;2125.858398;0.147702;0.000000;0.000000;0.000000;0.000000;2.000000;133.288773;-170.203720;2298.762451;0.306158;0.000000;0.000000;0.000000;0.000000;1.000000;130.911743;-68.074852;2268.974854;0.327578;0.000000;0.000000;0.000000;0.000000;0.000000;174.034790;18.817163;2219.248535;0.349976;0.000000;0.000000;0.000000;0.000000;0.000000;162.047806;-72.837013;2194.578369;0.257148;0.000000;0.000000;0.000000;0.000000;0.000000;-75.936592;-141.124847;1946.031006;0.049075;0.000000;0.000000;0.000000;0.000000;2.000000;-108.409676;265.996307;1990.951416;0.294468;0.000000;0.000000;0.000000;0.000000;2.000000;113.603516;587.925659;1955.417114;1.133480;0.000000;0.000000;0.000000;0.000000;2.000000;25.288651;755.545349;1922.663574;0.703467;0.000000;0.000000;0.000000;0.000000;2.000000;68.475357;-158.003128;2048.666016;0.044254;0.000000;0.000000;0.000000;0.000000;2.000000;2.078667;228.684814;2169.167969;0.134069;0.000000;0.000000;0.000000;0.000000;2.000000;65.945679;609.828613;2079.154053;1.050275;0.000000;0.000000;0.000000;0.000000;2.000000;-34.832771;715.243347;2179.280273;1.105266;0.000000;0.000000;0.000000;0.000000;2.000000;30.792061;-775.801331;1938.917480;0.302368;0.000000;0.000000;0.000000;0.000000;2.000000;-97.791298;-842.262878;2017.961426;0.447756;0.000000;0.000000;0.000000;0.000000;2.000000;-79.322838;-869.208191;1970.707520;0.463424;0.000000;0.000000;0.000000;0.000000;2.000000;-17.621727;-833.234192;1861.953247;0.436936;0.000000;0.000000;0.000000;0.000000;2.000000;-53.449516;-871.474487;2017.663818;0.560796;0.000000;0.000000;0.000000;0.000000;1.000000;78.375488;-850.377441;2001.552246;0.600612;0.000000;0.000000;0.000000;0.000000;1.000000;5872666624.000000
0.000000;-150.000000;2000.000000;0.000000;0.000000;0.000000;0.000000;0.000000;2.000000;8.738594;-327.959778;1957.766968;0.022149;0.000000;0.000000;0.000000;0.000000;2.000000;14.434845;-470.687317;1925.736328;0.025893;0.000000;0.000000;0.000000;0.000000;2.000000;28.304443;-693.051941;1929.663452;0.154195;0.000000;0.000000;0.000000;0.000000;2.000000;0.462807;-658.621094;1905.784180;0.124466;0.000000;0.000000;0.000000;0.000000;2.000000;-119.405762;-621.924438;1829.544800;0.079387;0.000000;0.000000;0.000000;0.000000;2.000000;-152.960663;-342.340515;1795.584717;0.137864;0.000000;0.000000;0.000000;0.000000;2.000000;-237.512512;-137.357620;1882.202148;0.163981;0.000000;0.000000;0.000000;0.000000;2.000000;-320.908997;-109.585426;1927.386230;0.311076;0.000000;0.000000;0.000000;0.000000;0.000000;-361.899048;-14.052988;1966.027222;1.725860;0.000000;0.000000;0.000000;0.000000;0.000000;-325.238251;-36.616497;1916.255859;0.303141;0.000000;0.000000;0.000000;0.000000;0.000000;52.872295;-653.947937;1950.531006;0.141096;0.000000;0.000000;0.000000;0.000000;2.000000;154.190430;-590.537292;2013.245117;0.110649;0.000000;0.000000;0.000000;0.000000;2.000000;187.283661;-318.216949;2104.159912;0.735063;0.000000;0.000000;0.000000;0.000000;2.000000;109.450760;-163.632050;2271.966064;1.095616;0.000000;0.000000;0.000000;0.000000;1.000000;119.509262;-60.152985;2249.270752;0.724292;0.000000;0.000000;0.000000;0.000000;0.000000;176.336609;24.524220;2210.749023;0.315305;0.000000;0.000000;0.000000;0.000000;0.000000;163.731339;-62.991371;2183.944580;0.438381;0.000000;0.000000;0.000000;0.000000;0.000000;-75.847794;-140.894638;1945.938110;0.007922;0.000000;0.000000;0.000000;0.000000;2.000000;-111.017456;265.172058;1997.962891;0.226142;0.000000;0.000000;0.000000;0.000000;2.000000;105.560150;591.973328;1975.633545;0.664995;0.000000;0.000000;0.000000;0.000000;2.000000;6.928726;752.235229;1936.141968;0.691570;0.000000;0.000000;0.000000;0.000000;2.000000;68.395279;-158.210709;2048.749756;0.007143;0.000000;0.000000;0.000000;0.000000;2.000000;2.787674;229.560638;2166.221191;0.094798;0.000000;0.000000;0.000000;0.000000;2.000000;80.999146;607.194763;2072.731445;0.498104;0.000000;0.000000;0.000000;0.000000;2.000000;-20.278366;720.088989;2163.803467;0.654774;0.000000;0.000000;0.000000;0.000000;2.000000;24.538185;-775.953796;1941.599854;0.204524;0.000000;0.000000;0.000000;0.000000;2.000000;-106.990616;-842.109985;2015.927002;0.283138;0.000000;0.000000;0.000000;0.000000;2.000000;-87.730789;-868.316101;1968.570923;0.262047;0.000000;0.000000;0.000000;0.000000;2.000000;-22.757462;-830.967407;1862.205688;0.168853;0.000000;0.000000;0.000000;0.000000;2.000000;-63.093445;-871.990356;2016.101563;0.293968;0.000000;0.000000;0.000000;0.000000;1.000000;69.402863;-852.587708;2003.763428;0.285508;0.000000;0.000000;0.000000;0.000000;1.000000;5872699904.000000
0.000000;-150.000000;2000.000000;0.000000;0.000000;0.000000;0.000000;0.000000;2.000000;10.781662;-327.585449;1964.875000;0.222515;0.000000;0.000000;0.000000;0.000000;2.000000;19.296028;-469.587860;1936.921753;0.367955;0.000000;0.000000;0.000000;0.000000;2.000000;35.708870;-689.660278;1936.438965;0.318334;0.000000;0.000000;0.000000;0.000000;2.000000;7.173386;-655.478271;1914.086304;0.334378;0.000000;0.000000;0.000000;0.000000;2.000000;-114.999535;-622.330688;1842.744263;0.418312;0.000000;0.000000;0.000000;0.000000;2.000000;-151.051605;-346.308228;1805.123047;0.315672;0.000000;0.000000;0.000000;0.000000;2.000000;-230.233032;-134.575806;1872.073730;0.383998;0.000000;0.000000;0.000000;0.000000;2.000000;-317.316650;-123.412704;1915.344727;0.561422;0.000000;0.000000;0.000000;0.000000;0.000000;-307.564148;-14.185734;1921.527222;2.110340;0.000000;0.000000;0.000000;0.000000;0.000000;-326.186279;-41.156239;1916.461914;0.139491;0.000000;0.000000;0.000000;0.000000;0.000000;60.075424;-651.019043;1957.224121;0.308284;0.000000;0.000000;0.000000;0.000000;2.000000;160.870758;-588.856812;2019.240967;0.274412;0.000000;0.000000;0.000000;0.000000;2.000000;180.213379;-306.962677;2064.835205;1.247296;0.000000;0.000000;0.000000;0.000000;2.000000;84.760117;-146.886078;2214.042969;1.957775;0.000000;0.000000;0.000000;0.000000;1.000000;125.873177;-57.410507;2251.603760;0.219708;0.000000;0.000000;0.000000;0.000000;0.000000;183.363266;22.053696;2206.482666;0.257922;0.000000;0.000000;0.000000;0.000000;0.000000;170.796799;-66.048515;2180.659668;0.251503;0.000000;0.000000;0.000000;0.000000;0.000000;-72.165962;-142.962311;1942.267456;0.168121;0.000000;0.000000;0.000000;0.000000;2.000000;-111.614723;257.289856;2004.215820;0.302853;0.000000;0.000000;0.000000;0.000000;2.000000;67.610855;601.829468;1983.802612;1.203434;0.000000;0.000000;0.000000;0.000000;2.000000;-30.980095;764.731323;1986.133789;1.922235;0.000000;0.000000;0.000000;0.000000;2.000000;65.075211;-156.346207;2052.060059;0.151608;0.000000;0.000000;0.000000;0.000000;2.000000;10.430878;227.130356;2175.344971;0.365017;0.000000;0.000000;0.000000;0.000000;2.000000;81.860016;598.754761;2069.334961;0.274592;0.000000;0.000000;0.000000;0.000000;2.000000;-8.069359;737.863281;2126.410889;1.297016;0.000000;0.000000;0.000000;0.000000;2.000000;33.230675;-772.002930;1946.837402;0.327235;0.000000;0.000000;0.000000;0.000000;2.000000;-102.702568;-837.338501;2009.548584;0.271829;0.000000;0.000000;0.000000;0.000000;2.000000;-82.744881;-860.207520;1961.426758;0.357619;0.000000;0.000000;0.000000;0.000000;2.000000;-12.447205;-817.685791;1862.151978;0.505224;0.000000;0.000000;0.000000;0.000000;2.000000;-60.557945;-868.790405;2008.950684;0.247425;0.000000;0.000000;0.000000;0.000000;1.000000;71.756195;-854.621094;2003.534424;0.093706;0.000000;0.000000;0.000000;0.000000;1.000000;5872733184.000000
0.000000;-150.000000;2000.000000;0.000000;0.000000;0.000000;0.000000;0.000000;2.000000;11.599724;-328.033081;1964.359009;0.032024;0.000000;0.000000;0.000000;0.000000;2.000000;20.388573;-470.495056;1936.382446;0.045645;0.000000;0.000000;0.000000;0.000000;2.000000;24.788353;-691.579163;1947.376221;0.467982;0.000000;0.000000;0.000000;0.000000;2.000000;3.491707;-657.129517;1918.081787;0.170628;0.000000;0.000000;0.000000;0.000000;2.000000;-98.446838;-614.040894;1823.192505;0.809060;0.000000;0.000000;0.000000;0.000000;2.000000;-140.401810;-336.864136;1794.386475;0.535735;0.000000;0.000000;0.000000;0.000000;2.000000;-230.109894;-124.847733;1848.662476;0.761787;0.000000;0.000000;0.000000;0.000000;2.000000;-306.260864;-90.747353;1900.441650;1.128847;0.000000;0.000000;0.000000;0.000000;0.000000;-312.431366;-26.247543;1989.571289;2.081612;0.000000;0.000000;0.000000;0.000000;0.000000;-313.016785;-41.454483;1886.851196;0.973817;0.000000;0.000000;0.000000;0.000000;0.000000;46.235001;-653.007385;1971.615479;0.602928;0.000000;0.000000;0.000000;0.000000;2.000000;119.737831;-592.000610;2065.752197;1.868086;0.000000;0.000000;0.000000;0.000000;2.000000;139.336380;-311.418640;2123.544678;2.153755;0.000000;0.000000;0.000000;0.000000;1.000000;43.547112;-113.233299;2217.973145;1.603134;0.000000;0.000000;0.000000;0.000000;1.000000;113.794693;-38.191525;2242.737549;0.732254;0.000000;0.000000;0.000000;0.000000;0.000000;200.436310;11.462954;2200.795898;0.627416;0.000000;0.000000;0.000000;0.000000;0.000000;154.119629;-67.634483;2174.974609;0.531573;0.000000;0.000000;0.000000;0.000000;0.000000;-68.589981;-142.002487;1937.727417;0.176034;0.000000;0.000000;0.000000;0.000000;2.000000;-129.295502;257.564148;1995.473145;0.592732;0.000000;0.000000;0.000000;0.000000;2.000000;43.688942;607.209717;1988.072510;0.747851;0.000000;0.000000;0.000000;0.000000;2.000000;-63.314178;765.409546;1983.413574;0.975222;0.000000;0.000000;0.000000;0.000000;2.000000;61.850609;-157.211716;2056.153809;0.158732;0.000000;0.000000;0.000000;0.000000;2.000000;14.565964;233.088654;2164.525391;0.391391;0.000000;0.000000;0.000000;0.000000;2.000000;77.319458;613.350342;2081.380615;0.584777;0.000000;0.000000;0.000000;0.000000;2.000000;-1.013397;747.430847;2163.735107;1.177034;0.000000;0.000000;0.000000;0.000000;2.000000;15.728836;-773.424011;1959.977051;0.658995;0.000000;0.000000;0.000000;0.000000;2.000000;-126.932800;-831.641663;2015.755859;0.770830;0.000000;0.000000;0.000000;0.000000;2.000000;-104.884125;-856.760071;1969.484741;0.715474;0.000000;0.000000;0.000000;0.000000;2.000000;-26.527908;-819.856995;1873.506348;0.547421;0.000000;0.000000;0.000000;0.000000;2.000000;-86.042664;-864.854126;2018.701660;0.828394;0.000000;0.000000;0.000000;0.000000;1.000000;47.255547;-856.086243;2021.397949;0.912163;0.000000;0.000000;0.000000;0.000000;1.000000;5872766464.000000
0.000000;-150.000000;2000.000000;0.000000;0.000000;0.000000;0.000000;0.000000;2.000000;13.293839;-328.347565;1970.473877;0.188003;0.000000;0.000000;0.000000;0.000000;2.000000;23.690598;-470.966522;1947.000610;0.329360;0.000000;0.000000;0.000000;0.000000;2.000000;23.323357;-691.523682;1943.666626;0.118039;0.000000;0.000000;0.000000;0.000000;2.000000;12.295296;-654.875366;1911.802124;0.326888;0.000000;0.000000;0.000000;0.000000;2.000000;-40.605865;-595.173828;1790.424805;2.044960;0.000000;0.000000;0.000000;0.000000;2.000000;-79.619690;-318.475952;1763.089966;2.095050;0.000000;0.000000;0.000000;0.000000;2.000000;-208.465790;-125.667267;1804.984131;1.442763;0.000000;0.000000;0.000000;0.000000;2.000000;-273.093170;-78.308357;1861.128174;1.566009;0.000000;0.000000;0.000000;0.000000;2.000000;-285.747864;9.911282;1925.236816;2.322308;0.000000;0.000000;0.000000;0.000000;0.000000;-287.383057;-34.574718;1845.848267;1.445408;0.000000;0.000000;0.000000;0.000000;2.000000;36.428879;-655.276245;1975.774902;0.322288;0.000000;0.000000;0.000000;0.000000;2.000000;67.785294;-599.398438;2093.026611;1.750155;0.000000;0.000000;0.000000;0.000000;2.000000;107.280975;-321.537354;2148.481689;1.238589;0.000000;0.000000;0.000000;0.000000;1.000000;27.762672;-101.708420;2196.424561;0.860898;0.000000;0.000000;0.000000;0.000000;1.000000;101.933807;-31.046654;2220.967041;0.763520;0.000000;0.000000;0.000000;0.000000;0.000000;198.602753;3.383396;2187.581787;0.461547;0.000000;0.000000;0.000000;0.000000;0.000000;147.428482;-66.543610;2154.440186;0.639933;0.000000;0.000000;0.000000;0.000000;0.000000;-46.770554;-140.343826;1920.615723;0.822046;0.000000;0.000000;0.000000;0.000000;2.000000;-137.718658;254.972626;1950.562622;1.354375;0.000000;0.000000;0.000000;0.000000;2.000000;24.885162;607.491211;1970.506104;0.761542;0.000000;0.000000;0.000000;0.000000;2.000000;-83.648895;763.771729;1975.609375;0.646377;0.000000;0.000000;0.000000;0.000000;2.000000;42.175064;-158.707397;2071.584473;0.741280;0.000000;0.000000;0.000000;0.000000;2.000000;31.864784;244.043060;2124.246582;1.337133;0.000000;0.000000;0.000000;0.000000;2.000000;91.271576;630.916016;2091.033691;0.722693;0.000000;0.000000;0.000000;0.000000;2.000000;-6.662033;743.108398;2183.173828;0.612546;0.000000;0.000000;0.000000;0.000000;2.000000;10.440414;-773.435303;1947.237183;0.408200;0.000000;0.000000;0.000000;0.000000;2.000000;-123.779449;-830.704346;2020.449219;0.169610;0.000000;0.000000;0.000000;0.000000;2.000000;-101.517593;-862.299683;1978.733643;0.334232;0.000000;0.000000;0.000000;0.000000;2.000000;-30.769592;-838.529297;1873.758545;0.566693;0.000000;0.000000;0.000000;0.000000;2.000000;-80.211166;-859.305908;2027.302734;0.348602;0.000000;0.000000;0.000000;0.000000;1.000000;51.319191;-839.793091;2020.989990;0.497077;0.000000;0.000000;0.000000;0.000000;1.000000;5872800256.000000
0.000000;-150.000000;2000.000000;0.000000;0.000000;0.000000;0.000000;0.000000;2.000000;12.970947;-328.625122;1973.346191;0.087251;0.000000;0.000000;0.000000;0.000000;2.000000;23.688225;-471.380188;1951.895020;0.147592;0.000000;0.000000;0.000000;0.000000;2.000000;22.619164;-691.589355;1944.232422;0.027215;0.000000;0.000000;0.000000;0.000000;2.000000;15.546944;-654.308228;1912.064087;0.099493;0.000000;0.000000;0.000000;0.000000;2.000000;-23.190933;-594.894592;1785.496948;0.543896;0.000000;0.000000;0.000000;0.000000;2.000000;-59.310486;-318.893066;1751.148804;0.708032;0.000000;0.000000;0.000000;0.000000;2.000000;-185.419525;-122.385986;1781.040283;1.003446;0.000000;0.000000;0.000000;0.000000;2.000000;-252.968567;-75.151314;1833.548706;1.030256;0.000000;0.000000;0.000000;0.000000;2.000000;-266.574524;33.216175;1843.457275;2.619294;0.000000;0.000000;0.000000;0.000000;2.000000;-276.570740;-31.425213;1817.473145;0.917315;0.000000;0.000000;0.000000;0.000000;2.000000;32.084808;-656.087463;1978.308594;0.153064;0.000000;0.000000;0.000000;0.000000;1.000000;46.011200;-603.658020;2100.260498;0.701212;0.000000;0.000000;0.000000;0.000000;1.000000;85.996582;-327.412964;2161.543213;0.770867;0.000000;0.000000;0.000000;0.000000;1.000000;6.929054;-105.415169;2197.446777;0.636583;0.000000;0.000000;0.000000;0.000000;1.000000;81.063629;-33.881683;2218.891846;0.635933;0.000000;0.000000;0.000000;0.000000;0.000000;178.074341;-0.437279;2185.873779;0.629527;0.000000;0.000000;0.000000;0.000000;0.000000;126.014030;-65.944382;2148.939697;0.664595;0.000000;0.000000;0.000000;0.000000;0.000000;-36.108215;-139.995590;1915.381836;0.357054;0.000000;0.000000;0.000000;0.000000;2.000000;-152.794983;249.109070;1923.677368;0.942808;0.000000;0.000000;0.000000;0.000000;2.000000;-7.206039;606.457886;1967.120361;0.970128;0.000000;0.000000;0.000000;0.000000;2.000000;-111.391312;765.270752;1958.453125;0.981163;0.000000;0.000000;0.000000;0.000000;2.000000;32.560356;-159.021408;2076.303955;0.321970;0.000000;0.000000;0.000000;0.000000;2.000000;34.915855;245.272430;2111.981445;0.381568;0.000000;0.000000;0.000000;0.000000;2.000000;98.510895;632.106018;2095.068359;0.251584;0.000000;0.000000;0.000000;0.000000;2.000000;-5.645462;756.153931;2161.139893;0.770025;0.000000;0.000000;0.000000;0.000000;2.000000;9.018616;-773.370850;1944.682983;0.087860;0.000000;0.000000;0.000000;0.000000;2.000000;-127.695770;-827.896301;2014.921875;0.220345;0.000000;0.000000;0.000000;0.000000;2.000000;-108.169479;-856.993286;1970.209717;0.361905;0.000000;0.000000;0.000000;0.000000;2.000000;-37.371078;-828.667786;1866.577881;0.416782;0.000000;0.000000;0.000000;0.000000;2.000000;-86.126404;-859.789368;2018.397461;0.321567;0.000000;0.000000;0.000000;0.000000;1.000000;46.191147;-848.566162;2011.413574;0.419568;0.000000;0.000000;0.000000;0.000000;1.000000;5872833536.000000
0.000000;-150.000000;2000.000000;0.000000;0.000000;0.000000;0.000000;0.000000;2.000000;10.623230;-329.281158;1975.395264;0.095687;0.000000;0.000000;0.000000;0.000000;2.000000;20.175873;-472.487122;1955.336670;0.151458;0.000000;0.000000;0.000000;0.000000;2.000000;15.910286;-692.706909;1943.208984;0.206667;0.000000;0.000000;0.000000;0.000000;2.000000;11.607224;-654.662109;1911.359863;0.120727;0.000000;0.000000;0.000000;0.000000;2.000000;-13.031097;-590.376221;1783.462036;0.339661;0.000000;0.000000;0.000000;0.000000;2.000000;-19.378418;-312.661469;1742.549194;1.241591;0.000000;0.000000;0.000000;0.000000;2.000000;-135.265457;-109.586090;1772.015869;1.578799;0.000000;0.000000;0.000000;0.000000;2.000000;-211.744217;-88.619644;1829.323730;1.309315;0.000000;0.000000;0.000000;0.000000;2.000000;-209.720200;21.111074;1832.350220;1.778256;0.000000;0.000000;0.000000;0.000000;2.000000;-239.043503;-38.969009;1785.254150;1.503385;0.000000;0.000000;0.000000;0.000000;2.000000;23.702263;-657.990601;1978.577148;0.258415;0.000000;0.000000;0.000000;0.000000;1.000000;30.855431;-608.887817;2102.646484;0.487058;0.000000;0.000000;0.000000;0.000000;1.000000;74.548431;-336.040955;2176.784180;0.628708;0.000000;0.000000;0.000000;0.000000;1.000000;-7.708969;-114.763290;2211.749512;0.676067;0.000000;0.000000;0.000000;0.000000;1.000000;64.232857;-39.156075;2226.099121;0.572523;0.000000;0.000000;0.000000;0.000000;0.000000;159.287445;-1.727217;2191.315918;0.588995;0.000000;0.000000;0.000000;0.000000;0.000000;106.132965;-64.616394;2152.148438;0.606433;0.000000;0.000000;0.000000;0.000000;0.000000;-32.687073;-140.117081;1913.875610;0.112380;0.000000;0.000000;0.000000;0.000000;2.000000;-153.049637;248.422623;1910.510620;0.396247;0.000000;0.000000;0.000000;0.000000;2.000000;-26.082565;612.148438;1962.535400;0.608225;0.000000;0.000000;0.000000;0.000000;2.000000;-142.592636;762.108887;1949.479248;0.980162;0.000000;0.000000;0.000000;0.000000;2.000000;29.475388;-158.911880;2077.662354;0.101339;0.000000;0.000000;0.000000;0.000000;2.000000;32.102676;246.063416;2110.732910;0.095487;0.000000;0.000000;0.000000;0.000000;2.000000;104.940224;631.836548;2096.820801;0.200400;0.000000;0.000000;0.000000;0.000000;2.000000;-8.652908;739.783203;2175.021973;0.651259;0.000000;0.000000;0.000000;0.000000;2.000000;0.919952;-774.315308;1941.126221;0.267294;0.000000;0.000000;0.000000;0.000000;2.000000;-145.010544;-832.605347;1985.446045;1.036899;0.000000;0.000000;0.000000;0.000000;2.000000;-118.990219;-858.260986;1941.866943;0.912398;0.000000;0.000000;0.000000;0.000000;2.000000;-33.307373;-822.516846;1852.577026;0.475455;0.000000;0.000000;0.000000;0.000000;2.000000;-104.419815;-865.263306;1992.471680;0.967510;0.000000;0.000000;0.000000;0.000000;1.000000;27.606415;-855.262817;2006.322510;0.612978;0.000000;0.000000;0.000000;0.000000;1.000000;5872866816.000000
0.000000;-150.000000;2000.000000;0.000000;0.000000;0.000000;0.000000;0.000000;2.000000;11.020905;-328.273926;1972.584473;0.090510;0.000000;0.000000;0.000000;0.000000;2.000000;22.180000;-470.531250;1950.031250;0.180262;0.000000;0.000000;0.000000;0.000000;2.000000;19.557083;-689.516235;1930.113770;0.419560;0.000000;0.000000;0.000000;0.000000;2.000000;18.597137;-650.526428;1899.394043;0.434549;0.000000;0.000000;0.000000;0.000000;2.000000;8.826889;-583.353943;1771.494995;0.777946;0.000000;0.000000;0.000000;0.000000;2.000000;3.056381;-305.185883;1740.897461;0.712293;0.000000;0.000000;0.000000;0.000000;2.000000;-104.277283;-96.907227;1757.931396;1.091450;0.000000;0.000000;0.000000;0.000000;2.000000;-183.523804;-60.758621;1801.820313;1.450132;0.000000;0.000000;0.000000;0.000000;2.000000;-170.922333;47.943726;1799.877319;1.720828;0.000000;0.000000;0.000000;0.000000;2.000000;-176.638672;17.210194;1770.925293;2.559521;0.000000;0.000000;0.000000;0.000000;2.000000;23.496567;-656.140686;1967.149902;0.347892;0.000000;0.000000;0.000000;0.000000;1.000000;15.129761;-611.184875;2092.261230;0.570460;0.000000;0.000000;0.000000;0.000000;1.000000;52.408226;-342.509216;2180.370605;0.701408;0.000000;0.000000;0.000000;0.000000;1.000000;-26.254440;-120.732773;2215.359131;0.595376;0.000000;0.000000;0.000000;0.000000;1.000000;46.242340;-46.519012;2231.643555;0.607397;0.000000;0.000000;0.000000;0.000000;0.000000;142.492523;-10.790451;2199.507080;0.624036;0.000000;0.000000;0.000000;0.000000;0.000000;88.570007;-69.936684;2156.811279;0.568937;0.000000;0.000000;0.000000;0.000000;0.000000;-25.190903;-138.017670;1911.955811;0.240921;0.000000;0.000000;0.000000;0.000000;2.000000;-149.888062;247.714676;1902.527100;0.258891;0.000000;0.000000;0.000000;0.000000;2.000000;-48.313705;618.654907;1950.123291;0.789652;0.000000;0.000000;0.000000;0.000000;2.000000;-167.878662;764.071228;1926.350342;1.031389;0.000000;0.000000;0.000000;0.000000;2.000000;22.715744;-160.805008;2079.393066;0.217246;0.000000;0.000000;0.000000;0.000000;2.000000;40.332962;243.031754;2105.460938;0.307494;0.000000;0.000000;0.000000;0.000000;2.000000;114.969772;627.302917;2094.476318;0.338147;0.000000;0.000000;0.000000;0.000000;2.000000;1.228867;748.791504;2147.231934;0.926673;0.000000;0.000000;0.000000;0.000000;2.000000;5.038055;-770.720154;1923.706543;0.548597;0.000000;0.000000;0.000000;0.000000;2.000000;-144.960693;-818.511536;1965.028564;0.745478;0.000000;0.000000;0.000000;0.000000;2.000000;-118.878998;-847.768433;1924.065552;0.620910;0.000000;0.000000;0.000000;0.000000;2.000000;-28.383606;-821.650208;1836.792236;0.497524;0.000000;0.000000;0.000000;0.000000;2.000000;-106.643539;-852.738708;1975.350098;0.640919;0.000000;0.000000;0.000000;0.000000;2.000000;24.716148;-849.034790;1993.869629;0.427292;0.000000;0.000000;0.000000;0.000000;1.000000;5872900096.000000
0.000000;-150.000000;2000.000000;0.000000;0.000000;0.000000;0.000000;0.000000;2.000000;10.177490;-327.452271;1973.059326;0.038150;0.000000;0.000000;0.000000;0.000000;2.000000;22.855621;-468.863770;1950.751465;0.058232;0.000000;0.000000;0.000000;0.000000;2.000000;15.634354;-685.819702;1923.578003;0.254556;0.000000;0.000000;0.000000;0.000000;2.000000;18.825302;-646.120483;1894.367432;0.200966;0.000000;0.000000;0.000000;0.000000;2.000000;24.345779;-573.222168;1770.249023;0.558152;0.000000;0.000000;0.000000;0.000000;2.000000;17.462952;-296.223389;1742.586792;0.512343;0.000000;0.000000;0.000000;0.000000;2.000000;-81.620865;-84.559067;1744.439697;0.874918;0.000000;0.000000;0.000000;0.000000;2.000000;-133.175171;-6.897751;1771.383423;2.396771;0.000000;0.000000;0.000000;0.000000;2.000000;-138.712189;90.472984;1819.796265;1.711157;0.000000;0.000000;0.000000;0.000000;2.000000;-150.644196;21.316668;1756.984009;0.894876;0.000000;0.000000;0.000000;0.000000;2.000000;16.946335;-653.885864;1961.708008;0.264703;0.000000;0.000000;0.000000;0.000000;1.000000;-4.301987;-611.965576;2085.613281;0.617557;0.000000;0.000000;0.000000;0.000000;1.000000;25.595993;-349.140198;2188.236572;0.862929;0.000000;0.000000;0.000000;0.000000;1.000000;-49.256897;-127.366043;2223.275879;0.757658;0.000000;0.000000;0.000000;0.000000;1.000000;22.221527;-53.203812;2240.767822;0.797797;0.000000;0.000000;0.000000;0.000000;0.000000;120.200607;-23.226219;2209.852539;0.827608;0.000000;0.000000;0.000000;0.000000;0.000000;67.547005;-79.423874;2164.228027;0.727996;0.000000;0.000000;0.000000;0.000000;0.000000;-16.442032;-137.353851;1910.490723;0.267293;0.000000;0.000000;0.000000;0.000000;2.000000;-146.286377;244.422485;1899.388062;0.174342;0.000000;0.000000;0.000000;0.000000;2.000000;-86.889084;624.389404;1926.432129;1.371133;0.000000;0.000000;0.000000;0.000000;2.000000;-214.078491;761.695313;1901.808228;1.573551;0.000000;0.000000;0.000000;0.000000;2.000000;14.826492;-161.403564;2080.714355;0.241030;0.000000;0.000000;0.000000;0.000000;2.000000;41.999168;240.073196;2102.253418;0.140352;0.000000;0.000000;0.000000;0.000000;2.000000;128.578949;619.848267;2094.995361;0.466521;0.000000;0.000000;0.000000;0.000000;2.000000;10.811462;743.456909;2126.897217;0.694224;0.000000;0.000000;0.000000;0.000000;2.000000;-0.544586;-765.853760;1913.171997;0.386937;0.000000;0.000000;0.000000;0.000000;2.000000;-149.606598;-819.224487;1947.093506;0.557114;0.000000;0.000000;0.000000;0.000000;2.000000;-118.151978;-850.948975;1912.665405;0.356304;0.000000;0.000000;0.000000;0.000000;2.000000;-22.249664;-828.813232;1831.232422;0.328948;0.000000;0.000000;0.000000;0.000000;2.000000;-110.511810;-848.852173;1964.750977;0.358581;0.000000;0.000000;0.000000;0.000000;1.000000;17.369659;-833.203125;1993.599854;0.524496;0.000000;0.000000;0.000000;0.000000;1.000000;5872933376.000000
0.000000;-150.000000;2000.000000;0.000000;0.000000;0.000000;0.000000;0.000000;2.000000;15.619080;-329.461792;1979.268555;0.255327;0.000000;0.000000;0.000000;0.000000;2.000000;31.102188;-472.644287;1962.728027;0.451458;0.000000;0.000000;0.000000;0.000000;2.000000;20.155975;-691.496765;1936.729370;0.451354;0.000000;0.000000;0.000000;0.000000;2.000000;26.188705;-651.833679;1907.195068;0.476438;0.000000;0.000000;0.000000;0.000000;2.000000;35.276077;-579.433044;1781.551880;0.507982;0.000000;0.000000;0.000000;0.000000;2.000000;33.119720;-300.532288;1748.414917;0.518421;0.000000;0.000000;0.000000;0.000000;2.000000;-52.962601;-81.106392;1744.654663;0.867377;0.000000;0.000000;0.000000;0.000000;2.000000;-77.400955;12.801634;1757.411865;1.826279;0.000000;0.000000;0.000000;0.000000;2.000000;-100.069580;96.798370;1824.436035;1.184820;0.000000;0.000000;0.000000;0.000000;2.000000;-77.304993;46.477745;1744.713867;2.358779;0.000000;0.000000;0.000000;0.000000;2.000000;19.872864;-658.952576;1974.928955;0.434431;0.000000;0.000000;0.000000;0.000000;1.000000;-4.630371;-617.424255;2099.594482;0.451101;0.000000;0.000000;0.000000;0.000000;1.000000;18.383606;-354.094727;2209.273438;0.684619;0.000000;0.000000;0.000000;0.000000;1.000000;-60.465164;-130.935806;2240.431885;0.625041;0.000000;0.000000;0.000000;0.000000;1.000000;7.201202;-51.758377;2256.464844;0.654259;0.000000;0.000000;0.000000;0.000000;0.000000;108.780510;-33.367458;2224.893066;0.644096;0.000000;0.000000;0.000000;0.000000;0.000000;60.892052;-89.546692;2177.502197;0.539999;0.000000;0.000000;0.000000;0.000000;0.000000;0.001801;-139.364578;1907.936035;0.503670;0.000000;0.000000;0.000000;0.000000;2.000000;-141.514465;242.050308;1900.212891;0.162033;0.000000;0.000000;0.000000;0.000000;2.000000;-92.835968;626.587280;1931.498657;0.243863;0.000000;0.000000;0.000000;0.000000;2.000000;-228.108337;749.017029;1877.019653;0.936830;0.000000;0.000000;0.000000;0.000000;2.000000;-0.001602;-159.590424;2083.018066;0.454180;0.000000;0.000000;0.000000;0.000000;1.000000;-53.466003;239.264908;2140.146484;3.086354;0.000000;0.000000;0.000000;0.000000;1.000000;88.077728;605.575928;2154.178711;2.197153;0.000000;0.000000;0.000000;0.000000;1.000000;-13.576904;746.628967;2175.640381;1.640512;0.000000;0.000000;0.000000;0.000000;1.000000;2.540604;-771.906372;1925.901855;0.433570;0.000000;0.000000;0.000000;0.000000;2.000000;-154.748718;-811.931641;1944.129150;0.282539;0.000000;0.000000;0.000000;0.000000;2.000000;-122.815918;-846.264648;1911.912109;0.199911;0.000000;0.000000;0.000000;0.000000;2.000000;-16.816025;-831.923035;1840.075562;0.325570;0.000000;0.000000;0.000000;0.000000;2.000000;-120.169067;-845.615417;1964.982666;0.306126;0.000000;0.000000;0.000000;0.000000;2.000000;6.219666;-842.359436;2006.803955;0.587675;0.000000;0.000000;0.000000;0.000000;1.000000;5872966656.000000
0.000000;-150.000000;2000.000000;0.000000;0.000000;0.000000;0.000000;0.000000;2.000000;14.524384;-334.897095;2006.396851;0.832004;0.000000;0.000000;0.000000;0.000000;2.000000;24.920242;-482.805664;2011.457886;1.507225;0.000000;0.000000;0.000000;0.000000;2.000000;13.691376;-707.932922;1997.608276;1.904721;0.000000;0.000000;0.000000;0.000000;2.000000;21.199936;-669.200623;1965.313965;1.828816;0.000000;0.000000;0.000000;0.000000;2.000000;39.520172;-597.920532;1836.105591;1.735496;0.000000;0.000000;0.000000;0.000000;2.000000;54.618614;-311.824829;1812.674927;2.064168;0.000000;0.000000;0.000000;0.000000;2.000000;-36.347961;-88.476990;1819.530151;2.315206;0.000000;0.000000;0.000000;0.000000;2.000000;-58.409607;8.878389;1811.286865;1.720519;0.000000;0.000000;0.000000;0.000000;2.000000;-82.981003;86.519173;1888.755737;2.023444;0.000000;0.000000;0.000000;0.000000;2.000000;-72.242279;45.877396;1806.913574;1.875249;0.000000;0.000000;0.000000;0.000000;2.000000;12.070786;-672.387695;2034.644409;1.854069;0.000000;0.000000;0.000000;0.000000;1.000000;-12.820023;-623.983032;2160.146484;1.846584;0.000000;0.000000;0.000000;0.000000;1.000000;-16.600952;-351.553406;2267.624512;2.045748;0.000000;0.000000;0.000000;0.000000;1.000000;-86.740189;-120.678001;2305.915039;2.142418;0.000000;0.000000;0.000000;0.000000;1.000000;-18.804474;-36.951385;2303.503418;1.675209;0.000000;0.000000;0.000000;0.000000;0.000000;90.689186;-51.289375;2300.144531;2.387125;0.000000;0.000000;0.000000;0.000000;0.000000;51.332474;-110.475922;2241.897949;2.054777;0.000000;0.000000;0.000000;0.000000;0.000000;4.344193;-152.935135;1905.297974;0.435413;0.000000;0.000000;0.000000;0.000000;2.000000;-159.255539;227.330582;1950.516968;1.662698;0.000000;0.000000;0.000000;0.000000;2.000000;-136.048752;624.312561;1966.375610;1.670014;0.000000;0.000000;0.000000;0.000000;2.000000;-284.402771;736.323914;1907.905884;1.966747;0.000000;0.000000;0.000000;0.000000;2.000000;-3.917343;-147.353256;2085.396973;0.392631;0.000000;0.000000;0.000000;0.000000;1.000000;-111.435623;249.393768;2149.195313;1.789047;0.000000;0.000000;0.000000;0.000000;1.000000;49.181534;617.840759;2135.647949;1.346050;0.000000;0.000000;0.000000;0.000000;1.000000;-52.222656;763.520874;2160.935059;1.342136;0.000000;0.000000;0.000000;0.000000;1.000000;-4.286423;-790.690735;1990.685791;2.037166;0.000000;0.000000;0.000000;0.000000;2.000000;-165.507767;-834.105896;1998.515869;1.794192;0.000000;0.000000;0.000000;0.000000;2.000000;-130.681778;-867.179443;1965.605591;1.747520;0.000000;0.000000;0.000000;0.000000;2.000000;-18.619080;-847.686279;1898.889404;1.830418;0.000000;0.000000;0.000000;0.000000;2.000000;-130.884171;-869.292603;2019.949585;1.826959;0.000000;0.000000;0.000000;0.000000;1.000000;-4.054764;-866.931152;2069.779297;2.054556;0.000000;0.000000;0.000000;0.000000;1.000000;5872999936.000000
0.000000;-150.000000;2000.000000;0.000000;0.000000;0.000000;0.000000;0.000000;2.000000;12.574326;-333.298096;1998.886719;0.238048;0.000000;0.000000;0.000000;0.000000;2.000000;20.831192;-479.947327;1997.873291;0.434848;0.000000;0.000000;0.000000;0.000000;2.000000;4.814392;-702.094116;1978.238403;0.663841;0.000000;0.000000;0.000000;0.000000;2.000000;14.651306;-663.219421;1947.578247;0.595843;0.000000;0.000000;0.000000;0.000000;2.000000;43.299591;-595.675293;1819.942383;0.503316;0.000000;0.000000;0.000000;0.000000;2.000000;80.232803;-316.718323;1777.374390;1.318751;0.000000;0.000000;0.000000;0.000000;2.000000;24.743912;-84.864258;1762.563354;2.512293;0.000000;0.000000;0.000000;0.000000;2.000000;18.783279;14.121468;1761.816406;2.759447;0.000000;0.000000;0.000000;0.000000;2.000000;16.511169;84.074707;1848.330688;3.227736;0.000000;0.000000;0.000000;0.000000;2.000000;-0.783630;47.420238;1742.254639;2.896095;0.000000;0.000000;0.000000;0.000000;2.000000;2.412735;-667.734619;2015.645020;0.655507;0.000000;0.000000;0.000000;0.000000;1.000000;-29.442673;-621.715820;2138.976563;0.811642;0.000000;0.000000;0.000000;0.000000;1.000000;-28.245804;-355.306427;2253.481201;0.561924;0.000000;0.000000;0.000000;0.000000;1.000000;-98.543472;-126.350594;2287.330811;0.683136;0.000000;0.000000;0.000000;0.000000;1.000000;-30.914230;-44.544441;2275.704834;0.939243;0.000000;0.000000;0.000000;0.000000;0.000000;78.155037;-50.997112;2280.854980;0.691287;0.000000;0.000000;0.000000;0.000000;0.000000;38.255920;-115.765549;2221.903564;0.735259;0.000000;0.000000;0.000000;0.000000;0.000000;6.367691;-148.994156;1906.317383;0.136595;0.000000;0.000000;0.000000;0.000000;2.000000;-155.564407;229.903564;1920.303955;0.917855;0.000000;0.000000;0.000000;0.000000;2.000000;-155.478745;623.790161;1930.548096;1.224771;0.000000;0.000000;0.000000;0.000000;2.000000;-307.039246;724.147400;1865.889282;1.480023;0.000000;0.000000;0.000000;0.000000;2.000000;-5.742020;-150.907028;2084.478027;0.123172;0.000000;0.000000;0.000000;0.000000;1.000000;-110.261551;245.383942;2125.031250;0.736858;0.000000;0.000000;0.000000;0.000000;1.000000;34.955856;616.043640;2117.388672;0.697608;0.000000;0.000000;0.000000;0.000000;1.000000;-69.215576;759.075806;2131.500977;1.029945;0.000000;0.000000;0.000000;0.000000;1.000000;-14.684494;-783.358398;1968.592285;0.766082;0.000000;0.000000;0.000000;0.000000;2.000000;-169.402573;-838.461609;1948.299927;1.519073;0.000000;0.000000;0.000000;0.000000;2.000000;-127.508286;-867.106323;1920.966919;1.344693;0.000000;0.000000;0.000000;0.000000;2.000000;-9.155426;-836.742065;1874.970459;0.839978;0.000000;0.000000;0.000000;0.000000;2.000000;-136.364700;-871.512756;1973.895142;1.395207;0.000000;0.000000;0.000000;0.000000;1.000000;-21.200195;-861.900146;2043.548340;0.953684;0.000000;0.000000;0.000000;0.000000;1.000000;5873033216.000000
0.000000;-150.000000;2000.000000;0.000000;0.000000;0.000000;0.000000;0.000000;2.000000;7.013870;-326.909546;1974.916260;0.763904;0.000000;0.000000;0.000000;0.000000;2.000000;13.681107;-468.285736;1954.803955;1.357855;0.000000;0.000000;0.000000;0.000000;2.000000;-0.306168;-684.202148;1931.640991;1.507702;0.000000;0.000000;0.000000;0.000000;2.000000;10.814209;-645.908936;1902.944092;1.443116;0.000000;0.000000;0.000000;0.000000;2.000000;40.334427;-578.825806;1779.826050;1.310460;0.000000;0.000000;0.000000;0.000000;2.000000;98.296349;-310.475067;1743.144287;1.178011;0.000000;0.000000;0.000000;0.000000;2.000000;71.046677;-81.211731;1715.970947;1.976821;0.000000;0.000000;0.000000;0.000000;2.000000;64.729263;15.027418;1712.338013;2.029072;0.000000;0.000000;0.000000;0.000000;2.000000;57.221252;56.623486;1812.052490;1.834407;0.000000;0.000000;0.000000;0.000000;2.000000;51.427933;49.653183;1698.990967;2.038575;0.000000;0.000000;0.000000;0.000000;2.000000;-4.735962;-651.315796;1968.355713;1.519423;0.000000;0.000000;0.000000;0.000000;1.000000;-44.206970;-604.398926;2085.041748;1.758987;0.000000;0.000000;0.000000;0.000000;1.000000;-35.288315;-349.463257;2205.771484;1.459717;0.000000;0.000000;0.000000;0.000000;1.000000;-107.992233;-128.098160;2239.403320;1.468788;0.000000;0.000000;0.000000;0.000000;1.000000;-39.485153;-49.995689;2236.953125;1.203752;0.000000;0.000000;0.000000;0.000000;0.000000;63.995956;-42.751152;2260.865479;0.776646;0.000000;0.000000;0.000000;0.000000;0.000000;32.428894;-112.304489;2196.200684;0.798720;0.000000;0.000000;0.000000;0.000000;0.000000;-5.713120;-137.417313;1909.658813;0.512700;0.000000;0.000000;0.000000;0.000000;2.000000;-136.369095;240.850983;1880.515137;1.367586;0.000000;0.000000;0.000000;0.000000;2.000000;-170.349625;622.795776;1884.850220;1.444318;0.000000;0.000000;0.000000;0.000000;2.000000;-311.171143;730.632568;1823.219482;1.302799;0.000000;0.000000;0.000000;0.000000;2.000000;5.151779;-161.346375;2081.464355;0.462328;0.000000;0.000000;0.000000;0.000000;2.000000;55.480042;235.549606;2105.990234;5.021676;0.000000;0.000000;0.000000;0.000000;2.000000;158.867523;609.012939;2107.275635;3.741656;0.000000;0.000000;0.000000;0.000000;2.000000;47.396530;738.781372;2131.357910;3.556640;0.000000;0.000000;0.000000;0.000000;2.000000;-18.544540;-763.172241;1920.038574;1.584262;0.000000;0.000000;0.000000;0.000000;2.000000;-165.441574;-828.795410;1912.627808;1.116894;0.000000;0.000000;0.000000;0.000000;2.000000;-123.028885;-858.532959;1891.083252;0.943816;0.000000;0.000000;0.000000;0.000000;2.000000;-10.048248;-830.690430;1840.040283;1.065558;0.000000;0.000000;0.000000;0.000000;2.000000;-131.254501;-853.719604;1942.613525;1.092218;0.000000;0.000000;0.000000;0.000000;1.000000;-19.858841;-824.997925;2005.951660;1.583475;0.000000;0.000000;0.000000;0.000000;1.000000;5873066496.000000
0.000000;-150.000000;2000.000000;0.000000;0.000000;0.000000;0.000000;0.000000;2.000000;5.908569;-326.770508;1974.917480;0.033474;0.000000;0.000000;0.000000;0.000000;2.000000;11.754395;-468.041138;1954.816528;0.058360;0.000000;0.000000;0.000000;0.000000;2.000000;-0.129761;-683.976196;1932.707520;0.033185;0.000000;0.000000;0.000000;0.000000;2.000000;11.689346;-645.843262;1904.160522;0.045071;0.000000;0.000000;0.000000;0.000000;2.000000;46.217651;-578.576294;1782.621094;0.195859;0.000000;0.000000;0.000000;0.000000;2.000000;108.575203;-311.368530;1746.893921;0.329863;0.000000;0.000000;0.000000;0.000000;2.000000;93.476875;-81.459099;1717.756958;0.676158;0.000000;0.000000;0.000000;0.000000;2.000000;93.591408;14.936148;1719.884399;0.896410;0.000000;0.000000;0.000000;0.000000;2.000000;107.232208;92.768105;1793.792480;1.933602;0.000000;0.000000;0.000000;0.000000;2.000000;93.556107;45.934879;1701.233643;1.272577;0.000000;0.000000;0.000000;0.000000;2.000000;-5.967499;-650.907898;1968.993164;0.043434;0.000000;0.000000;0.000000;0.000000;1.000000;-47.978760;-603.537903;2084.454834;0.117581;0.000000;0.000000;0.000000;0.000000;1.000000;-43.255249;-348.222961;2203.959229;0.248319;0.000000;0.000000;0.000000;0.000000;1.000000;-118.656677;-127.560608;2234.490723;0.353181;0.000000;0.000000;0.000000;0.000000;1.000000;-44.325684;-55.103817;2232.849365;0.244785;0.000000;0.000000;0.000000;0.000000;0.000000;52.683319;-41.345222;2274.202637;0.527198;0.000000;0.000000;0.000000;0.000000;0.000000;25.186203;-117.590851;2206.264893;0.405026;0.000000;0.000000;0.000000;0.000000;0.000000;-4.465134;-137.335114;1909.691895;0.037594;0.000000;0.000000;0.000000;0.000000;2.000000;-134.213623;240.887970;1881.405151;0.070081;0.000000;0.000000;0.000000;0.000000;2.000000;-169.086090;622.322876;1888.795654;0.125292;0.000000;0.000000;0.000000;0.000000;2.000000;-310.938049;725.788391;1822.760010;0.146379;0.000000;0.000000;0.000000;0.000000;2.000000;4.026413;-161.420471;2081.434814;0.033900;0.000000;0.000000;0.000000;0.000000;2.000000;64.404556;233.631363;2106.540527;0.274787;0.000000;0.000000;0.000000;0.000000;2.000000;171.283264;605.640930;2113.826660;0.433815;0.000000;0.000000;0.000000;0.000000;2.000000;59.951859;736.114624;2133.016357;0.388886;0.000000;0.000000;0.000000;0.000000;2.000000;-17.474915;-763.056824;1921.062012;0.044618;0.000000;0.000000;0.000000;0.000000;2.000000;-159.645660;-834.406860;1896.871460;0.531896;0.000000;0.000000;0.000000;0.000000;2.000000;-114.019043;-861.685791;1879.118896;0.459906;0.000000;0.000000;0.000000;0.000000;2.000000;2.132721;-827.724365;1840.797363;0.377396;0.000000;0.000000;0.000000;0.000000;2.000000;-127.669220;-858.734497;1929.573730;0.433401;0.000000;0.000000;0.000000;0.000000;1.000000;-24.829605;-827.313049;2004.727539;0.168823;0.000000;0.000000;0.000000;0.000000;1.000000;5873099776.000000
0.000000;-150.000000;2000.000000;0.000000;0.000000;0.000000;0.000000;0.000000;2.000000;8.823929;-326.102661;1971.114746;0.143170;0.000000;0.000000;0.000000;0.000000;2.000000;19.273178;-466.786011;1948.695923;0.289298;0.000000;0.000000;0.000000;0.000000;2.000000;3.995407;-681.935791;1921.242310;0.365601;0.000000;0.000000;0.000000;0.000000;2.000000;20.641159;-643.790649;1895.212280;0.379457;0.000000;0.000000;0.000000;0.000000;2.000000;74.034271;-575.933105;1781.013306;0.828247;0.000000;0.000000;0.000000;0.000000;2.000000;133.577942;-307.308167;1751.179199;0.760245;0.000000;0.000000;0.000000;0.000000;2.000000;133.452850;-76.509148;1724.945679;1.210870;0.000000;0.000000;0.000000;0.000000;2.000000;143.948120;19.166471;1730.966187;1.530981;0.000000;0.000000;0.000000;0.000000;2.000000;196.252487;110.886330;1754.685425;2.926883;0.000000;0.000000;0.000000;0.000000;2.000000;169.697479;36.401119;1695.913452;2.276282;0.000000;0.000000;0.000000;0.000000;2.000000;-5.628448;-649.210815;1957.042725;0.357336;0.000000;0.000000;0.000000;0.000000;1.000000;-57.684204;-605.878906;2070.001221;0.519843;0.000000;0.000000;0.000000;0.000000;1.000000;-54.077484;-355.633179;2199.941650;0.405943;0.000000;0.000000;0.000000;0.000000;1.000000;-114.103577;-130.712784;2233.687500;0.165593;0.000000;0.000000;0.000000;0.000000;1.000000;-34.664215;-64.206192;2240.634766;0.455392;0.000000;0.000000;0.000000;0.000000;0.000000;60.842056;-43.017967;2282.397949;0.345775;0.000000;0.000000;0.000000;0.000000;0.000000;30.416901;-123.172188;2216.867920;0.386903;0.000000;0.000000;0.000000;0.000000;0.000000;17.077332;-134.646957;1911.615601;0.644963;0.000000;0.000000;0.000000;0.000000;2.000000;-119.218628;241.399490;1883.994507;0.450566;0.000000;0.000000;0.000000;0.000000;2.000000;-157.340393;622.409668;1898.092651;0.443303;0.000000;0.000000;0.000000;0.000000;2.000000;-293.465149;734.639771;1834.248901;0.671987;0.000000;0.000000;0.000000;0.000000;2.000000;-15.399399;-163.844513;2079.700195;0.581592;0.000000;0.000000;0.000000;0.000000;1.000000;-20.374725;232.362793;2138.007324;2.676357;0.000000;0.000000;0.000000;0.000000;1.000000;114.828651;589.913330;2199.681396;3.076160;0.000000;0.000000;0.000000;0.000000;1.000000;27.025482;738.509399;2202.476318;2.275871;0.000000;0.000000;0.000000;0.000000;1.000000;-14.001862;-760.262329;1905.949097;0.466283;0.000000;0.000000;0.000000;0.000000;2.000000;-148.539764;-847.001465;1889.379272;0.544136;0.000000;0.000000;0.000000;0.000000;2.000000;-100.087891;-872.405396;1877.157593;0.523411;0.000000;0.000000;0.000000;0.000000;2.000000;14.149963;-834.218262;1837.021240;0.419387;0.000000;0.000000;0.000000;0.000000;2.000000;-115.880188;-863.159424;1926.218018;0.385641;0.000000;0.000000;0.000000;0.000000;2.000000;-19.060852;-811.643799;1998.261963;0.529875;0.000000;0.000000;0.000000;0.000000;1.000000;5873133568.000000
0.000000;-150.000000;2000.000000;0.000000;0.000000;0.000000;0.000000;0.000000;2.000000;8.612076;-328.415741;1972.792847;0.086104;0.000000;0.000000;0.000000;0.000000;2.000000;14.490219;-471.057343;1950.793457;0.202731;0.000000;0.000000;0.000000;0.000000;2.000000;4.879120;-689.205444;1925.005127;0.247396;0.000000;0.000000;0.000000;0.000000;2.000000;20.474838;-650.414795;1898.242188;0.218933;0.000000;0.000000;0.000000;0.000000;2.000000;70.086685;-579.153931;1782.392578;0.158600;0.000000;0.000000;0.000000;0.000000;2.000000;133.173416;-308.187378;1751.982422;0.037792;0.000000;0.000000;0.000000;0.000000;2.000000;159.403320;-75.975075;1728.182251;0.785967;0.000000;0.000000;0.000000;0.000000;2.000000;183.742172;18.428730;1725.701172;1.206359;0.000000;0.000000;0.000000;0.000000;2.000000;223.814011;120.140198;1720.718384;1.343465;0.000000;0.000000;0.000000;0.000000;2.000000;177.733246;50.895691;1712.342285;0.701204;0.000000;0.000000;0.000000;0.000000;2.000000;-5.535126;-656.076660;1960.984985;0.237912;0.000000;0.000000;0.000000;0.000000;1.000000;-56.007874;-615.014404;2077.199707;0.353094;0.000000;0.000000;0.000000;0.000000;1.000000;-63.016632;-361.549469;2207.682617;0.397309;0.000000;0.000000;0.000000;0.000000;1.000000;-126.980652;-135.759872;2246.547119;0.567473;0.000000;0.000000;0.000000;0.000000;1.000000;-48.094727;-66.475441;2248.154785;0.467514;0.000000;0.000000;0.000000;0.000000;0.000000;50.711456;-43.974049;2284.231934;0.310684;0.000000;0.000000;0.000000;0.000000;0.000000;18.458939;-126.390472;2223.748291;0.425676;0.000000;0.000000;0.000000;0.000000;0.000000;21.778427;-135.445099;1911.446777;0.143370;0.000000;0.000000;0.000000;0.000000;2.000000;-123.247498;241.664368;1877.639771;0.226230;0.000000;0.000000;0.000000;0.000000;2.000000;-151.964783;627.653320;1895.805176;0.235883;0.000000;0.000000;0.000000;0.000000;2.000000;-285.448090;750.696655;1840.664673;0.572697;0.000000;0.000000;0.000000;0.000000;2.000000;-19.638550;-163.124802;2079.852295;0.129282;0.000000;0.000000;0.000000;0.000000;1.000000;-61.475555;234.907211;2141.929199;1.242964;0.000000;0.000000;0.000000;0.000000;1.000000;66.031052;596.827515;2219.861328;1.600252;0.000000;0.000000;0.000000;0.000000;1.000000;-23.107880;746.864502;2223.760010;1.655689;0.000000;0.000000;0.000000;0.000000;1.000000;-11.223663;-769.017090;1910.341064;0.305921;0.000000;0.000000;0.000000;0.000000;2.000000;-154.637268;-844.130615;1893.755615;0.241460;0.000000;0.000000;0.000000;0.000000;2.000000;-109.489319;-869.172241;1870.346802;0.362110;0.000000;0.000000;0.000000;0.000000;2.000000;3.280930;-828.961060;1823.978027;0.534061;0.000000;0.000000;0.000000;0.000000;2.000000;-118.935211;-869.581055;1922.447021;0.241865;0.000000;0.000000;0.000000;0.000000;2.000000;-9.648712;-838.999023;1991.214111;0.894691;0.000000;0.000000;0.000000;0.000000;1.000000;5873166848.000000
0.000000;-150.000000;2000.000000;0.000000;0.000000;0.000000;0.000000;0.000000;2.000000;7.996078;-327.588135;1970.512939;0.075194;0.000000;0.000000;0.000000;0.000000;2.000000;10.776093;-469.516266;1945.985596;0.188335;0.000000;0.000000;0.000000;0.000000;2.000000;-4.422012;-686.022705;1914.681519;0.428349;0.000000;0.000000;0.000000;0.000000;2.000000;13.496063;-647.265259;1889.626465;0.346341;0.000000;0.000000;0.000000;0.000000;2.000000;71.929031;-575.483765;1778.807617;0.163800;0.000000;0.000000;0.000000;0.000000;2.000000;145.215698;-307.608276;1750.913696;0.363686;0.000000;0.000000;0.000000;0.000000;2.000000;183.415680;-77.620789;1727.963257;0.723248;0.000000;0.000000;0.000000;0.000000;2.000000;199.713608;17.867025;1736.675781;0.582533;0.000000;0.000000;0.000000;0.000000;2.000000;235.010391;120.679283;1746.430542;0.842828;0.000000;0.000000;0.000000;0.000000;2.000000;192.469269;50.825436;1725.622803;0.596080;0.000000;0.000000;0.000000;0.000000;2.000000;-15.356689;-653.482300;1950.856323;0.431044;0.000000;0.000000;0.000000;0.000000;1.000000;-70.914825;-614.604614;2065.074707;0.577518;0.000000;0.000000;0.000000;0.000000;1.000000;-81.427399;-366.338745;2203.405762;0.585887;0.000000;0.000000;0.000000;0.000000;1.000000;-140.883820;-141.127716;2248.387207;0.451219;0.000000;0.000000;0.000000;0.000000;1.000000;-60.728607;-73.943138;2253.676758;0.471165;0.000000;0.000000;0.000000;0.000000;0.000000;37.149506;-48.505562;2289.468994;0.457568;0.000000;0.000000;0.000000;0.000000;0.000000;4.676208;-133.446655;2230.573242;0.508455;0.000000;0.000000;0.000000;0.000000;0.000000;23.355423;-134.385254;1912.292480;0.062493;0.000000;0.000000;0.000000;0.000000;2.000000;-121.928223;240.871887;1872.575317;0.159048;0.000000;0.000000;0.000000;0.000000;2.000000;-143.656830;626.253540;1891.105835;0.289875;0.000000;0.000000;0.000000;0.000000;2.000000;-277.833954;752.225098;1847.151978;0.304060;0.000000;0.000000;0.000000;0.000000;2.000000;-21.060608;-164.080490;2079.089844;0.056351;0.000000;0.000000;0.000000;0.000000;1.000000;-77.795349;230.465988;2144.398438;0.513600;0.000000;0.000000;0.000000;0.000000;1.000000;38.324661;593.632324;2228.774902;0.879801;0.000000;0.000000;0.000000;0.000000;1.000000;-54.096375;740.951660;2236.744873;1.025100;0.000000;0.000000;0.000000;0.000000;1.000000;-22.285248;-764.713135;1897.472290;0.526046;0.000000;0.000000;0.000000;0.000000;2.000000;-149.847992;-859.403687;1864.252686;1.008572;0.000000;0.000000;0.000000;0.000000;2.000000;-98.547180;-880.521240;1853.372314;0.696094;0.000000;0.000000;0.000000;0.000000;2.000000;15.911606;-831.004639;1824.342041;0.384619;0.000000;0.000000;0.000000;0.000000;2.000000;-118.273376;-876.551514;1902.197144;0.643817;0.000000;0.000000;0.000000;0.000000;2.000000;-29.582703;-824.518066;1985.500488;0.759989;0.000000;0.000000;0.000000;0.000000;1.000000;5873200128.000000
0.000000;-150.000000;2000.000000;0.000000;0.000000;0.000000;0.000000;0.000000;2.000000;2.076538;-326.698120;1971.666504;0.183179;0.000000;0.000000;0.000000;0.000000;2.000000;1.982193;-467.947754;1948.880371;0.282152;0.000000;0.000000;0.000000;0.000000;2.000000;-14.516846;-683.865417;1925.656494;0.452730;0.000000;0.000000;0.000000;0.000000;2.000000;2.733826;-646.321106;1899.001953;0.429821;0.000000;0.000000;0.000000;0.000000;2.000000;61.772919;-580.842712;1785.903564;0.405613;0.000000;0.000000;0.000000;0.000000;2.000000;147.636414;-318.376770;1761.699219;0.463703;0.000000;0.000000;0.000000;0.000000;2.000000;185.865021;-89.983902;1739.136353;0.506097;0.000000;0.000000;0.000000;0.000000;2.000000;208.600983;2.558339;1754.941895;0.764304;0.000000;0.000000;0.000000;0.000000;2.000000;238.715195;106.491028;1761.307007;0.627668;0.000000;0.000000;0.000000;0.000000;2.000000;195.090149;44.650925;1752.113770;0.821124;0.000000;0.000000;0.000000;0.000000;2.000000;-24.348907;-650.285278;1960.712891;0.412254;0.000000;0.000000;0.000000;0.000000;1.000000;-80.627777;-604.337097;2070.828857;0.458540;0.000000;0.000000;0.000000;0.000000;1.000000;-88.088867;-354.710266;2202.786133;0.403116;0.000000;0.000000;0.000000;0.000000;1.000000;-151.781006;-130.847321;2239.415771;0.524700;0.000000;0.000000;0.000000;0.000000;1.000000;-73.489227;-64.827171;2257.559570;0.485451;0.000000;0.000000;0.000000;0.000000;0.000000;17.105789;-47.641670;2310.935303;0.882871;0.000000;0.000000;0.000000;0.000000;0.000000;-4.380371;-136.772629;2245.638672;0.537559;0.000000;0.000000;0.000000;0.000000;0.000000;7.022568;-135.480255;1909.964111;0.496823;0.000000;0.000000;0.000000;0.000000;2.000000;-145.181580;234.283646;1872.714233;0.726233;0.000000;0.000000;0.000000;0.000000;2.000000;-139.430939;617.161926;1898.688354;0.377711;0.000000;0.000000;0.000000;0.000000;2.000000;-271.421143;747.929749;1870.480713;0.738354;0.000000;0.000000;0.000000;0.000000;2.000000;-6.332550;-163.093079;2081.189209;0.448007;0.000000;0.000000;0.000000;0.000000;2.000000;37.029129;232.959167;2128.034180;3.485922;0.000000;0.000000;0.000000;0.000000;2.000000;205.027649;582.260193;2141.609619;5.662847;0.000000;0.000000;0.000000;0.000000;2.000000;132.781403;739.322876;2144.397217;6.263712;0.000000;0.000000;0.000000;0.000000;2.000000;-32.915070;-762.496582;1911.746460;0.538907;0.000000;0.000000;0.000000;0.000000;2.000000;-159.207214;-855.892456;1875.533691;0.452904;0.000000;0.000000;0.000000;0.000000;2.000000;-108.125183;-876.769287;1865.168701;0.470298;0.000000;0.000000;0.000000;0.000000;2.000000;6.013046;-827.316223;1838.723755;0.536187;0.000000;0.000000;0.000000;0.000000;2.000000;-128.420715;-873.510132;1913.421387;0.463756;0.000000;0.000000;0.000000;0.000000;1.000000;-41.503052;-823.153687;1998.181641;0.524567;0.000000;0.000000;0.000000;0.000000;1.000000;5873233408.000000
0.000000;-150.000000;2000.000000;0.000000;0.000000;0.000000;0.000000;0.000000;2.000000;3.096985;-326.136353;1968.132690;0.111804;0.000000;0.000000;0.000000;0.000000;2.000000;1.363922;-466.859985;1942.110474;0.206867;0.000000;0.000000;0.000000;0.000000;2.000000;-16.773621;-682.378296;1915.954102;0.302638;0.000000;0.000000;0.000000;0.000000;2.000000;2.474121;-644.843750;1890.659912;0.254682;0.000000;0.000000;0.000000;0.000000;2.000000;67.376099;-581.789795;1779.354492;0.260541;0.000000;0.000000;0.000000;0.000000;2.000000;160.813904;-321.085144;1765.332397;0.418717;0.000000;0.000000;0.000000;0.000000;2.000000;191.636047;-91.078430;1747.608154;0.309764;0.000000;0.000000;0.000000;0.000000;2.000000;215.921585;0.654820;1765.823120;0.398197;0.000000;0.000000;0.000000;0.000000;2.000000;242.304428;96.025276;1810.152222;1.504887;0.000000;0.000000;0.000000;0.000000;2.000000;204.835968;42.243813;1751.247925;0.302763;0.000000;0.000000;0.000000;0.000000;2.000000;-28.108154;-648.954651;1950.726807;0.323103;0.000000;0.000000;0.000000;0.000000;1.000000;-89.746338;-601.771851;2057.447754;0.492626;0.000000;0.000000;0.000000;0.000000;1.000000;-92.449585;-352.415100;2190.282715;0.403830;0.000000;0.000000;0.000000;0.000000;1.000000;-153.502625;-126.715591;2219.940430;0.600454;0.000000;0.000000;0.000000;0.000000;1.000000;-76.716125;-63.625214;2250.722656;0.230022;0.000000;0.000000;0.000000;0.000000;0.000000;5.306396;-49.423687;2317.276855;0.406057;0.000000;0.000000;0.000000;0.000000;0.000000;-8.737274;-141.698639;2247.881836;0.208785;0.000000;0.000000;0.000000;0.000000;0.000000;11.919937;-133.646393;1910.768677;0.158984;0.000000;0.000000;0.000000;0.000000;2.000000;-141.521057;235.316681;1869.528564;0.149079;0.000000;0.000000;0.000000;0.000000;2.000000;-128.004211;617.048706;1908.161499;0.446012;0.000000;0.000000;0.000000;0.000000;2.000000;-253.557190;746.626099;1855.385742;0.703843;0.000000;0.000000;0.000000;0.000000;2.000000;-10.748749;-164.746765;2080.463867;0.143363;0.000000;0.000000;0.000000;0.000000;2.000000;44.503571;229.566605;2130.419434;0.256847;0.000000;0.000000;0.000000;0.000000;2.000000;217.526871;576.376770;2147.666992;0.453255;0.000000;0.000000;0.000000;0.000000;2.000000;145.311737;733.428528;2153.509277;0.498094;0.000000;0.000000;0.000000;0.000000;2.000000;-35.443756;-760.640137;1900.285767;0.357039;0.000000;0.000000;0.000000;0.000000;2.000000;-163.387482;-852.974243;1867.048706;0.297439;0.000000;0.000000;0.000000;0.000000;2.000000;-112.680786;-876.392822;1861.133179;0.183221;0.000000;0.000000;0.000000;0.000000;2.000000;4.288391;-833.395508;1835.600952;0.211800;0.000000;0.000000;0.000000;0.000000;2.000000;-134.966156;-867.874939;1907.859375;0.308683;0.000000;0.000000;0.000000;0.000000;1.000000;-50.072021;-812.454529;1991.567383;0.457331;0.000000;0.000000;0.000000;0.000000;1.000000;5873266688.000000
0.000000;-150.000000;2000.000000;0.000000;0.000000;0.000000;0.000000;0.000000;2.000000;5.262665;-323.361267;1963.365112;0.178074;0.000000;0.000000;0.000000;0.000000;2.000000;6.663788;-461.842377;1933.285645;0.344103;0.000000;0.000000;0.000000;0.000000;2.000000;-11.139709;-674.910156;1904.639404;0.441141;0.000000;0.000000;0.000000;0.000000;2.000000;10.575470;-637.850830;1881.683472;0.419716;0.000000;0.000000;0.000000;0.000000;2.000000;87.571518;-578.785522;1777.960327;0.614940;0.000000;0.000000;0.000000;0.000000;2.000000;186.029419;-322.464844;1778.123779;0.850602;0.000000;0.000000;0.000000;0.000000;2.000000;200.310776;-93.214325;1759.392090;0.444340;0.000000;0.000000;0.000000;0.000000;2.000000;229.192093;-3.129664;1773.712280;0.477630;0.000000;0.000000;0.000000;0.000000;2.000000;252.919678;98.070419;1800.598267;0.433510;0.000000;0.000000;0.000000;0.000000;2.000000;229.339523;40.156094;1764.051758;0.833107;0.000000;0.000000;0.000000;0.000000;2.000000;-25.159180;-641.844116;1938.060303;0.445377;0.000000;0.000000;0.000000;0.000000;1.000000;-89.961212;-598.535278;2042.942139;0.446631;0.000000;0.000000;0.000000;0.000000;1.000000;-90.418396;-356.009003;2182.422363;0.266781;0.000000;0.000000;0.000000;0.000000;1.000000;-145.111359;-131.116211;2212.350342;0.364794;0.000000;0.000000;0.000000;0.000000;1.000000;-70.116425;-72.494179;2251.748291;0.333610;0.000000;0.000000;0.000000;0.000000;0.000000;6.569977;-51.961643;2321.281250;0.147429;0.000000;0.000000;0.000000;0.000000;0.000000;-5.609741;-144.444977;2252.545898;0.187836;0.000000;0.000000;0.000000;0.000000;0.000000;24.762939;-131.262207;1914.887573;0.411552;0.000000;0.000000;0.000000;0.000000;2.000000;-122.657074;235.786148;1872.774780;0.575331;0.000000;0.000000;0.000000;0.000000;2.000000;-109.228699;613.182617;1916.488159;0.627997;0.000000;0.000000;0.000000;0.000000;2.000000;-229.042786;746.468384;1866.196289;0.805069;0.000000;0.000000;0.000000;0.000000;2.000000;-22.329803;-166.896683;2076.749512;0.371114;0.000000;0.000000;0.000000;0.000000;1.000000;-23.205963;223.871536;2148.789063;2.115021;0.000000;0.000000;0.000000;0.000000;1.000000;141.650879;559.480713;2236.905762;3.556124;0.000000;0.000000;0.000000;0.000000;1.000000;67.506805;713.847412;2239.016113;3.523250;0.000000;0.000000;0.000000;0.000000;1.000000;-28.948181;-752.118042;1887.040039;0.511937;0.000000;0.000000;0.000000;0.000000;2.000000;-146.244507;-856.783203;1859.120605;0.578958;0.000000;0.000000;0.000000;0.000000;2.000000;-95.065918;-877.357178;1866.228149;0.551750;0.000000;0.000000;0.000000;0.000000;2.000000;21.955597;-834.300293;1848.370850;0.655585;0.000000;0.000000;0.000000;0.000000;2.000000;-124.266479;-859.899292;1905.488647;0.407275;0.000000;0.000000;0.000000;0.000000;2.000000;-55.710297;-781.927979;1984.030273;0.959879;0.000000;0.000000;0.000000;0.000000;1.000000;5873299968.000000
