posX0;posY0;posZ0;posVel0;rotX0;rotY0;rotZ0;rotVel0;confidence0;posX1;posY1;posZ1;posVel1;rotX1;rotY1;rotZ1;rotVel1;confidence1;posX2;posY2;posZ2;posVel2;rotX2;rotY2;rotZ2;rotVel2;confidence2;posX3;posY3;posZ3;posVel3;rotX3;rotY3;rotZ3;rotVel3;confidence3;posX4;posY4;posZ4;posVel4;rotX4;rotY4;rotZ4;rotVel4;confidence4;posX5;posY5;posZ5;posVel5;rotX5;rotY5;rotZ5;rotVel5;confidence5;posX6;posY6;posZ6;posVel6;rotX6;rotY6;rotZ6;rotVel6;confidence6;posX7;posY7;posZ7;posVel7;rotX7;rotY7;rotZ7;rotVel7;confidence7;posX8;posY8;posZ8;posVel8;rotX8;rotY8;rotZ8;rotVel8;confidence8;posX9;posY9;posZ9;posVel9;rotX9;rotY9;rotZ9;rotVel9;confidence9;posX10;posY10;posZ10;posVel10;rotX10;rotY10;rotZ10;rotVel10;confidence10;posX11;posY11;posZ11;posVel11;rotX11;rotY11;rotZ11;rotVel11;confidence11;posX12;posY12;posZ12;posVel12;rotX12;rotY12;rotZ12;rotVel12;confidence12;posX13;posY13;posZ13;posVel13;rotX13;rotY13;rotZ13;rotVel13;confidence13;posX14;posY14;posZ14;posVel14;rotX14;rotY14;rotZ14;rotVel14;confidence14;posX15;posY15;posZ15;posVel15;rotX15;rotY15;rotZ15;rotVel15;confidence15;posX16;posY16;posZ16;posVel16;rotX16;rotY16;rotZ16;rotVel16;confidence16;posX17;posY17;posZ17;posVel17;rotX17;rotY17;rotZ17;rotVel17;confidence17;posX18;posY18;posZ18;posVel18;rotX18;rotY18;rotZ18;rotVel18;confidence18;posX19;posY19;posZ19;posVel19;rotX19;rotY19;rotZ19;rotVel19;confidence19;posX20;posY20;posZ20;posVel20;rotX20;rotY20;rotZ20;rotVel20;confidence20;posX21;posY21;posZ21;posVel21;rotX21;rotY21;rotZ21;rotVel21;confidence21;posX22;posY22;posZ22;posVel22;rotX22;rotY22;rotZ22;rotVel22;confidence22;posX23;posY23;posZ23;posVel23;rotX23;rotY23;rotZ23;rotVel23;confidence23;posX24;posY24;posZ24;posVel24;rotX24;rotY24;rotZ24;rotVel24;confidence24;posX25;posY25;posZ25;posVel25;rotX25;rotY25;rotZ25;rotVel25;confidence25;posX26;posY26;posZ26;posVel26;rotX26;rotY26;rotZ26;rotVel26;confidence26;posX27;posY27;posZ27;posVel27;rotX27;rotY27;rotZ27;rotVel27;confidence27;posX28;posY28;posZ28;posVel28;rotX28;rotY28;rotZ28;rotVel28;confidence28;posX29;posY29;posZ29;posVel29;rotX29;rotY29;rotZ29;rotVel29;confidence29;posX30;posY30;posZ30;posVel30;rotX30;rotY30;rotZ30;rotVel30;confidence30;posX31;posY31;posZ31;posVel31;rotX31;rotY31;rotZ31;rotVel31;confidence31;TimeStamp
0.000000;-150.000000;2000.000000;0.000000;0.000000;0.000000;0.000000;0.000000;2.000000;1.679726;-331.493652;1959.582764;0.000000;0.000000;0.000000;0.000000;0.000000;2.000000;4.786850;-476.325012;1926.225342;0.000000;0.000000;0.000000;0.000000;0.000000;2.000000;23.940777;-700.045959;1898.192505;0.000000;0.000000;0.000000;0.000000;0.000000;2.000000;33.098866;-666.442444;1935.566284;0.000000;0.000000;0.000000;0.000000;0.000000;2.000000;87.991440;-630.416382;2069.313965;0.000000;0.000000;0.000000;0.000000;0.000000;2.000000;116.280167;-374.316406;2198.039063;0.000000;0.000000;0.000000;0.000000;0.000000;1.000000;255.498718;-177.382477;2181.493164;0.000000;0.000000;0.000000;0.000000;0.000000;1.000000;256.512756;-113.604988;2258.979980;0.000000;0.000000;0.000000;0.000000;0.000000;1.000000;254.340515;-50.503670;2352.238770;0.000000;0.000000;0.000000;0.000000;0.000000;1.000000;245.099182;-90.446762;2286.704590;0.000000;0.000000;0.000000;0.000000;0.000000;1.000000;6.480019;-660.000916;1870.992554;0.000000;0.000000;0.000000;0.000000;0.000000;2.000000;-30.558434;-599.337341;1753.791260;0.000000;0.000000;0.000000;0.000000;0.000000;2.000000;-13.557014;-311.132507;1701.111816;0.000000;0.000000;0.000000;0.000000;0.000000;2.000000;112.851204;-102.087837;1685.340454;0.000000;0.000000;0.000000;0.000000;0.000000;2.000000;136.268311;-15.018963;1744.908203;0.000000;0.000000;0.000000;0.000000;0.000000;2.000000;158.256699;8.820091;1850.750854;0.000000;0.000000;0.000000;0.000000;0.000000;2.000000;150.687683;0.098003;1739.283569;0.000000;0.000000;0.000000;0.000000;0.000000;2.000000;49.549343;-167.190735;2079.254150;0.000000;0.000000;0.000000;0.000000;0.000000;2.000000;140.930786;239.927567;2076.412598;0.000000;0.000000;0.000000;0.000000;0.000000;2.000000;43.500404;610.124268;2188.121338;0.000000;0.000000;0.000000;0.000000;0.000000;2.000000;192.319077;718.242065;2122.628418;0.000000;0.000000;0.000000;0.000000;0.000000;2.000000;-44.680824;-134.498352;1928.532959;0.000000;0.000000;0.000000;0.000000;0.000000;2.000000;-34.539543;281.266907;1956.206177;0.000000;0.000000;0.000000;0.000000;0.000000;2.000000;-77.176613;675.630127;2027.199829;0.000000;0.000000;0.000000;0.000000;0.000000;2.000000;55.470432;736.870117;1922.664185;0.000000;0.000000;0.000000;0.000000;0.000000;2.000000;43.929817;-781.334229;1882.653076;0.000000;0.000000;0.000000;0.000000;0.000000;2.000000;189.962891;-863.281494;1885.663696;0.000000;0.000000;0.000000;0.000000;0.000000;2.000000;156.901657;-866.080261;1933.647705;0.000000;0.000000;0.000000;0.000000;0.000000;2.000000;65.692047;-788.450195;1989.441040;0.000000;0.000000;0.000000;0.000000;0.000000;2.000000;145.847961;-894.182129;1888.286133;0.000000;0.000000;0.000000;0.000000;0.000000;2.000000;13.966087;-883.447571;1854.516235;0.000000;0.000000;0.000000;0.000000;0.000000;2.000000;10526499840.000000
0.000000;-150.000000;2000.000000;0.000000;0.000000;0.000000;0.000000;0.000000;2.000000;3.561279;-331.840881;1959.097656;0.058412;0.000000;0.000000;0.000000;0.000000;2.000000;9.071045;-476.837830;1925.095093;0.131994;0.000000;0.000000;0.000000;0.000000;2.000000;28.727455;-701.139282;1897.416382;0.147103;0.000000;0.000000;0.000000;0.000000;2.000000;37.132156;-667.453735;1935.069580;0.123926;0.000000;0.000000;0.000000;0.000000;2.000000;89.371284;-629.582764;2069.788086;0.049727;0.000000;0.000000;0.000000;0.000000;2.000000;74.077774;-369.033020;2193.313232;1.266382;0.000000;0.000000;0.000000;0.000000;2.000000;174.385834;-149.077881;2176.192383;2.547139;0.000000;0.000000;0.000000;0.000000;2.000000;156.617462;-112.915779;2268.390381;2.969339;0.000000;0.000000;0.000000;0.000000;2.000000;158.982330;-14.105879;2322.971191;3.142217;0.000000;0.000000;0.000000;0.000000;2.000000;136.374878;-82.062592;2290.247314;3.228712;0.000000;0.000000;0.000000;0.000000;2.000000;11.829926;-660.983765;1869.780151;0.164918;0.000000;0.000000;0.000000;0.000000;2.000000;-23.789917;-598.783936;1752.537598;0.204363;0.000000;0.000000;0.000000;0.000000;2.000000;-5.083649;-309.575043;1701.827393;0.255829;0.000000;0.000000;0.000000;0.000000;2.000000;107.660049;-91.919785;1689.719971;0.361853;0.000000;0.000000;0.000000;0.000000;2.000000;118.619110;0.355803;1745.415894;0.692835;0.000000;0.000000;0.000000;0.000000;2.000000;122.737717;35.704582;1850.535645;1.318266;0.000000;0.000000;0.000000;0.000000;2.000000;132.640274;15.542702;1741.325073;0.705536;0.000000;0.000000;0.000000;0.000000;2.000000;43.165131;-167.834244;2083.044678;0.220542;0.000000;0.000000;0.000000;0.000000;2.000000;108.707077;245.227234;2091.529297;1.064917;0.000000;0.000000;0.000000;0.000000;2.000000;-8.614380;614.712402;2189.204590;1.548520;0.000000;0.000000;0.000000;0.000000;2.000000;147.575378;727.986206;2156.143555;1.679300;0.000000;0.000000;0.000000;0.000000;2.000000;-38.923889;-133.918060;1925.114868;0.198872;0.000000;0.000000;0.000000;0.000000;2.000000;-21.711327;282.342468;1957.393677;0.382572;0.000000;0.000000;0.000000;0.000000;2.000000;-52.374207;679.899170;2022.299438;0.758753;0.000000;0.000000;0.000000;0.000000;2.000000;82.486534;737.900024;1917.965698;0.812055;0.000000;0.000000;0.000000;0.000000;2.000000;49.043056;-782.646729;1882.270508;0.156630;0.000000;0.000000;0.000000;0.000000;2.000000;195.445282;-864.466431;1890.291992;0.215199;0.000000;0.000000;0.000000;0.000000;2.000000;160.490784;-867.709595;1937.071045;0.154495;0.000000;0.000000;0.000000;0.000000;1.000000;66.765457;-790.522217;1990.031128;0.071230;0.000000;0.000000;0.000000;0.000000;1.000000;151.234390;-895.571289;1890.998291;0.183139;0.000000;0.000000;0.000000;0.000000;2.000000;20.382561;-884.879272;1852.183594;0.206434;0.000000;0.000000;0.000000;0.000000;2.000000;10526533632.000000
0.000000;-150.000000;2000.000000;0.000000;0.000000;0.000000;0.000000;0.000000;2.000000;3.682404;-330.292725;1956.396729;0.095078;0.000000;0.000000;0.000000;0.000000;2.000000;11.433815;-473.704468;1919.359497;0.212087;0.000000;0.000000;0.000000;0.000000;2.000000;27.892067;-697.929077;1898.740845;0.109002;0.000000;0.000000;0.000000;0.000000;2.000000;38.077026;-663.235718;1934.667725;0.132483;0.000000;0.000000;0.000000;0.000000;2.000000;89.396095;-632.557373;2070.772705;0.095625;0.000000;0.000000;0.000000;0.000000;2.000000;75.316559;-373.909332;2195.215820;0.164152;0.000000;0.000000;0.000000;0.000000;2.000000;168.832520;-151.600296;2198.091553;0.693747;0.000000;0.000000;0.000000;0.000000;2.000000;167.797379;-84.867706;2272.744141;0.930981;0.000000;0.000000;0.000000;0.000000;2.000000;171.201385;6.026680;2338.722168;0.864633;0.000000;0.000000;0.000000;0.000000;2.000000;145.126465;-63.525696;2293.509766;0.633451;0.000000;0.000000;0.000000;0.000000;2.000000;10.315422;-658.755615;1870.583008;0.085792;0.000000;0.000000;0.000000;0.000000;2.000000;-35.253265;-597.893066;1756.905762;0.375357;0.000000;0.000000;0.000000;0.000000;2.000000;-24.814362;-309.803986;1705.591431;0.613032;0.000000;0.000000;0.000000;0.000000;2.000000;94.732841;-98.084457;1682.347412;0.491580;0.000000;0.000000;0.000000;0.000000;2.000000;89.619942;-2.869381;1732.675293;0.971627;0.000000;0.000000;0.000000;0.000000;2.000000;110.631020;34.227226;1834.565186;0.613252;0.000000;0.000000;0.000000;0.000000;2.000000;104.524582;18.998123;1718.507690;1.110045;0.000000;0.000000;0.000000;0.000000;2.000000;40.715729;-169.343643;2083.421631;0.088553;0.000000;0.000000;0.000000;0.000000;2.000000;118.619926;239.540497;2091.355469;0.348801;0.000000;0.000000;0.000000;0.000000;2.000000;-32.971695;584.790894;2218.326416;1.475188;0.000000;0.000000;0.000000;0.000000;2.000000;101.253113;724.666382;2199.031250;1.929167;0.000000;0.000000;0.000000;0.000000;2.000000;-36.715164;-132.556976;1924.775024;0.079852;0.000000;0.000000;0.000000;0.000000;2.000000;-0.142601;281.128143;1946.510498;0.738203;0.000000;0.000000;0.000000;0.000000;2.000000;-32.460358;675.741699;2016.390991;0.646480;0.000000;0.000000;0.000000;0.000000;2.000000;99.749954;741.850830;1915.012207;0.547922;0.000000;0.000000;0.000000;0.000000;2.000000;46.763847;-779.714355;1885.659912;0.153445;0.000000;0.000000;0.000000;0.000000;2.000000;192.970657;-860.439941;1891.177002;0.146737;0.000000;0.000000;0.000000;0.000000;2.000000;159.847900;-862.233398;1939.006470;0.178333;0.000000;0.000000;0.000000;0.000000;2.000000;68.176971;-783.981689;1992.418335;0.216803;0.000000;0.000000;0.000000;0.000000;2.000000;149.143005;-891.476074;1894.436890;0.175227;0.000000;0.000000;0.000000;0.000000;2.000000;17.603500;-882.462891;1860.079346;0.265880;0.000000;0.000000;0.000000;0.000000;2.000000;10526566400.000000
0.000000;-150.000000;2000.000000;0.000000;0.000000;0.000000;0.000000;0.000000;2.000000;4.203117;-335.395996;1983.965088;0.829828;0.000000;0.000000;0.000000;0.000000;2.000000;0.612938;-483.820801;1973.938965;1.673590;0.000000;0.000000;0.000000;0.000000;2.000000;-2.413643;-710.284058;1970.350464;2.329955;0.000000;0.000000;0.000000;0.000000;2.000000;11.781792;-673.872864;2003.333374;2.198560;0.000000;0.000000;0.000000;0.000000;2.000000;77.445160;-640.972717;2133.142822;1.895713;0.000000;0.000000;0.000000;0.000000;2.000000;49.425613;-404.658112;2295.919189;3.208738;0.000000;0.000000;0.000000;0.000000;2.000000;161.303802;-191.790222;2268.944336;2.420834;0.000000;0.000000;0.000000;0.000000;2.000000;174.819092;-106.238930;2319.851563;1.544830;0.000000;0.000000;0.000000;0.000000;2.000000;171.346100;-10.417248;2379.143799;1.291390;0.000000;0.000000;0.000000;0.000000;2.000000;169.566422;-69.783043;2265.036133;1.125777;0.000000;0.000000;0.000000;0.000000;2.000000;-17.550446;-671.847656;1939.573730;2.235702;0.000000;0.000000;0.000000;0.000000;2.000000;-63.178131;-611.093811;1825.322754;2.221421;0.000000;0.000000;0.000000;0.000000;2.000000;-64.926849;-321.679443;1774.952759;2.397023;0.000000;0.000000;0.000000;0.000000;2.000000;44.352531;-104.829811;1742.039673;2.320129;0.000000;0.000000;0.000000;0.000000;2.000000;45.228851;-10.904128;1795.691772;2.293433;0.000000;0.000000;0.000000;0.000000;2.000000;66.278206;35.496113;1894.095337;2.197178;0.000000;0.000000;0.000000;0.000000;2.000000;62.491394;11.334625;1780.665894;2.232082;0.000000;0.000000;0.000000;0.000000;2.000000;35.558601;-156.802826;2087.974609;0.423288;0.000000;0.000000;0.000000;0.000000;2.000000;-20.050613;244.388458;2190.005615;5.038158;0.000000;0.000000;0.000000;0.000000;2.000000;-152.023346;603.100952;2305.106689;4.393248;0.000000;0.000000;0.000000;0.000000;2.000000;-17.139801;743.405762;2323.109131;5.105369;0.000000;0.000000;0.000000;0.000000;2.000000;-32.064774;-143.865601;1920.669556;0.381697;0.000000;0.000000;0.000000;0.000000;2.000000;-5.075577;269.366364;1971.588867;0.832604;0.000000;0.000000;0.000000;0.000000;2.000000;-26.173508;664.564087;2049.584961;1.053064;0.000000;0.000000;0.000000;0.000000;2.000000;114.621056;746.617920;1973.540405;1.792607;0.000000;0.000000;0.000000;0.000000;2.000000;9.171219;-794.413391;1963.170044;2.586128;0.000000;0.000000;0.000000;0.000000;2.000000;166.191208;-852.893799;1968.804688;2.440310;0.000000;0.000000;0.000000;0.000000;2.000000;132.822418;-861.628479;2015.926636;2.412758;0.000000;0.000000;0.000000;0.000000;2.000000;29.303566;-799.972656;2070.482422;2.623741;0.000000;0.000000;0.000000;0.000000;2.000000;127.311363;-890.323608;1969.863403;2.323951;0.000000;0.000000;0.000000;0.000000;2.000000;-3.951538;-899.524231;1932.826904;2.301383;0.000000;0.000000;0.000000;0.000000;2.000000;10526600192.000000
0.000000;-150.000000;2000.000000;0.000000;0.000000;0.000000;0.000000;0.000000;2.000000;-8.180794;-335.331604;2009.029663;0.853182;0.000000;0.000000;0.000000;0.000000;2.000000;-18.107201;-483.196991;2018.229004;1.467524;0.000000;0.000000;0.000000;0.000000;2.000000;-33.524918;-708.676392;2020.783813;1.809056;0.000000;0.000000;0.000000;0.000000;2.000000;-15.809052;-672.410156;2052.004395;1.707966;0.000000;0.000000;0.000000;0.000000;2.000000;57.846050;-636.671509;2176.285645;1.452050;0.000000;0.000000;0.000000;0.000000;2.000000;25.841003;-407.395386;2347.088379;1.721476;0.000000;0.000000;0.000000;0.000000;2.000000;139.388214;-198.000839;2307.538574;1.367644;0.000000;0.000000;0.000000;0.000000;2.000000;153.932861;-104.737206;2341.299805;0.914773;0.000000;0.000000;0.000000;0.000000;2.000000;158.031006;1.741421;2377.352783;0.552977;0.000000;0.000000;0.000000;0.000000;2.000000;147.038086;-69.915741;2316.309082;1.709109;0.000000;0.000000;0.000000;0.000000;2.000000;-48.027191;-670.288818;1989.827881;1.794252;0.000000;0.000000;0.000000;0.000000;2.000000;-94.495026;-610.861755;1875.574951;1.807013;0.000000;0.000000;0.000000;0.000000;2.000000;-115.278549;-323.966949;1819.128662;2.045369;0.000000;0.000000;0.000000;0.000000;2.000000;-3.686295;-110.127045;1779.024658;1.857234;0.000000;0.000000;0.000000;0.000000;2.000000;3.940117;-11.631507;1822.511230;1.502684;0.000000;0.000000;0.000000;0.000000;2.000000;2.251450;48.227760;1915.463379;2.096207;0.000000;0.000000;0.000000;0.000000;2.000000;20.990616;3.176731;1816.424194;1.690223;0.000000;0.000000;0.000000;0.000000;2.000000;48.040760;-148.132706;2081.850830;0.500038;0.000000;0.000000;0.000000;0.000000;2.000000;-7.059853;252.017975;2184.535645;0.489129;0.000000;0.000000;0.000000;0.000000;2.000000;-193.625900;572.398193;2330.132813;1.753032;0.000000;0.000000;0.000000;0.000000;2.000000;-113.316101;750.127319;2329.717773;2.949131;0.000000;0.000000;0.000000;0.000000;2.000000;-43.320480;-151.683823;1926.191406;0.450903;0.000000;0.000000;0.000000;0.000000;2.000000;-28.604034;259.116455;1992.173950;1.004021;0.000000;0.000000;0.000000;0.000000;2.000000;-40.551971;651.522949;2080.936035;1.125309;0.000000;0.000000;0.000000;0.000000;2.000000;88.421661;754.400818;2010.363403;1.399461;0.000000;0.000000;0.000000;0.000000;2.000000;-26.892593;-793.281067;2015.299194;1.934759;0.000000;0.000000;0.000000;0.000000;2.000000;129.218048;-853.385132;2016.745117;1.847647;0.000000;0.000000;0.000000;0.000000;2.000000;97.196098;-861.465210;2064.752930;1.844552;0.000000;0.000000;0.000000;0.000000;2.000000;-3.786949;-798.475159;2121.786133;1.863646;0.000000;0.000000;0.000000;0.000000;1.000000;90.052010;-890.282837;2019.132690;1.885118;0.000000;0.000000;0.000000;0.000000;2.000000;-42.032471;-898.170654;1986.015259;1.996743;0.000000;0.000000;0.000000;0.000000;2.000000;10526632960.000000
0.000000;-150.000000;2000.000000;0.000000;0.000000;0.000000;0.000000;0.000000;2.000000;-5.273582;-334.488129;1994.599854;0.436313;0.000000;0.000000;0.000000;0.000000;2.000000;-12.986221;-481.874817;1991.917358;0.794210;0.000000;0.000000;0.000000;0.000000;2.000000;-39.062408;-705.036499;1994.505615;0.801990;0.000000;0.000000;0.000000;0.000000;2.000000;-19.186874;-669.931396;2025.262085;0.801033;0.000000;0.000000;0.000000;0.000000;2.000000;60.967007;-635.680054;2144.808594;0.936521;0.000000;0.000000;0.000000;0.000000;2.000000;56.870720;-399.752869;2306.422852;1.530534;0.000000;0.000000;0.000000;0.000000;2.000000;155.939575;-181.162216;2301.432617;0.721706;0.000000;0.000000;0.000000;0.000000;2.000000;142.428223;-83.009293;2312.174805;1.127919;0.000000;0.000000;0.000000;0.000000;2.000000;115.216377;25.405071;2308.684082;2.495017;0.000000;0.000000;0.000000;0.000000;2.000000;128.115433;-51.834393;2299.365723;0.922650;0.000000;0.000000;0.000000;0.000000;2.000000;-52.162399;-666.166382;1964.029419;0.782759;0.000000;0.000000;0.000000;0.000000;2.000000;-103.989990;-612.537842;1850.173218;0.804038;0.000000;0.000000;0.000000;0.000000;2.000000;-123.664230;-326.944427;1795.664185;0.742636;0.000000;0.000000;0.000000;0.000000;2.000000;-19.967331;-112.260269;1748.260010;1.031973;0.000000;0.000000;0.000000;0.000000;2.000000;-1.891891;-26.541435;1810.227051;0.597173;0.000000;0.000000;0.000000;0.000000;2.000000;1.052727;30.967369;1903.860229;0.616491;0.000000;0.000000;0.000000;0.000000;2.000000;28.437416;-14.903145;1805.613037;0.661197;0.000000;0.000000;0.000000;0.000000;2.000000;39.846535;-153.640732;2085.466797;0.311159;0.000000;0.000000;0.000000;0.000000;2.000000;-58.508545;230.526871;2205.512695;1.762915;0.000000;0.000000;0.000000;0.000000;2.000000;-227.375381;562.239746;2340.583984;1.087892;0.000000;0.000000;0.000000;0.000000;2.000000;-123.699265;725.908569;2333.071777;0.786082;0.000000;0.000000;0.000000;0.000000;2.000000;-35.931366;-146.716980;1922.930786;0.280586;0.000000;0.000000;0.000000;0.000000;2.000000;-14.716049;263.196594;1976.043457;0.641363;0.000000;0.000000;0.000000;0.000000;2.000000;-20.877914;657.035767;2046.489014;1.185212;0.000000;0.000000;0.000000;0.000000;2.000000;114.564545;749.235229;1975.943970;1.288164;0.000000;0.000000;0.000000;0.000000;2.000000;-36.631485;-789.354858;1988.853760;0.842029;0.000000;0.000000;0.000000;0.000000;2.000000;120.356911;-843.687012;1996.632690;0.710895;0.000000;0.000000;0.000000;0.000000;2.000000;86.663956;-853.609619;2042.698853;0.759687;0.000000;0.000000;0.000000;0.000000;2.000000;-18.392151;-795.464478;2095.583008;0.892202;0.000000;0.000000;0.000000;0.000000;1.000000;82.679916;-881.734863;1996.642822;0.744663;0.000000;0.000000;0.000000;0.000000;2.000000;-46.612991;-893.594727;1957.522461;0.864677;0.000000;0.000000;0.000000;0.000000;2.000000;10526666752.000000
0.000000;-150.000000;2000.000000;0.000000;0.000000;0.000000;0.000000;0.000000;2.000000;-10.277588;-335.506531;2001.737427;0.267829;0.000000;0.000000;0.000000;0.000000;2.000000;-16.462265;-483.914001;2002.309570;0.340157;0.000000;0.000000;0.000000;0.000000;2.000000;-50.290207;-707.369507;2009.062744;0.565536;0.000000;0.000000;0.000000;0.000000;2.000000;-29.501709;-672.107544;2039.561035;0.542141;0.000000;0.000000;0.000000;0.000000;2.000000;47.833893;-639.523071;2162.531250;0.683308;0.000000;0.000000;0.000000;0.000000;2.000000;45.956467;-387.919373;2302.237305;0.507612;0.000000;0.000000;0.000000;0.000000;2.000000;131.310867;-161.956406;2301.261230;0.953139;0.000000;0.000000;0.000000;0.000000;2.000000;131.736313;-63.419800;2319.892578;0.720647;0.000000;0.000000;0.000000;0.000000;2.000000;118.750076;38.070652;2366.738770;1.816565;0.000000;0.000000;0.000000;0.000000;2.000000;111.515121;-27.875999;2302.889648;0.895987;0.000000;0.000000;0.000000;0.000000;2.000000;-61.758469;-668.472656;1977.446045;0.508289;0.000000;0.000000;0.000000;0.000000;2.000000;-108.799347;-614.392944;1860.738159;0.358746;0.000000;0.000000;0.000000;0.000000;2.000000;-137.627975;-328.983398;1799.915039;0.449773;0.000000;0.000000;0.000000;0.000000;2.000000;-32.254456;-112.797798;1755.279785;0.432166;0.000000;0.000000;0.000000;0.000000;2.000000;-15.548996;-16.898664;1802.006226;0.568546;0.000000;0.000000;0.000000;0.000000;2.000000;3.124924;37.438881;1896.524414;0.305158;0.000000;0.000000;0.000000;0.000000;2.000000;6.662842;-0.898259;1789.104126;0.937050;0.000000;0.000000;0.000000;0.000000;2.000000;35.374161;-151.134476;2088.118652;0.176147;0.000000;0.000000;0.000000;0.000000;2.000000;8.970108;258.954590;2158.522949;2.655124;0.000000;0.000000;0.000000;0.000000;1.000000;-146.618423;612.003174;2258.087402;3.836458;0.000000;0.000000;0.000000;0.000000;1.000000;-43.696686;777.439575;2247.937500;3.896666;0.000000;0.000000;0.000000;0.000000;1.000000;-31.898453;-148.976990;1920.539551;0.158838;0.000000;0.000000;0.000000;0.000000;2.000000;21.027237;262.697052;1954.837524;1.268417;0.000000;0.000000;0.000000;0.000000;2.000000;-7.291504;654.318970;2044.013062;0.429531;0.000000;0.000000;0.000000;0.000000;2.000000;118.793900;761.021973;1973.735718;0.388055;0.000000;0.000000;0.000000;0.000000;2.000000;-50.635208;-792.349121;2005.109009;0.661115;0.000000;0.000000;0.000000;0.000000;2.000000;111.702957;-832.766846;2009.373535;0.576184;0.000000;0.000000;0.000000;0.000000;2.000000;79.820404;-845.833252;2056.391602;0.523977;0.000000;0.000000;0.000000;0.000000;1.000000;-29.514282;-797.082031;2112.069336;0.608913;0.000000;0.000000;0.000000;0.000000;1.000000;77.352882;-874.274414;2010.025024;0.495024;0.000000;0.000000;0.000000;0.000000;2.000000;-51.986023;-897.648071;1973.365601;0.525314;0.000000;0.000000;0.000000;0.000000;2.000000;10526699520.000000
0.000000;-150.000000;2000.000000;0.000000;0.000000;0.000000;0.000000;0.000000;2.000000;-9.501740;-336.741791;2002.417480;0.047628;0.000000;0.000000;0.000000;0.000000;2.000000;-21.376022;-485.732697;2005.571533;0.182646;0.000000;0.000000;0.000000;0.000000;2.000000;-58.086624;-710.312073;2006.663940;0.256618;0.000000;0.000000;0.000000;0.000000;2.000000;-38.277130;-675.610046;2038.956787;0.280181;0.000000;0.000000;0.000000;0.000000;2.000000;38.783440;-640.922791;2162.689941;0.271053;0.000000;0.000000;0.000000;0.000000;2.000000;21.884842;-393.421997;2312.211426;0.788083;0.000000;0.000000;0.000000;0.000000;2.000000;127.458763;-175.554199;2290.089355;0.533122;0.000000;0.000000;0.000000;0.000000;2.000000;135.328873;-75.481049;2300.601563;0.681614;0.000000;0.000000;0.000000;0.000000;2.000000;135.199600;34.398720;2328.061279;1.248528;0.000000;0.000000;0.000000;0.000000;2.000000;123.697845;-37.063061;2273.124023;0.989840;0.000000;0.000000;0.000000;0.000000;2.000000;-67.683121;-670.480164;1975.046143;0.198274;0.000000;0.000000;0.000000;0.000000;2.000000;-108.776215;-611.797607;1857.279541;0.127964;0.000000;0.000000;0.000000;0.000000;2.000000;-136.179474;-324.644348;1794.865845;0.201622;0.000000;0.000000;0.000000;0.000000;2.000000;-28.710815;-107.844193;1749.527588;0.247915;0.000000;0.000000;0.000000;0.000000;2.000000;-13.156158;-11.667585;1797.676025;0.213069;0.000000;0.000000;0.000000;0.000000;2.000000;-13.506729;59.351357;1883.406372;0.901902;0.000000;0.000000;0.000000;0.000000;2.000000;7.323914;0.937105;1793.666748;0.146844;0.000000;0.000000;0.000000;0.000000;2.000000;26.229866;-150.144913;2091.903809;0.294333;0.000000;0.000000;0.000000;0.000000;2.000000;-137.941864;218.094574;2208.208008;4.746050;0.000000;0.000000;0.000000;0.000000;2.000000;-326.410858;552.103760;2325.419922;5.951534;0.000000;0.000000;0.000000;0.000000;2.000000;-234.725800;725.647034;2331.329102;6.355825;0.000000;0.000000;0.000000;0.000000;2.000000;-23.652603;-149.869308;1917.126221;0.265415;0.000000;0.000000;0.000000;0.000000;2.000000;29.537643;264.454041;1951.875732;0.271684;0.000000;0.000000;0.000000;0.000000;2.000000;8.151901;662.410706;2025.332397;0.756177;0.000000;0.000000;0.000000;0.000000;2.000000;142.671188;759.580933;1953.904419;0.919514;0.000000;0.000000;0.000000;0.000000;2.000000;-59.149033;-795.747498;2001.122437;0.295820;0.000000;0.000000;0.000000;0.000000;2.000000;104.589111;-835.012939;2005.169312;0.253407;0.000000;0.000000;0.000000;0.000000;2.000000;72.455200;-849.451599;2052.083008;0.274277;0.000000;0.000000;0.000000;0.000000;1.000000;-38.231552;-802.585938;2108.728027;0.320707;0.000000;0.000000;0.000000;0.000000;1.000000;70.401535;-877.107239;2004.815674;0.270387;0.000000;0.000000;0.000000;0.000000;2.000000;-59.418350;-901.037109;1966.944458;0.307475;0.000000;0.000000;0.000000;0.000000;2.000000;10526733312.000000
0.000000;-150.000000;2000.000000;0.000000;0.000000;0.000000;0.000000;0.000000;2.000000;-7.696487;-336.893677;1989.843140;0.375952;0.000000;0.000000;0.000000;0.000000;2.000000;-14.304031;-486.294220;1981.862915;0.732341;0.000000;0.000000;0.000000;0.000000;2.000000;-47.713806;-711.786011;1979.815674;0.852867;0.000000;0.000000;0.000000;0.000000;2.000000;-28.611984;-677.152466;2012.745972;0.827965;0.000000;0.000000;0.000000;0.000000;2.000000;42.677353;-640.354248;2139.608643;0.692896;0.000000;0.000000;0.000000;0.000000;2.000000;23.618500;-396.595673;2295.853760;0.495758;0.000000;0.000000;0.000000;0.000000;2.000000;142.620117;-187.506851;2258.037842;1.107274;0.000000;0.000000;0.000000;0.000000;2.000000;152.337753;-86.944969;2262.011719;1.293276;0.000000;0.000000;0.000000;0.000000;2.000000;159.423828;26.290615;2262.493652;2.082389;0.000000;0.000000;0.000000;0.000000;2.000000;139.602036;-61.040913;2227.626953;1.593034;0.000000;0.000000;0.000000;0.000000;2.000000;-57.708359;-671.625488;1948.590088;0.837393;0.000000;0.000000;0.000000;0.000000;2.000000;-97.285629;-612.259521;1830.364014;0.866161;0.000000;0.000000;0.000000;0.000000;2.000000;-129.355667;-325.761932;1764.785889;0.913367;0.000000;0.000000;0.000000;0.000000;2.000000;-23.323929;-107.267097;1721.915283;0.832705;0.000000;0.000000;0.000000;0.000000;2.000000;-9.636780;-15.401605;1778.705322;0.581569;0.000000;0.000000;0.000000;0.000000;2.000000;-11.829559;48.945694;1869.764160;0.510165;0.000000;0.000000;0.000000;0.000000;2.000000;23.678040;-3.408398;1773.505127;0.778933;0.000000;0.000000;0.000000;0.000000;2.000000;27.925018;-156.115784;2091.374512;0.184344;0.000000;0.000000;0.000000;0.000000;2.000000;-65.960007;243.434723;2182.170166;2.386119;0.000000;0.000000;0.000000;0.000000;2.000000;-315.783997;540.296143;2286.326172;1.248757;0.000000;0.000000;0.000000;0.000000;2.000000;-224.503922;710.213379;2324.927734;0.579643;0.000000;0.000000;0.000000;0.000000;2.000000;-25.181213;-144.485107;1917.603638;0.166232;0.000000;0.000000;0.000000;0.000000;2.000000;49.827621;268.595581;1925.137451;1.000819;0.000000;0.000000;0.000000;0.000000;2.000000;30.711227;668.463501;1992.522339;1.191844;0.000000;0.000000;0.000000;0.000000;2.000000;168.628738;750.301270;1908.643677;1.568263;0.000000;0.000000;0.000000;0.000000;2.000000;-47.459091;-797.299072;1973.159912;0.898065;0.000000;0.000000;0.000000;0.000000;2.000000;111.894264;-849.295288;1992.422607;0.606349;0.000000;0.000000;0.000000;0.000000;2.000000;74.373779;-861.173340;2036.071167;0.589973;0.000000;0.000000;0.000000;0.000000;2.000000;-37.399292;-805.686401;2082.403564;0.784786;0.000000;0.000000;0.000000;0.000000;1.000000;74.663185;-888.666260;1988.553833;0.603737;0.000000;0.000000;0.000000;0.000000;2.000000;-52.676361;-902.455811;1938.345093;0.870547;0.000000;0.000000;0.000000;0.000000;2.000000;10526767104.000000
0.000000;-150.000000;2000.000000;0.000000;0.000000;0.000000;0.000000;0.000000;2.000000;-4.191895;-334.985779;1986.085693;0.167265;0.000000;0.000000;0.000000;0.000000;2.000000;-14.684021;-482.663391;1976.768555;0.191265;0.000000;0.000000;0.000000;0.000000;2.000000;-40.351105;-707.001587;1975.344727;0.300702;0.000000;0.000000;0.000000;0.000000;2.000000;-22.938751;-671.959106;2008.020752;0.275478;0.000000;0.000000;0.000000;0.000000;2.000000;47.619400;-634.382385;2133.383301;0.303403;0.000000;0.000000;0.000000;0.000000;2.000000;34.930923;-399.673645;2298.790283;0.368831;0.000000;0.000000;0.000000;0.000000;2.000000;150.957443;-194.965439;2245.637695;0.509657;0.000000;0.000000;0.000000;0.000000;2.000000;159.223511;-95.189087;2243.033447;0.665503;0.000000;0.000000;0.000000;0.000000;2.000000;173.828400;15.772488;2232.806641;1.056914;0.000000;0.000000;0.000000;0.000000;2.000000;147.552628;-71.240204;2209.889893;0.669887;0.000000;0.000000;0.000000;0.000000;2.000000;-51.215820;-667.693542;1944.135498;0.268584;0.000000;0.000000;0.000000;0.000000;2.000000;-100.347260;-619.203613;1826.051392;0.266383;0.000000;0.000000;0.000000;0.000000;2.000000;-136.256195;-338.262207;1751.576538;0.593613;0.000000;0.000000;0.000000;0.000000;2.000000;-22.680695;-124.929237;1716.008667;0.568687;0.000000;0.000000;0.000000;0.000000;2.000000;-2.616653;-33.215752;1769.061646;0.654263;0.000000;0.000000;0.000000;0.000000;2.000000;7.397339;41.262749;1850.028320;0.872933;0.000000;0.000000;0.000000;0.000000;2.000000;24.762955;-21.134195;1764.631714;0.605848;0.000000;0.000000;0.000000;0.000000;2.000000;22.986038;-157.419083;2091.708740;0.156218;0.000000;0.000000;0.000000;0.000000;2.000000;-83.040802;236.188736;2176.579590;0.591374;0.000000;0.000000;0.000000;0.000000;2.000000;-313.521454;546.013794;2272.681641;0.456729;0.000000;0.000000;0.000000;0.000000;2.000000;-223.749329;716.233093;2303.207031;0.688234;0.000000;0.000000;0.000000;0.000000;2.000000;-20.727524;-143.309906;1917.302124;0.140869;0.000000;0.000000;0.000000;0.000000;2.000000;64.960434;263.515503;1929.532471;0.505271;0.000000;0.000000;0.000000;0.000000;2.000000;62.980453;663.372742;1972.051392;1.176522;0.000000;0.000000;0.000000;0.000000;2.000000;196.296463;742.649719;1882.165039;1.191815;0.000000;0.000000;0.000000;0.000000;2.000000;-37.225357;-791.676514;1969.122314;0.377043;0.000000;0.000000;0.000000;0.000000;2.000000;118.516968;-847.684998;1992.349365;0.208009;0.000000;0.000000;0.000000;0.000000;2.000000;80.070572;-857.758850;2034.886719;0.205886;0.000000;0.000000;0.000000;0.000000;1.000000;-29.893250;-798.879517;2077.621582;0.341935;0.000000;0.000000;0.000000;0.000000;1.000000;80.556450;-885.595398;1988.175049;0.203129;0.000000;0.000000;0.000000;0.000000;2.000000;-44.816727;-896.072388;1935.812378;0.318520;0.000000;0.000000;0.000000;0.000000;2.000000;10526799872.000000
0.000000;-150.000000;2000.000000;0.000000;0.000000;0.000000;0.000000;0.000000;2.000000;-6.648041;-335.820068;1998.077271;0.363072;0.000000;0.000000;0.000000;0.000000;2.000000;-16.551392;-484.146301;1997.677856;0.622776;0.000000;0.000000;0.000000;0.000000;2.000000;-46.600464;-708.410034;2000.431396;0.766207;0.000000;0.000000;0.000000;0.000000;2.000000;-29.030319;-672.955017;2032.744751;0.754109;0.000000;0.000000;0.000000;0.000000;2.000000;39.568878;-641.887756;2161.309814;0.888293;0.000000;0.000000;0.000000;0.000000;2.000000;33.940384;-397.025391;2312.867920;0.424916;0.000000;0.000000;0.000000;0.000000;2.000000;158.968460;-197.576904;2257.841309;0.438857;0.000000;0.000000;0.000000;0.000000;2.000000;158.673370;-97.307579;2253.487793;0.316081;0.000000;0.000000;0.000000;0.000000;2.000000;182.632721;11.178768;2235.032471;0.301168;0.000000;0.000000;0.000000;0.000000;2.000000;152.419205;-71.774719;2219.961914;0.331406;0.000000;0.000000;0.000000;0.000000;2.000000;-56.191040;-669.480957;1968.168213;0.728199;0.000000;0.000000;0.000000;0.000000;2.000000;-97.319092;-625.514404;1845.026611;0.598517;0.000000;0.000000;0.000000;0.000000;2.000000;-141.300476;-344.664490;1772.110229;0.653771;0.000000;0.000000;0.000000;0.000000;2.000000;-16.992416;-136.669739;1737.263916;0.738031;0.000000;0.000000;0.000000;0.000000;2.000000;1.432449;-45.445004;1792.186157;0.783339;0.000000;0.000000;0.000000;0.000000;2.000000;15.698425;34.790939;1867.108521;0.593722;0.000000;0.000000;0.000000;0.000000;2.000000;23.926025;-29.952171;1782.788574;0.597840;0.000000;0.000000;0.000000;0.000000;2.000000;22.786789;-151.769775;2092.248047;0.168042;0.000000;0.000000;0.000000;0.000000;2.000000;-107.561920;233.091537;2187.107422;0.795002;0.000000;0.000000;0.000000;0.000000;2.000000;-314.138580;557.256958;2293.234863;0.693523;0.000000;0.000000;0.000000;0.000000;2.000000;-207.525879;720.460266;2304.410889;0.497404;0.000000;0.000000;0.000000;0.000000;2.000000;-20.547836;-148.404114;1916.815918;0.151530;0.000000;0.000000;0.000000;0.000000;2.000000;61.347519;260.141602;1927.603882;0.157026;0.000000;0.000000;0.000000;0.000000;2.000000;67.484833;659.833862;1978.515015;0.255582;0.000000;0.000000;0.000000;0.000000;2.000000;205.906219;732.257996;1889.812378;0.476083;0.000000;0.000000;0.000000;0.000000;2.000000;-45.009277;-793.420410;1995.998291;0.829628;0.000000;0.000000;0.000000;0.000000;2.000000;108.690521;-856.774536;2016.326416;0.812632;0.000000;0.000000;0.000000;0.000000;2.000000;70.892960;-864.101501;2060.156250;0.817430;0.000000;0.000000;0.000000;0.000000;1.000000;-35.054596;-798.858704;2104.623535;0.813531;0.000000;0.000000;0.000000;0.000000;1.000000;68.726227;-892.900635;2013.944336;0.866507;0.000000;0.000000;0.000000;0.000000;2.000000;-58.665161;-898.164978;1965.030640;0.958855;0.000000;0.000000;0.000000;0.000000;2.000000;10526833664.000000
0.000000;-150.000000;2000.000000;0.000000;0.000000;0.000000;0.000000;0.000000;2.000000;-14.641098;-331.702698;1991.365967;0.342400;0.000000;0.000000;0.000000;0.000000;2.000000;-24.785461;-477.059631;1983.997803;0.533110;0.000000;0.000000;0.000000;0.000000;2.000000;-48.896271;-697.796936;1987.800537;0.508324;0.000000;0.000000;0.000000;0.000000;2.000000;-33.769989;-662.286194;2019.801636;0.531928;0.000000;0.000000;0.000000;0.000000;2.000000;23.669891;-629.395752;2150.193359;0.704159;0.000000;0.000000;0.000000;0.000000;2.000000;3.278290;-393.345520;2304.373047;0.977453;0.000000;0.000000;0.000000;0.000000;2.000000;147.530869;-212.374298;2252.122559;0.596839;0.000000;0.000000;0.000000;0.000000;2.000000;144.242584;-115.521301;2234.486328;0.916058;0.000000;0.000000;0.000000;0.000000;2.000000;136.541718;-7.724550;2211.295410;1.684052;0.000000;0.000000;0.000000;0.000000;2.000000;147.782730;-83.182129;2199.861084;0.719380;0.000000;0.000000;0.000000;0.000000;2.000000;-58.010590;-660.133545;1955.407227;0.485918;0.000000;0.000000;0.000000;0.000000;2.000000;-98.900787;-619.922668;1833.718262;0.388003;0.000000;0.000000;0.000000;0.000000;2.000000;-137.948059;-343.550842;1762.635254;0.308596;0.000000;0.000000;0.000000;0.000000;2.000000;-11.852234;-140.923782;1734.963379;0.215383;0.000000;0.000000;0.000000;0.000000;2.000000;5.151474;-47.748646;1782.686279;0.319176;0.000000;0.000000;0.000000;0.000000;2.000000;17.447311;42.484238;1841.936890;0.805026;0.000000;0.000000;0.000000;0.000000;2.000000;24.675751;-33.246475;1774.162109;0.282729;0.000000;0.000000;0.000000;0.000000;2.000000;26.254349;-156.357666;2089.274902;0.197570;0.000000;0.000000;0.000000;0.000000;2.000000;4.119553;248.908463;2143.779297;3.687485;0.000000;0.000000;0.000000;0.000000;1.000000;-163.101227;592.677185;2227.622070;5.140370;0.000000;0.000000;0.000000;0.000000;1.000000;-77.873474;763.312134;2209.084961;5.082168;0.000000;0.000000;0.000000;0.000000;1.000000;-23.674728;-144.267029;1919.496826;0.178156;0.000000;0.000000;0.000000;0.000000;2.000000;55.276367;257.103699;1922.469849;0.259751;0.000000;0.000000;0.000000;0.000000;2.000000;85.156357;650.262329;1953.166748;0.987201;0.000000;0.000000;0.000000;0.000000;2.000000;218.927216;729.417419;1869.942749;0.730141;0.000000;0.000000;0.000000;0.000000;2.000000;-45.099182;-781.199646;1984.364868;0.514917;0.000000;0.000000;0.000000;0.000000;2.000000;105.245186;-841.149048;2013.021118;0.498616;0.000000;0.000000;0.000000;0.000000;2.000000;66.129150;-847.960449;2054.273193;0.544068;0.000000;0.000000;0.000000;0.000000;1.000000;-40.608948;-784.366882;2091.412109;0.621994;0.000000;0.000000;0.000000;0.000000;1.000000;66.586487;-877.115479;2009.438599;0.505203;0.000000;0.000000;0.000000;0.000000;2.000000;-55.819397;-884.719482;1955.386230;0.512381;0.000000;0.000000;0.000000;0.000000;2.000000;10526866432.000000
0.000000;-150.000000;2000.000000;0.000000;0.000000;0.000000;0.000000;0.000000;2.000000;-6.190704;-330.428467;1997.065430;0.303981;0.000000;0.000000;0.000000;0.000000;2.000000;-16.571777;-474.397461;1995.870850;0.434441;0.000000;0.000000;0.000000;0.000000;2.000000;-36.820007;-693.182434;1994.370361;0.429139;0.000000;0.000000;0.000000;0.000000;2.000000;-23.391144;-658.492065;2027.188599;0.393354;0.000000;0.000000;0.000000;0.000000;2.000000;39.229645;-624.667908;2153.149414;0.489129;0.000000;0.000000;0.000000;0.000000;2.000000;18.144791;-391.151245;2305.611328;0.446215;0.000000;0.000000;0.000000;0.000000;2.000000;147.687378;-202.254639;2254.255127;0.306082;0.000000;0.000000;0.000000;0.000000;2.000000;148.473602;-108.705956;2226.951660;0.325684;0.000000;0.000000;0.000000;0.000000;2.000000;139.609436;-1.126852;2209.419189;0.222361;0.000000;0.000000;0.000000;0.000000;2.000000;155.545471;-75.808914;2198.366211;0.319902;0.000000;0.000000;0.000000;0.000000;2.000000;-45.520416;-655.396179;1962.849731;0.452526;0.000000;0.000000;0.000000;0.000000;2.000000;-82.317902;-605.317078;1845.151123;0.736276;0.000000;0.000000;0.000000;0.000000;2.000000;-116.308594;-332.706360;1769.422485;0.743914;0.000000;0.000000;0.000000;0.000000;2.000000;-3.688110;-126.730537;1732.071655;0.492045;0.000000;0.000000;0.000000;0.000000;2.000000;19.687973;-39.961601;1786.250610;0.499279;0.000000;0.000000;0.000000;0.000000;2.000000;38.045288;48.327553;1844.753052;0.639062;0.000000;0.000000;0.000000;0.000000;2.000000;44.709305;-27.465324;1778.192139;0.628460;0.000000;0.000000;0.000000;0.000000;2.000000;19.029434;-152.121185;2090.273926;0.249608;0.000000;0.000000;0.000000;0.000000;2.000000;-105.684113;227.309875;2158.376953;3.339720;0.000000;0.000000;0.000000;0.000000;2.000000;-273.685211;569.469849;2226.468994;3.343951;0.000000;0.000000;0.000000;0.000000;2.000000;-169.901489;726.185303;2251.314209;3.191480;0.000000;0.000000;0.000000;0.000000;2.000000;-17.159668;-148.087219;1918.595947;0.225083;0.000000;0.000000;0.000000;0.000000;2.000000;32.558273;253.563004;1915.195923;0.713646;0.000000;0.000000;0.000000;0.000000;2.000000;59.242767;643.865967;1922.747314;1.197602;0.000000;0.000000;0.000000;0.000000;2.000000;215.834290;707.556885;1879.706909;0.714400;0.000000;0.000000;0.000000;0.000000;2.000000;-31.565887;-775.536133;1989.366333;0.458679;0.000000;0.000000;0.000000;0.000000;2.000000;114.761459;-834.537659;2028.800171;0.579330;0.000000;0.000000;0.000000;0.000000;2.000000;72.841644;-842.403809;2066.080322;0.434261;0.000000;0.000000;0.000000;0.000000;1.000000;-35.960541;-780.953064;2095.186768;0.203976;0.000000;0.000000;0.000000;0.000000;1.000000;77.227158;-870.271057;2021.312622;0.513469;0.000000;0.000000;0.000000;0.000000;2.000000;-38.925415;-877.370178;1957.739746;0.549628;0.000000;0.000000;0.000000;0.000000;2.000000;10526900224.000000
0.000000;-150.000000;2000.000000;0.000000;0.000000;0.000000;0.000000;0.000000;2.000000;-3.202728;-334.034851;1998.200928;0.147066;0.000000;0.000000;0.000000;0.000000;2.000000;-6.983459;-481.140656;1997.464844;0.361021;0.000000;0.000000;0.000000;0.000000;2.000000;-15.996216;-704.888000;2003.118164;0.776356;0.000000;0.000000;0.000000;0.000000;2.000000;-2.262787;-667.896484;2034.749146;0.742533;0.000000;0.000000;0.000000;0.000000;2.000000;64.868011;-630.143799;2160.535156;0.831211;0.000000;0.000000;0.000000;0.000000;2.000000;48.959503;-402.191498;2331.055664;1.265228;0.000000;0.000000;0.000000;0.000000;2.000000;170.815598;-211.408554;2253.476074;0.759462;0.000000;0.000000;0.000000;0.000000;2.000000;179.855377;-115.383766;2229.640625;0.982571;0.000000;0.000000;0.000000;0.000000;2.000000;190.981277;-13.449341;2185.883057;1.764977;0.000000;0.000000;0.000000;0.000000;2.000000;182.376892;-85.276627;2194.728027;0.875381;0.000000;0.000000;0.000000;0.000000;2.000000;-28.708405;-667.836853;1970.548584;0.680129;0.000000;0.000000;0.000000;0.000000;2.000000;-61.966705;-620.861389;1847.674072;0.785294;0.000000;0.000000;0.000000;0.000000;2.000000;-100.400208;-342.819702;1772.752808;0.584192;0.000000;0.000000;0.000000;0.000000;2.000000;17.406738;-133.962311;1737.756836;0.702311;0.000000;0.000000;0.000000;0.000000;2.000000;43.858032;-44.735447;1790.503052;0.762979;0.000000;0.000000;0.000000;0.000000;2.000000;52.389175;31.567596;1868.692383;0.993456;0.000000;0.000000;0.000000;0.000000;2.000000;69.315262;-36.879086;1788.982666;0.868818;0.000000;0.000000;0.000000;0.000000;2.000000;46.891006;-151.613159;2081.542969;0.891173;0.000000;0.000000;0.000000;0.000000;2.000000;23.271240;256.153473;2143.007813;4.059830;0.000000;0.000000;0.000000;0.000000;2.000000;-214.986694;557.962219;2232.283203;1.834039;0.000000;0.000000;0.000000;0.000000;2.000000;-167.010406;745.068726;2239.351563;0.687863;0.000000;0.000000;0.000000;0.000000;2.000000;-42.283691;-148.545334;1926.469238;0.803613;0.000000;0.000000;0.000000;0.000000;2.000000;-101.142517;249.575562;2017.451904;5.138211;0.000000;0.000000;0.000000;0.000000;2.000000;-248.900391;574.273560;2195.945801;12.745710;0.000000;0.000000;0.000000;0.000000;2.000000;-172.401001;731.249695;2229.588867;15.965838;0.000000;0.000000;0.000000;0.000000;2.000000;-6.563751;-788.579834;1999.952881;0.919243;0.000000;0.000000;0.000000;0.000000;2.000000;142.478409;-855.521973;2028.099731;1.061144;0.000000;0.000000;0.000000;0.000000;2.000000;103.253647;-859.925598;2070.254883;1.078670;0.000000;0.000000;0.000000;0.000000;2.000000;-0.889099;-790.319702;2107.903076;1.173814;0.000000;0.000000;0.000000;0.000000;1.000000;101.820663;-890.014038;2025.504395;0.970918;0.000000;0.000000;0.000000;0.000000;2.000000;-22.510162;-892.820801;1972.512573;0.822515;0.000000;0.000000;0.000000;0.000000;2.000000;10526932992.000000
0.000000;-150.000000;2000.000000;0.000000;0.000000;0.000000;0.000000;0.000000;2.000000;-10.216827;-334.222443;2015.566772;0.554267;0.000000;0.000000;0.000000;0.000000;2.000000;-10.510773;-481.927765;2025.320313;0.831231;0.000000;0.000000;0.000000;0.000000;2.000000;-23.037079;-706.876343;2028.932251;0.794000;0.000000;0.000000;0.000000;0.000000;2.000000;-9.200195;-670.144043;2061.291504;0.814569;0.000000;0.000000;0.000000;0.000000;2.000000;55.691742;-632.695068;2189.349854;0.898082;0.000000;0.000000;0.000000;0.000000;2.000000;35.183990;-402.612213;2359.347168;0.931281;0.000000;0.000000;0.000000;0.000000;2.000000;156.010696;-213.131638;2273.070801;0.728553;0.000000;0.000000;0.000000;0.000000;2.000000;172.045547;-116.799774;2251.837158;0.697590;0.000000;0.000000;0.000000;0.000000;2.000000;175.028122;-8.959496;2221.205811;1.154635;0.000000;0.000000;0.000000;0.000000;2.000000;179.808014;-81.020538;2220.377930;0.773177;0.000000;0.000000;0.000000;0.000000;2.000000;-34.716766;-669.146545;1996.282471;0.782979;0.000000;0.000000;0.000000;0.000000;2.000000;-63.295807;-620.347412;1872.059082;0.722852;0.000000;0.000000;0.000000;0.000000;2.000000;-100.462402;-339.938904;1798.647095;0.771014;0.000000;0.000000;0.000000;0.000000;2.000000;21.194763;-131.439423;1764.744629;0.809922;0.000000;0.000000;0.000000;0.000000;2.000000;41.182831;-39.270523;1816.556885;0.791752;0.000000;0.000000;0.000000;0.000000;2.000000;56.252502;29.378368;1901.476318;0.979027;0.000000;0.000000;0.000000;0.000000;2.000000;73.656097;-27.090685;1818.757080;0.936355;0.000000;0.000000;0.000000;0.000000;2.000000;30.835602;-144.165955;2089.279297;0.571599;0.000000;0.000000;0.000000;0.000000;2.000000;-2.637787;265.284851;2151.446045;0.850433;0.000000;0.000000;0.000000;0.000000;2.000000;-236.906921;575.544373;2232.270996;0.831568;0.000000;0.000000;0.000000;0.000000;2.000000;-129.878296;733.605713;2269.225098;1.450537;0.000000;0.000000;0.000000;0.000000;2.000000;-27.805817;-155.260803;1919.492798;0.515439;0.000000;0.000000;0.000000;0.000000;2.000000;72.850525;247.372864;1923.757813;5.848380;0.000000;0.000000;0.000000;0.000000;2.000000;146.626205;641.350281;1942.448486;14.043382;0.000000;0.000000;0.000000;0.000000;2.000000;304.270844;699.148438;1880.734985;17.505976;0.000000;0.000000;0.000000;0.000000;2.000000;-14.757629;-791.167969;2025.186401;0.788840;0.000000;0.000000;0.000000;0.000000;2.000000;141.415009;-843.470703;2051.415527;0.777334;0.000000;0.000000;0.000000;0.000000;2.000000;102.769440;-853.227051;2093.676270;0.721037;0.000000;0.000000;0.000000;0.000000;2.000000;-8.534363;-795.581238;2133.671875;0.810521;0.000000;0.000000;0.000000;0.000000;1.000000;104.310989;-882.113953;2047.766479;0.702923;0.000000;0.000000;0.000000;0.000000;2.000000;-19.973419;-896.245361;1994.429565;0.660733;0.000000;0.000000;0.000000;0.000000;2.000000;10526966784.000000
0.000000;-150.000000;2000.000000;0.000000;0.000000;0.000000;0.000000;0.000000;2.000000;-9.845154;-334.262054;2011.584229;0.122072;0.000000;0.000000;0.000000;0.000000;2.000000;-12.892792;-481.825531;2019.537354;0.190892;0.000000;0.000000;0.000000;0.000000;2.000000;-18.063538;-706.633667;2027.075439;0.162182;0.000000;0.000000;0.000000;0.000000;2.000000;-6.443939;-668.930786;2059.070801;0.114188;0.000000;0.000000;0.000000;0.000000;2.000000;54.797028;-623.178467;2185.971191;0.309391;0.000000;0.000000;0.000000;0.000000;2.000000;21.125214;-388.898071;2347.198730;0.704759;0.000000;0.000000;0.000000;0.000000;2.000000;147.912094;-201.477402;2266.122070;0.482229;0.000000;0.000000;0.000000;0.000000;2.000000;164.982193;-105.172272;2246.314941;0.448084;0.000000;0.000000;0.000000;0.000000;2.000000;141.127213;1.627979;2222.560059;1.084641;0.000000;0.000000;0.000000;0.000000;2.000000;165.660446;-68.155548;2215.045410;0.605832;0.000000;0.000000;0.000000;0.000000;2.000000;-29.982941;-669.971313;1993.429565;0.170540;0.000000;0.000000;0.000000;0.000000;2.000000;-57.656708;-623.292969;1868.409668;0.223829;0.000000;0.000000;0.000000;0.000000;2.000000;-95.248322;-343.001068;1796.497681;0.195845;0.000000;0.000000;0.000000;0.000000;2.000000;30.321289;-136.651169;1766.517944;0.325267;0.000000;0.000000;0.000000;0.000000;2.000000;46.329376;-55.074032;1834.591064;0.748440;0.000000;0.000000;0.000000;0.000000;2.000000;57.369171;12.498520;1920.773193;0.783147;0.000000;0.000000;0.000000;0.000000;2.000000;86.903687;-40.836964;1830.098877;0.677666;0.000000;0.000000;0.000000;0.000000;2.000000;24.923096;-145.607880;2091.042969;0.193365;0.000000;0.000000;0.000000;0.000000;2.000000;-69.370819;253.535889;2153.648926;2.068945;0.000000;0.000000;0.000000;0.000000;2.000000;-246.688507;599.928101;2229.688721;0.805637;0.000000;0.000000;0.000000;0.000000;2.000000;-101.971375;729.250977;2234.720459;1.360800;0.000000;0.000000;0.000000;0.000000;2.000000;-22.474243;-153.960571;1917.902344;0.174367;0.000000;0.000000;0.000000;0.000000;2.000000;88.934158;245.174896;1911.955444;0.612492;0.000000;0.000000;0.000000;0.000000;2.000000;170.220001;637.391357;1921.704468;0.966331;0.000000;0.000000;0.000000;0.000000;2.000000;321.744995;693.312622;1845.417114;1.215640;0.000000;0.000000;0.000000;0.000000;2.000000;-6.907166;-790.529175;2025.191895;0.240369;0.000000;0.000000;0.000000;0.000000;2.000000;145.603378;-852.760132;2049.673340;0.315486;0.000000;0.000000;0.000000;0.000000;2.000000;107.500336;-858.310669;2093.055908;0.212770;0.000000;0.000000;0.000000;0.000000;2.000000;1.704498;-791.700928;2133.436523;0.334229;0.000000;0.000000;0.000000;0.000000;1.000000;105.862518;-888.724609;2048.243652;0.207734;0.000000;0.000000;0.000000;0.000000;2.000000;-20.221893;-895.796631;1998.349731;0.120654;0.000000;0.000000;0.000000;0.000000;2.000000;10526999552.000000
0.000000;-150.000000;2000.000000;0.000000;0.000000;0.000000;0.000000;0.000000;2.000000;-13.146881;-334.214783;2014.413086;0.128673;0.000000;0.000000;0.000000;0.000000;2.000000;-13.927643;-482.030426;2023.459717;0.120199;0.000000;0.000000;0.000000;0.000000;2.000000;-24.046875;-707.115723;2030.670776;0.207063;0.000000;0.000000;0.000000;0.000000;2.000000;-12.844604;-669.583984;2063.167969;0.225725;0.000000;0.000000;0.000000;0.000000;2.000000;38.806763;-620.843140;2193.508545;0.527677;0.000000;0.000000;0.000000;0.000000;2.000000;-11.377319;-375.938568;2334.347168;1.103112;0.000000;0.000000;0.000000;0.000000;2.000000;122.776489;-188.153748;2265.516846;0.842062;0.000000;0.000000;0.000000;0.000000;2.000000;166.068146;-98.359222;2257.794434;0.396340;0.000000;0.000000;0.000000;0.000000;2.000000;143.377136;4.983759;2220.465820;0.134669;0.000000;0.000000;0.000000;0.000000;2.000000;157.628189;-51.351341;2227.825684;0.668453;0.000000;0.000000;0.000000;0.000000;2.000000;-33.945862;-670.148682;1996.556274;0.149473;0.000000;0.000000;0.000000;0.000000;2.000000;-55.597534;-619.432007;1871.634399;0.160856;0.000000;0.000000;0.000000;0.000000;2.000000;-97.586060;-339.132660;1799.897583;0.167373;0.000000;0.000000;0.000000;0.000000;2.000000;42.937653;-140.413956;1784.416870;0.657535;0.000000;0.000000;0.000000;0.000000;2.000000;54.706177;-49.134239;1840.266113;0.347206;0.000000;0.000000;0.000000;0.000000;2.000000;53.784637;-6.151365;1941.822632;0.838968;0.000000;0.000000;0.000000;0.000000;2.000000;85.998688;-35.276466;1838.265503;0.293599;0.000000;0.000000;0.000000;0.000000;2.000000;23.597107;-144.523010;2091.525879;0.052675;0.000000;0.000000;0.000000;0.000000;2.000000;-50.564453;260.916687;2145.472412;0.644968;0.000000;0.000000;0.000000;0.000000;2.000000;-229.406372;609.144531;2213.084229;0.759863;0.000000;0.000000;0.000000;0.000000;2.000000;-77.746094;730.861816;2217.820801;0.875396;0.000000;0.000000;0.000000;0.000000;2.000000;-21.278534;-154.938828;1917.467041;0.047498;0.000000;0.000000;0.000000;0.000000;2.000000;92.243256;244.286285;1905.141968;0.225689;0.000000;0.000000;0.000000;0.000000;2.000000;177.058762;636.652344;1908.535522;0.439666;0.000000;0.000000;0.000000;0.000000;2.000000;327.909912;691.797485;1829.586548;0.504736;0.000000;0.000000;0.000000;0.000000;2.000000;-14.546417;-791.386719;2029.154541;0.255933;0.000000;0.000000;0.000000;0.000000;2.000000;141.725311;-841.524048;2059.221680;0.451191;0.000000;0.000000;0.000000;0.000000;2.000000;102.443054;-850.701660;2101.059082;0.359432;0.000000;0.000000;0.000000;0.000000;1.000000;-10.129639;-793.250732;2137.851563;0.376587;0.000000;0.000000;0.000000;0.000000;1.000000;105.047592;-880.629639;2055.840332;0.329402;0.000000;0.000000;0.000000;0.000000;2.000000;-18.222626;-897.236328;2000.735229;0.101484;0.000000;0.000000;0.000000;0.000000;2.000000;10527033344.000000
0.000000;-150.000000;2000.000000;0.000000;0.000000;0.000000;0.000000;0.000000;2.000000;-1.289886;-336.271179;2001.325439;0.526139;0.000000;0.000000;0.000000;0.000000;2.000000;5.092468;-485.055664;2000.862915;0.878628;0.000000;0.000000;0.000000;0.000000;2.000000;-2.286377;-711.519958;2007.716919;0.945024;0.000000;0.000000;0.000000;0.000000;2.000000;8.118774;-673.683472;2040.570679;0.920192;0.000000;0.000000;0.000000;0.000000;2.000000;58.589966;-627.169922;2173.116211;0.861375;0.000000;0.000000;0.000000;0.000000;2.000000;7.405640;-377.901978;2309.134277;0.932218;0.000000;0.000000;0.000000;0.000000;2.000000;142.780121;-187.344131;2245.812012;0.831279;0.000000;0.000000;0.000000;0.000000;2.000000;137.993683;-87.366920;2236.295166;1.095823;0.000000;0.000000;0.000000;0.000000;2.000000;151.728500;12.862762;2186.349365;1.065241;0.000000;0.000000;0.000000;0.000000;2.000000;135.649445;-54.807327;2201.473633;1.020604;0.000000;0.000000;0.000000;0.000000;2.000000;-12.315430;-674.428467;1973.344604;0.947420;0.000000;0.000000;0.000000;0.000000;2.000000;-42.252075;-626.617310;1848.151367;0.827108;0.000000;0.000000;0.000000;0.000000;2.000000;-73.032532;-343.089233;1776.740112;1.005632;0.000000;0.000000;0.000000;0.000000;2.000000;76.203522;-148.486755;1775.781860;1.044736;0.000000;0.000000;0.000000;0.000000;2.000000;76.829163;-52.564743;1825.962769;0.786178;0.000000;0.000000;0.000000;0.000000;2.000000;67.042236;-12.352016;1928.849121;0.578782;0.000000;0.000000;0.000000;0.000000;2.000000;106.266632;-36.369789;1830.453247;0.643612;0.000000;0.000000;0.000000;0.000000;2.000000;19.139984;-149.468903;2093.261230;0.203609;0.000000;0.000000;0.000000;0.000000;2.000000;-91.399933;250.423843;2144.205078;1.248256;0.000000;0.000000;0.000000;0.000000;2.000000;-202.177734;631.003235;2193.957031;1.178169;0.000000;0.000000;0.000000;0.000000;2.000000;-30.788147;724.965820;2186.262695;1.683340;0.000000;0.000000;0.000000;0.000000;2.000000;-17.259399;-150.478912;1915.902222;0.183602;0.000000;0.000000;0.000000;0.000000;2.000000;100.209534;249.480209;1891.685303;0.487626;0.000000;0.000000;0.000000;0.000000;2.000000;186.215454;643.818237;1883.725098;0.810839;0.000000;0.000000;0.000000;0.000000;2.000000;331.519897;689.819458;1788.019287;1.236109;0.000000;0.000000;0.000000;0.000000;2.000000;8.361359;-796.131653;2006.198242;0.969936;0.000000;0.000000;0.000000;0.000000;2.000000;166.792679;-842.135559;2036.757446;0.996267;0.000000;0.000000;0.000000;0.000000;2.000000;127.493683;-852.391052;2078.780762;0.993328;0.000000;0.000000;0.000000;0.000000;1.000000;12.677002;-797.718567;2115.512207;0.953950;0.000000;0.000000;0.000000;0.000000;1.000000;131.017792;-882.470459;2033.360107;1.017924;0.000000;0.000000;0.000000;0.000000;2.000000;7.657593;-902.677063;1977.778442;1.036340;0.000000;0.000000;0.000000;0.000000;2.000000;10527067136.000000
0.000000;-150.000000;2000.000000;0.000000;0.000000;0.000000;0.000000;0.000000;2.000000;3.836334;-334.538727;1988.683228;0.419664;0.000000;0.000000;0.000000;0.000000;2.000000;7.170197;-482.058197;1979.563965;0.659453;0.000000;0.000000;0.000000;0.000000;2.000000;4.660583;-707.061157;1982.707031;0.803740;0.000000;0.000000;0.000000;0.000000;2.000000;14.202209;-669.823486;2015.927124;0.783543;0.000000;0.000000;0.000000;0.000000;2.000000;63.383148;-618.926025;2146.107422;0.874110;0.000000;0.000000;0.000000;0.000000;2.000000;20.422974;-364.274536;2270.023926;1.324891;0.000000;0.000000;0.000000;0.000000;2.000000;132.549072;-156.140823;2226.364746;1.164683;0.000000;0.000000;0.000000;0.000000;2.000000;124.963867;-56.631905;2228.044434;1.049420;0.000000;0.000000;0.000000;0.000000;2.000000;153.046661;14.643742;2146.338867;1.222894;0.000000;0.000000;0.000000;0.000000;2.000000;122.811829;-22.859531;2183.298828;1.188145;0.000000;0.000000;0.000000;0.000000;2.000000;-6.100067;-669.910400;1949.190918;0.773513;0.000000;0.000000;0.000000;0.000000;2.000000;-34.242096;-620.164063;1825.435425;0.760995;0.000000;0.000000;0.000000;0.000000;2.000000;-54.946686;-339.757538;1747.168579;1.062728;0.000000;0.000000;0.000000;0.000000;2.000000;80.207947;-137.370880;1753.759399;0.762687;0.000000;0.000000;0.000000;0.000000;2.000000;90.439728;-53.931099;1820.712891;0.447138;0.000000;0.000000;0.000000;0.000000;2.000000;80.383179;-30.918461;1927.901611;0.698307;0.000000;0.000000;0.000000;0.000000;2.000000;120.638306;-40.118870;1817.659790;0.598233;0.000000;0.000000;0.000000;0.000000;2.000000;24.774231;-155.069702;2091.068359;0.251511;0.000000;0.000000;0.000000;0.000000;2.000000;-25.800171;256.035858;2116.167969;2.183853;0.000000;0.000000;0.000000;0.000000;2.000000;-151.961517;630.353394;2151.435547;2.008179;0.000000;0.000000;0.000000;0.000000;2.000000;0.735687;750.230835;2146.870605;1.721962;0.000000;0.000000;0.000000;0.000000;2.000000;-22.340057;-145.428436;1917.879883;0.226800;0.000000;0.000000;0.000000;0.000000;2.000000;85.828033;252.618530;1876.849854;0.637786;0.000000;0.000000;0.000000;0.000000;2.000000;163.625916;645.032104;1853.194580;1.159617;0.000000;0.000000;0.000000;0.000000;2.000000;308.510223;709.122192;1770.608032;1.059445;0.000000;0.000000;0.000000;0.000000;2.000000;17.024780;-790.776123;1979.829468;0.862654;0.000000;0.000000;0.000000;0.000000;2.000000;174.994614;-840.258545;1998.258423;1.202629;0.000000;0.000000;0.000000;0.000000;2.000000;138.944611;-849.760498;2042.712280;1.157650;0.000000;0.000000;0.000000;0.000000;2.000000;29.285522;-793.052612;2087.726074;0.998108;0.000000;0.000000;0.000000;0.000000;1.000000;138.392578;-879.443970;1997.373291;1.124852;0.000000;0.000000;0.000000;0.000000;2.000000;11.744751;-896.343506;1951.342896;0.838904;0.000000;0.000000;0.000000;0.000000;2.000000;10527099904.000000
0.000000;-150.000000;2000.000000;0.000000;0.000000;0.000000;0.000000;0.000000;2.000000;-0.240295;-334.817291;1989.048096;0.121401;0.000000;0.000000;0.000000;0.000000;2.000000;1.957123;-482.518860;1979.727051;0.154946;0.000000;0.000000;0.000000;0.000000;2.000000;1.528290;-707.811768;1981.744507;0.099483;0.000000;0.000000;0.000000;0.000000;2.000000;10.632355;-670.610413;2015.218018;0.110195;0.000000;0.000000;0.000000;0.000000;2.000000;65.723053;-619.531738;2143.138672;0.113289;0.000000;0.000000;0.000000;0.000000;2.000000;19.845490;-368.305481;2273.603271;0.160440;0.000000;0.000000;0.000000;0.000000;2.000000;124.668182;-156.097641;2229.860840;0.255139;0.000000;0.000000;0.000000;0.000000;2.000000;112.528503;-57.311180;2238.781738;0.486610;0.000000;0.000000;0.000000;0.000000;2.000000;105.420685;33.797642;2173.799316;1.722795;0.000000;0.000000;0.000000;0.000000;2.000000;115.504272;-14.494294;2197.371582;0.530545;0.000000;0.000000;0.000000;0.000000;2.000000;-9.487274;-670.551514;1948.341553;0.105067;0.000000;0.000000;0.000000;0.000000;2.000000;-36.210632;-622.928345;1823.267334;0.119171;0.000000;0.000000;0.000000;0.000000;2.000000;-58.441040;-341.703796;1747.108398;0.118379;0.000000;0.000000;0.000000;0.000000;2.000000;78.175903;-140.470886;1762.936646;0.292896;0.000000;0.000000;0.000000;0.000000;2.000000;94.546356;-63.608707;1836.427612;0.559510;0.000000;0.000000;0.000000;0.000000;2.000000;91.215485;-36.647411;1943.247681;0.581151;0.000000;0.000000;0.000000;0.000000;2.000000;121.756195;-50.915005;1834.702026;0.597924;0.000000;0.000000;0.000000;0.000000;2.000000;21.868805;-155.474213;2091.899902;0.090229;0.000000;0.000000;0.000000;0.000000;2.000000;-16.001526;257.837067;2110.300293;0.342162;0.000000;0.000000;0.000000;0.000000;2.000000;-146.568848;631.667725;2139.375244;0.392882;0.000000;0.000000;0.000000;0.000000;2.000000;-1.050049;759.607117;2123.500488;0.747044;0.000000;0.000000;0.000000;0.000000;2.000000;-19.720032;-145.063644;1917.129761;0.081368;0.000000;0.000000;0.000000;0.000000;2.000000;65.218781;259.544800;1881.004517;0.655048;0.000000;0.000000;0.000000;0.000000;2.000000;117.738739;656.911255;1863.166626;1.433401;0.000000;0.000000;0.000000;0.000000;2.000000;254.683014;721.108826;1767.671875;1.634227;0.000000;0.000000;0.000000;0.000000;2.000000;14.693970;-791.490784;1978.484863;0.082390;0.000000;0.000000;0.000000;0.000000;2.000000;171.221069;-845.949585;1996.953979;0.205727;0.000000;0.000000;0.000000;0.000000;2.000000;134.872620;-854.233521;2041.497070;0.182580;0.000000;0.000000;0.000000;0.000000;2.000000;26.952881;-793.941589;2086.505859;0.082226;0.000000;0.000000;0.000000;0.000000;1.000000;133.358673;-884.009155;1996.164795;0.204258;0.000000;0.000000;0.000000;0.000000;2.000000;6.066437;-897.019104;1950.178833;0.172693;0.000000;0.000000;0.000000;0.000000;2.000000;10527133696.000000
0.000000;-150.000000;2000.000000;0.000000;0.000000;0.000000;0.000000;0.000000;2.000000;8.000366;-333.088562;1992.194458;0.274313;0.000000;0.000000;0.000000;0.000000;2.000000;13.789795;-479.489929;1986.090332;0.420299;0.000000;0.000000;0.000000;0.000000;2.000000;16.285553;-702.685669;1988.102295;0.514721;0.000000;0.000000;0.000000;0.000000;2.000000;23.841553;-665.720215;2021.510986;0.470801;0.000000;0.000000;0.000000;0.000000;2.000000;73.126068;-624.030334;2153.554443;0.413432;0.000000;0.000000;0.000000;0.000000;2.000000;24.741211;-383.420654;2296.705566;0.855664;0.000000;0.000000;0.000000;0.000000;2.000000;123.672058;-172.471024;2245.914551;0.700444;0.000000;0.000000;0.000000;0.000000;2.000000;132.507263;-73.978615;2250.716553;0.873567;0.000000;0.000000;0.000000;0.000000;2.000000;118.830597;29.721283;2213.275391;1.278393;0.000000;0.000000;0.000000;0.000000;2.000000;127.678619;-31.586855;2218.959473;0.918781;0.000000;0.000000;0.000000;0.000000;2.000000;5.850189;-665.909973;1954.699585;0.526113;0.000000;0.000000;0.000000;0.000000;2.000000;-21.635132;-624.762695;1828.865601;0.479768;0.000000;0.000000;0.000000;0.000000;2.000000;-35.755157;-346.487213;1750.296509;0.714199;0.000000;0.000000;0.000000;0.000000;2.000000;98.912842;-148.263336;1780.086914;0.854969;0.000000;0.000000;0.000000;0.000000;2.000000;116.124756;-68.473801;1848.650391;0.771252;0.000000;0.000000;0.000000;0.000000;2.000000;124.134949;-24.853893;1948.440308;1.078848;0.000000;0.000000;0.000000;0.000000;2.000000;141.879852;-53.857708;1844.528076;0.689300;0.000000;0.000000;0.000000;0.000000;2.000000;20.654175;-152.993988;2091.396973;0.085666;0.000000;0.000000;0.000000;0.000000;2.000000;33.184387;258.315460;2100.819580;1.528735;0.000000;0.000000;0.000000;0.000000;2.000000;-110.246857;624.441101;2111.762207;1.409764;0.000000;0.000000;0.000000;0.000000;2.000000;-18.105469;792.643005;2093.917969;1.449949;0.000000;0.000000;0.000000;0.000000;2.000000;-18.624786;-147.300186;1917.583374;0.077249;0.000000;0.000000;0.000000;0.000000;2.000000;53.154083;255.993652;1882.105591;0.385271;0.000000;0.000000;0.000000;0.000000;2.000000;91.311279;651.093567;1860.821289;0.828909;0.000000;0.000000;0.000000;0.000000;2.000000;231.588409;734.908997;1792.246094;1.111987;0.000000;0.000000;0.000000;0.000000;2.000000;30.523346;-785.408569;1985.264404;0.557332;0.000000;0.000000;0.000000;0.000000;2.000000;184.153748;-844.694885;1998.624390;0.399790;0.000000;0.000000;0.000000;0.000000;2.000000;149.644897;-850.719849;2044.282471;0.471123;0.000000;0.000000;0.000000;0.000000;2.000000;46.803528;-786.233887;2091.760498;0.669350;0.000000;0.000000;0.000000;0.000000;1.000000;145.301117;-880.999207;2000.078369;0.394371;0.000000;0.000000;0.000000;0.000000;2.000000;17.096588;-890.091736;1959.731812;0.492943;0.000000;0.000000;0.000000;0.000000;2.000000;10527166464.000000
0.000000;-150.000000;2000.000000;0.000000;0.000000;0.000000;0.000000;0.000000;2.000000;9.640961;-328.011414;1970.609375;0.657989;0.000000;0.000000;0.000000;0.000000;2.000000;17.265045;-470.332581;1947.144287;1.188411;0.000000;0.000000;0.000000;0.000000;2.000000;25.958008;-690.001465;1950.813965;1.200193;0.000000;0.000000;0.000000;0.000000;2.000000;33.156097;-653.114136;1983.242065;1.223792;0.000000;0.000000;0.000000;0.000000;2.000000;80.618225;-615.357483;2114.700195;1.198784;0.000000;0.000000;0.000000;0.000000;2.000000;39.027283;-372.955566;2248.247559;1.526767;0.000000;0.000000;0.000000;0.000000;2.000000;149.908752;-167.805374;2220.091309;1.098117;0.000000;0.000000;0.000000;0.000000;2.000000;132.617584;-73.669167;2238.786133;0.353188;0.000000;0.000000;0.000000;0.000000;2.000000;107.640839;25.865763;2200.784180;0.509225;0.000000;0.000000;0.000000;0.000000;2.000000;127.761261;-28.184101;2205.856445;0.400625;0.000000;0.000000;0.000000;0.000000;2.000000;13.881073;-654.363708;1917.882446;1.166314;0.000000;0.000000;0.000000;0.000000;2.000000;-15.810547;-621.330078;1792.320923;1.099810;0.000000;0.000000;0.000000;0.000000;2.000000;-24.246552;-346.489380;1716.779785;1.048696;0.000000;0.000000;0.000000;0.000000;2.000000;104.558838;-147.567078;1737.245972;1.278912;0.000000;0.000000;0.000000;0.000000;2.000000;123.991974;-66.937889;1801.640137;1.411243;0.000000;0.000000;0.000000;0.000000;2.000000;132.841431;-19.724306;1897.881958;1.525756;0.000000;0.000000;0.000000;0.000000;2.000000;155.128845;-59.574974;1813.438721;1.014291;0.000000;0.000000;0.000000;0.000000;2.000000;33.537018;-162.244507;2085.162842;0.504298;0.000000;0.000000;0.000000;0.000000;2.000000;76.916351;240.762909;2076.139893;1.574177;0.000000;0.000000;0.000000;0.000000;2.000000;-37.068329;608.825012;2117.029297;2.219796;0.000000;0.000000;0.000000;0.000000;2.000000;71.080475;760.588501;2081.425049;2.828815;0.000000;0.000000;0.000000;0.000000;2.000000;-30.241791;-138.958588;1923.205078;0.454749;0.000000;0.000000;0.000000;0.000000;2.000000;32.223755;257.061340;1865.838989;0.785086;0.000000;0.000000;0.000000;0.000000;2.000000;16.284058;648.261292;1861.587646;2.221963;0.000000;0.000000;0.000000;0.000000;2.000000;131.256226;738.950806;1766.575928;3.067082;0.000000;0.000000;0.000000;0.000000;2.000000;42.199860;-771.081055;1948.329224;1.222232;0.000000;0.000000;0.000000;0.000000;2.000000;198.045013;-815.902832;1961.984009;1.438973;0.000000;0.000000;0.000000;0.000000;2.000000;164.535919;-824.934875;2006.803467;1.416529;0.000000;0.000000;0.000000;0.000000;2.000000;57.834412;-770.741516;2053.291504;1.269927;0.000000;0.000000;0.000000;0.000000;1.000000;163.081879;-854.910034;1963.179443;1.437105;0.000000;0.000000;0.000000;0.000000;2.000000;38.243011;-874.895203;1922.897949;1.334908;0.000000;0.000000;0.000000;0.000000;2.000000;10527200256.000000
0.000000;-150.000000;2000.000000;0.000000;0.000000;0.000000;0.000000;0.000000;2.000000;15.177338;-328.482574;1966.871338;0.204368;0.000000;0.000000;0.000000;0.000000;2.000000;25.596130;-471.463074;1941.247192;0.313397;0.000000;0.000000;0.000000;0.000000;2.000000;31.974121;-692.980896;1946.807495;0.238589;0.000000;0.000000;0.000000;0.000000;2.000000;41.638000;-655.554443;1978.597900;0.304360;0.000000;0.000000;0.000000;0.000000;2.000000;96.563354;-617.901001;2108.486328;0.527988;0.000000;0.000000;0.000000;0.000000;2.000000;52.184814;-385.473785;2262.190186;0.698728;0.000000;0.000000;0.000000;0.000000;2.000000;153.744568;-174.215012;2228.418701;0.341391;0.000000;0.000000;0.000000;0.000000;2.000000;133.086090;-82.387108;2256.844238;0.612117;0.000000;0.000000;0.000000;0.000000;0.000000;92.902496;12.963050;2218.548828;0.807005;0.000000;0.000000;0.000000;0.000000;2.000000;116.693542;-35.235062;2216.214844;0.510207;0.000000;0.000000;0.000000;0.000000;2.000000;18.226318;-657.239746;1914.016724;0.198004;0.000000;0.000000;0.000000;0.000000;2.000000;-25.162476;-630.684692;1789.744141;0.411260;0.000000;0.000000;0.000000;0.000000;2.000000;-30.874878;-353.473633;1713.723389;0.308297;0.000000;0.000000;0.000000;0.000000;2.000000;107.241882;-158.817978;1737.111694;0.353002;0.000000;0.000000;0.000000;0.000000;2.000000;125.429932;-76.169495;1800.718384;0.286508;0.000000;0.000000;0.000000;0.000000;2.000000;123.532471;-26.633516;1897.173218;0.354446;0.000000;0.000000;0.000000;0.000000;2.000000;144.556274;-64.668465;1800.365723;0.536125;0.000000;0.000000;0.000000;0.000000;2.000000;43.005920;-161.520142;2081.767578;0.307778;0.000000;0.000000;0.000000;0.000000;2.000000;52.261902;247.116577;2086.556152;0.839488;0.000000;0.000000;0.000000;0.000000;2.000000;-38.825928;623.794739;2135.850586;0.735862;0.000000;0.000000;0.000000;0.000000;2.000000;79.354614;756.884033;2065.771973;0.552025;0.000000;0.000000;0.000000;0.000000;2.000000;-38.780396;-139.611801;1926.266602;0.277538;0.000000;0.000000;0.000000;0.000000;2.000000;29.822693;256.775330;1856.238647;0.302129;0.000000;0.000000;0.000000;0.000000;2.000000;-22.715515;647.784302;1870.122803;1.218429;0.000000;0.000000;0.000000;0.000000;2.000000;84.852325;742.260437;1767.765625;1.420196;0.000000;0.000000;0.000000;0.000000;2.000000;47.208527;-774.944275;1944.200439;0.230520;0.000000;0.000000;0.000000;0.000000;2.000000;203.163361;-819.723206;1968.560547;0.279771;0.000000;0.000000;0.000000;0.000000;2.000000;166.340088;-829.306396;2011.204224;0.197144;0.000000;0.000000;0.000000;0.000000;1.000000;55.539093;-775.405090;2050.868164;0.175018;0.000000;0.000000;0.000000;0.000000;1.000000;168.067200;-859.176270;1966.991211;0.231579;0.000000;0.000000;0.000000;0.000000;2.000000;45.425476;-879.414001;1917.525024;0.306509;0.000000;0.000000;0.000000;0.000000;2.000000;10527233024.000000
0.000000;-150.000000;2000.000000;0.000000;0.000000;0.000000;0.000000;0.000000;2.000000;11.070557;-327.663513;1970.618896;0.166302;0.000000;0.000000;0.000000;0.000000;2.000000;21.953613;-469.407532;1946.253174;0.193042;0.000000;0.000000;0.000000;0.000000;2.000000;18.257874;-688.913208;1948.861694;0.427717;0.000000;0.000000;0.000000;0.000000;2.000000;28.966339;-652.728760;1981.001099;0.390727;0.000000;0.000000;0.000000;0.000000;2.000000;93.062408;-620.241882;2106.439941;0.138563;0.000000;0.000000;0.000000;0.000000;2.000000;76.782349;-374.141846;2237.839844;1.077759;0.000000;0.000000;0.000000;0.000000;2.000000;157.636658;-154.034744;2243.265625;0.750294;0.000000;0.000000;0.000000;0.000000;2.000000;130.745392;-62.976334;2264.893066;0.625691;0.000000;0.000000;0.000000;0.000000;0.000000;80.752167;25.905287;2225.635254;0.565640;0.000000;0.000000;0.000000;0.000000;0.000000;95.559570;-30.040474;2220.294922;0.655249;0.000000;0.000000;0.000000;0.000000;0.000000;6.800323;-652.516479;1916.657227;0.374129;0.000000;0.000000;0.000000;0.000000;2.000000;-31.764771;-619.742859;1793.670654;0.395628;0.000000;0.000000;0.000000;0.000000;2.000000;-27.194458;-346.020996;1715.347046;0.250621;0.000000;0.000000;0.000000;0.000000;2.000000;101.476440;-147.045563;1731.725220;0.419388;0.000000;0.000000;0.000000;0.000000;2.000000;121.294922;-68.856621;1798.710693;0.255609;0.000000;0.000000;0.000000;0.000000;2.000000;124.390228;-8.927296;1887.790649;0.593539;0.000000;0.000000;0.000000;0.000000;2.000000;148.444855;-60.628334;1801.582764;0.169804;0.000000;0.000000;0.000000;0.000000;2.000000;37.611877;-161.449905;2083.407715;0.166854;0.000000;0.000000;0.000000;0.000000;2.000000;53.621857;242.972076;2074.030762;0.392494;0.000000;0.000000;0.000000;0.000000;2.000000;-59.124756;611.972107;2102.768799;1.200688;0.000000;0.000000;0.000000;0.000000;2.000000;57.720093;752.601013;2053.146484;0.752030;0.000000;0.000000;0.000000;0.000000;2.000000;-33.916199;-139.675095;1924.787598;0.150464;0.000000;0.000000;0.000000;0.000000;2.000000;46.627136;248.894012;1846.841553;0.615651;0.000000;0.000000;0.000000;0.000000;2.000000;-80.369568;617.578308;1875.275879;1.932151;0.000000;0.000000;0.000000;0.000000;2.000000;4.236145;745.125122;1791.874878;2.491502;0.000000;0.000000;0.000000;0.000000;2.000000;29.703857;-770.651306;1945.413696;0.534570;0.000000;0.000000;0.000000;0.000000;2.000000;187.985809;-804.694824;1959.348267;0.688360;0.000000;0.000000;0.000000;0.000000;2.000000;154.817627;-817.736206;2003.322021;0.536574;0.000000;0.000000;0.000000;0.000000;1.000000;44.218048;-773.112732;2050.352783;0.342161;0.000000;0.000000;0.000000;0.000000;1.000000;155.941589;-846.049133;1958.682617;0.583200;0.000000;0.000000;0.000000;0.000000;2.000000;33.434967;-873.313232;1916.203857;0.400036;0.000000;0.000000;0.000000;0.000000;2.000000;10527266816.000000
0.000000;-150.000000;2000.000000;0.000000;0.000000;0.000000;0.000000;0.000000;2.000000;7.559998;-326.154724;1972.054199;0.124565;0.000000;0.000000;0.000000;0.000000;2.000000;13.386597;-467.011047;1949.839478;0.292712;0.000000;0.000000;0.000000;0.000000;2.000000;16.271881;-684.199402;1953.692139;0.214704;0.000000;0.000000;0.000000;0.000000;2.000000;27.792755;-647.892883;1984.588745;0.187215;0.000000;0.000000;0.000000;0.000000;2.000000;106.606873;-603.371826;2095.346680;0.741967;0.000000;0.000000;0.000000;0.000000;2.000000;77.700409;-374.770142;2248.208496;0.318242;0.000000;0.000000;0.000000;0.000000;2.000000;147.737976;-153.538757;2251.895020;0.401044;0.000000;0.000000;0.000000;0.000000;2.000000;125.540558;-62.574158;2274.625977;0.337052;0.000000;0.000000;0.000000;0.000000;0.000000;83.810089;32.163719;2243.421387;0.582930;0.000000;0.000000;0.000000;0.000000;0.000000;94.044464;-27.161804;2238.239502;0.556551;0.000000;0.000000;0.000000;0.000000;0.000000;1.900818;-648.742065;1922.432373;0.258237;0.000000;0.000000;0.000000;0.000000;2.000000;-44.618164;-616.557312;1803.617920;0.505437;0.000000;0.000000;0.000000;0.000000;2.000000;-28.584412;-346.935791;1723.438965;0.252113;0.000000;0.000000;0.000000;0.000000;2.000000;99.566132;-150.859268;1742.566284;0.355530;0.000000;0.000000;0.000000;0.000000;2.000000;113.179016;-68.205437;1803.772339;0.292575;0.000000;0.000000;0.000000;0.000000;2.000000;103.188202;-3.799429;1887.717896;0.665693;0.000000;0.000000;0.000000;0.000000;2.000000;141.269775;-61.054604;1807.488281;0.283893;0.000000;0.000000;0.000000;0.000000;2.000000;46.681763;-160.324707;2077.709473;0.328683;0.000000;0.000000;0.000000;0.000000;2.000000;39.517395;240.033829;2066.248047;0.499725;0.000000;0.000000;0.000000;0.000000;2.000000;-65.567139;607.773254;2083.257568;0.640013;0.000000;0.000000;0.000000;0.000000;2.000000;59.967255;742.485413;2048.131348;0.351319;0.000000;0.000000;0.000000;0.000000;2.000000;-42.095032;-140.689758;1929.925659;0.296386;0.000000;0.000000;0.000000;0.000000;2.000000;15.977966;251.313354;1874.377563;1.259551;0.000000;0.000000;0.000000;0.000000;2.000000;-133.835938;603.677551;1929.689819;2.366394;0.000000;0.000000;0.000000;0.000000;2.000000;-66.643677;733.406860;1838.030518;2.605924;0.000000;0.000000;0.000000;0.000000;2.000000;29.727753;-764.736206;1949.962280;0.227716;0.000000;0.000000;0.000000;0.000000;2.000000;180.731415;-818.036255;1964.468750;0.489081;0.000000;0.000000;0.000000;0.000000;2.000000;146.763153;-825.288940;2008.404785;0.370952;0.000000;0.000000;0.000000;0.000000;1.000000;44.239563;-765.961548;2053.797363;0.242235;0.000000;0.000000;0.000000;0.000000;1.000000;143.984436;-854.497314;1965.090088;0.487710;0.000000;0.000000;0.000000;0.000000;2.000000;20.056946;-866.743225;1924.101074;0.514746;0.000000;0.000000;0.000000;0.000000;2.000000;10527299584.000000
0.000000;-150.000000;2000.000000;0.000000;0.000000;0.000000;0.000000;0.000000;2.000000;13.913086;-324.929321;1971.140747;0.193370;0.000000;0.000000;0.000000;0.000000;2.000000;25.954407;-464.601807;1947.477295;0.385087;0.000000;0.000000;0.000000;0.000000;2.000000;35.780029;-680.780029;1949.962524;0.596403;0.000000;0.000000;0.000000;0.000000;2.000000;46.655701;-644.431580;1980.747803;0.578798;0.000000;0.000000;0.000000;0.000000;2.000000;129.603363;-599.144165;2087.399170;0.730813;0.000000;0.000000;0.000000;0.000000;2.000000;106.221497;-373.921204;2244.270508;0.852396;0.000000;0.000000;0.000000;0.000000;2.000000;168.962708;-151.874985;2258.842773;0.662726;0.000000;0.000000;0.000000;0.000000;2.000000;147.518524;-60.656685;2279.648682;0.669566;0.000000;0.000000;0.000000;0.000000;0.000000;111.118958;28.831463;2232.018555;0.881301;0.000000;0.000000;0.000000;0.000000;0.000000;106.657074;-35.154476;2240.243164;0.445836;0.000000;0.000000;0.000000;0.000000;0.000000;19.785950;-645.763733;1919.295776;0.544529;0.000000;0.000000;0.000000;0.000000;2.000000;-30.541504;-615.070496;1802.204346;0.420969;0.000000;0.000000;0.000000;0.000000;2.000000;-13.639709;-345.916138;1724.427002;0.444247;0.000000;0.000000;0.000000;0.000000;2.000000;111.626617;-148.462189;1736.068237;0.411570;0.000000;0.000000;0.000000;0.000000;2.000000;133.176483;-74.240959;1804.685181;0.618737;0.000000;0.000000;0.000000;0.000000;2.000000;151.140198;4.785943;1872.811035;1.507583;0.000000;0.000000;0.000000;0.000000;2.000000;164.170380;-70.001038;1807.432739;0.727574;0.000000;0.000000;0.000000;0.000000;2.000000;50.145203;-158.440491;2075.336670;0.136178;0.000000;0.000000;0.000000;0.000000;2.000000;52.180573;240.174835;2056.541504;0.472182;0.000000;0.000000;0.000000;0.000000;2.000000;-43.570251;609.215881;2066.147949;0.825784;0.000000;0.000000;0.000000;0.000000;2.000000;93.074249;733.819336;2040.154663;1.039883;0.000000;0.000000;0.000000;0.000000;2.000000;-45.218140;-142.388824;1932.065552;0.122800;0.000000;0.000000;0.000000;0.000000;2.000000;-11.119263;251.851135;1883.887085;0.849978;0.000000;0.000000;0.000000;0.000000;2.000000;-197.683228;581.630127;1954.370117;2.128149;0.000000;0.000000;0.000000;0.000000;2.000000;-137.653564;714.908386;1864.073608;2.304221;0.000000;0.000000;0.000000;0.000000;2.000000;51.661163;-760.520447;1945.525024;0.673869;0.000000;0.000000;0.000000;0.000000;2.000000;196.253113;-828.689697;1955.691040;0.614695;0.000000;0.000000;0.000000;0.000000;2.000000;164.065338;-830.404114;2001.232544;0.574567;0.000000;0.000000;0.000000;0.000000;2.000000;71.042297;-758.888062;2048.150879;0.837170;0.000000;0.000000;0.000000;0.000000;1.000000;156.128357;-860.843872;1959.679199;0.435961;0.000000;0.000000;0.000000;0.000000;2.000000;30.194458;-861.534180;1925.069946;0.338501;0.000000;0.000000;0.000000;0.000000;2.000000;10527333376.000000
0.000000;-150.000000;2000.000000;0.000000;0.000000;0.000000;0.000000;0.000000;2.000000;12.993958;-325.075806;1975.338501;0.127240;0.000000;0.000000;0.000000;0.000000;2.000000;21.907227;-465.324402;1956.964600;0.305983;0.000000;0.000000;0.000000;0.000000;2.000000;24.083313;-680.988770;1962.108032;0.499032;0.000000;0.000000;0.000000;0.000000;2.000000;37.818787;-644.783691;1991.651245;0.415460;0.000000;0.000000;0.000000;0.000000;2.000000;127.153259;-601.759644;2093.370605;0.206094;0.000000;0.000000;0.000000;0.000000;2.000000;107.064819;-372.733582;2243.533203;0.048312;0.000000;0.000000;0.000000;0.000000;2.000000;167.112732;-152.541565;2275.598633;0.499256;0.000000;0.000000;0.000000;0.000000;2.000000;132.083344;-64.581345;2289.445068;0.553328;0.000000;0.000000;0.000000;0.000000;0.000000;101.280670;27.672468;2243.954102;0.459015;0.000000;0.000000;0.000000;0.000000;0.000000;103.860687;-41.033337;2239.616455;0.193541;0.000000;0.000000;0.000000;0.000000;0.000000;7.813782;-645.918274;1931.899048;0.514438;0.000000;0.000000;0.000000;0.000000;2.000000;-45.744934;-616.799622;1816.308350;0.615827;0.000000;0.000000;0.000000;0.000000;2.000000;-22.171326;-349.229736;1737.974976;0.483836;0.000000;0.000000;0.000000;0.000000;2.000000;89.315521;-144.213440;1734.692261;0.673345;0.000000;0.000000;0.000000;0.000000;2.000000;121.896179;-79.438202;1807.885376;0.379548;0.000000;0.000000;0.000000;0.000000;2.000000;136.235657;5.507662;1868.856079;0.456831;0.000000;0.000000;0.000000;0.000000;2.000000;144.405457;-61.750023;1804.557983;0.639503;0.000000;0.000000;0.000000;0.000000;2.000000;61.392639;-154.805756;2066.464355;0.437367;0.000000;0.000000;0.000000;0.000000;2.000000;44.966797;242.644547;2062.293945;0.282652;0.000000;0.000000;0.000000;0.000000;2.000000;-32.005493;614.357971;2083.388184;0.632906;0.000000;0.000000;0.000000;0.000000;2.000000;101.869080;737.260803;2043.047485;0.292297;0.000000;0.000000;0.000000;0.000000;2.000000;-55.360352;-145.666428;1940.066162;0.394392;0.000000;0.000000;0.000000;0.000000;2.000000;-31.120911;249.087646;1901.398926;0.790946;0.000000;0.000000;0.000000;0.000000;2.000000;-222.934021;563.792114;2009.872192;1.880081;0.000000;0.000000;0.000000;0.000000;2.000000;-196.625732;706.582642;1919.021118;2.397979;0.000000;0.000000;0.000000;0.000000;2.000000;36.798462;-761.055359;1958.038574;0.575179;0.000000;0.000000;0.000000;0.000000;2.000000;183.286285;-824.538635;1955.275024;0.403096;0.000000;0.000000;0.000000;0.000000;2.000000;155.122467;-827.833557;2003.123291;0.280988;0.000000;0.000000;0.000000;0.000000;2.000000;64.436584;-760.106079;2058.424316;0.363236;0.000000;0.000000;0.000000;0.000000;1.000000;144.748016;-857.888916;1962.034668;0.354857;0.000000;0.000000;0.000000;0.000000;2.000000;16.869873;-862.113953;1937.949585;0.548678;0.000000;0.000000;0.000000;0.000000;2.000000;10527367168.000000
0.000000;-150.000000;2000.000000;0.000000;0.000000;0.000000;0.000000;0.000000;2.000000;14.064087;-328.627930;1976.088379;0.115504;0.000000;0.000000;0.000000;0.000000;2.000000;25.700012;-471.352051;1956.610718;0.217603;0.000000;0.000000;0.000000;0.000000;2.000000;21.151550;-691.259888;1960.025146;0.332109;0.000000;0.000000;0.000000;0.000000;2.000000;35.114075;-655.010681;1990.969971;0.323502;0.000000;0.000000;0.000000;0.000000;2.000000;118.990204;-609.957642;2100.127930;0.408872;0.000000;0.000000;0.000000;0.000000;2.000000;98.119720;-384.019043;2264.194824;0.768582;0.000000;0.000000;0.000000;0.000000;2.000000;182.067230;-165.774796;2287.680420;0.712260;0.000000;0.000000;0.000000;0.000000;2.000000;152.237915;-73.082092;2281.523926;0.709961;0.000000;0.000000;0.000000;0.000000;0.000000;106.175751;10.803633;2228.339111;0.717226;0.000000;0.000000;0.000000;0.000000;0.000000;116.448547;-55.759979;2234.319336;0.612931;0.000000;0.000000;0.000000;0.000000;0.000000;6.804077;-654.783325;1928.936646;0.286905;0.000000;0.000000;0.000000;0.000000;2.000000;-46.534607;-618.901306;1812.215820;0.142454;0.000000;0.000000;0.000000;0.000000;2.000000;-47.127258;-344.079102;1735.607422;0.780995;0.000000;0.000000;0.000000;0.000000;2.000000;89.156219;-148.992065;1737.676270;0.171998;0.000000;0.000000;0.000000;0.000000;2.000000;103.910126;-68.265060;1803.264648;0.661386;0.000000;0.000000;0.000000;0.000000;2.000000;112.240845;14.235542;1871.863037;0.784586;0.000000;0.000000;0.000000;0.000000;2.000000;137.842651;-61.813496;1805.620728;0.202899;0.000000;0.000000;0.000000;0.000000;2.000000;62.988831;-154.071854;2067.466309;0.061721;0.000000;0.000000;0.000000;0.000000;2.000000;35.409058;250.473480;2056.279297;0.419346;0.000000;0.000000;0.000000;0.000000;2.000000;-22.469727;633.793396;2056.879395;1.044478;0.000000;0.000000;0.000000;0.000000;2.000000;138.651947;732.092102;2036.651001;1.150237;0.000000;0.000000;0.000000;0.000000;2.000000;-56.799744;-146.328247;1939.162598;0.055658;0.000000;0.000000;0.000000;0.000000;2.000000;-49.490723;258.510010;1923.628418;0.925836;0.000000;0.000000;0.000000;0.000000;2.000000;-284.140442;545.337280;2050.642578;2.313915;0.000000;0.000000;0.000000;0.000000;2.000000;-261.149719;694.108765;1962.102173;2.398091;0.000000;0.000000;0.000000;0.000000;2.000000;31.819092;-773.222168;1955.652832;0.407746;0.000000;0.000000;0.000000;0.000000;2.000000;182.524231;-833.821106;1944.456055;0.435659;0.000000;0.000000;0.000000;0.000000;2.000000;156.072052;-839.351990;1994.317139;0.443424;0.000000;0.000000;0.000000;0.000000;2.000000;64.435852;-774.445984;2056.685059;0.440826;0.000000;0.000000;0.000000;0.000000;1.000000;144.448883;-869.052612;1952.017456;0.457827;0.000000;0.000000;0.000000;0.000000;2.000000;13.254272;-876.144470;1932.990479;0.467348;0.000000;0.000000;0.000000;0.000000;2.000000;10527399936.000000
0.000000;-150.000000;2000.000000;0.000000;0.000000;0.000000;0.000000;0.000000;2.000000;10.773560;-328.186707;1973.584961;0.123048;0.000000;0.000000;0.000000;0.000000;2.000000;12.547729;-471.620667;1958.218018;0.392189;0.000000;0.000000;0.000000;0.000000;2.000000;11.931702;-691.191345;1961.760132;0.277637;0.000000;0.000000;0.000000;0.000000;2.000000;24.270386;-654.734009;1993.010986;0.326633;0.000000;0.000000;0.000000;0.000000;2.000000;94.220367;-615.711060;2113.393555;0.848763;0.000000;0.000000;0.000000;0.000000;2.000000;64.835327;-385.557922;2269.266602;0.997388;0.000000;0.000000;0.000000;0.000000;2.000000;169.066528;-175.475189;2275.520264;0.599928;0.000000;0.000000;0.000000;0.000000;2.000000;136.640930;-83.635376;2276.348633;0.577948;0.000000;0.000000;0.000000;0.000000;0.000000;117.099487;13.065236;2229.308838;0.331364;0.000000;0.000000;0.000000;0.000000;0.000000;122.167755;-53.734299;2235.546875;0.183188;0.000000;0.000000;0.000000;0.000000;0.000000;-2.117615;-655.068359;1930.264648;0.267060;0.000000;0.000000;0.000000;0.000000;2.000000;-54.822632;-616.434570;1814.401001;0.263943;0.000000;0.000000;0.000000;0.000000;2.000000;-46.328186;-340.462952;1744.529419;0.285869;0.000000;0.000000;0.000000;0.000000;2.000000;84.858215;-142.400742;1745.848877;0.335731;0.000000;0.000000;0.000000;0.000000;2.000000;103.731628;-53.544064;1798.255249;0.460198;0.000000;0.000000;0.000000;0.000000;2.000000;106.343811;20.751755;1875.809570;0.285093;0.000000;0.000000;0.000000;0.000000;2.000000;132.706573;-47.308086;1813.763306;0.515193;0.000000;0.000000;0.000000;0.000000;2.000000;59.765259;-156.751770;2069.920410;0.143749;0.000000;0.000000;0.000000;0.000000;2.000000;36.900269;247.400986;2059.405762;0.137020;0.000000;0.000000;0.000000;0.000000;2.000000;-11.805176;631.315369;2060.596924;0.342169;0.000000;0.000000;0.000000;0.000000;2.000000;146.484222;731.769531;2033.016846;0.255692;0.000000;0.000000;0.000000;0.000000;2.000000;-53.892944;-143.911636;1936.949829;0.129621;0.000000;0.000000;0.000000;0.000000;2.000000;-101.603638;257.154785;1959.075195;1.865536;0.000000;0.000000;0.000000;0.000000;2.000000;-325.838806;551.459717;2085.703125;1.622344;0.000000;0.000000;0.000000;0.000000;2.000000;-296.101563;709.449280;2018.247681;2.009105;0.000000;0.000000;0.000000;0.000000;2.000000;24.205017;-772.805176;1957.817993;0.234580;0.000000;0.000000;0.000000;0.000000;2.000000;172.640106;-838.536621;1949.802979;0.360646;0.000000;0.000000;0.000000;0.000000;2.000000;144.641510;-843.906799;1998.716553;0.386703;0.000000;0.000000;0.000000;0.000000;2.000000;53.805908;-776.856934;2059.509766;0.333215;0.000000;0.000000;0.000000;0.000000;1.000000;133.193512;-872.420898;1955.673950;0.364122;0.000000;0.000000;0.000000;0.000000;2.000000;2.652649;-874.424316;1932.905640;0.317845;0.000000;0.000000;0.000000;0.000000;2.000000;10527433728.000000
0.000000;-150.000000;2000.000000;0.000000;0.000000;0.000000;0.000000;0.000000;2.000000;8.860046;-328.527954;1975.566772;0.084713;0.000000;0.000000;0.000000;0.000000;2.000000;9.753113;-472.061218;1961.446777;0.131008;0.000000;0.000000;0.000000;0.000000;2.000000;-0.355957;-691.339539;1965.245972;0.389813;0.000000;0.000000;0.000000;0.000000;2.000000;14.355225;-655.465332;1996.122437;0.317920;0.000000;0.000000;0.000000;0.000000;2.000000;84.478027;-618.591797;2117.036621;0.329369;0.000000;0.000000;0.000000;0.000000;2.000000;70.231140;-384.514343;2269.007813;0.167904;0.000000;0.000000;0.000000;0.000000;2.000000;176.363037;-175.503952;2276.793945;0.226041;0.000000;0.000000;0.000000;0.000000;2.000000;148.367828;-82.282211;2274.003418;0.367292;0.000000;0.000000;0.000000;0.000000;0.000000;128.438354;13.714666;2225.764648;0.363086;0.000000;0.000000;0.000000;0.000000;0.000000;134.050598;-52.534599;2233.998535;0.367529;0.000000;0.000000;0.000000;0.000000;0.000000;-13.613037;-654.646423;1934.088257;0.369934;0.000000;0.000000;0.000000;0.000000;2.000000;-66.776123;-613.147095;1819.470459;0.408745;0.000000;0.000000;0.000000;0.000000;2.000000;-50.296631;-336.202820;1755.412720;0.376671;0.000000;0.000000;0.000000;0.000000;2.000000;78.407837;-136.850677;1765.678101;0.658507;0.000000;0.000000;0.000000;0.000000;2.000000;89.756378;-42.358276;1809.665771;0.647828;0.000000;0.000000;0.000000;0.000000;2.000000;82.027222;14.490279;1900.462280;1.073880;0.000000;0.000000;0.000000;0.000000;2.000000;132.014679;-33.938599;1821.903442;0.478147;0.000000;0.000000;0.000000;0.000000;2.000000;61.024170;-156.391129;2068.827148;0.052060;0.000000;0.000000;0.000000;0.000000;2.000000;45.512207;248.057709;2060.476074;0.265595;0.000000;0.000000;0.000000;0.000000;2.000000;0.728882;632.333130;2064.278809;0.399879;0.000000;0.000000;0.000000;0.000000;2.000000;156.693390;734.765808;2031.544556;0.327794;0.000000;0.000000;0.000000;0.000000;2.000000;-55.028198;-144.236847;1937.935547;0.046944;0.000000;0.000000;0.000000;0.000000;2.000000;-159.324219;238.076492;2018.530029;2.594985;0.000000;0.000000;0.000000;0.000000;2.000000;-368.891418;537.237366;2157.949463;2.603014;0.000000;0.000000;0.000000;0.000000;2.000000;-342.511414;692.525635;2083.320801;2.493268;0.000000;0.000000;0.000000;0.000000;2.000000;8.234985;-773.390625;1961.082764;0.497767;0.000000;0.000000;0.000000;0.000000;2.000000;157.735291;-835.758911;1948.267456;0.465057;0.000000;0.000000;0.000000;0.000000;2.000000;130.950500;-842.876282;1997.619141;0.420335;0.000000;0.000000;0.000000;0.000000;2.000000;40.151062;-779.232788;2061.955566;0.429509;0.000000;0.000000;0.000000;0.000000;1.000000;119.141876;-870.586853;1954.167725;0.434895;0.000000;0.000000;0.000000;0.000000;2.000000;-11.769470;-874.794189;1934.195923;0.442030;0.000000;0.000000;0.000000;0.000000;2.000000;10527466496.000000
0.000000;-150.000000;2000.000000;0.000000;0.000000;0.000000;0.000000;0.000000;2.000000;6.742065;-329.049194;1975.867554;0.065158;0.000000;0.000000;0.000000;0.000000;2.000000;7.424133;-472.758484;1960.446533;0.077795;0.000000;0.000000;0.000000;0.000000;2.000000;-4.151123;-692.385742;1966.360840;0.121080;0.000000;0.000000;0.000000;0.000000;2.000000;11.538940;-656.283325;1996.653687;0.088198;0.000000;0.000000;0.000000;0.000000;2.000000;88.885376;-618.783508;2113.261719;0.171820;0.000000;0.000000;0.000000;0.000000;2.000000;78.964478;-389.258362;2273.396484;0.321511;0.000000;0.000000;0.000000;0.000000;2.000000;175.275269;-174.916458;2268.278320;0.254643;0.000000;0.000000;0.000000;0.000000;2.000000;168.442505;-77.597519;2266.141113;0.652892;0.000000;0.000000;0.000000;0.000000;0.000000;158.664215;23.725477;2225.786621;0.942251;0.000000;0.000000;0.000000;0.000000;0.000000;150.665710;-48.515919;2220.123047;0.651540;0.000000;0.000000;0.000000;0.000000;0.000000;-17.883301;-655.783447;1935.131592;0.134367;0.000000;0.000000;0.000000;0.000000;2.000000;-69.963318;-610.893250;1820.966431;0.123711;0.000000;0.000000;0.000000;0.000000;2.000000;-57.354553;-333.627258;1754.759888;0.223174;0.000000;0.000000;0.000000;0.000000;2.000000;67.069946;-130.805954;1748.930542;0.624659;0.000000;0.000000;0.000000;0.000000;2.000000;72.648499;-38.765770;1799.297729;0.601457;0.000000;0.000000;0.000000;0.000000;2.000000;80.000244;35.502945;1876.852661;0.937235;0.000000;0.000000;0.000000;0.000000;2.000000;111.355225;-23.271242;1809.544922;0.779218;0.000000;0.000000;0.000000;0.000000;2.000000;59.033813;-157.307434;2070.709473;0.085483;0.000000;0.000000;0.000000;0.000000;2.000000;49.972717;248.169281;2060.997070;0.132937;0.000000;0.000000;0.000000;0.000000;2.000000;11.761780;633.987366;2064.143555;0.330168;0.000000;0.000000;0.000000;0.000000;2.000000;167.872925;732.955383;2020.824951;0.461467;0.000000;0.000000;0.000000;0.000000;2.000000;-53.233337;-143.410553;1936.238159;0.077086;0.000000;0.000000;0.000000;0.000000;2.000000;-118.282776;249.131439;2013.134277;1.267915;0.000000;0.000000;0.000000;0.000000;2.000000;-353.458923;524.824585;2162.098633;0.598810;0.000000;0.000000;0.000000;0.000000;2.000000;-345.985291;698.718506;2147.459473;1.909639;0.000000;0.000000;0.000000;0.000000;2.000000;3.787231;-774.703247;1962.698730;0.145327;0.000000;0.000000;0.000000;0.000000;2.000000;148.766449;-842.934998;1933.675415;0.549554;0.000000;0.000000;0.000000;0.000000;2.000000;124.360657;-854.314880;1983.597168;0.569908;0.000000;0.000000;0.000000;0.000000;2.000000;40.974792;-793.774719;2060.317139;0.433745;0.000000;0.000000;0.000000;0.000000;1.000000;108.517914;-876.250061;1938.043701;0.595488;0.000000;0.000000;0.000000;0.000000;2.000000;-23.608276;-871.386047;1925.870850;0.440008;0.000000;0.000000;0.000000;0.000000;2.000000;10527500288.000000
0.000000;-150.000000;2000.000000;0.000000;0.000000;0.000000;0.000000;0.000000;2.000000;4.494629;-329.983307;1976.196777;0.074951;0.000000;0.000000;0.000000;0.000000;2.000000;0.819946;-474.565826;1963.502686;0.228825;0.000000;0.000000;0.000000;0.000000;2.000000;-10.959167;-695.193115;1968.578857;0.234709;0.000000;0.000000;0.000000;0.000000;2.000000;5.208374;-659.083374;1998.978271;0.222841;0.000000;0.000000;0.000000;0.000000;2.000000;88.340820;-628.215820;2114.353027;0.290248;0.000000;0.000000;0.000000;0.000000;2.000000;74.854858;-396.134247;2272.737793;0.245284;0.000000;0.000000;0.000000;0.000000;2.000000;180.544250;-186.588257;2247.006836;0.757715;0.000000;0.000000;0.000000;0.000000;2.000000;173.504028;-89.323143;2256.901367;0.481058;0.000000;0.000000;0.000000;0.000000;0.000000;176.703949;6.885860;2203.684814;1.011000;0.000000;0.000000;0.000000;0.000000;0.000000;168.060577;-53.865601;2205.854980;0.705727;0.000000;0.000000;0.000000;0.000000;0.000000;-25.096924;-658.270264;1937.547729;0.244252;0.000000;0.000000;0.000000;0.000000;2.000000;-76.571899;-612.043945;1822.941650;0.213403;0.000000;0.000000;0.000000;0.000000;2.000000;-57.017761;-333.666809;1757.553101;0.085868;0.000000;0.000000;0.000000;0.000000;2.000000;71.802612;-132.273712;1760.416382;0.381747;0.000000;0.000000;0.000000;0.000000;2.000000;75.824463;-33.817116;1798.217285;0.182451;0.000000;0.000000;0.000000;0.000000;2.000000;58.702820;31.855556;1882.377441;0.680622;0.000000;0.000000;0.000000;0.000000;2.000000;114.522339;-21.947954;1809.740112;0.104919;0.000000;0.000000;0.000000;0.000000;2.000000;61.196411;-157.645615;2069.366211;0.078375;0.000000;0.000000;0.000000;0.000000;2.000000;58.795044;249.506409;2052.298340;0.380295;0.000000;0.000000;0.000000;0.000000;2.000000;27.344055;637.684570;2049.514160;0.661954;0.000000;0.000000;0.000000;0.000000;2.000000;184.381256;734.112549;2000.448608;0.801085;0.000000;0.000000;0.000000;0.000000;2.000000;-55.183472;-143.105606;1937.449585;0.070677;0.000000;0.000000;0.000000;0.000000;2.000000;-134.445251;247.879745;2018.447144;0.520608;0.000000;0.000000;0.000000;0.000000;2.000000;-356.001404;530.437378;2179.572021;0.565430;0.000000;0.000000;0.000000;0.000000;2.000000;-347.672791;705.597046;2173.765625;0.831387;0.000000;0.000000;0.000000;0.000000;2.000000;-3.114929;-777.870361;1964.426147;0.237674;0.000000;0.000000;0.000000;0.000000;2.000000;138.531769;-850.897827;1927.563110;0.437494;0.000000;0.000000;0.000000;0.000000;2.000000;114.014404;-865.209839;1976.963013;0.501229;0.000000;0.000000;0.000000;0.000000;2.000000;34.283203;-806.905518;2060.007813;0.449853;0.000000;0.000000;0.000000;0.000000;1.000000;96.509155;-882.564819;1929.794067;0.484589;0.000000;0.000000;0.000000;0.000000;2.000000;-35.917603;-870.108398;1920.000488;0.418005;0.000000;0.000000;0.000000;0.000000;2.000000;10527533056.000000
0.000000;-150.000000;2000.000000;0.000000;0.000000;0.000000;0.000000;0.000000;2.000000;4.589966;-330.030975;1969.100098;0.210034;0.000000;0.000000;0.000000;0.000000;2.000000;1.100525;-474.909302;1950.756104;0.377435;0.000000;0.000000;0.000000;0.000000;2.000000;-20.242737;-696.135010;1957.553833;0.427432;0.000000;0.000000;0.000000;0.000000;2.000000;-1.315796;-660.425049;1987.330566;0.397067;0.000000;0.000000;0.000000;0.000000;2.000000;80.124634;-627.917725;2104.577148;0.378004;0.000000;0.000000;0.000000;0.000000;2.000000;69.702209;-393.195435;2262.377441;0.353288;0.000000;0.000000;0.000000;0.000000;2.000000;185.201599;-188.438477;2228.274902;0.573825;0.000000;0.000000;0.000000;0.000000;2.000000;170.889709;-90.978416;2223.475586;0.993392;0.000000;0.000000;0.000000;0.000000;0.000000;179.217102;13.097474;2186.783691;0.538026;0.000000;0.000000;0.000000;0.000000;0.000000;174.331818;-59.532269;2182.826660;0.725925;0.000000;0.000000;0.000000;0.000000;0.000000;-33.944580;-658.527344;1926.648315;0.415507;0.000000;0.000000;0.000000;0.000000;2.000000;-91.542053;-608.917358;1815.458374;0.503843;0.000000;0.000000;0.000000;0.000000;2.000000;-65.460693;-329.902893;1747.381470;0.406739;0.000000;0.000000;0.000000;0.000000;2.000000;52.690796;-121.496719;1725.626709;1.217170;0.000000;0.000000;0.000000;0.000000;2.000000;61.315308;-31.215473;1780.861938;0.673841;0.000000;0.000000;0.000000;0.000000;2.000000;65.535034;38.536678;1864.227295;0.607009;0.000000;0.000000;0.000000;0.000000;2.000000;112.474426;-24.022495;1800.049561;0.299465;0.000000;0.000000;0.000000;0.000000;2.000000;62.402893;-160.204544;2068.723877;0.085851;0.000000;0.000000;0.000000;0.000000;2.000000;63.258301;249.047516;2043.673584;0.287702;0.000000;0.000000;0.000000;0.000000;2.000000;35.184021;639.788818;2034.692383;0.500090;0.000000;0.000000;0.000000;0.000000;2.000000;188.784027;734.761353;1969.871948;0.914383;0.000000;0.000000;0.000000;0.000000;2.000000;-56.271484;-140.798126;1938.028687;0.077416;0.000000;0.000000;0.000000;0.000000;2.000000;-141.344421;246.863724;2039.195679;0.647760;0.000000;0.000000;0.000000;0.000000;2.000000;-327.942322;554.533447;2204.470215;1.319405;0.000000;0.000000;0.000000;0.000000;2.000000;-328.074768;725.309814;2159.764648;0.921046;0.000000;0.000000;0.000000;0.000000;2.000000;-16.146057;-779.602661;1953.572388;0.504482;0.000000;0.000000;0.000000;0.000000;2.000000;127.289124;-841.505859;1901.807495;0.876845;0.000000;0.000000;0.000000;0.000000;2.000000;105.924255;-862.429077;1950.716064;0.816936;0.000000;0.000000;0.000000;0.000000;2.000000;27.731873;-817.231812;2043.996094;0.596225;0.000000;0.000000;0.000000;0.000000;2.000000;86.615540;-875.461914;1902.500366;0.884464;0.000000;0.000000;0.000000;0.000000;2.000000;-47.378113;-868.495728;1900.445801;0.672434;0.000000;0.000000;0.000000;0.000000;2.000000;10527566848.000000
0.000000;-150.000000;2000.000000;0.000000;0.000000;0.000000;0.000000;0.000000;2.000000;2.872253;-331.242310;1963.772705;0.174775;0.000000;0.000000;0.000000;0.000000;2.000000;-3.120117;-477.312500;1942.184692;0.300654;0.000000;0.000000;0.000000;0.000000;2.000000;-29.078430;-700.754700;1943.179199;0.533875;0.000000;0.000000;0.000000;0.000000;2.000000;-8.403198;-665.912903;1973.801636;0.495269;0.000000;0.000000;0.000000;0.000000;2.000000;78.854309;-636.203552;2089.740234;0.520056;0.000000;0.000000;0.000000;0.000000;2.000000;84.913269;-391.543762;2238.354980;0.869179;0.000000;0.000000;0.000000;0.000000;2.000000;198.600983;-181.961365;2208.334961;0.759328;0.000000;0.000000;0.000000;0.000000;2.000000;151.676758;-96.164085;2188.556152;1.226562;0.000000;0.000000;0.000000;0.000000;0.000000;178.514679;10.022332;2165.348145;0.661206;0.000000;0.000000;0.000000;0.000000;0.000000;167.476868;-61.015118;2153.420166;0.922586;0.000000;0.000000;0.000000;0.000000;0.000000;-42.989319;-661.541077;1913.414551;0.497748;0.000000;0.000000;0.000000;0.000000;2.000000;-103.061096;-610.382874;1802.323730;0.535020;0.000000;0.000000;0.000000;0.000000;2.000000;-79.818787;-327.878357;1733.304199;0.616744;0.000000;0.000000;0.000000;0.000000;2.000000;51.840271;-123.731522;1718.736694;0.222569;0.000000;0.000000;0.000000;0.000000;2.000000;63.957336;-31.168009;1771.891357;0.285391;0.000000;0.000000;0.000000;0.000000;2.000000;68.201172;46.086823;1850.146973;0.494317;0.000000;0.000000;0.000000;0.000000;2.000000;116.752686;-25.670748;1788.356323;0.383299;0.000000;0.000000;0.000000;0.000000;2.000000;63.224121;-162.795197;2069.026123;0.083449;0.000000;0.000000;0.000000;0.000000;2.000000;66.680237;250.754074;2037.085693;0.232460;0.000000;0.000000;0.000000;0.000000;2.000000;49.549255;646.318481;2017.560913;0.710793;0.000000;0.000000;0.000000;0.000000;2.000000;204.426697;735.919983;1942.316772;0.967616;0.000000;0.000000;0.000000;0.000000;2.000000;-57.011963;-138.462021;1937.756226;0.075249;0.000000;0.000000;0.000000;0.000000;2.000000;-148.127808;247.563766;2057.619141;0.599520;0.000000;0.000000;0.000000;0.000000;2.000000;-312.897095;570.265381;2228.453125;0.988427;0.000000;0.000000;0.000000;0.000000;2.000000;-331.210693;721.823608;2135.780762;0.745788;0.000000;0.000000;0.000000;0.000000;2.000000;-26.764709;-785.104614;1936.602783;0.633557;0.000000;0.000000;0.000000;0.000000;2.000000;119.527710;-835.472595;1875.108032;0.868278;0.000000;0.000000;0.000000;0.000000;2.000000;99.219543;-863.716797;1921.510010;0.915326;0.000000;0.000000;0.000000;0.000000;2.000000;19.957581;-833.529602;2021.806274;0.873062;0.000000;0.000000;0.000000;0.000000;1.000000;79.477905;-870.929749;1871.581299;0.978218;0.000000;0.000000;0.000000;0.000000;2.000000;-56.245605;-868.071533;1871.630249;0.920169;0.000000;0.000000;0.000000;0.000000;2.000000;10527599616.000000
0.000000;-150.000000;2000.000000;0.000000;0.000000;0.000000;0.000000;0.000000;2.000000;0.650757;-331.990265;1968.492676;0.155953;0.000000;0.000000;0.000000;0.000000;2.000000;-4.380737;-478.200775;1948.494141;0.192211;0.000000;0.000000;0.000000;0.000000;2.000000;-21.237000;-702.321289;1950.584351;0.322519;0.000000;0.000000;0.000000;0.000000;2.000000;-0.552429;-666.666382;1980.178345;0.300137;0.000000;0.000000;0.000000;0.000000;2.000000;94.729370;-632.833618;2088.248779;0.482280;0.000000;0.000000;0.000000;0.000000;2.000000;109.779968;-390.586914;2239.699707;0.737494;0.000000;0.000000;0.000000;0.000000;2.000000;211.054657;-176.444092;2200.421143;0.466181;0.000000;0.000000;0.000000;0.000000;2.000000;185.488434;-81.713516;2182.800781;1.101382;0.000000;0.000000;0.000000;0.000000;0.000000;176.957825;24.550598;2148.901855;0.651025;0.000000;0.000000;0.000000;0.000000;0.000000;166.917786;-60.613270;2156.437256;0.091579;0.000000;0.000000;0.000000;0.000000;0.000000;-38.111694;-663.768433;1921.570679;0.288852;0.000000;0.000000;0.000000;0.000000;2.000000;-102.555847;-609.158569;1814.793579;0.371093;0.000000;0.000000;0.000000;0.000000;2.000000;-74.626282;-327.977692;1743.163696;0.329773;0.000000;0.000000;0.000000;0.000000;2.000000;64.454590;-129.047119;1728.720825;0.501386;0.000000;0.000000;0.000000;0.000000;2.000000;73.413330;-31.608952;1772.844727;0.281551;0.000000;0.000000;0.000000;0.000000;2.000000;94.541870;38.248425;1855.088257;0.826317;0.000000;0.000000;0.000000;0.000000;2.000000;135.496033;-27.667252;1802.321167;0.694212;0.000000;0.000000;0.000000;0.000000;2.000000;64.774902;-161.488953;2067.699707;0.071701;0.000000;0.000000;0.000000;0.000000;2.000000;93.320313;249.745392;2024.740967;0.869396;0.000000;0.000000;0.000000;0.000000;2.000000;76.139771;645.181274;2009.763062;0.820716;0.000000;0.000000;0.000000;0.000000;2.000000;230.689392;738.592285;1939.021606;0.787262;0.000000;0.000000;0.000000;0.000000;2.000000;-58.410400;-139.639908;1938.952393;0.064658;0.000000;0.000000;0.000000;0.000000;2.000000;-94.739014;264.510315;2021.094360;1.978873;0.000000;0.000000;0.000000;0.000000;2.000000;-294.942932;549.310303;2218.615479;0.866946;0.000000;0.000000;0.000000;0.000000;2.000000;-296.239197;719.979004;2166.540039;1.379336;0.000000;0.000000;0.000000;0.000000;2.000000;-15.853943;-786.449463;1943.854614;0.389730;0.000000;0.000000;0.000000;0.000000;2.000000;126.396851;-816.725586;1863.091187;0.689608;0.000000;0.000000;0.000000;0.000000;2.000000;113.787720;-850.944092;1908.123291;0.696895;0.000000;0.000000;0.000000;0.000000;2.000000;43.834534;-837.909790;2018.402588;0.725404;0.000000;0.000000;0.000000;0.000000;2.000000;89.372742;-855.308838;1860.012085;0.645481;0.000000;0.000000;0.000000;0.000000;2.000000;-45.164307;-865.355469;1874.074829;0.345296;0.000000;0.000000;0.000000;0.000000;2.000000;10527633408.000000
0.000000;-150.000000;2000.000000;0.000000;0.000000;0.000000;0.000000;0.000000;2.000000;1.885742;-334.778015;1966.531982;0.110628;0.000000;0.000000;0.000000;0.000000;2.000000;-2.814880;-483.446533;1946.154785;0.181682;0.000000;0.000000;0.000000;0.000000;2.000000;-18.841370;-711.409485;1944.732300;0.337879;0.000000;0.000000;0.000000;0.000000;2.000000;2.860840;-675.583740;1974.857056;0.333586;0.000000;0.000000;0.000000;0.000000;2.000000;94.307007;-644.179443;2090.157227;0.351348;0.000000;0.000000;0.000000;0.000000;2.000000;122.795227;-389.899109;2228.517578;0.524077;0.000000;0.000000;0.000000;0.000000;2.000000;219.430756;-171.891571;2176.177734;0.794997;0.000000;0.000000;0.000000;0.000000;2.000000;193.269287;-75.722931;2157.709961;0.822265;0.000000;0.000000;0.000000;0.000000;0.000000;186.215149;-1.644647;2071.689453;2.504235;0.000000;0.000000;0.000000;0.000000;0.000000;175.412659;-46.600384;2130.405029;0.938732;0.000000;0.000000;0.000000;0.000000;0.000000;-37.001099;-671.786926;1916.422363;0.292770;0.000000;0.000000;0.000000;0.000000;2.000000;-105.832458;-615.412109;1810.369263;0.254264;0.000000;0.000000;0.000000;0.000000;2.000000;-79.521179;-329.622742;1736.357422;0.260727;0.000000;0.000000;0.000000;0.000000;2.000000;67.817505;-131.695038;1720.874268;0.272768;0.000000;0.000000;0.000000;0.000000;2.000000;87.181213;-39.296604;1775.631470;0.488682;0.000000;0.000000;0.000000;0.000000;2.000000;105.677673;33.470692;1858.468140;0.383911;0.000000;0.000000;0.000000;0.000000;2.000000;147.667114;-32.070778;1777.282715;0.860168;0.000000;0.000000;0.000000;0.000000;2.000000;69.138489;-161.181335;2065.627930;0.147712;0.000000;0.000000;0.000000;0.000000;2.000000;110.054016;254.427322;2009.281006;0.709786;0.000000;0.000000;0.000000;0.000000;2.000000;97.511536;656.635620;1993.068848;0.898405;0.000000;0.000000;0.000000;0.000000;2.000000;257.135742;737.450745;1910.147827;1.195420;0.000000;0.000000;0.000000;0.000000;2.000000;-62.345215;-139.917297;1940.820313;0.133194;0.000000;0.000000;0.000000;0.000000;2.000000;-110.436340;265.547058;2043.209717;0.828242;0.000000;0.000000;0.000000;0.000000;2.000000;-286.178528;574.450317;2241.490723;1.071211;0.000000;0.000000;0.000000;0.000000;2.000000;-279.480286;727.713196;2144.624023;0.874418;0.000000;0.000000;0.000000;0.000000;2.000000;-13.170288;-796.785400;1936.228638;0.400454;0.000000;0.000000;0.000000;0.000000;2.000000;120.850220;-829.360596;1838.313354;0.865511;0.000000;0.000000;0.000000;0.000000;2.000000;109.578552;-867.343018;1881.920288;0.952050;0.000000;0.000000;0.000000;0.000000;2.000000;49.920654;-859.899536;2001.052734;0.874746;0.000000;0.000000;0.000000;0.000000;2.000000;80.233154;-865.522095;1835.397217;0.859781;0.000000;0.000000;0.000000;0.000000;2.000000;-55.120850;-867.862366;1861.752319;0.489483;0.000000;0.000000;0.000000;0.000000;2.000000;10527666176.000000
0.000000;-150.000000;2000.000000;0.000000;0.000000;0.000000;0.000000;0.000000;2.000000;1.786255;-333.668152;1964.646240;0.064819;0.000000;0.000000;0.000000;0.000000;2.000000;-4.647583;-481.806458;1945.289429;0.077154;0.000000;0.000000;0.000000;0.000000;2.000000;-16.640076;-708.962952;1937.035278;0.247724;0.000000;0.000000;0.000000;0.000000;2.000000;5.854370;-673.868530;1967.089233;0.251525;0.000000;0.000000;0.000000;0.000000;2.000000;106.802673;-645.073730;2074.063965;0.603530;0.000000;0.000000;0.000000;0.000000;2.000000;140.312317;-396.503113;2219.090820;0.620268;0.000000;0.000000;0.000000;0.000000;2.000000;236.202911;-182.263809;2155.535156;0.844824;0.000000;0.000000;0.000000;0.000000;2.000000;209.531982;-86.927368;2175.336426;0.783347;0.000000;0.000000;0.000000;0.000000;0.000000;189.665710;-3.564809;2101.239258;0.882235;0.000000;0.000000;0.000000;0.000000;0.000000;191.224060;-56.090820;2101.261230;1.020600;0.000000;0.000000;0.000000;0.000000;0.000000;-36.848877;-668.953918;1911.138184;0.177487;0.000000;0.000000;0.000000;0.000000;2.000000;-112.964050;-614.627258;1809.815186;0.212950;0.000000;0.000000;0.000000;0.000000;2.000000;-90.098572;-330.933777;1731.428467;0.347504;0.000000;0.000000;0.000000;0.000000;2.000000;59.227783;-136.592392;1707.503296;0.492122;0.000000;0.000000;0.000000;0.000000;2.000000;84.827454;-46.882545;1763.299194;0.434089;0.000000;0.000000;0.000000;0.000000;2.000000;97.530029;7.314368;1859.742798;0.811600;0.000000;0.000000;0.000000;0.000000;2.000000;133.411377;-41.357357;1759.372803;0.731027;0.000000;0.000000;0.000000;0.000000;2.000000;71.986450;-161.214508;2061.898193;0.138875;0.000000;0.000000;0.000000;0.000000;2.000000;119.879028;251.136948;1999.891357;0.413795;0.000000;0.000000;0.000000;0.000000;2.000000;124.945068;651.156494;1970.481445;1.064029;0.000000;0.000000;0.000000;0.000000;2.000000;281.911224;730.952576;1883.458862;1.094674;0.000000;0.000000;0.000000;0.000000;2.000000;-64.913330;-139.887390;1944.183838;0.125235;0.000000;0.000000;0.000000;0.000000;2.000000;-123.953674;262.516602;2046.058838;0.418526;0.000000;0.000000;0.000000;0.000000;2.000000;-264.243896;596.341187;2228.237793;0.997404;0.000000;0.000000;0.000000;0.000000;2.000000;-253.576904;734.329285;2112.039063;1.247307;0.000000;0.000000;0.000000;0.000000;2.000000;-9.929688;-793.551331;1925.428955;0.347125;0.000000;0.000000;0.000000;0.000000;2.000000;122.451050;-816.376099;1823.754639;0.579230;0.000000;0.000000;0.000000;0.000000;2.000000;112.467041;-857.576111;1864.333496;0.601419;0.000000;0.000000;0.000000;0.000000;2.000000;54.836365;-860.151733;1984.074829;0.523113;0.000000;0.000000;0.000000;0.000000;2.000000;82.482788;-852.700134;1818.704468;0.626439;0.000000;0.000000;0.000000;0.000000;2.000000;-51.851685;-859.141968;1846.682373;0.524249;0.000000;0.000000;0.000000;0.000000;2.000000;10527699968.000000
0.000000;-150.000000;2000.000000;0.000000;0.000000;0.000000;0.000000;0.000000;2.000000;-0.711731;-334.677307;1966.556519;0.097735;0.000000;0.000000;0.000000;0.000000;2.000000;-9.369202;-483.432983;1948.958740;0.183387;0.000000;0.000000;0.000000;0.000000;2.000000;-21.335266;-711.321045;1939.592163;0.172917;0.000000;0.000000;0.000000;0.000000;2.000000;2.441895;-676.271240;1969.002319;0.135863;0.000000;0.000000;0.000000;0.000000;2.000000;109.363892;-645.554321;2070.195313;0.138035;0.000000;0.000000;0.000000;0.000000;2.000000;151.910095;-390.817322;2203.656738;0.595579;0.000000;0.000000;0.000000;0.000000;2.000000;242.049194;-171.640045;2145.599854;0.463912;0.000000;0.000000;0.000000;0.000000;2.000000;216.743286;-74.027802;2135.949219;1.244923;0.000000;0.000000;0.000000;0.000000;0.000000;210.775757;7.869349;2057.343994;1.480577;0.000000;0.000000;0.000000;0.000000;0.000000;196.634399;-46.180336;2102.848145;0.337420;0.000000;0.000000;0.000000;0.000000;0.000000;-42.778381;-671.039001;1914.782471;0.215006;0.000000;0.000000;0.000000;0.000000;2.000000;-126.304077;-616.572266;1818.880371;0.480751;0.000000;0.000000;0.000000;0.000000;2.000000;-108.013000;-331.961975;1738.858398;0.574731;0.000000;0.000000;0.000000;0.000000;2.000000;44.194641;-139.517792;1709.717285;0.457929;0.000000;0.000000;0.000000;0.000000;2.000000;69.819946;-46.051243;1759.757080;0.456979;0.000000;0.000000;0.000000;0.000000;2.000000;81.983887;12.288056;1854.270630;0.509447;0.000000;0.000000;0.000000;0.000000;2.000000;115.454224;-40.653870;1764.739136;0.555014;0.000000;0.000000;0.000000;0.000000;2.000000;72.001221;-161.562500;2062.316895;0.016117;0.000000;0.000000;0.000000;0.000000;2.000000;121.917236;248.936661;1982.520264;0.521665;0.000000;0.000000;0.000000;0.000000;2.000000;134.316956;648.028625;1931.817383;1.180944;0.000000;0.000000;0.000000;0.000000;2.000000;300.273499;728.506897;1862.374268;0.830559;0.000000;0.000000;0.000000;0.000000;2.000000;-64.926636;-139.573608;1943.806152;0.014536;0.000000;0.000000;0.000000;0.000000;2.000000;-121.318176;265.537720;2042.253418;0.163577;0.000000;0.000000;0.000000;0.000000;2.000000;-265.282776;600.174561;2223.133545;0.191389;0.000000;0.000000;0.000000;0.000000;2.000000;-235.622986;736.554321;2107.378418;0.552852;0.000000;0.000000;0.000000;0.000000;2.000000;-14.953979;-796.098633;1927.071045;0.173639;0.000000;0.000000;0.000000;0.000000;2.000000;104.098022;-816.291565;1808.770996;0.701137;0.000000;0.000000;0.000000;0.000000;2.000000;101.241760;-857.014038;1851.205566;0.511421;0.000000;0.000000;0.000000;0.000000;2.000000;59.911804;-858.980774;1977.988159;0.237073;0.000000;0.000000;0.000000;0.000000;2.000000;65.208252;-854.357788;1809.734985;0.578090;0.000000;0.000000;0.000000;0.000000;2.000000;-64.324890;-865.318115;1855.551758;0.488408;0.000000;0.000000;0.000000;0.000000;2.000000;10527733760.000000
0.000000;-150.000000;2000.000000;0.000000;0.000000;0.000000;0.000000;0.000000;2.000000;1.746521;-336.492676;1970.000977;0.140523;0.000000;0.000000;0.000000;0.000000;2.000000;-2.256287;-486.390503;1952.109253;0.253987;0.000000;0.000000;0.000000;0.000000;2.000000;-12.971863;-715.958984;1947.065918;0.370401;0.000000;0.000000;0.000000;0.000000;2.000000;12.722351;-680.040527;1974.324829;0.371544;0.000000;0.000000;0.000000;0.000000;2.000000;124.719360;-640.439209;2068.123535;0.497958;0.000000;0.000000;0.000000;0.000000;2.000000;183.543030;-380.840729;2189.614258;1.099212;0.000000;0.000000;0.000000;0.000000;2.000000;250.898254;-152.361145;2129.876953;0.805798;0.000000;0.000000;0.000000;0.000000;2.000000;217.029785;-56.502144;2137.559570;0.537165;0.000000;0.000000;0.000000;0.000000;0.000000;175.493347;49.070366;2152.346191;3.338543;0.000000;0.000000;0.000000;0.000000;0.000000;206.580688;-12.470881;2102.645264;1.072595;0.000000;0.000000;0.000000;0.000000;0.000000;-36.642578;-675.978271;1923.101563;0.349625;0.000000;0.000000;0.000000;0.000000;2.000000;-131.133606;-624.412842;1834.774780;0.560587;0.000000;0.000000;0.000000;0.000000;2.000000;-128.466431;-338.518311;1750.283813;0.742442;0.000000;0.000000;0.000000;0.000000;2.000000;34.317993;-154.935394;1709.747437;0.558773;0.000000;0.000000;0.000000;0.000000;2.000000;65.364746;-60.113499;1755.531250;0.468277;0.000000;0.000000;0.000000;0.000000;2.000000;100.662903;20.493998;1825.552612;1.075054;0.000000;0.000000;0.000000;0.000000;2.000000;108.343506;-64.288452;1788.673828;1.049213;0.000000;0.000000;0.000000;0.000000;2.000000;72.518860;-159.459305;2063.026855;0.069560;0.000000;0.000000;0.000000;0.000000;2.000000;142.467773;248.166016;1970.167847;0.732104;0.000000;0.000000;0.000000;0.000000;2.000000;162.997253;649.089478;1915.913208;1.001343;0.000000;0.000000;0.000000;0.000000;2.000000;330.511078;716.055176;1833.449829;1.332322;0.000000;0.000000;0.000000;0.000000;2.000000;-65.393433;-141.470123;1943.165894;0.062725;0.000000;0.000000;0.000000;0.000000;2.000000;-122.084839;266.135956;2042.819824;0.034344;0.000000;0.000000;0.000000;0.000000;2.000000;-240.086670;618.315674;2214.925781;0.980043;0.000000;0.000000;0.000000;0.000000;2.000000;-207.358154;735.475586;2078.880859;1.225339;0.000000;0.000000;0.000000;0.000000;2.000000;-6.738098;-801.423584;1935.333496;0.390963;0.000000;0.000000;0.000000;0.000000;2.000000;95.373352;-806.610474;1799.341553;0.490904;0.000000;0.000000;0.000000;0.000000;2.000000;98.425903;-852.127930;1837.170898;0.461588;0.000000;0.000000;0.000000;0.000000;2.000000;74.950256;-868.894043;1968.261963;0.624699;0.000000;0.000000;0.000000;0.000000;2.000000;56.716125;-845.369141;1801.405151;0.455007;0.000000;0.000000;0.000000;0.000000;2.000000;-65.997559;-863.387329;1863.548462;0.256190;0.000000;0.000000;0.000000;0.000000;2.000000;10527766528.000000
0.000000;-150.000000;2000.000000;0.000000;0.000000;0.000000;0.000000;0.000000;2.000000;-0.322144;-336.674164;1970.669189;0.064556;0.000000;0.000000;0.000000;0.000000;2.000000;-7.026062;-486.743896;1954.678345;0.160664;0.000000;0.000000;0.000000;0.000000;2.000000;-20.209167;-716.314880;1953.098145;0.279010;0.000000;0.000000;0.000000;0.000000;2.000000;7.159668;-680.319458;1978.603760;0.207847;0.000000;0.000000;0.000000;0.000000;2.000000;123.991699;-640.986023;2066.519043;0.054590;0.000000;0.000000;0.000000;0.000000;2.000000;191.356140;-380.956787;2182.789063;0.307027;0.000000;0.000000;0.000000;0.000000;2.000000;258.541138;-152.577606;2122.127930;0.322151;0.000000;0.000000;0.000000;0.000000;2.000000;225.941956;-56.305328;2130.572021;0.335185;0.000000;0.000000;0.000000;0.000000;0.000000;185.149658;49.853168;2143.419922;0.389834;0.000000;0.000000;0.000000;0.000000;0.000000;211.613586;-13.785967;2098.416748;0.198382;0.000000;0.000000;0.000000;0.000000;0.000000;-44.656738;-676.374878;1929.815674;0.309614;0.000000;0.000000;0.000000;0.000000;2.000000;-148.811340;-629.155029;1850.286377;0.709981;0.000000;0.000000;0.000000;0.000000;2.000000;-169.265137;-345.032928;1761.966187;1.270580;0.000000;0.000000;0.000000;0.000000;2.000000;-12.464722;-160.845596;1703.854858;1.406289;0.000000;0.000000;0.000000;0.000000;2.000000;18.544495;-69.948936;1757.108765;1.416553;0.000000;0.000000;0.000000;0.000000;2.000000;30.952881;36.409504;1791.595581;2.342485;0.000000;0.000000;0.000000;0.000000;2.000000;88.511047;-68.266548;1755.019897;1.161961;0.000000;0.000000;0.000000;0.000000;2.000000;73.224121;-159.897888;2062.190430;0.034881;0.000000;0.000000;0.000000;0.000000;2.000000;143.587158;246.345062;1963.112915;0.218147;0.000000;0.000000;0.000000;0.000000;2.000000;170.047485;645.770447;1900.030396;0.523538;0.000000;0.000000;0.000000;0.000000;2.000000;333.003235;709.378906;1806.367920;0.828711;0.000000;0.000000;0.000000;0.000000;2.000000;-66.029480;-141.074646;1943.920044;0.031453;0.000000;0.000000;0.000000;0.000000;2.000000;-117.413452;266.821106;2045.873901;0.166402;0.000000;0.000000;0.000000;0.000000;2.000000;-226.883606;620.004944;2221.859131;0.444135;0.000000;0.000000;0.000000;0.000000;2.000000;-199.153503;742.159363;2089.049072;0.434301;0.000000;0.000000;0.000000;0.000000;2.000000;-15.391418;-802.006836;1942.159424;0.326613;0.000000;0.000000;0.000000;0.000000;2.000000;74.012878;-806.696777;1797.408813;0.634704;0.000000;0.000000;0.000000;0.000000;2.000000;79.617615;-852.888672;1834.145630;0.564193;0.000000;0.000000;0.000000;0.000000;2.000000;67.702698;-871.404846;1966.602905;0.232230;0.000000;0.000000;0.000000;0.000000;2.000000;34.979370;-844.837585;1802.375244;0.644084;0.000000;0.000000;0.000000;0.000000;2.000000;-82.008057;-861.796326;1875.073120;0.585672;0.000000;0.000000;0.000000;0.000000;2.000000;10527800320.000000
0.000000;-150.000000;2000.000000;0.000000;0.000000;0.000000;0.000000;0.000000;2.000000;-2.173157;-336.725708;1970.785522;0.056622;0.000000;0.000000;0.000000;0.000000;2.000000;-10.302734;-486.784424;1955.013184;0.100524;0.000000;0.000000;0.000000;0.000000;2.000000;-23.129333;-716.427795;1953.073853;0.089186;0.000000;0.000000;0.000000;0.000000;2.000000;5.501831;-680.482483;1977.255127;0.065409;0.000000;0.000000;0.000000;0.000000;2.000000;127.539429;-640.189636;2057.381104;0.300133;0.000000;0.000000;0.000000;0.000000;2.000000;198.780579;-377.856873;2166.096436;0.565503;0.000000;0.000000;0.000000;0.000000;2.000000;260.434387;-147.699692;2106.046875;0.516080;0.000000;0.000000;0.000000;0.000000;2.000000;226.561401;-52.472759;2119.895752;0.346687;0.000000;0.000000;0.000000;0.000000;0.000000;176.114685;49.917538;2111.159424;1.022396;0.000000;0.000000;0.000000;0.000000;0.000000;208.120239;-10.842274;2099.027588;0.140652;0.000000;0.000000;0.000000;0.000000;0.000000;-48.864685;-676.424438;1931.309326;0.136275;0.000000;0.000000;0.000000;0.000000;2.000000;-159.640442;-631.822510;1859.535522;0.442170;0.000000;0.000000;0.000000;0.000000;2.000000;-196.050964;-347.741516;1776.115234;0.928162;0.000000;0.000000;0.000000;0.000000;2.000000;-43.027771;-164.448502;1706.076782;0.941613;0.000000;0.000000;0.000000;0.000000;2.000000;4.937805;-86.225929;1766.459351;0.707531;0.000000;0.000000;0.000000;0.000000;2.000000;32.627258;12.439188;1812.934570;0.980717;0.000000;0.000000;0.000000;0.000000;2.000000;50.385559;-72.364258;1745.877197;1.203002;0.000000;0.000000;0.000000;0.000000;2.000000;73.954834;-160.446060;2061.265137;0.039680;0.000000;0.000000;0.000000;0.000000;2.000000;143.420776;245.025223;1958.046631;0.159852;0.000000;0.000000;0.000000;0.000000;2.000000;176.004028;642.745117;1886.942627;0.448435;0.000000;0.000000;0.000000;0.000000;2.000000;329.498505;698.108643;1773.954224;1.052724;0.000000;0.000000;0.000000;0.000000;2.000000;-66.688354;-140.580338;1944.754395;0.035780;0.000000;0.000000;0.000000;0.000000;2.000000;-114.899170;267.928650;2046.221924;0.084514;0.000000;0.000000;0.000000;0.000000;2.000000;-218.106506;625.119812;2218.082764;0.330747;0.000000;0.000000;0.000000;0.000000;2.000000;-183.052246;737.045593;2078.122314;0.613999;0.000000;0.000000;0.000000;0.000000;2.000000;-18.742554;-802.079529;1941.493652;0.104291;0.000000;0.000000;0.000000;0.000000;2.000000;56.804077;-808.014160;1789.049561;0.585234;0.000000;0.000000;0.000000;0.000000;2.000000;69.814636;-851.354431;1827.373535;0.366609;0.000000;0.000000;0.000000;0.000000;2.000000;72.005371;-862.923767;1961.163330;0.334346;0.000000;0.000000;0.000000;0.000000;2.000000;21.857178;-848.858398;1799.768188;0.426325;0.000000;0.000000;0.000000;0.000000;2.000000;-85.920837;-870.974426;1884.400513;0.416817;0.000000;0.000000;0.000000;0.000000;2.000000;10527833088.000000
0.000000;-150.000000;2000.000000;0.000000;0.000000;0.000000;0.000000;0.000000;2.000000;-1.225342;-335.581360;1965.403809;0.165219;0.000000;0.000000;0.000000;0.000000;2.000000;-6.202393;-484.860901;1943.760132;0.358969;0.000000;0.000000;0.000000;0.000000;2.000000;-15.524719;-714.345825;1938.563354;0.488702;0.000000;0.000000;0.000000;0.000000;2.000000;15.250244;-678.392578;1959.784180;0.595274;0.000000;0.000000;0.000000;0.000000;2.000000;144.324768;-638.400269;2027.770386;1.008652;0.000000;0.000000;0.000000;0.000000;2.000000;221.005981;-373.428711;2124.811035;1.393712;0.000000;0.000000;0.000000;0.000000;2.000000;278.840759;-138.900009;2081.385254;0.947166;0.000000;0.000000;0.000000;0.000000;2.000000;237.966553;-47.356773;2099.591553;0.705595;0.000000;0.000000;0.000000;0.000000;0.000000;205.163391;59.083378;2073.747559;1.427677;0.000000;0.000000;0.000000;0.000000;0.000000;213.209229;-14.642302;2072.652832;0.802814;0.000000;0.000000;0.000000;0.000000;0.000000;-44.333130;-674.461182;1920.985229;0.338675;0.000000;0.000000;0.000000;0.000000;2.000000;-163.667847;-634.725708;1861.439087;0.157349;0.000000;0.000000;0.000000;0.000000;2.000000;-210.626892;-347.274445;1798.674072;0.794927;0.000000;0.000000;0.000000;0.000000;2.000000;-58.851074;-168.785141;1715.760498;0.563786;0.000000;0.000000;0.000000;0.000000;2.000000;-3.779663;-81.251060;1752.385986;0.511539;0.000000;0.000000;0.000000;0.000000;2.000000;24.517334;22.765827;1784.179077;0.935474;0.000000;0.000000;0.000000;0.000000;2.000000;40.920349;-80.101997;1750.544678;0.387257;0.000000;0.000000;0.000000;0.000000;2.000000;80.613159;-160.230225;2052.021973;0.337171;0.000000;0.000000;0.000000;0.000000;2.000000;152.975464;243.791443;1947.216064;0.428958;0.000000;0.000000;0.000000;0.000000;2.000000;200.153442;638.351807;1869.755737;0.886740;0.000000;0.000000;0.000000;0.000000;2.000000;331.126862;688.335449;1729.595337;1.345050;0.000000;0.000000;0.000000;0.000000;2.000000;-72.692505;-140.774963;1953.089478;0.304045;0.000000;0.000000;0.000000;0.000000;2.000000;-109.039001;273.173218;2033.051758;0.453939;0.000000;0.000000;0.000000;0.000000;2.000000;-192.445190;645.596680;2180.409912;1.478767;0.000000;0.000000;0.000000;0.000000;2.000000;-157.664795;743.143921;2030.277344;1.612972;0.000000;0.000000;0.000000;0.000000;2.000000;-11.244263;-799.564697;1924.743530;0.548159;0.000000;0.000000;0.000000;0.000000;2.000000;50.643799;-811.315796;1766.807373;0.689941;0.000000;0.000000;0.000000;0.000000;2.000000;67.728516;-852.638916;1805.645996;0.647053;0.000000;0.000000;0.000000;0.000000;2.000000;81.850830;-858.100220;1938.934082;0.733483;0.000000;0.000000;0.000000;0.000000;2.000000;17.555359;-852.072388;1782.340088;0.539672;0.000000;0.000000;0.000000;0.000000;2.000000;-81.838135;-871.827148;1876.956177;0.252518;0.000000;0.000000;0.000000;0.000000;2.000000;10527866880.000000
0.000000;-150.000000;2000.000000;0.000000;0.000000;0.000000;0.000000;0.000000;2.000000;-0.531433;-334.796021;1962.465576;0.095201;0.000000;0.000000;0.000000;0.000000;2.000000;-2.597961;-483.325684;1936.755371;0.244932;0.000000;0.000000;0.000000;0.000000;2.000000;-7.485718;-712.735962;1934.402954;0.280573;0.000000;0.000000;0.000000;0.000000;2.000000;24.801392;-675.987305;1951.464478;0.393460;0.000000;0.000000;0.000000;0.000000;2.000000;157.590149;-630.056946;2007.032715;0.793241;0.000000;0.000000;0.000000;0.000000;2.000000;230.804443;-361.603882;2095.841797;1.000610;0.000000;0.000000;0.000000;0.000000;2.000000;281.006531;-125.898407;2050.880859;1.014107;0.000000;0.000000;0.000000;0.000000;2.000000;260.811279;-32.927414;2087.040039;0.909213;0.000000;0.000000;0.000000;0.000000;0.000000;234.930420;74.455490;2058.003418;1.129668;0.000000;0.000000;0.000000;0.000000;0.000000;225.210266;3.109325;2055.745605;0.832968;0.000000;0.000000;0.000000;0.000000;0.000000;-39.029907;-673.675354;1920.162598;0.165524;0.000000;0.000000;0.000000;0.000000;2.000000;-161.739502;-632.122437;1869.788208;0.273304;0.000000;0.000000;0.000000;0.000000;2.000000;-218.930298;-346.439880;1809.060913;0.406617;0.000000;0.000000;0.000000;0.000000;2.000000;-97.496948;-154.364197;1709.106323;1.275089;0.000000;0.000000;0.000000;0.000000;2.000000;-69.961792;-101.206894;1800.897095;2.577180;0.000000;0.000000;0.000000;0.000000;0.000000;-70.920471;-57.963768;1904.491089;5.294657;0.000000;0.000000;0.000000;0.000000;0.000000;0.760498;-57.691460;1765.419067;1.475074;0.000000;0.000000;0.000000;0.000000;2.000000;90.215881;-156.997833;2033.175537;0.652997;0.000000;0.000000;0.000000;0.000000;2.000000;155.752563;248.572144;1931.842285;0.498587;0.000000;0.000000;0.000000;0.000000;2.000000;199.886597;644.356934;1861.545532;0.310531;0.000000;0.000000;0.000000;0.000000;2.000000;312.927429;697.418091;1707.872925;0.908162;0.000000;0.000000;0.000000;0.000000;2.000000;-81.351624;-143.689758;1970.083984;0.588831;0.000000;0.000000;0.000000;0.000000;2.000000;-110.366089;272.962585;2035.078369;0.074207;0.000000;0.000000;0.000000;0.000000;2.000000;-166.308228;654.207825;2171.152832;0.886054;0.000000;0.000000;0.000000;0.000000;2.000000;-144.970093;748.355591;2016.649902;0.590201;0.000000;0.000000;0.000000;0.000000;2.000000;-3.059570;-797.884399;1920.805176;0.281893;0.000000;0.000000;0.000000;0.000000;2.000000;41.082153;-809.567017;1757.213989;0.416782;0.000000;0.000000;0.000000;0.000000;2.000000;59.462402;-852.730469;1793.257324;0.454513;0.000000;0.000000;0.000000;0.000000;2.000000;87.020630;-862.242065;1924.041870;0.497408;0.000000;0.000000;0.000000;0.000000;2.000000;7.325317;-848.547729;1775.419800;0.391967;0.000000;0.000000;0.000000;0.000000;2.000000;-82.592651;-864.458618;1879.534668;0.239350;0.000000;0.000000;0.000000;0.000000;2.000000;10527899648.000000
0.000000;-150.000000;2000.000000;0.000000;0.000000;0.000000;0.000000;0.000000;2.000000;5.748169;-336.455139;1965.979126;0.218529;0.000000;0.000000;0.000000;0.000000;2.000000;9.855835;-485.861267;1940.656860;0.393426;0.000000;0.000000;0.000000;0.000000;2.000000;6.506897;-716.587769;1941.631592;0.479808;0.000000;0.000000;0.000000;0.000000;2.000000;39.977295;-679.199646;1955.626709;0.475286;0.000000;0.000000;0.000000;0.000000;2.000000;176.661011;-632.159729;2002.426025;0.583917;0.000000;0.000000;0.000000;0.000000;2.000000;252.010193;-358.133362;2076.586426;0.853842;0.000000;0.000000;0.000000;0.000000;2.000000;300.362732;-118.567062;2044.331177;0.642450;0.000000;0.000000;0.000000;0.000000;2.000000;285.328857;-24.134405;2080.816406;0.792492;0.000000;0.000000;0.000000;0.000000;0.000000;239.325256;80.688217;2071.559326;0.460284;0.000000;0.000000;0.000000;0.000000;0.000000;254.547913;24.903036;2022.157104;1.468904;0.000000;0.000000;0.000000;0.000000;0.000000;-26.564514;-677.709961;1929.433716;0.474978;0.000000;0.000000;0.000000;0.000000;2.000000;-154.141602;-639.574646;1886.918579;0.596802;0.000000;0.000000;0.000000;0.000000;2.000000;-216.172974;-349.139099;1850.012085;1.217228;0.000000;0.000000;0.000000;0.000000;2.000000;-121.512329;-150.148453;1732.705811;1.004172;0.000000;0.000000;0.000000;0.000000;2.000000;-120.141235;-66.195625;1804.075684;1.813116;0.000000;0.000000;0.000000;0.000000;0.000000;-143.356567;3.448575;1889.832153;2.843582;0.000000;0.000000;0.000000;0.000000;0.000000;-22.886719;-50.018696;1747.314209;0.910116;0.000000;0.000000;0.000000;0.000000;2.000000;93.851868;-151.507858;2024.121216;0.331309;0.000000;0.000000;0.000000;0.000000;2.000000;165.793152;255.435303;1922.766602;0.449074;0.000000;0.000000;0.000000;0.000000;2.000000;205.601135;657.632629;1877.879150;0.645427;0.000000;0.000000;0.000000;0.000000;2.000000;299.226501;704.336914;1708.468262;0.454555;0.000000;0.000000;0.000000;0.000000;2.000000;-84.630371;-148.640320;1978.249023;0.298764;0.000000;0.000000;0.000000;0.000000;2.000000;-97.817139;273.501831;2026.036865;0.457987;0.000000;0.000000;0.000000;0.000000;2.000000;-141.194092;656.663513;2168.041016;0.752399;0.000000;0.000000;0.000000;0.000000;2.000000;-120.873474;747.238037;2010.103149;0.739676;0.000000;0.000000;0.000000;0.000000;2.000000;10.481445;-802.354004;1928.731934;0.482798;0.000000;0.000000;0.000000;0.000000;2.000000;48.292542;-817.257446;1762.847778;0.353720;0.000000;0.000000;0.000000;0.000000;2.000000;69.538879;-859.131775;1799.375488;0.396967;0.000000;0.000000;0.000000;0.000000;2.000000;102.983032;-864.371765;1929.794800;0.506054;0.000000;0.000000;0.000000;0.000000;2.000000;16.307678;-856.893616;1783.580078;0.435856;0.000000;0.000000;0.000000;0.000000;2.000000;-69.154724;-872.625061;1892.397705;0.601198;0.000000;0.000000;0.000000;0.000000;2.000000;10527933440.000000
0.000000;-150.000000;2000.000000;0.000000;0.000000;0.000000;0.000000;0.000000;2.000000;4.094116;-337.002686;1967.069702;0.062729;0.000000;0.000000;0.000000;0.000000;2.000000;6.832581;-486.914795;1943.137329;0.123597;0.000000;0.000000;0.000000;0.000000;2.000000;3.609680;-717.994202;1946.201416;0.170613;0.000000;0.000000;0.000000;0.000000;2.000000;37.901489;-680.439575;1957.881470;0.100894;0.000000;0.000000;0.000000;0.000000;2.000000;176.089233;-629.889221;1996.715820;0.188342;0.000000;0.000000;0.000000;0.000000;2.000000;250.149048;-352.505432;2060.883789;0.512214;0.000000;0.000000;0.000000;0.000000;2.000000;293.403137;-112.063408;2025.081787;0.655434;0.000000;0.000000;0.000000;0.000000;2.000000;268.157776;-19.328133;2060.734375;0.819574;0.000000;0.000000;0.000000;0.000000;0.000000;224.775146;87.093132;2055.782227;0.683516;0.000000;0.000000;0.000000;0.000000;0.000000;256.758240;34.785767;2000.402466;0.732306;0.000000;0.000000;0.000000;0.000000;0.000000;-30.197571;-679.148804;1935.669922;0.224589;0.000000;0.000000;0.000000;0.000000;2.000000;-161.736450;-643.408691;1903.724731;0.574856;0.000000;0.000000;0.000000;0.000000;2.000000;-239.450317;-354.777100;1881.318726;1.202922;0.000000;0.000000;0.000000;0.000000;2.000000;-155.564453;-156.186615;1754.656616;1.250046;0.000000;0.000000;0.000000;0.000000;2.000000;-140.524475;-56.707226;1800.045654;0.697076;0.000000;0.000000;0.000000;0.000000;0.000000;-150.569824;35.846626;1864.210449;1.279606;0.000000;0.000000;0.000000;0.000000;0.000000;-82.792114;-57.985306;1793.768677;2.326180;0.000000;0.000000;0.000000;0.000000;0.000000;94.780334;-151.603912;2020.892090;0.102580;0.000000;0.000000;0.000000;0.000000;2.000000;153.290283;260.085754;1927.515259;0.432121;0.000000;0.000000;0.000000;0.000000;2.000000;182.157776;664.974670;1893.996216;0.896644;0.000000;0.000000;0.000000;0.000000;2.000000;254.731201;712.514526;1714.421387;1.392533;0.000000;0.000000;0.000000;0.000000;2.000000;-85.467651;-148.553696;1981.160767;0.092498;0.000000;0.000000;0.000000;0.000000;2.000000;-94.466675;274.239838;2030.200317;0.164638;0.000000;0.000000;0.000000;0.000000;2.000000;-137.146912;658.609375;2171.051270;0.164986;0.000000;0.000000;0.000000;0.000000;2.000000;-118.634644;748.446594;2012.132690;0.099321;0.000000;0.000000;0.000000;0.000000;2.000000;6.835327;-804.001282;1933.768799;0.196306;0.000000;0.000000;0.000000;0.000000;2.000000;19.578491;-821.581482;1764.088623;0.886972;0.000000;0.000000;0.000000;0.000000;2.000000;49.397278;-860.663086;1797.762817;0.618408;0.000000;0.000000;0.000000;0.000000;2.000000;102.998230;-859.214111;1921.609985;0.295237;0.000000;0.000000;0.000000;0.000000;2.000000;-5.738342;-862.786255;1790.447632;0.727262;0.000000;0.000000;0.000000;0.000000;2.000000;-71.995239;-881.099487;1911.812256;0.652255;0.000000;0.000000;0.000000;0.000000;2.000000;10527966208.000000
0.000000;-150.000000;2000.000000;0.000000;0.000000;0.000000;0.000000;0.000000;2.000000;10.282166;-335.978821;1969.332031;0.197316;0.000000;0.000000;0.000000;0.000000;2.000000;18.184631;-485.298889;1948.940674;0.380310;0.000000;0.000000;0.000000;0.000000;2.000000;20.662903;-714.945374;1954.138184;0.563896;0.000000;0.000000;0.000000;0.000000;2.000000;54.811279;-676.742737;1962.148804;0.527564;0.000000;0.000000;0.000000;0.000000;2.000000;192.815979;-621.234558;1989.579346;0.595997;0.000000;0.000000;0.000000;0.000000;2.000000;268.637146;-343.751587;2042.024902;0.823349;0.000000;0.000000;0.000000;0.000000;2.000000;308.220276;-105.561188;1998.146240;0.929869;0.000000;0.000000;0.000000;0.000000;2.000000;286.555847;-15.346653;2040.253540;0.823194;0.000000;0.000000;0.000000;0.000000;0.000000;245.084656;90.877197;2031.979126;0.932705;0.000000;0.000000;0.000000;0.000000;0.000000;276.824463;43.088638;1994.384033;0.666865;0.000000;0.000000;0.000000;0.000000;0.000000;-14.675659;-677.212708;1946.602417;0.564748;0.000000;0.000000;0.000000;0.000000;2.000000;-145.541077;-641.652893;1915.413696;0.593337;0.000000;0.000000;0.000000;0.000000;2.000000;-243.212708;-360.248413;1921.201416;1.196486;0.000000;0.000000;0.000000;0.000000;2.000000;-195.306458;-166.029434;1773.738770;1.336742;0.000000;0.000000;0.000000;0.000000;2.000000;-170.311462;-60.773422;1791.943848;0.921395;0.000000;0.000000;0.000000;0.000000;0.000000;-165.693909;43.091328;1834.608154;1.006816;0.000000;0.000000;0.000000;0.000000;0.000000;-129.593323;-59.680359;1783.908569;1.416271;0.000000;0.000000;0.000000;0.000000;0.000000;96.063293;-146.010162;2008.012085;0.417280;0.000000;0.000000;0.000000;0.000000;2.000000;148.988403;265.870117;1924.434448;0.231990;0.000000;0.000000;0.000000;0.000000;2.000000;178.514282;668.579956;1895.517090;0.158221;0.000000;0.000000;0.000000;0.000000;2.000000;233.969482;735.700378;1717.438477;0.925330;0.000000;0.000000;0.000000;0.000000;2.000000;-86.624512;-153.597794;1992.775146;0.376277;0.000000;0.000000;0.000000;0.000000;2.000000;-98.296570;262.405975;2069.262207;1.213139;0.000000;0.000000;0.000000;0.000000;2.000000;-116.350952;656.832214;2176.272949;0.636690;0.000000;0.000000;0.000000;0.000000;2.000000;-102.309265;751.124573;2020.797363;0.552654;0.000000;0.000000;0.000000;0.000000;2.000000;24.681824;-800.458862;1942.224976;0.593742;0.000000;0.000000;0.000000;0.000000;2.000000;26.837219;-817.609009;1773.081055;0.361630;0.000000;0.000000;0.000000;0.000000;2.000000;57.479187;-857.270752;1804.632690;0.329559;0.000000;0.000000;0.000000;0.000000;2.000000;118.025146;-857.552063;1924.327515;0.454570;0.000000;0.000000;0.000000;0.000000;2.000000;2.307312;-858.048767;1800.644531;0.409145;0.000000;0.000000;0.000000;0.000000;2.000000;-56.648438;-875.120728;1924.950195;0.623471;0.000000;0.000000;0.000000;0.000000;2.000000;10528000000.000000
0.000000;-150.000000;2000.000000;0.000000;0.000000;0.000000;0.000000;0.000000;2.000000;9.599182;-335.645966;1968.969116;0.024917;0.000000;0.000000;0.000000;0.000000;2.000000;17.213989;-484.757660;1948.744873;0.033394;0.000000;0.000000;0.000000;0.000000;2.000000;22.876587;-713.875549;1957.314331;0.118862;0.000000;0.000000;0.000000;0.000000;2.000000;57.033325;-675.239441;1961.964600;0.079578;0.000000;0.000000;0.000000;0.000000;2.000000;195.822266;-619.477051;1982.780762;0.226046;0.000000;0.000000;0.000000;0.000000;2.000000;275.088806;-340.695496;2017.682373;0.750703;0.000000;0.000000;0.000000;0.000000;2.000000;310.336182;-102.768471;1970.981323;0.810545;0.000000;0.000000;0.000000;0.000000;2.000000;282.906982;-13.722675;2011.798462;0.850320;0.000000;0.000000;0.000000;0.000000;0.000000;257.088867;96.248550;1995.383789;1.150765;0.000000;0.000000;0.000000;0.000000;0.000000;248.485718;22.550528;1972.005249;1.229334;0.000000;0.000000;0.000000;0.000000;0.000000;-13.346985;-676.718750;1952.042847;0.166373;0.000000;0.000000;0.000000;0.000000;2.000000;-148.587891;-649.762451;1935.196045;0.639088;0.000000;0.000000;0.000000;0.000000;2.000000;-259.313110;-373.942230;1946.970215;0.986277;0.000000;0.000000;0.000000;0.000000;2.000000;-233.778442;-181.446579;1792.517944;1.346534;0.000000;0.000000;0.000000;0.000000;2.000000;-209.144897;-76.496506;1811.879395;1.373016;0.000000;0.000000;0.000000;0.000000;0.000000;-208.076294;28.031637;1852.640381;1.434022;0.000000;0.000000;0.000000;0.000000;0.000000;-171.251099;-76.008034;1812.052368;1.564236;0.000000;0.000000;0.000000;0.000000;0.000000;96.191772;-145.351944;2001.948730;0.180526;0.000000;0.000000;0.000000;0.000000;2.000000;140.821533;269.346863;1932.046997;0.346042;0.000000;0.000000;0.000000;0.000000;2.000000;167.264282;672.405945;1917.943115;0.751055;0.000000;0.000000;0.000000;0.000000;2.000000;195.861450;756.528198;1741.105957;1.463624;0.000000;0.000000;0.000000;0.000000;2.000000;-86.740356;-154.191345;1998.242798;0.162790;0.000000;0.000000;0.000000;0.000000;2.000000;-98.219299;262.011536;2069.739258;0.018460;0.000000;0.000000;0.000000;0.000000;2.000000;-113.647522;657.074341;2172.194824;0.144969;0.000000;0.000000;0.000000;0.000000;2.000000;-115.782288;752.887817;2017.375977;0.414656;0.000000;0.000000;0.000000;0.000000;2.000000;26.964539;-799.388123;1946.478149;0.146318;0.000000;0.000000;0.000000;0.000000;2.000000;17.913208;-821.991089;1778.482910;0.334831;0.000000;0.000000;0.000000;0.000000;2.000000;50.933044;-860.313843;1809.097290;0.251182;0.000000;0.000000;0.000000;0.000000;2.000000;119.284668;-856.252136;1924.189819;0.053719;0.000000;0.000000;0.000000;0.000000;2.000000;-4.282959;-861.626465;1808.872681;0.329444;0.000000;0.000000;0.000000;0.000000;2.000000;-54.494446;-875.049316;1937.152832;0.366699;0.000000;0.000000;0.000000;0.000000;2.000000;10528033792.000000
0.000000;-150.000000;2000.000000;0.000000;0.000000;0.000000;0.000000;0.000000;2.000000;8.184570;-334.082458;1969.147217;0.064575;0.000000;0.000000;0.000000;0.000000;2.000000;14.861206;-481.675842;1947.231079;0.127023;0.000000;0.000000;0.000000;0.000000;2.000000;24.065247;-708.420166;1961.129883;0.206378;0.000000;0.000000;0.000000;0.000000;2.000000;57.700073;-669.653931;1961.886719;0.171683;0.000000;0.000000;0.000000;0.000000;2.000000;196.012207;-613.713562;1974.181641;0.315969;0.000000;0.000000;0.000000;0.000000;2.000000;274.286377;-335.693848;1992.207642;0.792648;0.000000;0.000000;0.000000;0.000000;2.000000;305.321594;-102.228508;1932.834229;1.174288;0.000000;0.000000;0.000000;0.000000;2.000000;286.743469;-10.895988;1971.328857;1.243567;0.000000;0.000000;0.000000;0.000000;0.000000;248.201111;94.814964;1983.330322;0.459118;0.000000;0.000000;0.000000;0.000000;0.000000;265.912842;34.106674;1959.984497;0.736067;0.000000;0.000000;0.000000;0.000000;0.000000;-12.622253;-672.121399;1957.977295;0.230157;0.000000;0.000000;0.000000;0.000000;2.000000;-148.798279;-653.183044;1949.962769;0.462622;0.000000;0.000000;0.000000;0.000000;2.000000;-278.453186;-389.258606;1971.848022;1.065863;0.000000;0.000000;0.000000;0.000000;2.000000;-275.460388;-191.455978;1825.688354;1.654112;0.000000;0.000000;0.000000;0.000000;2.000000;-243.224060;-88.086792;1817.665405;1.112617;0.000000;0.000000;0.000000;0.000000;0.000000;-230.138489;21.556469;1804.317993;1.633110;0.000000;0.000000;0.000000;0.000000;0.000000;-219.639465;-74.944260;1810.246948;1.478080;0.000000;0.000000;0.000000;0.000000;0.000000;95.283752;-145.115494;1996.133301;0.179768;0.000000;0.000000;0.000000;0.000000;2.000000;131.586975;265.946167;1922.170288;0.425489;0.000000;0.000000;0.000000;0.000000;2.000000;150.172241;666.028992;1933.037109;0.722585;0.000000;0.000000;0.000000;0.000000;2.000000;168.288330;762.756104;1763.319458;1.097150;0.000000;0.000000;0.000000;0.000000;2.000000;-85.921509;-154.404572;2003.486694;0.162101;0.000000;0.000000;0.000000;0.000000;2.000000;-95.162781;259.537811;2066.321777;0.158987;0.000000;0.000000;0.000000;0.000000;2.000000;-106.394409;653.086548;2160.757324;0.430856;0.000000;0.000000;0.000000;0.000000;2.000000;-110.607361;752.308716;2010.034302;0.274684;0.000000;0.000000;0.000000;0.000000;2.000000;28.288574;-793.401672;1952.294189;0.257900;0.000000;0.000000;0.000000;0.000000;2.000000;-3.647583;-830.462341;1791.286499;0.807743;0.000000;0.000000;0.000000;0.000000;2.000000;33.403809;-865.677551;1819.970825;0.650445;0.000000;0.000000;0.000000;0.000000;2.000000;116.403870;-851.688965;1922.634766;0.171387;0.000000;0.000000;0.000000;0.000000;2.000000;-20.809326;-866.885315;1827.540527;0.777608;0.000000;0.000000;0.000000;0.000000;2.000000;-52.171814;-868.770264;1961.102051;0.758892;0.000000;0.000000;0.000000;0.000000;2.000000;10528066560.000000
0.000000;-150.000000;2000.000000;0.000000;0.000000;0.000000;0.000000;0.000000;2.000000;5.465576;-333.565308;1969.946777;0.085254;0.000000;0.000000;0.000000;0.000000;2.000000;9.971252;-480.632263;1947.960693;0.149533;0.000000;0.000000;0.000000;0.000000;2.000000;19.953552;-706.322937;1963.654907;0.155693;0.000000;0.000000;0.000000;0.000000;2.000000;53.447449;-667.746826;1961.676270;0.138063;0.000000;0.000000;0.000000;0.000000;2.000000;190.828674;-609.846680;1964.425171;0.346388;0.000000;0.000000;0.000000;0.000000;2.000000;271.928467;-333.260437;1961.673828;0.909128;0.000000;0.000000;0.000000;0.000000;2.000000;299.508667;-102.120140;1895.783203;1.109860;0.000000;0.000000;0.000000;0.000000;2.000000;244.509338;-31.837353;1941.866089;1.645082;0.000000;0.000000;0.000000;0.000000;0.000000;178.477295;44.794159;1991.570313;2.551063;0.000000;0.000000;0.000000;0.000000;0.000000;211.517456;-0.475090;1927.293701;2.138772;0.000000;0.000000;0.000000;0.000000;0.000000;-16.699646;-670.158508;1962.629761;0.192065;0.000000;0.000000;0.000000;0.000000;2.000000;-153.106384;-657.944031;1970.431152;0.634820;0.000000;0.000000;0.000000;0.000000;2.000000;-286.073059;-398.069092;2002.726807;0.976646;0.000000;0.000000;0.000000;0.000000;2.000000;-304.097839;-209.443481;1847.437500;1.189866;0.000000;0.000000;0.000000;0.000000;2.000000;-285.697571;-105.875793;1872.551392;2.120158;0.000000;0.000000;0.000000;0.000000;0.000000;-282.409851;4.840199;1870.455444;2.543241;0.000000;0.000000;0.000000;0.000000;0.000000;-245.819885;-92.723083;1852.391357;1.559642;0.000000;0.000000;0.000000;0.000000;0.000000;94.860474;-146.234451;1994.251587;0.065986;0.000000;0.000000;0.000000;0.000000;2.000000;115.758118;265.256134;1926.358398;0.484969;0.000000;0.000000;0.000000;0.000000;2.000000;121.446350;661.596008;1972.652954;1.454041;0.000000;0.000000;0.000000;0.000000;2.000000;140.554382;758.834595;1804.237671;1.467412;0.000000;0.000000;0.000000;0.000000;2.000000;-85.539795;-153.395569;2005.183594;0.059505;0.000000;0.000000;0.000000;0.000000;2.000000;-97.022156;259.970184;2059.887695;0.198606;0.000000;0.000000;0.000000;0.000000;2.000000;-113.277649;647.748596;2169.398926;0.363100;0.000000;0.000000;0.000000;0.000000;2.000000;-115.915649;746.336670;2019.079102;0.357144;0.000000;0.000000;0.000000;0.000000;2.000000;23.502808;-791.065369;1955.528687;0.184389;0.000000;0.000000;0.000000;0.000000;2.000000;-29.361145;-837.698792;1803.463501;0.868756;0.000000;0.000000;0.000000;0.000000;2.000000;9.004639;-872.664185;1830.185181;0.809603;0.000000;0.000000;0.000000;0.000000;2.000000;104.096375;-856.090698;1920.563110;0.391634;0.000000;0.000000;0.000000;0.000000;2.000000;-43.667297;-870.196106;1844.102905;0.841061;0.000000;0.000000;0.000000;0.000000;2.000000;-58.518921;-860.545715;1979.614502;0.628204;0.000000;0.000000;0.000000;0.000000;2.000000;10528100352.000000
0.000000;-150.000000;2000.000000;0.000000;0.000000;0.000000;0.000000;0.000000;2.000000;4.811890;-332.394745;1972.854004;0.097701;0.000000;0.000000;0.000000;0.000000;2.000000;8.558350;-478.097351;1950.388428;0.115468;0.000000;0.000000;0.000000;0.000000;2.000000;19.068665;-701.809814;1965.682495;0.153387;0.000000;0.000000;0.000000;0.000000;2.000000;52.110596;-663.668579;1960.996704;0.132606;0.000000;0.000000;0.000000;0.000000;2.000000;190.333435;-612.093750;1951.945679;0.387264;0.000000;0.000000;0.000000;0.000000;2.000000;272.078613;-338.574493;1939.832520;0.686004;0.000000;0.000000;0.000000;0.000000;2.000000;281.207092;-111.310654;1863.809692;1.158751;0.000000;0.000000;0.000000;0.000000;2.000000;241.216919;-26.719830;1897.842041;1.356281;0.000000;0.000000;0.000000;0.000000;2.000000;177.928589;50.284260;1948.314575;1.330756;0.000000;0.000000;0.000000;0.000000;0.000000;215.239563;-3.893852;1847.571289;2.437819;0.000000;0.000000;0.000000;0.000000;2.000000;-17.136719;-665.860901;1967.459595;0.197748;0.000000;0.000000;0.000000;0.000000;2.000000;-151.579468;-661.059631;1987.262573;0.524454;0.000000;0.000000;0.000000;0.000000;2.000000;-297.356445;-412.862885;2030.938354;1.031324;0.000000;0.000000;0.000000;0.000000;2.000000;-341.651855;-220.163239;1889.936035;1.761407;0.000000;0.000000;0.000000;0.000000;2.000000;-330.435303;-114.299362;1877.308472;1.396842;0.000000;0.000000;0.000000;0.000000;0.000000;-336.254639;-11.746019;1838.462158;1.977279;0.000000;0.000000;0.000000;0.000000;0.000000;-313.185791;-104.458710;1857.576294;2.092797;0.000000;0.000000;0.000000;0.000000;0.000000;93.460876;-145.798401;1988.336060;0.185988;0.000000;0.000000;0.000000;0.000000;2.000000;99.415894;262.412598;1919.992920;0.542212;0.000000;0.000000;0.000000;0.000000;2.000000;101.355225;647.902283;2008.812256;1.329764;0.000000;0.000000;0.000000;0.000000;2.000000;115.089783;753.538574;1847.030396;1.528230;0.000000;0.000000;0.000000;0.000000;2.000000;-84.277710;-153.788773;2010.517822;0.167712;0.000000;0.000000;0.000000;0.000000;2.000000;-103.458984;257.867676;2044.355103;0.517104;0.000000;0.000000;0.000000;0.000000;2.000000;-129.269653;635.401001;2173.224121;0.627535;0.000000;0.000000;0.000000;0.000000;2.000000;-121.950378;738.988953;2028.388306;0.406088;0.000000;0.000000;0.000000;0.000000;2.000000;21.716309;-785.841309;1957.587769;0.179826;0.000000;0.000000;0.000000;0.000000;2.000000;-42.396851;-835.585205;1812.604370;0.490140;0.000000;0.000000;0.000000;0.000000;2.000000;-5.999878;-871.881592;1839.197510;0.534685;0.000000;0.000000;0.000000;0.000000;2.000000;93.995789;-858.728516;1922.919922;0.326602;0.000000;0.000000;0.000000;0.000000;2.000000;-57.008728;-864.205017;1855.372803;0.563459;0.000000;0.000000;0.000000;0.000000;2.000000;-63.618408;-846.061890;1989.461670;0.556687;0.000000;0.000000;0.000000;0.000000;1.000000;10528133120.000000
0.000000;-150.000000;2000.000000;0.000000;0.000000;0.000000;0.000000;0.000000;2.000000;7.891602;-332.471863;1974.597412;0.104752;0.000000;0.000000;0.000000;0.000000;2.000000;14.342407;-478.465851;1955.191528;0.222755;0.000000;0.000000;0.000000;0.000000;2.000000;31.938843;-701.700928;1969.753296;0.399475;0.000000;0.000000;0.000000;0.000000;2.000000;63.471436;-662.732056;1962.421875;0.339966;0.000000;0.000000;0.000000;0.000000;2.000000;199.409485;-608.548706;1942.005249;0.411919;0.000000;0.000000;0.000000;0.000000;2.000000;284.046753;-337.166077;1914.231567;0.837340;0.000000;0.000000;0.000000;0.000000;2.000000;277.268555;-112.204971;1831.666016;0.958701;0.000000;0.000000;0.000000;0.000000;2.000000;221.903076;-33.504852;1857.100098;1.349304;0.000000;0.000000;0.000000;0.000000;2.000000;151.395020;36.261566;1908.430908;1.477085;0.000000;0.000000;0.000000;0.000000;0.000000;186.546753;-13.120346;1829.071411;1.046536;0.000000;0.000000;0.000000;0.000000;2.000000;-4.933594;-666.723511;1974.385620;0.416019;0.000000;0.000000;0.000000;0.000000;2.000000;-138.633301;-663.268555;1998.660889;0.514612;0.000000;0.000000;0.000000;0.000000;2.000000;-290.874146;-424.550446;2066.010254;1.110680;0.000000;0.000000;0.000000;0.000000;2.000000;-352.261597;-234.623459;1927.829102;1.240623;0.000000;0.000000;0.000000;0.000000;2.000000;-344.362549;-129.689667;1907.562988;1.085764;0.000000;0.000000;0.000000;0.000000;0.000000;-362.603271;-27.818092;1870.944458;1.325963;0.000000;0.000000;0.000000;0.000000;0.000000;-324.584106;-114.059296;1893.620361;1.154221;0.000000;0.000000;0.000000;0.000000;0.000000;93.032043;-144.048065;1986.147583;0.083894;0.000000;0.000000;0.000000;0.000000;2.000000;89.792236;263.409760;1914.123047;0.334889;0.000000;0.000000;0.000000;0.000000;2.000000;102.662415;642.669067;2025.387329;0.515822;0.000000;0.000000;0.000000;0.000000;2.000000;109.575867;755.063477;1867.863037;0.639319;0.000000;0.000000;0.000000;0.000000;2.000000;-83.890991;-155.367142;2012.491455;0.075656;0.000000;0.000000;0.000000;0.000000;2.000000;-103.997070;255.911346;2048.509766;0.136826;0.000000;0.000000;0.000000;0.000000;2.000000;-117.319702;637.295166;2167.082031;0.401541;0.000000;0.000000;0.000000;0.000000;2.000000;-129.218140;746.583374;2026.892456;0.314204;0.000000;0.000000;0.000000;0.000000;2.000000;36.150269;-785.626343;1961.536377;0.442882;0.000000;0.000000;0.000000;0.000000;2.000000;-60.699524;-833.835571;1835.514893;0.869314;0.000000;0.000000;0.000000;0.000000;2.000000;-23.334961;-872.733276;1856.439087;0.723967;0.000000;0.000000;0.000000;0.000000;2.000000;92.407837;-867.083496;1917.602661;0.296815;0.000000;0.000000;0.000000;0.000000;2.000000;-68.960449;-859.032593;1881.953491;0.875932;0.000000;0.000000;0.000000;0.000000;2.000000;-46.258301;-835.081543;2013.294800;0.931097;0.000000;0.000000;0.000000;0.000000;1.000000;10528166912.000000
0.000000;-150.000000;2000.000000;0.000000;0.000000;0.000000;0.000000;0.000000;2.000000;7.513550;-330.280243;1979.897217;0.175401;0.000000;0.000000;0.000000;0.000000;2.000000;13.770569;-474.509552;1964.890015;0.320129;0.000000;0.000000;0.000000;0.000000;2.000000;32.272461;-694.354065;1976.659668;0.307888;0.000000;0.000000;0.000000;0.000000;2.000000;62.674438;-655.909668;1967.400635;0.258893;0.000000;0.000000;0.000000;0.000000;2.000000;193.357910;-602.947815;1931.628174;0.404488;0.000000;0.000000;0.000000;0.000000;2.000000;272.062622;-336.091034;1890.685059;0.806965;0.000000;0.000000;0.000000;0.000000;2.000000;256.720703;-115.437637;1808.307495;0.954515;0.000000;0.000000;0.000000;0.000000;2.000000;203.543640;-35.304863;1827.104248;1.074661;0.000000;0.000000;0.000000;0.000000;2.000000;139.986755;49.299995;1857.002197;1.656141;0.000000;0.000000;0.000000;0.000000;2.000000;170.269287;-13.080055;1818.167114;0.597912;0.000000;0.000000;0.000000;0.000000;2.000000;-3.624451;-659.986511;1984.070679;0.362249;0.000000;0.000000;0.000000;0.000000;2.000000;-135.981506;-655.585693;2003.380615;0.286823;0.000000;0.000000;0.000000;0.000000;2.000000;-295.736511;-429.961487;2078.719727;0.446906;0.000000;0.000000;0.000000;0.000000;2.000000;-383.503845;-239.542358;1963.975708;1.465750;0.000000;0.000000;0.000000;0.000000;2.000000;-390.313049;-136.248611;1943.571777;1.792788;0.000000;0.000000;0.000000;0.000000;0.000000;-396.529602;-40.650238;1893.527222;1.303940;0.000000;0.000000;0.000000;0.000000;0.000000;-363.487244;-125.118774;1930.553101;1.671459;0.000000;0.000000;0.000000;0.000000;0.000000;90.264282;-143.937332;1979.367920;0.223502;0.000000;0.000000;0.000000;0.000000;2.000000;84.296265;259.636902;1924.003784;0.363747;0.000000;0.000000;0.000000;0.000000;2.000000;106.220764;632.899048;2032.564331;0.385567;0.000000;0.000000;0.000000;0.000000;2.000000;100.093750;757.159546;1888.110229;0.685290;0.000000;0.000000;0.000000;0.000000;2.000000;-81.395264;-155.466949;2018.604858;0.201537;0.000000;0.000000;0.000000;0.000000;2.000000;-104.419861;245.170319;2086.248535;1.197504;0.000000;0.000000;0.000000;0.000000;2.000000;-122.433838;627.578064;2177.004395;0.451650;0.000000;0.000000;0.000000;0.000000;2.000000;-138.222473;741.071350;2044.203369;0.618783;0.000000;0.000000;0.000000;0.000000;2.000000;35.877869;-776.931519;1967.814819;0.327397;0.000000;0.000000;0.000000;0.000000;2.000000;-70.040588;-828.425293;1854.369751;0.663034;0.000000;0.000000;0.000000;0.000000;2.000000;-35.799927;-867.570923;1877.598999;0.765844;0.000000;0.000000;0.000000;0.000000;2.000000;81.319519;-866.375427;1931.680176;0.547302;0.000000;0.000000;0.000000;0.000000;2.000000;-77.869690;-847.128662;1902.959229;0.785387;0.000000;0.000000;0.000000;0.000000;2.000000;-46.420227;-811.657898;2027.579956;0.837294;0.000000;0.000000;0.000000;0.000000;1.000000;10528199680.000000
0.000000;-150.000000;2000.000000;0.000000;0.000000;0.000000;0.000000;0.000000;2.000000;7.765625;-332.460297;1986.653687;0.210226;0.000000;0.000000;0.000000;0.000000;2.000000;12.663330;-478.016632;1971.845947;0.232846;0.000000;0.000000;0.000000;0.000000;2.000000;34.872559;-699.636108;1978.636353;0.183780;0.000000;0.000000;0.000000;0.000000;2.000000;64.035217;-660.360718;1966.894165;0.138550;0.000000;0.000000;0.000000;0.000000;2.000000;190.449707;-604.146484;1918.034912;0.412892;0.000000;0.000000;0.000000;0.000000;2.000000;267.052368;-336.424042;1864.142456;0.799402;0.000000;0.000000;0.000000;0.000000;2.000000;231.234863;-119.014603;1774.027466;1.268508;0.000000;0.000000;0.000000;0.000000;2.000000;189.254456;-34.592426;1803.668335;0.812553;0.000000;0.000000;0.000000;0.000000;2.000000;135.767029;43.527931;1861.428711;0.248856;0.000000;0.000000;0.000000;0.000000;2.000000;166.619873;-12.665627;1820.622314;0.130739;0.000000;0.000000;0.000000;0.000000;2.000000;-0.807434;-665.531128;1990.124390;0.256837;0.000000;0.000000;0.000000;0.000000;2.000000;-131.891846;-660.166504;2021.868896;0.576510;0.000000;0.000000;0.000000;0.000000;2.000000;-286.797607;-439.727448;2126.421631;1.464993;0.000000;0.000000;0.000000;0.000000;2.000000;-380.739014;-247.841858;2014.755859;1.524862;0.000000;0.000000;0.000000;0.000000;2.000000;-394.650757;-148.952637;1977.989990;1.093261;0.000000;0.000000;0.000000;0.000000;0.000000;-415.587402;-48.385971;1941.497559;1.544561;0.000000;0.000000;0.000000;0.000000;0.000000;-371.345093;-129.440048;1961.396606;0.950542;0.000000;0.000000;0.000000;0.000000;0.000000;89.171631;-144.171021;1972.196045;0.214796;0.000000;0.000000;0.000000;0.000000;2.000000;69.211914;258.946106;1895.160156;0.963458;0.000000;0.000000;0.000000;0.000000;2.000000;106.830139;618.308716;2048.943848;0.649384;0.000000;0.000000;0.000000;0.000000;2.000000;104.971313;746.499146;1905.640015;0.624070;0.000000;0.000000;0.000000;0.000000;2.000000;-80.409973;-155.256256;2025.072021;0.193690;0.000000;0.000000;0.000000;0.000000;2.000000;-108.933716;250.309402;2081.428223;0.247627;0.000000;0.000000;0.000000;0.000000;2.000000;-126.938232;633.343628;2183.545898;0.290436;0.000000;0.000000;0.000000;0.000000;2.000000;-134.172485;735.222900;2039.098267;0.259117;0.000000;0.000000;0.000000;0.000000;2.000000;38.543701;-782.745605;1968.203979;0.189629;0.000000;0.000000;0.000000;0.000000;2.000000;-73.146606;-838.031738;1860.175659;0.344651;0.000000;0.000000;0.000000;0.000000;2.000000;-40.568604;-877.301636;1886.575195;0.416407;0.000000;0.000000;0.000000;0.000000;2.000000;78.372864;-878.382568;1939.320557;0.430094;0.000000;0.000000;0.000000;0.000000;2.000000;-81.262634;-852.022095;1910.755127;0.290302;0.000000;0.000000;0.000000;0.000000;2.000000;-45.285645;-807.327881;2032.378906;0.194202;0.000000;0.000000;0.000000;0.000000;1.000000;10528233472.000000
0.000000;-150.000000;2000.000000;0.000000;0.000000;0.000000;0.000000;0.000000;2.000000;6.137756;-330.366760;1988.506836;0.098733;0.000000;0.000000;0.000000;0.000000;2.000000;9.744263;-474.299408;1975.432861;0.181072;0.000000;0.000000;0.000000;0.000000;2.000000;32.010986;-693.127197;1982.262085;0.243569;0.000000;0.000000;0.000000;0.000000;2.000000;60.273804;-654.394775;1969.246704;0.226890;0.000000;0.000000;0.000000;0.000000;2.000000;179.928589;-596.924805;1911.143066;0.442604;0.000000;0.000000;0.000000;0.000000;2.000000;247.253113;-333.704437;1843.003906;0.887765;0.000000;0.000000;0.000000;0.000000;2.000000;198.795959;-124.639328;1747.012817;1.299673;0.000000;0.000000;0.000000;0.000000;2.000000;161.506104;-42.736752;1784.804077;1.053702;0.000000;0.000000;0.000000;0.000000;2.000000;114.643860;31.225407;1850.604126;0.815860;0.000000;0.000000;0.000000;0.000000;2.000000;128.334839;-18.983826;1781.336304;1.685127;0.000000;0.000000;0.000000;0.000000;2.000000;-2.714600;-659.393677;1994.948364;0.245237;0.000000;0.000000;0.000000;0.000000;2.000000;-130.911560;-650.457031;2030.377686;0.395122;0.000000;0.000000;0.000000;0.000000;2.000000;-286.764648;-436.990631;2138.077148;0.365374;0.000000;0.000000;0.000000;0.000000;2.000000;-391.035278;-241.333618;2051.331543;1.176472;0.000000;0.000000;0.000000;0.000000;2.000000;-416.330688;-144.366562;2019.674927;1.440703;0.000000;0.000000;0.000000;0.000000;0.000000;-474.423462;-67.100594;1972.290039;2.105513;0.000000;0.000000;0.000000;0.000000;0.000000;-398.615723;-124.062439;1999.866699;1.448397;0.000000;0.000000;0.000000;0.000000;0.000000;87.624573;-145.170410;1971.002197;0.066982;0.000000;0.000000;0.000000;0.000000;2.000000;80.086853;254.127686;1899.099243;0.382382;0.000000;0.000000;0.000000;0.000000;2.000000;122.733582;606.392944;2055.583496;0.639407;0.000000;0.000000;0.000000;0.000000;2.000000;98.437927;748.516113;1932.012695;0.831441;0.000000;0.000000;0.000000;0.000000;2.000000;-79.014954;-154.355042;2026.148560;0.060400;0.000000;0.000000;0.000000;0.000000;2.000000;-116.863037;246.486725;2073.105225;0.369703;0.000000;0.000000;0.000000;0.000000;2.000000;-135.607788;619.733765;2191.058105;0.543198;0.000000;0.000000;0.000000;0.000000;2.000000;-150.681030;734.671997;2060.345703;0.821308;0.000000;0.000000;0.000000;0.000000;2.000000;35.214050;-775.253052;1972.215698;0.278562;0.000000;0.000000;0.000000;0.000000;2.000000;-83.936035;-839.115601;1881.362549;0.726338;0.000000;0.000000;0.000000;0.000000;2.000000;-51.115173;-875.345825;1910.155151;0.790558;0.000000;0.000000;0.000000;0.000000;2.000000;69.682556;-874.044434;1953.953491;0.535984;0.000000;0.000000;0.000000;0.000000;2.000000;-88.764648;-845.965332;1933.131104;0.743558;0.000000;0.000000;0.000000;0.000000;2.000000;-43.509338;-787.873657;2043.651855;0.688306;0.000000;0.000000;0.000000;0.000000;1.000000;10528266240.000000
0.000000;-150.000000;2000.000000;0.000000;0.000000;0.000000;0.000000;0.000000;2.000000;5.684631;-329.246582;1987.828247;0.041011;0.000000;0.000000;0.000000;0.000000;2.000000;7.341492;-471.895813;1970.554565;0.175942;0.000000;0.000000;0.000000;0.000000;2.000000;29.505371;-689.383484;1977.987793;0.183769;0.000000;0.000000;0.000000;0.000000;2.000000;56.674011;-651.089172;1962.684448;0.242135;0.000000;0.000000;0.000000;0.000000;2.000000;168.890564;-590.050659;1896.155396;0.587193;0.000000;0.000000;0.000000;0.000000;2.000000;228.056519;-326.454468;1828.804932;0.738447;0.000000;0.000000;0.000000;0.000000;2.000000;172.969604;-127.319595;1719.632446;1.116661;0.000000;0.000000;0.000000;0.000000;2.000000;139.106567;-46.912094;1762.064209;0.952628;0.000000;0.000000;0.000000;0.000000;2.000000;92.751526;23.866165;1830.576416;0.904660;0.000000;0.000000;0.000000;0.000000;2.000000;97.326355;-25.967201;1731.820190;1.741239;0.000000;0.000000;0.000000;0.000000;2.000000;-3.962830;-655.638550;1992.680908;0.134965;0.000000;0.000000;0.000000;0.000000;2.000000;-128.179993;-633.773071;2033.282593;0.507630;0.000000;0.000000;0.000000;0.000000;2.000000;-285.069397;-431.487122;2155.539063;0.544122;0.000000;0.000000;0.000000;0.000000;2.000000;-409.065369;-240.719879;2090.485107;1.275742;0.000000;0.000000;0.000000;0.000000;2.000000;-436.918762;-153.804047;2039.671753;0.894079;0.000000;0.000000;0.000000;0.000000;0.000000;-450.803894;-85.087502;1958.823608;0.964724;0.000000;0.000000;0.000000;0.000000;0.000000;-417.375061;-150.190369;2017.852539;1.090555;0.000000;0.000000;0.000000;0.000000;0.000000;85.813416;-145.076401;1967.570923;0.114852;0.000000;0.000000;0.000000;0.000000;2.000000;76.536926;252.260956;1898.807983;0.119004;0.000000;0.000000;0.000000;0.000000;2.000000;136.196655;587.201233;2080.051514;1.002781;0.000000;0.000000;0.000000;0.000000;2.000000;110.803528;733.644470;1963.706421;1.098753;0.000000;0.000000;0.000000;0.000000;2.000000;-77.381836;-154.439819;2029.242554;0.103562;0.000000;0.000000;0.000000;0.000000;2.000000;-130.986267;242.244843;2075.167725;0.440638;0.000000;0.000000;0.000000;0.000000;2.000000;-154.764526;610.096985;2201.086670;0.700556;0.000000;0.000000;0.000000;0.000000;2.000000;-172.377625;727.768616;2074.591797;0.794802;0.000000;0.000000;0.000000;0.000000;2.000000;31.819885;-771.120544;1968.641846;0.190340;0.000000;0.000000;0.000000;0.000000;2.000000;-89.913940;-832.889771;1881.597046;0.255513;0.000000;0.000000;0.000000;0.000000;2.000000;-57.137451;-869.357910;1909.454346;0.252172;0.000000;0.000000;0.000000;0.000000;2.000000;64.028259;-869.892761;1949.860718;0.240337;0.000000;0.000000;0.000000;0.000000;2.000000;-93.484863;-839.509277;1933.178589;0.236675;0.000000;0.000000;0.000000;0.000000;2.000000;-44.751770;-782.257263;2041.683716;0.179911;0.000000;0.000000;0.000000;0.000000;2.000000;10528300032.000000
0.000000;-150.000000;2000.000000;0.000000;0.000000;0.000000;0.000000;0.000000;2.000000;7.179688;-327.756775;1984.582153;0.114581;0.000000;0.000000;0.000000;0.000000;2.000000;3.444885;-467.011719;1953.378784;0.540865;0.000000;0.000000;0.000000;0.000000;2.000000;10.848999;-683.944092;1943.067993;1.182617;0.000000;0.000000;0.000000;0.000000;2.000000;38.450562;-646.584045;1927.281006;1.185853;0.000000;0.000000;0.000000;0.000000;2.000000;142.519958;-587.724670;1848.681519;1.608550;0.000000;0.000000;0.000000;0.000000;2.000000;202.018250;-329.970886;1767.888550;1.963224;0.000000;0.000000;0.000000;0.000000;2.000000;130.892151;-138.071625;1658.304932;2.223832;0.000000;0.000000;0.000000;0.000000;2.000000;100.115295;-54.882774;1696.009888;2.282107;0.000000;0.000000;0.000000;0.000000;2.000000;58.186035;20.827351;1760.871216;2.304218;0.000000;0.000000;0.000000;0.000000;2.000000;57.027161;-36.203526;1666.179443;2.299403;0.000000;0.000000;0.000000;0.000000;2.000000;-17.959961;-649.654480;1963.962402;0.961871;0.000000;0.000000;0.000000;0.000000;2.000000;-132.390076;-615.829712;2019.534302;0.680444;0.000000;0.000000;0.000000;0.000000;2.000000;-295.759094;-424.382996;2146.362793;0.466912;0.000000;0.000000;0.000000;0.000000;2.000000;-410.561218;-229.474487;2082.354980;0.413024;0.000000;0.000000;0.000000;0.000000;2.000000;-484.094299;-162.352524;2053.083496;1.473259;0.000000;0.000000;0.000000;0.000000;0.000000;-381.388977;-141.896378;2071.369629;4.258926;0.000000;0.000000;0.000000;0.000000;0.000000;-428.592712;-102.995407;2020.556030;1.437768;0.000000;0.000000;0.000000;0.000000;0.000000;81.749451;-143.228149;1959.993896;0.260254;0.000000;0.000000;0.000000;0.000000;2.000000;68.245483;244.324081;1859.088379;1.223507;0.000000;0.000000;0.000000;0.000000;2.000000;171.561340;561.598999;2046.998169;1.620502;0.000000;0.000000;0.000000;0.000000;2.000000;153.407837;719.868164;1948.097290;1.403260;0.000000;0.000000;0.000000;0.000000;2.000000;-73.717102;-156.106476;2036.075317;0.234689;0.000000;0.000000;0.000000;0.000000;2.000000;-155.283325;235.730377;2041.211792;1.250551;0.000000;0.000000;0.000000;0.000000;2.000000;-170.889038;605.382690;2154.626953;1.461995;0.000000;0.000000;0.000000;0.000000;2.000000;-189.752625;728.421814;2035.176270;1.274863;0.000000;0.000000;0.000000;0.000000;2.000000;6.271851;-764.174561;1927.999390;1.435406;0.000000;0.000000;0.000000;0.000000;2.000000;-103.961975;-841.353638;1839.908203;1.325726;0.000000;0.000000;0.000000;0.000000;2.000000;-68.749451;-872.823547;1870.046875;1.220070;0.000000;0.000000;0.000000;0.000000;2.000000;49.365540;-858.797852;1914.234985;1.186404;0.000000;0.000000;0.000000;0.000000;2.000000;-108.717041;-846.498596;1891.216919;1.337140;0.000000;0.000000;0.000000;0.000000;2.000000;-70.850647;-780.968994;1998.314331;1.498376;0.000000;0.000000;0.000000;0.000000;2.000000;10528333824.000000
0.000000;-150.000000;2000.000000;0.000000;0.000000;0.000000;0.000000;0.000000;2.000000;8.046326;-328.713989;1982.060547;0.086456;0.000000;0.000000;0.000000;0.000000;2.000000;8.974365;-470.376343;1957.755981;0.238459;0.000000;0.000000;0.000000;0.000000;2.000000;15.656616;-687.845642;1934.676636;0.318247;0.000000;0.000000;0.000000;0.000000;2.000000;41.841614;-649.246521;1918.416016;0.300836;0.000000;0.000000;0.000000;0.000000;2.000000;140.640869;-588.006592;1833.312256;0.472604;0.000000;0.000000;0.000000;0.000000;2.000000;167.040222;-329.933807;1732.029541;1.528724;0.000000;0.000000;0.000000;0.000000;2.000000;91.781250;-134.709213;1627.830566;1.516590;0.000000;0.000000;0.000000;0.000000;2.000000;43.589050;-59.566780;1665.884888;1.959949;0.000000;0.000000;0.000000;0.000000;2.000000;-5.538208;9.858990;1733.888672;2.138222;0.000000;0.000000;0.000000;0.000000;2.000000;9.757935;-45.971741;1675.781250;1.501884;0.000000;0.000000;0.000000;0.000000;2.000000;-11.337341;-654.704468;1960.150024;0.279525;0.000000;0.000000;0.000000;0.000000;2.000000;-125.192444;-623.948303;2020.614380;0.332745;0.000000;0.000000;0.000000;0.000000;2.000000;-276.054688;-420.201050;2148.076904;0.616946;0.000000;0.000000;0.000000;0.000000;2.000000;-410.006714;-227.967224;2114.477539;0.981527;0.000000;0.000000;0.000000;0.000000;2.000000;-482.464233;-154.724457;2131.878174;2.416377;0.000000;0.000000;0.000000;0.000000;0.000000;-414.695923;-110.218231;2061.997803;1.431625;0.000000;0.000000;0.000000;0.000000;0.000000;-427.492065;-104.181313;2056.656738;1.102812;0.000000;0.000000;0.000000;0.000000;0.000000;80.533569;-142.005203;1956.476440;0.119551;0.000000;0.000000;0.000000;0.000000;2.000000;63.670593;254.748352;1885.263428;0.871077;0.000000;0.000000;0.000000;0.000000;2.000000;209.630188;576.166992;2040.344971;1.260390;0.000000;0.000000;0.000000;0.000000;2.000000;169.730225;732.220398;1941.861694;0.653020;0.000000;0.000000;0.000000;0.000000;2.000000;-72.620728;-157.209274;2039.247070;0.107802;0.000000;0.000000;0.000000;0.000000;2.000000;-152.362122;236.967178;2065.421387;0.745134;0.000000;0.000000;0.000000;0.000000;2.000000;-181.219543;616.462280;2148.844482;0.494831;0.000000;0.000000;0.000000;0.000000;2.000000;-213.365479;747.367920;2039.288330;0.932376;0.000000;0.000000;0.000000;0.000000;2.000000;9.756958;-767.695862;1915.545410;0.409035;0.000000;0.000000;0.000000;0.000000;2.000000;-84.099609;-817.162048;1793.202026;1.715841;0.000000;0.000000;0.000000;0.000000;2.000000;-60.733154;-857.100830;1825.461548;1.463354;0.000000;0.000000;0.000000;0.000000;2.000000;44.622253;-865.674438;1897.215576;0.578585;0.000000;0.000000;0.000000;0.000000;2.000000;-101.830566;-828.026306;1841.015381;1.645926;0.000000;0.000000;0.000000;0.000000;2.000000;-84.132202;-782.127747;1963.548950;1.136293;0.000000;0.000000;0.000000;0.000000;1.000000;10528366592.000000
0.000000;-150.000000;2000.000000;0.000000;0.000000;0.000000;0.000000;0.000000;2.000000;13.929321;-326.152832;1980.669189;0.194290;0.000000;0.000000;0.000000;0.000000;2.000000;23.197327;-466.814636;1962.695313;0.457853;0.000000;0.000000;0.000000;0.000000;2.000000;22.628296;-681.850708;1939.207886;0.303345;0.000000;0.000000;0.000000;0.000000;2.000000;46.984924;-644.155945;1919.949707;0.218906;0.000000;0.000000;0.000000;0.000000;2.000000;136.301514;-590.123413;1823.047363;0.335691;0.000000;0.000000;0.000000;0.000000;2.000000;138.332703;-338.444092;1711.404541;1.075949;0.000000;0.000000;0.000000;0.000000;2.000000;76.723816;-139.170700;1611.913574;0.661703;0.000000;0.000000;0.000000;0.000000;2.000000;25.233582;-61.586990;1635.033691;1.064025;0.000000;0.000000;0.000000;0.000000;2.000000;-26.799927;16.101467;1688.400391;1.497353;0.000000;0.000000;0.000000;0.000000;2.000000;-14.831787;-43.476349;1620.741699;1.785462;0.000000;0.000000;0.000000;0.000000;2.000000;0.029785;-648.638672;1967.605591;0.440516;0.000000;0.000000;0.000000;0.000000;2.000000;-103.441406;-615.641541;2040.915405;0.914145;0.000000;0.000000;0.000000;0.000000;2.000000;-256.163696;-412.946106;2160.484863;0.726226;0.000000;0.000000;0.000000;0.000000;2.000000;-404.807129;-232.295227;2154.567383;1.203144;0.000000;0.000000;0.000000;0.000000;2.000000;-474.469360;-168.959274;2197.080566;1.989090;0.000000;0.000000;0.000000;0.000000;0.000000;-445.192871;-109.745483;2114.404297;1.794390;0.000000;0.000000;0.000000;0.000000;0.000000;-404.607178;-120.215424;2104.177734;1.631381;0.000000;0.000000;0.000000;0.000000;0.000000;72.748596;-138.412476;1946.829102;0.381947;0.000000;0.000000;0.000000;0.000000;2.000000;56.872437;256.755890;1894.919922;0.354488;0.000000;0.000000;0.000000;0.000000;2.000000;236.655945;568.080200;2021.697754;1.000703;0.000000;0.000000;0.000000;0.000000;2.000000;198.450378;738.529785;1955.906860;0.964345;0.000000;0.000000;0.000000;0.000000;2.000000;-65.600586;-160.448990;2047.946655;0.344424;0.000000;0.000000;0.000000;0.000000;2.000000;-172.010193;223.447388;2055.882324;0.760152;0.000000;0.000000;0.000000;0.000000;2.000000;-171.359131;601.746460;2128.549316;0.797183;0.000000;0.000000;0.000000;0.000000;2.000000;-233.686768;751.602173;2072.411621;1.156786;0.000000;0.000000;0.000000;0.000000;2.000000;12.880920;-760.620850;1921.192017;0.283380;0.000000;0.000000;0.000000;0.000000;2.000000;-85.034302;-823.621826;1811.296509;0.569239;0.000000;0.000000;0.000000;0.000000;2.000000;-53.349304;-859.080017;1840.432739;0.497454;0.000000;0.000000;0.000000;0.000000;2.000000;58.154297;-852.131897;1899.365967;0.570106;0.000000;0.000000;0.000000;0.000000;2.000000;-95.611389;-835.929626;1860.224854;0.641655;0.000000;0.000000;0.000000;0.000000;2.000000;-71.307739;-786.719971;1978.671631;0.602307;0.000000;0.000000;0.000000;0.000000;1.000000;10528400384.000000
0.000000;-150.000000;2000.000000;0.000000;0.000000;0.000000;0.000000;0.000000;2.000000;12.904480;-325.850220;1985.205322;0.142221;0.000000;0.000000;0.000000;0.000000;2.000000;24.432922;-466.451904;1974.795166;0.371344;0.000000;0.000000;0.000000;0.000000;2.000000;35.754272;-679.964539;1949.319824;0.508921;0.000000;0.000000;0.000000;0.000000;2.000000;54.940247;-640.802246;1927.838867;0.356903;0.000000;0.000000;0.000000;0.000000;2.000000;129.396423;-580.899902;1823.102905;0.351624;0.000000;0.000000;0.000000;0.000000;2.000000;110.812988;-332.996704;1707.706177;0.863538;0.000000;0.000000;0.000000;0.000000;2.000000;48.136230;-135.139954;1608.508423;0.887160;0.000000;0.000000;0.000000;0.000000;2.000000;-4.957031;-58.568886;1629.457031;0.941447;0.000000;0.000000;0.000000;0.000000;2.000000;-58.116699;19.301836;1680.400513;0.991225;0.000000;0.000000;0.000000;0.000000;2.000000;-44.826721;-38.917633;1609.301880;0.989517;0.000000;0.000000;0.000000;0.000000;2.000000;14.547791;-648.617798;1980.395630;0.590464;0.000000;0.000000;0.000000;0.000000;2.000000;-81.573975;-636.796021;2067.764648;1.238344;0.000000;0.000000;0.000000;0.000000;2.000000;-190.019470;-418.598450;2204.206055;2.425821;0.000000;0.000000;0.000000;0.000000;2.000000;-332.617798;-235.204514;2186.989746;2.416671;0.000000;0.000000;0.000000;0.000000;2.000000;-375.983765;-160.513931;2242.799805;3.323613;0.000000;0.000000;0.000000;0.000000;0.000000;-359.761963;-88.581825;2167.573730;3.138022;0.000000;0.000000;0.000000;0.000000;0.000000;-340.355347;-109.389832;2168.199707;2.787694;0.000000;0.000000;0.000000;0.000000;0.000000;68.383362;-140.073532;1941.660278;0.212598;0.000000;0.000000;0.000000;0.000000;2.000000;61.153320;252.705521;1884.016968;0.378228;0.000000;0.000000;0.000000;0.000000;2.000000;250.770142;553.713135;2016.036499;0.638447;0.000000;0.000000;0.000000;0.000000;2.000000;227.509399;734.822327;1981.669189;1.190526;0.000000;0.000000;0.000000;0.000000;2.000000;-61.664246;-158.951126;2052.607422;0.191706;0.000000;0.000000;0.000000;0.000000;2.000000;-156.666687;226.031128;2061.237793;0.502179;0.000000;0.000000;0.000000;0.000000;2.000000;-171.165833;605.269409;2116.035156;0.396790;0.000000;0.000000;0.000000;0.000000;2.000000;-238.359497;756.659241;2073.732910;0.213959;0.000000;0.000000;0.000000;0.000000;2.000000;29.388062;-758.808472;1931.801880;0.601390;0.000000;0.000000;0.000000;0.000000;2.000000;-62.779968;-836.452026;1827.515015;0.927106;0.000000;0.000000;0.000000;0.000000;2.000000;-26.045227;-866.622131;1856.186157;0.989149;0.000000;0.000000;0.000000;0.000000;2.000000;85.011963;-844.002869;1910.622314;0.922682;0.000000;0.000000;0.000000;0.000000;2.000000;-70.049377;-848.571289;1876.843872;1.007274;0.000000;0.000000;0.000000;0.000000;2.000000;-48.475098;-793.618896;1992.606079;0.843022;0.000000;0.000000;0.000000;0.000000;2.000000;10528433152.000000
0.000000;-150.000000;2000.000000;0.000000;0.000000;0.000000;0.000000;0.000000;2.000000;20.865112;-326.101929;1980.556274;0.272910;0.000000;0.000000;0.000000;0.000000;2.000000;37.532959;-466.887085;1965.000122;0.484223;0.000000;0.000000;0.000000;0.000000;2.000000;48.552795;-683.455566;1954.681885;0.423437;0.000000;0.000000;0.000000;0.000000;2.000000;65.442322;-645.685608;1928.406616;0.343153;0.000000;0.000000;0.000000;0.000000;2.000000;127.286560;-590.705078;1811.848755;0.446105;0.000000;0.000000;0.000000;0.000000;2.000000;85.179077;-343.459930;1695.857544;0.891213;0.000000;0.000000;0.000000;0.000000;2.000000;1.498230;-150.456345;1598.204590;1.484327;0.000000;0.000000;0.000000;0.000000;2.000000;-46.783752;-69.498154;1617.851074;1.324628;0.000000;0.000000;0.000000;0.000000;2.000000;-96.156311;12.630424;1667.768921;1.202458;0.000000;0.000000;0.000000;0.000000;2.000000;-74.955078;-38.450981;1606.289551;0.896134;0.000000;0.000000;0.000000;0.000000;2.000000;29.859070;-649.612732;1985.387085;0.477481;0.000000;0.000000;0.000000;0.000000;1.000000;-49.125366;-613.558105;2084.153320;1.276785;0.000000;0.000000;0.000000;0.000000;1.000000;-171.243042;-374.766541;2169.824219;1.739669;0.000000;0.000000;0.000000;0.000000;1.000000;-334.087158;-208.924332;2136.096680;1.695570;0.000000;0.000000;0.000000;0.000000;1.000000;-368.750732;-186.015640;2231.081543;0.857666;0.000000;0.000000;0.000000;0.000000;0.000000;-390.233643;-108.623703;2161.594727;1.093713;0.000000;0.000000;0.000000;0.000000;0.000000;-347.540771;-101.953789;2173.278809;0.340924;0.000000;0.000000;0.000000;0.000000;0.000000;61.267517;-135.460220;1934.059448;0.337008;0.000000;0.000000;0.000000;0.000000;2.000000;85.311279;263.528473;1912.116333;1.142419;0.000000;0.000000;0.000000;0.000000;2.000000;294.767609;565.127502;2019.499512;1.349009;0.000000;0.000000;0.000000;0.000000;2.000000;257.132813;744.194214;1979.361450;0.921997;0.000000;0.000000;0.000000;0.000000;2.000000;-55.247620;-163.111160;2059.461426;0.303894;0.000000;0.000000;0.000000;0.000000;2.000000;-180.383301;216.534760;2070.271484;0.801887;0.000000;0.000000;0.000000;0.000000;2.000000;-177.916077;599.146362;2125.615723;0.391302;0.000000;0.000000;0.000000;0.000000;2.000000;-257.906616;746.992859;2087.558105;0.764082;0.000000;0.000000;0.000000;0.000000;2.000000;41.279663;-764.074585;1943.739502;0.522419;0.000000;0.000000;0.000000;0.000000;2.000000;-59.898010;-830.433350;1838.013916;0.368139;0.000000;0.000000;0.000000;0.000000;2.000000;-22.828674;-864.384094;1862.626343;0.223089;0.000000;0.000000;0.000000;0.000000;2.000000;92.546753;-850.198425;1913.190308;0.298510;0.000000;0.000000;0.000000;0.000000;2.000000;-65.313843;-846.121033;1887.014526;0.339830;0.000000;0.000000;0.000000;0.000000;2.000000;-35.572693;-800.677734;2006.241821;0.593506;0.000000;0.000000;0.000000;0.000000;1.000000;10528466944.000000
