posX0;posY0;posZ0;posVel0;rotX0;rotY0;rotZ0;rotVel0;confidence0;posX1;posY1;posZ1;posVel1;rotX1;rotY1;rotZ1;rotVel1;confidence1;posX2;posY2;posZ2;posVel2;rotX2;rotY2;rotZ2;rotVel2;confidence2;posX3;posY3;posZ3;posVel3;rotX3;rotY3;rotZ3;rotVel3;confidence3;posX4;posY4;posZ4;posVel4;rotX4;rotY4;rotZ4;rotVel4;confidence4;posX5;posY5;posZ5;posVel5;rotX5;rotY5;rotZ5;rotVel5;confidence5;posX6;posY6;posZ6;posVel6;rotX6;rotY6;rotZ6;rotVel6;confidence6;posX7;posY7;posZ7;posVel7;rotX7;rotY7;rotZ7;rotVel7;confidence7;posX8;posY8;posZ8;posVel8;rotX8;rotY8;rotZ8;rotVel8;confidence8;posX9;posY9;posZ9;posVel9;rotX9;rotY9;rotZ9;rotVel9;confidence9;posX10;posY10;posZ10;posVel10;rotX10;rotY10;rotZ10;rotVel10;confidence10;posX11;posY11;posZ11;posVel11;rotX11;rotY11;rotZ11;rotVel11;confidence11;posX12;posY12;posZ12;posVel12;rotX12;rotY12;rotZ12;rotVel12;confidence12;posX13;posY13;posZ13;posVel13;rotX13;rotY13;rotZ13;rotVel13;confidence13;posX14;posY14;posZ14;posVel14;rotX14;rotY14;rotZ14;rotVel14;confidence14;posX15;posY15;posZ15;posVel15;rotX15;rotY15;rotZ15;rotVel15;confidence15;posX16;posY16;posZ16;posVel16;rotX16;rotY16;rotZ16;rotVel16;confidence16;posX17;posY17;posZ17;posVel17;rotX17;rotY17;rotZ17;rotVel17;confidence17;posX18;posY18;posZ18;posVel18;rotX18;rotY18;rotZ18;rotVel18;confidence18;posX19;posY19;posZ19;posVel19;rotX19;rotY19;rotZ19;rotVel19;confidence19;posX20;posY20;posZ20;posVel20;rotX20;rotY20;rotZ20;rotVel20;confidence20;posX21;posY21;posZ21;posVel21;rotX21;rotY21;rotZ21;rotVel21;confidence21;posX22;posY22;posZ22;posVel22;rotX22;rotY22;rotZ22;rotVel22;confidence22;posX23;posY23;posZ23;posVel23;rotX23;rotY23;rotZ23;rotVel23;confidence23;posX24;posY24;posZ24;posVel24;rotX24;rotY24;rotZ24;rotVel24;confidence24;posX25;posY25;posZ25;posVel25;rotX25;rotY25;rotZ25;rotVel25;confidence25;posX26;posY26;posZ26;posVel26;rotX26;rotY26;rotZ26;rotVel26;confidence26;posX27;posY27;posZ27;posVel27;rotX27;rotY27;rotZ27;rotVel27;confidence27;posX28;posY28;posZ28;posVel28;rotX28;rotY28;rotZ28;rotVel28;confidence28;posX29;posY29;posZ29;posVel29;rotX29;rotY29;rotZ29;rotVel29;confidence29;posX30;posY30;posZ30;posVel30;rotX30;rotY30;rotZ30;rotVel30;confidence30;posX31;posY31;posZ31;posVel31;rotX31;rotY31;rotZ31;rotVel31;confidence31;TimeStamp
0.000000;-150.000000;2000.000000;0.000000;0.000000;0.000000;0.000000;0.000000;2.000000;124.768921;-197.057693;1830.362671;0.000000;0.000000;0.000000;0.000000;0.000000;2.000000;235.287994;-158.094513;1703.776611;0.000000;0.000000;0.000000;0.000000;0.000000;2.000000;416.319550;-86.164139;1527.703369;0.000000;0.000000;0.000000;0.000000;0.000000;2.000000;415.640747;-101.098373;1585.068848;0.000000;0.000000;0.000000;0.000000;0.000000;2.000000;481.508240;-37.679169;1731.807251;0.000000;0.000000;0.000000;0.000000;0.000000;2.000000;319.470856;250.086151;1783.198730;0.000000;0.000000;0.000000;0.000000;0.000000;2.000000;200.090149;442.963318;1618.163086;0.000000;0.000000;0.000000;0.000000;0.000000;2.000000;200.101959;559.340027;1613.700073;0.000000;0.000000;0.000000;0.000000;0.000000;2.000000;164.905304;685.054565;1607.681885;0.000000;0.000000;0.000000;0.000000;0.000000;2.000000;203.776688;571.352051;1550.461426;0.000000;0.000000;0.000000;0.000000;0.000000;2.000000;357.679169;-97.445526;1528.043945;0.000000;0.000000;0.000000;0.000000;0.000000;2.000000;253.873535;-10.322529;1444.779663;0.000000;0.000000;0.000000;0.000000;0.000000;2.000000;181.795731;315.123352;1514.511108;0.000000;0.000000;0.000000;0.000000;0.000000;2.000000;196.248779;592.968018;1571.855469;0.000000;0.000000;0.000000;0.000000;0.000000;2.000000;224.574020;709.370972;1608.902832;0.000000;0.000000;0.000000;0.000000;0.000000;2.000000;316.325989;767.235291;1540.095459;0.000000;0.000000;0.000000;0.000000;0.000000;2.000000;264.990417;736.709351;1558.153931;0.000000;0.000000;0.000000;0.000000;0.000000;2.000000;84.670898;-169.904633;2067.797607;0.000000;0.000000;0.000000;0.000000;0.000000;1.000000;307.022583;260.106873;2058.385498;0.000000;0.000000;0.000000;0.000000;0.000000;1.000000;163.329468;570.985901;2369.560791;0.000000;0.000000;0.000000;0.000000;0.000000;1.000000;260.393433;775.024048;2386.444580;0.000000;0.000000;0.000000;0.000000;0.000000;1.000000;-76.351486;-132.051102;1938.864258;0.000000;0.000000;0.000000;0.000000;0.000000;2.000000;133.214554;116.273369;1580.602783;0.000000;0.000000;0.000000;0.000000;0.000000;2.000000;57.483353;571.320801;1657.080688;0.000000;0.000000;0.000000;0.000000;0.000000;2.000000;166.066284;738.394592;1595.814697;0.000000;0.000000;0.000000;0.000000;0.000000;2.000000;480.885376;-43.889160;1466.019409;0.000000;0.000000;0.000000;0.000000;0.000000;2.000000;473.255310;94.226944;1329.504150;0.000000;0.000000;0.000000;0.000000;0.000000;2.000000;518.309631;44.491482;1320.602295;0.000000;0.000000;0.000000;0.000000;0.000000;2.000000;595.877563;-50.039246;1413.099854;0.000000;0.000000;0.000000;0.000000;0.000000;2.000000;456.272644;36.924564;1310.968262;0.000000;0.000000;0.000000;0.000000;0.000000;2.000000;403.638641;-96.260910;1378.808472;0.000000;0.000000;0.000000;0.000000;0.000000;2.000000;21990266880.000000
0.000000;-150.000000;2000.000000;0.000000;0.000000;0.000000;0.000000;0.000000;2.000000;123.345329;-194.683121;1827.858887;0.113917;0.000000;0.000000;0.000000;0.000000;2.000000;233.156952;-157.407806;1699.443481;0.148846;0.000000;0.000000;0.000000;0.000000;2.000000;414.856750;-86.600632;1522.409058;0.168152;0.000000;0.000000;0.000000;0.000000;2.000000;414.046478;-100.536957;1580.209595;0.157008;0.000000;0.000000;0.000000;0.000000;2.000000;480.643646;-32.790092;1725.297852;0.249840;0.000000;0.000000;0.000000;0.000000;2.000000;315.838257;252.891891;1785.414429;0.155542;0.000000;0.000000;0.000000;0.000000;2.000000;198.478271;443.461975;1614.883179;0.112562;0.000000;0.000000;0.000000;0.000000;2.000000;198.167953;560.121643;1608.816528;0.162060;0.000000;0.000000;0.000000;0.000000;2.000000;162.552811;685.971985;1600.050659;0.245304;0.000000;0.000000;0.000000;0.000000;2.000000;200.348663;575.283081;1550.258789;0.159293;0.000000;0.000000;0.000000;0.000000;2.000000;356.156189;-98.519196;1522.677979;0.173349;0.000000;0.000000;0.000000;0.000000;2.000000;252.228760;-13.853279;1436.165527;0.288508;0.000000;0.000000;0.000000;0.000000;2.000000;179.636978;311.920898;1508.852417;0.209077;0.000000;0.000000;0.000000;0.000000;2.000000;193.524597;588.800842;1574.677490;0.174646;0.000000;0.000000;0.000000;0.000000;2.000000;221.195007;708.508118;1601.605957;0.246809;0.000000;0.000000;0.000000;0.000000;2.000000;311.875549;767.573242;1531.674438;0.290854;0.000000;0.000000;0.000000;0.000000;2.000000;258.529877;734.333801;1542.704956;0.516147;0.000000;0.000000;0.000000;0.000000;2.000000;85.470413;-171.543442;2066.834717;0.062929;0.000000;0.000000;0.000000;0.000000;1.000000;298.920593;264.651611;2060.129150;0.288447;0.000000;0.000000;0.000000;0.000000;1.000000;155.335510;570.116089;2378.731689;0.372221;0.000000;0.000000;0.000000;0.000000;1.000000;258.441132;772.252808;2391.456055;0.184641;0.000000;0.000000;0.000000;0.000000;1.000000;-77.072449;-130.573334;1939.731934;0.056737;0.000000;0.000000;0.000000;0.000000;2.000000;127.359306;118.780228;1577.247437;0.219698;0.000000;0.000000;0.000000;0.000000;2.000000;44.324463;575.101196;1647.000488;0.518851;0.000000;0.000000;0.000000;0.000000;2.000000;161.748184;736.647949;1585.053345;0.357855;0.000000;0.000000;0.000000;0.000000;2.000000;479.483612;-44.658859;1460.081055;0.187680;0.000000;0.000000;0.000000;0.000000;2.000000;471.012115;94.675171;1324.007935;0.181679;0.000000;0.000000;0.000000;0.000000;2.000000;518.715027;46.937473;1316.503662;0.146185;0.000000;0.000000;0.000000;0.000000;2.000000;596.987183;-45.183640;1411.580322;0.158918;0.000000;0.000000;0.000000;0.000000;2.000000;457.320923;36.672218;1304.317749;0.205608;0.000000;0.000000;0.000000;0.000000;2.000000;407.941406;-99.770996;1369.197998;0.338725;0.000000;0.000000;0.000000;0.000000;2.000000;21990299648.000000
0.000000;-150.000000;2000.000000;0.000000;0.000000;0.000000;0.000000;0.000000;2.000000;121.524475;-202.027847;1827.754150;0.230951;0.000000;0.000000;0.000000;0.000000;2.000000;231.036255;-166.147552;1697.944946;0.278240;0.000000;0.000000;0.000000;0.000000;2.000000;413.872894;-89.876617;1523.107178;0.106538;0.000000;0.000000;0.000000;0.000000;2.000000;412.852417;-105.413971;1580.692017;0.153936;0.000000;0.000000;0.000000;0.000000;2.000000;479.575378;-40.375320;1727.615234;0.244231;0.000000;0.000000;0.000000;0.000000;2.000000;311.980438;246.237549;1781.235107;0.267146;0.000000;0.000000;0.000000;0.000000;2.000000;196.300217;445.036621;1617.600586;0.116638;0.000000;0.000000;0.000000;0.000000;2.000000;195.134491;561.692200;1606.462280;0.126606;0.000000;0.000000;0.000000;0.000000;2.000000;159.331497;688.084839;1600.390137;0.118022;0.000000;0.000000;0.000000;0.000000;2.000000;184.970352;571.126160;1544.161865;0.520542;0.000000;0.000000;0.000000;0.000000;2.000000;355.017273;-101.993561;1522.800781;0.111644;0.000000;0.000000;0.000000;0.000000;2.000000;253.327942;-13.363464;1436.655884;0.039656;0.000000;0.000000;0.000000;0.000000;2.000000;179.912170;312.702454;1512.296509;0.108104;0.000000;0.000000;0.000000;0.000000;2.000000;192.757797;589.192322;1583.693726;0.276405;0.000000;0.000000;0.000000;0.000000;2.000000;222.846054;710.972107;1597.349609;0.158320;0.000000;0.000000;0.000000;0.000000;2.000000;318.942444;767.011414;1531.519043;0.216397;0.000000;0.000000;0.000000;0.000000;2.000000;258.286194;731.435608;1547.684570;0.175987;0.000000;0.000000;0.000000;0.000000;2.000000;86.085770;-170.552979;2066.944092;0.035741;0.000000;0.000000;0.000000;0.000000;1.000000;305.172791;264.566528;2059.369385;0.192223;0.000000;0.000000;0.000000;0.000000;1.000000;160.749893;569.260986;2380.489746;0.175675;0.000000;0.000000;0.000000;0.000000;1.000000;261.785034;773.194031;2394.148926;0.134136;0.000000;0.000000;0.000000;0.000000;1.000000;-77.627304;-131.466476;1939.633789;0.032227;0.000000;0.000000;0.000000;0.000000;2.000000;127.272911;116.885101;1574.651367;0.098125;0.000000;0.000000;0.000000;0.000000;2.000000;40.436264;574.145630;1643.736206;0.157651;0.000000;0.000000;0.000000;0.000000;2.000000;160.373840;737.009094;1588.111328;0.102906;0.000000;0.000000;0.000000;0.000000;2.000000;478.854492;-45.961227;1462.014160;0.073679;0.000000;0.000000;0.000000;0.000000;2.000000;470.706665;91.994415;1323.640381;0.083100;0.000000;0.000000;0.000000;0.000000;2.000000;518.254456;43.723602;1316.605347;0.099130;0.000000;0.000000;0.000000;0.000000;2.000000;596.561340;-47.847389;1412.974121;0.092663;0.000000;0.000000;0.000000;0.000000;2.000000;456.562653;33.624249;1304.729004;0.096670;0.000000;0.000000;0.000000;0.000000;2.000000;406.446960;-102.061356;1371.844238;0.116134;0.000000;0.000000;0.000000;0.000000;2.000000;21990332416.000000
0.000000;-150.000000;2000.000000;0.000000;0.000000;0.000000;0.000000;0.000000;2.000000;121.509323;-201.957230;1827.697144;0.002643;0.000000;0.000000;0.000000;0.000000;2.000000;231.010529;-165.950668;1697.892822;0.005896;0.000000;0.000000;0.000000;0.000000;2.000000;413.871155;-89.399551;1523.166016;0.013806;0.000000;0.000000;0.000000;0.000000;2.000000;412.846558;-105.018051;1580.734741;0.011439;0.000000;0.000000;0.000000;0.000000;2.000000;479.594177;-40.598045;1727.937744;0.011270;0.000000;0.000000;0.000000;0.000000;2.000000;311.625336;245.504730;1783.277100;0.063143;0.000000;0.000000;0.000000;0.000000;2.000000;196.741226;445.837982;1620.913330;0.098711;0.000000;0.000000;0.000000;0.000000;2.000000;195.980072;562.555908;1610.293335;0.115384;0.000000;0.000000;0.000000;0.000000;2.000000;161.186676;689.253235;1604.444702;0.132392;0.000000;0.000000;0.000000;0.000000;2.000000;184.634567;575.313599;1551.867676;0.252082;0.000000;0.000000;0.000000;0.000000;2.000000;355.012268;-101.527359;1522.836060;0.013429;0.000000;0.000000;0.000000;0.000000;2.000000;253.288513;-12.847549;1436.755981;0.015137;0.000000;0.000000;0.000000;0.000000;2.000000;179.329712;313.075806;1512.623657;0.021981;0.000000;0.000000;0.000000;0.000000;2.000000;191.382401;589.561768;1584.278198;0.044216;0.000000;0.000000;0.000000;0.000000;2.000000;221.542007;711.234619;1598.809082;0.056719;0.000000;0.000000;0.000000;0.000000;2.000000;317.900360;767.211121;1533.285767;0.059193;0.000000;0.000000;0.000000;0.000000;2.000000;257.865936;731.584290;1549.245728;0.046632;0.000000;0.000000;0.000000;0.000000;2.000000;86.104752;-170.581039;2066.927979;0.001078;0.000000;0.000000;0.000000;0.000000;1.000000;306.143951;264.115967;2059.856934;0.033788;0.000000;0.000000;0.000000;0.000000;1.000000;162.745087;568.919922;2381.393799;0.063673;0.000000;0.000000;0.000000;0.000000;1.000000;264.524536;772.523193;2394.789795;0.083075;0.000000;0.000000;0.000000;0.000000;1.000000;-77.644424;-131.441177;1939.648193;0.000970;0.000000;0.000000;0.000000;0.000000;2.000000;126.399178;117.293076;1574.387451;0.028715;0.000000;0.000000;0.000000;0.000000;2.000000;39.221512;574.387695;1644.427002;0.040735;0.000000;0.000000;0.000000;0.000000;2.000000;159.552292;736.660095;1587.859619;0.026638;0.000000;0.000000;0.000000;0.000000;2.000000;478.858276;-45.384499;1462.135864;0.016930;0.000000;0.000000;0.000000;0.000000;2.000000;471.414551;91.695267;1322.830078;0.032076;0.000000;0.000000;0.000000;0.000000;2.000000;518.942749;43.325836;1316.297852;0.024482;0.000000;0.000000;0.000000;0.000000;2.000000;596.770142;-47.710884;1413.579468;0.018806;0.000000;0.000000;0.000000;0.000000;2.000000;457.282837;33.213631;1304.237427;0.027683;0.000000;0.000000;0.000000;0.000000;2.000000;406.747375;-101.995346;1372.031006;0.010336;0.000000;0.000000;0.000000;0.000000;2.000000;21990367232.000000
0.000000;-150.000000;2000.000000;0.000000;0.000000;0.000000;0.000000;0.000000;2.000000;121.508812;-201.956924;1827.697388;0.000020;0.000000;0.000000;0.000000;0.000000;2.000000;231.009430;-165.949707;1697.893188;0.000046;0.000000;0.000000;0.000000;0.000000;2.000000;413.869446;-89.396530;1523.167603;0.000116;0.000000;0.000000;0.000000;0.000000;2.000000;412.844849;-105.015396;1580.735718;0.000101;0.000000;0.000000;0.000000;0.000000;2.000000;479.592957;-40.597404;1727.939087;0.000059;0.000000;0.000000;0.000000;0.000000;2.000000;311.617065;245.498123;1783.289795;0.000504;0.000000;0.000000;0.000000;0.000000;2.000000;196.732254;445.835724;1620.932861;0.000660;0.000000;0.000000;0.000000;0.000000;2.000000;195.970108;562.553650;1610.315918;0.000756;0.000000;0.000000;0.000000;0.000000;2.000000;161.177368;689.250977;1604.469360;0.000807;0.000000;0.000000;0.000000;0.000000;2.000000;184.624619;575.312744;1551.890869;0.000771;0.000000;0.000000;0.000000;0.000000;2.000000;355.010773;-101.524643;1522.837402;0.000103;0.000000;0.000000;0.000000;0.000000;2.000000;253.287033;-12.845264;1436.757446;0.000094;0.000000;0.000000;0.000000;0.000000;2.000000;179.325562;313.077087;1512.623413;0.000133;0.000000;0.000000;0.000000;0.000000;2.000000;191.374283;589.562744;1584.277344;0.000251;0.000000;0.000000;0.000000;0.000000;2.000000;221.533569;711.235596;1598.806396;0.000272;0.000000;0.000000;0.000000;0.000000;2.000000;317.891052;767.210571;1533.280884;0.000321;0.000000;0.000000;0.000000;0.000000;2.000000;257.859314;731.583374;1549.241943;0.000234;0.000000;0.000000;0.000000;0.000000;2.000000;86.104767;-170.580811;2066.927490;0.000016;0.000000;0.000000;0.000000;0.000000;1.000000;306.147827;264.113129;2059.858154;0.000151;0.000000;0.000000;0.000000;0.000000;1.000000;162.754974;568.917358;2381.395996;0.000319;0.000000;0.000000;0.000000;0.000000;1.000000;264.537994;772.518433;2394.791260;0.000438;0.000000;0.000000;0.000000;0.000000;1.000000;-77.644455;-131.441406;1939.648438;0.000010;0.000000;0.000000;0.000000;0.000000;2.000000;126.380791;117.289932;1574.376953;0.000653;0.000000;0.000000;0.000000;0.000000;2.000000;39.199554;574.383057;1644.414551;0.000783;0.000000;0.000000;0.000000;0.000000;2.000000;159.522110;736.651367;1587.819702;0.001550;0.000000;0.000000;0.000000;0.000000;2.000000;478.856262;-45.380798;1462.137939;0.000143;0.000000;0.000000;0.000000;0.000000;2.000000;471.405334;91.692963;1322.827026;0.000305;0.000000;0.000000;0.000000;0.000000;2.000000;518.934143;43.324245;1316.295166;0.000279;0.000000;0.000000;0.000000;0.000000;2.000000;596.766174;-47.706993;1413.577637;0.000179;0.000000;0.000000;0.000000;0.000000;2.000000;457.274048;33.210472;1304.237183;0.000285;0.000000;0.000000;0.000000;0.000000;2.000000;406.743469;-101.996429;1372.037720;0.000239;0.000000;0.000000;0.000000;0.000000;2.000000;21990400000.000000
0.000000;-150.000000;2000.000000;0.000000;0.000000;0.000000;0.000000;0.000000;2.000000;122.540825;-202.285263;1827.038818;0.038681;0.000000;0.000000;0.000000;0.000000;2.000000;233.014374;-165.639084;1696.974365;0.067969;0.000000;0.000000;0.000000;0.000000;2.000000;416.591888;-86.926926;1521.785400;0.119842;0.000000;0.000000;0.000000;0.000000;2.000000;415.624512;-103.034714;1579.556152;0.110206;0.000000;0.000000;0.000000;0.000000;2.000000;480.171570;-40.778412;1729.760132;0.058573;0.000000;0.000000;0.000000;0.000000;2.000000;309.970886;245.000824;1790.784424;0.234661;0.000000;0.000000;0.000000;0.000000;2.000000;197.126938;443.739960;1622.469116;0.080210;0.000000;0.000000;0.000000;0.000000;2.000000;198.102783;560.797058;1608.955322;0.093988;0.000000;0.000000;0.000000;0.000000;2.000000;162.153351;687.695801;1599.490479;0.161946;0.000000;0.000000;0.000000;0.000000;2.000000;182.017639;586.161377;1571.189697;0.680298;0.000000;0.000000;0.000000;0.000000;2.000000;357.448669;-99.287735;1521.385864;0.110261;0.000000;0.000000;0.000000;0.000000;2.000000;252.004379;-11.278404;1437.502930;0.065850;0.000000;0.000000;0.000000;0.000000;2.000000;174.902115;315.106171;1516.613159;0.192048;0.000000;0.000000;0.000000;0.000000;2.000000;184.871201;593.107788;1588.926758;0.266875;0.000000;0.000000;0.000000;0.000000;2.000000;219.896744;714.859863;1595.853149;0.151166;0.000000;0.000000;0.000000;0.000000;2.000000;315.781067;769.206665;1526.960815;0.212267;0.000000;0.000000;0.000000;0.000000;2.000000;255.919647;730.817505;1546.337158;0.109126;0.000000;0.000000;0.000000;0.000000;2.000000;86.377647;-170.836502;2067.496338;0.020775;0.000000;0.000000;0.000000;0.000000;1.000000;307.667542;266.142822;2057.866943;0.098388;0.000000;0.000000;0.000000;0.000000;1.000000;160.839767;569.647217;2382.738281;0.074768;0.000000;0.000000;0.000000;0.000000;1.000000;264.541840;773.790771;2394.140137;0.043618;0.000000;0.000000;0.000000;0.000000;1.000000;-77.890518;-131.210815;1939.135742;0.018727;0.000000;0.000000;0.000000;0.000000;2.000000;118.518906;119.042358;1567.257813;0.328064;0.000000;0.000000;0.000000;0.000000;2.000000;32.981567;577.770142;1645.380859;0.218087;0.000000;0.000000;0.000000;0.000000;2.000000;156.872742;737.107056;1584.115601;0.139673;0.000000;0.000000;0.000000;0.000000;2.000000;481.785645;-42.060570;1460.714111;0.141939;0.000000;0.000000;0.000000;0.000000;2.000000;477.569763;88.303604;1313.553955;0.355209;0.000000;0.000000;0.000000;0.000000;2.000000;523.103271;37.350910;1308.838135;0.318130;0.000000;0.000000;0.000000;0.000000;2.000000;599.192566;-52.170235;1410.149414;0.187032;0.000000;0.000000;0.000000;0.000000;2.000000;460.514404;29.269024;1298.299927;0.238908;0.000000;0.000000;0.000000;0.000000;2.000000;405.231506;-100.502533;1374.531128;0.099988;0.000000;0.000000;0.000000;0.000000;2.000000;21990432768.000000
0.000000;-150.000000;2000.000000;0.000000;0.000000;0.000000;0.000000;0.000000;2.000000;130.760757;-218.797226;1831.891113;0.547806;0.000000;0.000000;0.000000;0.000000;2.000000;248.107880;-186.016266;1700.856567;0.736838;0.000000;0.000000;0.000000;0.000000;2.000000;427.746033;-96.038651;1516.967773;0.436210;0.000000;0.000000;0.000000;0.000000;2.000000;428.720367;-111.414078;1576.496460;0.455119;0.000000;0.000000;0.000000;0.000000;2.000000;490.082825;-48.207207;1732.704346;0.365676;0.000000;0.000000;0.000000;0.000000;2.000000;315.823242;244.542053;1796.855469;0.242561;0.000000;0.000000;0.000000;0.000000;2.000000;204.837326;438.233398;1610.232666;0.444505;0.000000;0.000000;0.000000;0.000000;2.000000;204.327866;558.939575;1605.478271;0.211635;0.000000;0.000000;0.000000;0.000000;2.000000;168.215393;688.877625;1591.789307;0.283543;0.000000;0.000000;0.000000;0.000000;2.000000;194.054672;591.775269;1575.658081;0.402496;0.000000;0.000000;0.000000;0.000000;2.000000;368.143158;-112.880981;1517.710693;0.507872;0.000000;0.000000;0.000000;0.000000;2.000000;252.150574;-37.139053;1428.112305;0.790247;0.000000;0.000000;0.000000;0.000000;2.000000;165.933777;296.916016;1503.929321;0.687056;0.000000;0.000000;0.000000;0.000000;2.000000;184.638336;582.629395;1573.479492;0.536171;0.000000;0.000000;0.000000;0.000000;2.000000;220.356903;706.864990;1587.888062;0.324414;0.000000;0.000000;0.000000;0.000000;2.000000;321.029755;762.619934;1520.732544;0.300867;0.000000;0.000000;0.000000;0.000000;2.000000;264.177612;721.224548;1543.581177;0.372079;0.000000;0.000000;0.000000;0.000000;2.000000;86.325241;-165.409760;2073.452881;0.231448;0.000000;0.000000;0.000000;0.000000;2.000000;221.819794;313.660950;2007.394775;3.169276;0.000000;0.000000;0.000000;0.000000;2.000000;-34.874969;630.883728;2260.083984;6.863292;0.000000;0.000000;0.000000;0.000000;2.000000;86.667084;823.188171;2319.082764;5.723850;0.000000;0.000000;0.000000;0.000000;2.000000;-77.843277;-136.104324;1933.764160;0.208713;0.000000;0.000000;0.000000;0.000000;2.000000;118.291466;127.696060;1554.779907;0.436199;0.000000;0.000000;0.000000;0.000000;2.000000;33.614014;587.266296;1684.670654;1.161134;0.000000;0.000000;0.000000;0.000000;2.000000;152.275421;739.042175;1586.491455;0.158689;0.000000;0.000000;0.000000;0.000000;2.000000;490.352356;-46.768318;1452.512207;0.366504;0.000000;0.000000;0.000000;0.000000;2.000000;473.541870;74.752678;1292.552002;0.727156;0.000000;0.000000;0.000000;0.000000;2.000000;520.084167;22.356108;1288.196533;0.737912;0.000000;0.000000;0.000000;0.000000;2.000000;606.460144;-60.984291;1392.534424;0.603029;0.000000;0.000000;0.000000;0.000000;2.000000;455.343964;13.182369;1283.030762;0.654128;0.000000;0.000000;0.000000;0.000000;2.000000;405.769989;-113.449142;1375.354248;0.372930;0.000000;0.000000;0.000000;0.000000;2.000000;21990467584.000000
0.000000;-150.000000;2000.000000;0.000000;0.000000;0.000000;0.000000;0.000000;2.000000;124.591530;-220.415649;1828.372314;0.222298;0.000000;0.000000;0.000000;0.000000;2.000000;235.914185;-190.839645;1691.811890;0.486138;0.000000;0.000000;0.000000;0.000000;2.000000;420.497620;-105.559937;1511.234009;0.404942;0.000000;0.000000;0.000000;0.000000;2.000000;420.187683;-121.357605;1570.561035;0.438976;0.000000;0.000000;0.000000;0.000000;2.000000;484.079041;-53.721725;1723.549316;0.374099;0.000000;0.000000;0.000000;0.000000;2.000000;306.229553;234.035141;1796.888306;0.434203;0.000000;0.000000;0.000000;0.000000;2.000000;205.419769;436.585266;1614.647095;0.144895;0.000000;0.000000;0.000000;0.000000;2.000000;203.686676;557.157776;1611.984253;0.206786;0.000000;0.000000;0.000000;0.000000;2.000000;166.955475;686.673462;1598.013672;0.205146;0.000000;0.000000;0.000000;0.000000;2.000000;193.248825;591.184814;1584.713623;0.278030;0.000000;0.000000;0.000000;0.000000;2.000000;360.469604;-120.442642;1511.076172;0.386116;0.000000;0.000000;0.000000;0.000000;2.000000;246.228470;-40.743736;1423.144043;0.260293;0.000000;0.000000;0.000000;0.000000;2.000000;165.699219;291.543945;1509.684814;0.240373;0.000000;0.000000;0.000000;0.000000;2.000000;191.330383;574.567383;1585.790649;0.493351;0.000000;0.000000;0.000000;0.000000;2.000000;220.411850;701.071899;1589.857910;0.186740;0.000000;0.000000;0.000000;0.000000;2.000000;322.260101;761.380371;1529.124390;0.261586;0.000000;0.000000;0.000000;0.000000;2.000000;263.745392;713.768799;1555.572510;0.431116;0.000000;0.000000;0.000000;0.000000;2.000000;89.307999;-162.715378;2070.049072;0.160739;0.000000;0.000000;0.000000;0.000000;2.000000;206.442963;281.008789;1867.956787;4.395545;0.000000;0.000000;0.000000;0.000000;2.000000;-51.562057;616.062622;2093.425049;5.131432;0.000000;0.000000;0.000000;0.000000;2.000000;69.917053;797.015015;2180.390625;4.337481;0.000000;0.000000;0.000000;0.000000;2.000000;-80.532944;-138.533997;1936.833496;0.144945;0.000000;0.000000;0.000000;0.000000;2.000000;112.567268;126.287682;1558.027710;0.205395;0.000000;0.000000;0.000000;0.000000;2.000000;42.390259;592.373413;1669.204590;0.564620;0.000000;0.000000;0.000000;0.000000;2.000000;177.144424;733.231201;1576.405151;0.837966;0.000000;0.000000;0.000000;0.000000;2.000000;485.410461;-57.961777;1448.067749;0.397279;0.000000;0.000000;0.000000;0.000000;2.000000;465.574188;71.880127;1295.557251;0.274263;0.000000;0.000000;0.000000;0.000000;2.000000;516.585632;24.062654;1290.393677;0.136409;0.000000;0.000000;0.000000;0.000000;2.000000;604.804260;-58.344139;1393.550781;0.100037;0.000000;0.000000;0.000000;0.000000;2.000000;453.303070;9.863319;1281.307251;0.130020;0.000000;0.000000;0.000000;0.000000;2.000000;410.780945;-126.135223;1362.730103;0.567180;0.000000;0.000000;0.000000;0.000000;2.000000;21990500352.000000
0.000000;-150.000000;2000.000000;0.000000;0.000000;0.000000;0.000000;0.000000;2.000000;117.079155;-232.642090;1827.814697;0.438257;0.000000;0.000000;0.000000;0.000000;2.000000;226.827362;-207.740967;1688.496338;0.594285;0.000000;0.000000;0.000000;0.000000;2.000000;406.726868;-115.634354;1505.545410;0.548882;0.000000;0.000000;0.000000;0.000000;2.000000;407.744202;-132.003510;1564.866943;0.529107;0.000000;0.000000;0.000000;0.000000;2.000000;465.982300;-58.701591;1718.021118;0.597125;0.000000;0.000000;0.000000;0.000000;2.000000;288.552795;227.848846;1800.570923;0.582478;0.000000;0.000000;0.000000;0.000000;2.000000;188.785385;426.609833;1612.528809;0.595444;0.000000;0.000000;0.000000;0.000000;2.000000;188.300034;547.466736;1608.882446;0.562953;0.000000;0.000000;0.000000;0.000000;2.000000;152.817398;677.570557;1593.934326;0.528042;0.000000;0.000000;0.000000;0.000000;2.000000;177.854660;581.624146;1581.746704;0.560386;0.000000;0.000000;0.000000;0.000000;2.000000;346.980835;-132.184250;1506.142944;0.566139;0.000000;0.000000;0.000000;0.000000;2.000000;230.120789;-51.557808;1421.806641;0.593479;0.000000;0.000000;0.000000;0.000000;2.000000;151.257767;281.458679;1510.612793;0.538295;0.000000;0.000000;0.000000;0.000000;2.000000;175.062546;565.868164;1584.942627;0.563575;0.000000;0.000000;0.000000;0.000000;2.000000;204.091049;692.581787;1592.031494;0.565338;0.000000;0.000000;0.000000;0.000000;2.000000;305.356506;752.109131;1528.878906;0.588402;0.000000;0.000000;0.000000;0.000000;2.000000;248.809036;705.630371;1554.710205;0.519760;0.000000;0.000000;0.000000;0.000000;2.000000;90.456848;-164.802551;2068.611572;0.084917;0.000000;0.000000;0.000000;0.000000;2.000000;188.673141;285.857788;1868.716797;0.562598;0.000000;0.000000;0.000000;0.000000;2.000000;-62.520157;610.012695;2118.971191;0.868163;0.000000;0.000000;0.000000;0.000000;2.000000;55.653656;793.994629;2205.703125;0.891453;0.000000;0.000000;0.000000;0.000000;2.000000;-81.568924;-136.651886;1938.129883;0.076575;0.000000;0.000000;0.000000;0.000000;2.000000;90.567818;119.646202;1542.104980;0.853193;0.000000;0.000000;0.000000;0.000000;2.000000;36.180420;578.866089;1689.896118;0.777539;0.000000;0.000000;0.000000;0.000000;2.000000;158.630829;720.015625;1580.694336;0.706402;0.000000;0.000000;0.000000;0.000000;2.000000;469.519592;-65.602066;1441.710083;0.572002;0.000000;0.000000;0.000000;0.000000;2.000000;447.837341;58.322735;1283.959839;0.767745;0.000000;0.000000;0.000000;0.000000;2.000000;500.443298;11.798548;1281.163330;0.679784;0.000000;0.000000;0.000000;0.000000;2.000000;589.894104;-64.333305;1388.598145;0.513123;0.000000;0.000000;0.000000;0.000000;2.000000;437.584198;-4.663979;1271.790771;0.714847;0.000000;0.000000;0.000000;0.000000;2.000000;397.932434;-139.203247;1357.778076;0.579336;0.000000;0.000000;0.000000;0.000000;2.000000;21990533120.000000
0.000000;-150.000000;2000.000000;0.000000;0.000000;0.000000;0.000000;0.000000;2.000000;125.273140;-229.511154;1832.061768;0.297420;0.000000;0.000000;0.000000;0.000000;2.000000;243.100006;-203.352676;1699.666870;0.617057;0.000000;0.000000;0.000000;0.000000;2.000000;429.936340;-111.556717;1523.502197;0.904141;0.000000;0.000000;0.000000;0.000000;2.000000;428.684692;-127.832779;1582.866211;0.852240;0.000000;0.000000;0.000000;0.000000;2.000000;489.405945;-57.584213;1736.556396;0.912201;0.000000;0.000000;0.000000;0.000000;2.000000;310.608246;229.273788;1815.495483;0.813862;0.000000;0.000000;0.000000;0.000000;2.000000;214.455338;429.326843;1626.790649;0.899999;0.000000;0.000000;0.000000;0.000000;2.000000;211.910980;550.158203;1621.991211;0.828236;0.000000;0.000000;0.000000;0.000000;2.000000;174.513397;679.514587;1604.957520;0.745033;0.000000;0.000000;0.000000;0.000000;2.000000;198.865036;584.921143;1597.802856;0.813227;0.000000;0.000000;0.000000;0.000000;2.000000;370.186615;-128.098953;1521.846313;0.864135;0.000000;0.000000;0.000000;0.000000;2.000000;255.777435;-50.468491;1431.448242;0.837100;0.000000;0.000000;0.000000;0.000000;2.000000;173.192322;280.508179;1524.849243;0.798549;0.000000;0.000000;0.000000;0.000000;2.000000;195.468811;565.587463;1597.458374;0.730600;0.000000;0.000000;0.000000;0.000000;2.000000;225.462662;692.041870;1605.841675;0.776706;0.000000;0.000000;0.000000;0.000000;2.000000;328.156433;753.267029;1546.648560;0.882870;0.000000;0.000000;0.000000;0.000000;2.000000;267.805023;707.664490;1565.906250;0.675767;0.000000;0.000000;0.000000;0.000000;2.000000;86.224579;-168.505539;2073.080566;0.219209;0.000000;0.000000;0.000000;0.000000;1.000000;237.686615;288.338318;1927.405273;2.334707;0.000000;0.000000;0.000000;0.000000;1.000000;2.594177;587.764648;2220.716797;3.748451;0.000000;0.000000;0.000000;0.000000;1.000000;89.988831;804.979492;2197.185547;1.130437;0.000000;0.000000;0.000000;0.000000;1.000000;-77.752487;-133.312759;1934.099854;0.197673;0.000000;0.000000;0.000000;0.000000;2.000000;113.469872;120.948647;1545.371948;0.707108;0.000000;0.000000;0.000000;0.000000;2.000000;46.891586;578.319153;1694.437256;0.355435;0.000000;0.000000;0.000000;0.000000;2.000000;173.352997;720.274902;1590.852661;0.545916;0.000000;0.000000;0.000000;0.000000;2.000000;495.154236;-61.626862;1462.005737;1.005160;0.000000;0.000000;0.000000;0.000000;2.000000;485.812134;65.733917;1305.698853;1.354374;0.000000;0.000000;0.000000;0.000000;2.000000;535.758606;16.288891;1303.813599;1.287671;0.000000;0.000000;0.000000;0.000000;2.000000;617.139282;-66.496002;1412.811646;1.114318;0.000000;0.000000;0.000000;0.000000;2.000000;472.386536;3.610661;1292.140747;1.255973;0.000000;0.000000;0.000000;0.000000;2.000000;422.280273;-129.740997;1374.552612;0.947391;0.000000;0.000000;0.000000;0.000000;2.000000;21990565888.000000
0.000000;-150.000000;2000.000000;0.000000;0.000000;0.000000;0.000000;0.000000;2.000000;124.371582;-211.737213;1835.703247;0.521758;0.000000;0.000000;0.000000;0.000000;2.000000;238.562561;-185.428299;1709.836060;0.606094;0.000000;0.000000;0.000000;0.000000;2.000000;425.823181;-102.099899;1547.000366;0.737061;0.000000;0.000000;0.000000;0.000000;2.000000;421.947449;-116.279221;1604.242676;0.724254;0.000000;0.000000;0.000000;0.000000;2.000000;472.025085;-46.558060;1753.710693;0.769600;0.000000;0.000000;0.000000;0.000000;2.000000;304.881439;231.617752;1829.227539;0.432613;0.000000;0.000000;0.000000;0.000000;2.000000;218.468689;426.710693;1648.452637;0.637219;0.000000;0.000000;0.000000;0.000000;2.000000;215.446732;542.615479;1642.345459;0.631691;0.000000;0.000000;0.000000;0.000000;2.000000;179.094467;666.342896;1623.783447;0.672924;0.000000;0.000000;0.000000;0.000000;2.000000;209.445282;572.799683;1610.398926;0.586903;0.000000;0.000000;0.000000;0.000000;2.000000;368.539825;-117.854568;1543.174805;0.681251;0.000000;0.000000;0.000000;0.000000;2.000000;265.056274;-48.514946;1445.057007;0.476404;0.000000;0.000000;0.000000;0.000000;2.000000;164.913239;266.518219;1522.436035;0.472033;0.000000;0.000000;0.000000;0.000000;2.000000;188.381012;539.858643;1592.683594;0.778694;0.000000;0.000000;0.000000;0.000000;2.000000;214.314453;655.616821;1632.125122;1.329289;0.000000;0.000000;0.000000;0.000000;2.000000;294.923981;738.539124;1577.115479;1.362285;0.000000;0.000000;0.000000;0.000000;2.000000;243.739090;684.735779;1595.489258;1.278083;0.000000;0.000000;0.000000;0.000000;2.000000;82.071060;-171.085449;2070.050537;0.165219;0.000000;0.000000;0.000000;0.000000;2.000000;211.375290;284.674133;1977.499756;1.628632;0.000000;0.000000;0.000000;0.000000;2.000000;30.968201;623.463867;2233.402832;1.359531;0.000000;0.000000;0.000000;0.000000;2.000000;118.381546;831.723389;2230.186768;1.467506;0.000000;0.000000;0.000000;0.000000;2.000000;-74.007065;-130.986328;1936.832520;0.148991;0.000000;0.000000;0.000000;0.000000;2.000000;90.645966;157.498062;1587.308716;1.727047;0.000000;0.000000;0.000000;0.000000;2.000000;119.801369;612.809387;1682.985352;2.339875;0.000000;0.000000;0.000000;0.000000;2.000000;240.515305;744.892395;1577.281128;2.091218;0.000000;0.000000;0.000000;0.000000;2.000000;491.256897;-55.848373;1489.726807;0.820998;0.000000;0.000000;0.000000;0.000000;2.000000;499.293945;82.559784;1354.383545;1.529336;0.000000;0.000000;0.000000;0.000000;2.000000;550.195251;38.281761;1356.169434;1.682957;0.000000;0.000000;0.000000;0.000000;2.000000;614.757629;-48.640167;1464.062378;1.560329;0.000000;0.000000;0.000000;0.000000;2.000000;493.266418;24.268152;1332.998535;1.445300;0.000000;0.000000;0.000000;0.000000;2.000000;441.816162;-114.555588;1388.116333;0.810472;0.000000;0.000000;0.000000;0.000000;2.000000;21990600704.000000
0.000000;-150.000000;2000.000000;0.000000;0.000000;0.000000;0.000000;0.000000;2.000000;124.371460;-211.737030;1835.703247;0.000007;0.000000;0.000000;0.000000;0.000000;2.000000;238.562271;-185.427917;1709.836182;0.000015;0.000000;0.000000;0.000000;0.000000;2.000000;425.822754;-102.099136;1547.000854;0.000031;0.000000;0.000000;0.000000;0.000000;2.000000;421.947021;-116.278519;1604.243042;0.000027;0.000000;0.000000;0.000000;0.000000;2.000000;472.024017;-46.557724;1753.711304;0.000039;0.000000;0.000000;0.000000;0.000000;2.000000;304.879883;231.617371;1829.228027;0.000051;0.000000;0.000000;0.000000;0.000000;2.000000;218.467972;426.710724;1648.453613;0.000037;0.000000;0.000000;0.000000;0.000000;2.000000;215.446289;542.615417;1642.347046;0.000050;0.000000;0.000000;0.000000;0.000000;2.000000;179.094421;666.342896;1623.785400;0.000060;0.000000;0.000000;0.000000;0.000000;2.000000;209.444962;572.800049;1610.401001;0.000065;0.000000;0.000000;0.000000;0.000000;2.000000;368.539490;-117.853882;1543.175293;0.000028;0.000000;0.000000;0.000000;0.000000;2.000000;265.055969;-48.514320;1445.057617;0.000028;0.000000;0.000000;0.000000;0.000000;2.000000;164.911926;266.517883;1522.437866;0.000070;0.000000;0.000000;0.000000;0.000000;2.000000;188.378265;539.858032;1592.686279;0.000119;0.000000;0.000000;0.000000;0.000000;2.000000;214.310303;655.615967;1632.128906;0.000173;0.000000;0.000000;0.000000;0.000000;2.000000;294.919495;738.539307;1577.120728;0.000211;0.000000;0.000000;0.000000;0.000000;2.000000;243.734222;684.735291;1595.495239;0.000236;0.000000;0.000000;0.000000;0.000000;2.000000;82.071030;-171.085312;2070.050293;0.000009;0.000000;0.000000;0.000000;0.000000;2.000000;211.369598;284.674683;1977.495850;0.000211;0.000000;0.000000;0.000000;0.000000;2.000000;30.951599;623.464111;2233.390869;0.000625;0.000000;0.000000;0.000000;0.000000;2.000000;118.350975;831.729065;2230.163330;0.001188;0.000000;0.000000;0.000000;0.000000;2.000000;-74.007050;-130.986420;1936.832764;0.000008;0.000000;0.000000;0.000000;0.000000;2.000000;90.640625;157.497879;1587.306885;0.000172;0.000000;0.000000;0.000000;0.000000;2.000000;119.795227;612.808533;1682.984497;0.000191;0.000000;0.000000;0.000000;0.000000;2.000000;240.504486;744.892761;1577.276855;0.000355;0.000000;0.000000;0.000000;0.000000;2.000000;491.256378;-55.847496;1489.727417;0.000036;0.000000;0.000000;0.000000;0.000000;2.000000;499.294098;82.560593;1354.384399;0.000036;0.000000;0.000000;0.000000;0.000000;2.000000;550.195374;38.282730;1356.170410;0.000042;0.000000;0.000000;0.000000;0.000000;2.000000;614.757202;-48.639015;1464.063721;0.000056;0.000000;0.000000;0.000000;0.000000;2.000000;493.266754;24.269020;1332.999390;0.000039;0.000000;0.000000;0.000000;0.000000;2.000000;441.816467;-114.554703;1388.116699;0.000031;0.000000;0.000000;0.000000;0.000000;2.000000;21990633472.000000
0.000000;-150.000000;2000.000000;0.000000;0.000000;0.000000;0.000000;0.000000;2.000000;124.225533;-215.571304;1835.410767;0.117437;0.000000;0.000000;0.000000;0.000000;2.000000;238.959869;-190.785629;1708.343140;0.170168;0.000000;0.000000;0.000000;0.000000;2.000000;427.920959;-103.222153;1547.211426;0.072911;0.000000;0.000000;0.000000;0.000000;2.000000;423.143402;-116.316574;1605.002686;0.043264;0.000000;0.000000;0.000000;0.000000;2.000000;459.869507;-43.344955;1757.932739;0.404717;0.000000;0.000000;0.000000;0.000000;2.000000;280.890137;231.215729;1828.068359;0.733066;0.000000;0.000000;0.000000;0.000000;2.000000;212.339035;426.472717;1637.517944;0.382639;0.000000;0.000000;0.000000;0.000000;2.000000;206.012482;543.010498;1633.171753;0.401789;0.000000;0.000000;0.000000;0.000000;2.000000;169.670563;667.463074;1614.032227;0.415295;0.000000;0.000000;0.000000;0.000000;2.000000;199.787476;574.732300;1603.528076;0.366513;0.000000;0.000000;0.000000;0.000000;2.000000;371.086334;-121.452682;1542.346680;0.136902;0.000000;0.000000;0.000000;0.000000;2.000000;258.653198;-54.914131;1450.842163;0.327853;0.000000;0.000000;0.000000;0.000000;2.000000;160.062805;261.945770;1531.505981;0.343440;0.000000;0.000000;0.000000;0.000000;2.000000;186.409561;537.686218;1598.012817;0.185542;0.000000;0.000000;0.000000;0.000000;2.000000;207.227325;657.265564;1630.884766;0.225164;0.000000;0.000000;0.000000;0.000000;2.000000;290.344208;736.360779;1572.320313;0.213019;0.000000;0.000000;0.000000;0.000000;2.000000;237.714005;682.353333;1600.667725;0.252894;0.000000;0.000000;0.000000;0.000000;2.000000;82.612244;-170.627304;2070.570068;0.026829;0.000000;0.000000;0.000000;0.000000;2.000000;194.219223;272.390015;1906.129639;2.271087;0.000000;0.000000;0.000000;0.000000;2.000000;8.382462;620.600586;2150.149170;2.633500;0.000000;0.000000;0.000000;0.000000;2.000000;109.268356;814.258728;2087.330566;4.400134;0.000000;0.000000;0.000000;0.000000;2.000000;-74.495102;-131.399445;1936.363525;0.024203;0.000000;0.000000;0.000000;0.000000;2.000000;81.020615;146.117889;1570.231201;0.691631;0.000000;0.000000;0.000000;0.000000;2.000000;93.846222;603.731750;1671.772827;0.906038;0.000000;0.000000;0.000000;0.000000;2.000000;236.654541;726.777588;1581.395264;0.578984;0.000000;0.000000;0.000000;0.000000;2.000000;493.276550;-55.416542;1490.122314;0.064180;0.000000;0.000000;0.000000;0.000000;2.000000;501.061707;78.324371;1348.572021;0.226023;0.000000;0.000000;0.000000;0.000000;2.000000;551.665039;33.152023;1351.286133;0.220784;0.000000;0.000000;0.000000;0.000000;2.000000;617.156616;-50.962761;1462.087036;0.118447;0.000000;0.000000;0.000000;0.000000;2.000000;493.837646;18.996563;1329.449707;0.194751;0.000000;0.000000;0.000000;0.000000;2.000000;441.069458;-117.642471;1391.077026;0.132518;0.000000;0.000000;0.000000;0.000000;2.000000;21990666240.000000
0.000000;-150.000000;2000.000000;0.000000;0.000000;0.000000;0.000000;0.000000;2.000000;110.218536;-222.125381;1823.721191;0.591599;0.000000;0.000000;0.000000;0.000000;2.000000;216.711197;-194.718216;1686.399292;0.961183;0.000000;0.000000;0.000000;0.000000;2.000000;408.535461;-107.153702;1521.332031;0.994048;0.000000;0.000000;0.000000;0.000000;2.000000;403.682861;-119.539169;1580.308228;0.964526;0.000000;0.000000;0.000000;0.000000;2.000000;436.873169;-44.949013;1736.594360;0.958627;0.000000;0.000000;0.000000;0.000000;2.000000;248.423798;230.511169;1805.813477;1.201416;0.000000;0.000000;0.000000;0.000000;2.000000;187.166809;426.638062;1606.751953;1.213132;0.000000;0.000000;0.000000;0.000000;2.000000;175.735718;544.841248;1604.662598;1.270355;0.000000;0.000000;0.000000;0.000000;2.000000;141.372681;672.682068;1589.186401;1.160199;0.000000;0.000000;0.000000;0.000000;2.000000;171.630692;576.792175;1572.611206;1.277699;0.000000;0.000000;0.000000;0.000000;2.000000;350.859375;-126.133713;1516.618286;1.008924;0.000000;0.000000;0.000000;0.000000;2.000000;237.464340;-60.103905;1421.253296;1.121870;0.000000;0.000000;0.000000;0.000000;2.000000;131.627686;261.204651;1499.864868;1.298438;0.000000;0.000000;0.000000;0.000000;2.000000;164.001495;540.912842;1568.012573;1.146969;0.000000;0.000000;0.000000;0.000000;2.000000;187.033829;661.468384;1603.936401;1.035646;0.000000;0.000000;0.000000;0.000000;2.000000;278.105072;744.507385;1559.517822;0.594950;0.000000;0.000000;0.000000;0.000000;2.000000;222.417526;688.335999;1570.340942;1.052520;0.000000;0.000000;0.000000;0.000000;2.000000;89.240227;-172.025803;2064.809570;0.271365;0.000000;0.000000;0.000000;0.000000;2.000000;134.553665;283.220917;1878.984375;2.027560;0.000000;0.000000;0.000000;0.000000;2.000000;-69.800430;623.049805;2134.836914;2.432431;0.000000;0.000000;0.000000;0.000000;2.000000;34.299454;782.676453;2004.154297;3.550556;0.000000;0.000000;0.000000;0.000000;2.000000;-80.471817;-130.138382;1941.558350;0.244708;0.000000;0.000000;0.000000;0.000000;2.000000;45.391235;141.504776;1549.540771;1.265220;0.000000;0.000000;0.000000;0.000000;2.000000;48.352478;602.999512;1669.660400;1.390034;0.000000;0.000000;0.000000;0.000000;2.000000;190.645447;710.960144;1554.351196;1.698711;0.000000;0.000000;0.000000;0.000000;2.000000;474.771912;-59.075592;1462.567749;1.019061;0.000000;0.000000;0.000000;0.000000;2.000000;472.155151;76.792137;1318.285156;1.278548;0.000000;0.000000;0.000000;0.000000;2.000000;524.149109;31.373917;1317.808716;1.323572;0.000000;0.000000;0.000000;0.000000;2.000000;598.636597;-53.329620;1426.103271;1.237157;0.000000;0.000000;0.000000;0.000000;2.000000;464.195679;16.357609;1299.396362;1.290722;0.000000;0.000000;0.000000;0.000000;2.000000;416.025269;-123.036591;1365.473755;1.105324;0.000000;0.000000;0.000000;0.000000;2.000000;21990699008.000000
0.000000;-150.000000;2000.000000;0.000000;0.000000;0.000000;0.000000;0.000000;2.000000;110.141907;-222.121216;1823.590576;0.004351;0.000000;0.000000;0.000000;0.000000;2.000000;216.563431;-194.723709;1686.145020;0.008448;0.000000;0.000000;0.000000;0.000000;2.000000;408.287781;-107.256607;1520.781860;0.017580;0.000000;0.000000;0.000000;0.000000;2.000000;403.499329;-119.634201;1579.783203;0.016206;0.000000;0.000000;0.000000;0.000000;2.000000;437.123108;-44.969093;1735.999756;0.018535;0.000000;0.000000;0.000000;0.000000;2.000000;247.678711;229.835785;1805.602539;0.029513;0.000000;0.000000;0.000000;0.000000;2.000000;186.324570;426.443420;1606.923950;0.025315;0.000000;0.000000;0.000000;0.000000;2.000000;174.347824;544.635742;1605.342529;0.044781;0.000000;0.000000;0.000000;0.000000;2.000000;139.276581;672.380249;1590.326416;0.069079;0.000000;0.000000;0.000000;0.000000;2.000000;170.609100;576.553284;1572.944458;0.031618;0.000000;0.000000;0.000000;0.000000;2.000000;350.579285;-126.213547;1516.139893;0.016087;0.000000;0.000000;0.000000;0.000000;2.000000;237.499222;-59.799965;1420.586060;0.021083;0.000000;0.000000;0.000000;0.000000;2.000000;132.607086;262.033691;1498.768433;0.048478;0.000000;0.000000;0.000000;0.000000;2.000000;166.280869;541.639771;1567.069580;0.073863;0.000000;0.000000;0.000000;0.000000;2.000000;189.860031;661.676147;1604.480957;0.082884;0.000000;0.000000;0.000000;0.000000;2.000000;282.090271;747.199646;1567.712280;0.272907;0.000000;0.000000;0.000000;0.000000;2.000000;228.167740;688.843262;1569.302612;0.168462;0.000000;0.000000;0.000000;0.000000;2.000000;89.315361;-172.018616;2064.766113;0.002502;0.000000;0.000000;0.000000;0.000000;2.000000;134.188522;283.265198;1878.537354;0.016627;0.000000;0.000000;0.000000;0.000000;2.000000;-70.999969;623.148438;2133.906738;0.043691;0.000000;0.000000;0.000000;0.000000;2.000000;32.702576;782.933472;2002.981201;0.057389;0.000000;0.000000;0.000000;0.000000;2.000000;-80.539581;-130.144836;1941.597412;0.002254;0.000000;0.000000;0.000000;0.000000;2.000000;43.189865;141.918732;1549.009033;0.066125;0.000000;0.000000;0.000000;0.000000;2.000000;46.394089;603.339233;1669.964478;0.057754;0.000000;0.000000;0.000000;0.000000;2.000000;187.259811;711.762817;1553.230103;0.104999;0.000000;0.000000;0.000000;0.000000;2.000000;474.496704;-59.207146;1461.912109;0.020770;0.000000;0.000000;0.000000;0.000000;2.000000;471.186188;75.185898;1316.189453;0.080785;0.000000;0.000000;0.000000;0.000000;2.000000;523.330200;29.906506;1316.079590;0.069255;0.000000;0.000000;0.000000;0.000000;2.000000;598.307739;-53.470467;1425.129517;0.029796;0.000000;0.000000;0.000000;0.000000;2.000000;463.367828;14.517101;1297.939697;0.071488;0.000000;0.000000;0.000000;0.000000;2.000000;415.731842;-124.366806;1365.577515;0.039239;0.000000;0.000000;0.000000;0.000000;2.000000;21990733824.000000
0.000000;-150.000000;2000.000000;0.000000;0.000000;0.000000;0.000000;0.000000;2.000000;110.148239;-222.109146;1823.588623;0.000420;0.000000;0.000000;0.000000;0.000000;2.000000;216.575165;-194.699295;1686.149048;0.000836;0.000000;0.000000;0.000000;0.000000;2.000000;408.348846;-107.211777;1520.852661;0.003164;0.000000;0.000000;0.000000;0.000000;2.000000;403.544128;-119.600494;1579.850464;0.002672;0.000000;0.000000;0.000000;0.000000;2.000000;437.132935;-44.979195;1736.096069;0.002971;0.000000;0.000000;0.000000;0.000000;2.000000;247.502441;229.691574;1805.726563;0.007914;0.000000;0.000000;0.000000;0.000000;2.000000;186.287109;426.402161;1607.105713;0.005802;0.000000;0.000000;0.000000;0.000000;2.000000;174.257889;544.590454;1605.600342;0.008447;0.000000;0.000000;0.000000;0.000000;2.000000;139.139343;672.329163;1590.642578;0.010633;0.000000;0.000000;0.000000;0.000000;2.000000;170.629990;576.498657;1573.130249;0.005944;0.000000;0.000000;0.000000;0.000000;2.000000;350.640228;-126.164337;1516.191772;0.002867;0.000000;0.000000;0.000000;0.000000;2.000000;237.660812;-59.660973;1420.580566;0.006507;0.000000;0.000000;0.000000;0.000000;2.000000;132.832733;262.162598;1498.895142;0.008823;0.000000;0.000000;0.000000;0.000000;2.000000;166.604111;541.708923;1567.396240;0.014182;0.000000;0.000000;0.000000;0.000000;2.000000;190.172729;661.648499;1605.125122;0.021868;0.000000;0.000000;0.000000;0.000000;2.000000;282.490692;747.517639;1569.395508;0.053686;0.000000;0.000000;0.000000;0.000000;2.000000;228.693481;688.769531;1570.291870;0.034262;0.000000;0.000000;0.000000;0.000000;2.000000;89.313293;-172.023560;2064.767822;0.000172;0.000000;0.000000;0.000000;0.000000;2.000000;134.101196;283.294708;1878.598633;0.003378;0.000000;0.000000;0.000000;0.000000;2.000000;-71.311768;623.030334;2133.986816;0.010464;0.000000;0.000000;0.000000;0.000000;2.000000;32.298187;782.985962;2003.194824;0.014049;0.000000;0.000000;0.000000;0.000000;2.000000;-80.537750;-130.140396;1941.595947;0.000153;0.000000;0.000000;0.000000;0.000000;2.000000;43.241257;142.051300;1549.109985;0.005322;0.000000;0.000000;0.000000;0.000000;2.000000;46.377090;603.407471;1670.318237;0.011007;0.000000;0.000000;0.000000;0.000000;2.000000;187.163849;712.100769;1553.738281;0.018853;0.000000;0.000000;0.000000;0.000000;2.000000;474.576385;-59.154869;1462.009399;0.004156;0.000000;0.000000;0.000000;0.000000;2.000000;471.350128;75.154602;1316.206787;0.005121;0.000000;0.000000;0.000000;0.000000;2.000000;523.505066;29.887394;1316.164429;0.005960;0.000000;0.000000;0.000000;0.000000;2.000000;598.415649;-53.409798;1425.322021;0.006985;0.000000;0.000000;0.000000;0.000000;2.000000;463.560638;14.473358;1297.985352;0.006192;0.000000;0.000000;0.000000;0.000000;2.000000;415.903503;-124.383621;1365.664551;0.005896;0.000000;0.000000;0.000000;0.000000;2.000000;21990766592.000000
0.000000;-150.000000;2000.000000;0.000000;0.000000;0.000000;0.000000;0.000000;2.000000;112.127907;-223.109406;1825.880615;0.097335;0.000000;0.000000;0.000000;0.000000;2.000000;219.896896;-197.888107;1689.579590;0.175233;0.000000;0.000000;0.000000;0.000000;2.000000;413.602112;-113.081436;1526.125244;0.289274;0.000000;0.000000;0.000000;0.000000;2.000000;407.985504;-124.636597;1585.081055;0.259753;0.000000;0.000000;0.000000;0.000000;2.000000;443.272797;-48.516243;1739.773315;0.243627;0.000000;0.000000;0.000000;0.000000;2.000000;255.526611;225.614044;1812.799805;0.349349;0.000000;0.000000;0.000000;0.000000;2.000000;189.933792;416.198853;1610.564697;0.347110;0.000000;0.000000;0.000000;0.000000;2.000000;179.301147;534.189697;1606.436646;0.353674;0.000000;0.000000;0.000000;0.000000;2.000000;149.624146;662.858948;1590.382324;0.431242;0.000000;0.000000;0.000000;0.000000;2.000000;179.287781;563.803955;1569.610352;0.481078;0.000000;0.000000;0.000000;0.000000;2.000000;356.065491;-131.980865;1520.942993;0.282744;0.000000;0.000000;0.000000;0.000000;2.000000;243.990555;-69.008270;1422.537109;0.349644;0.000000;0.000000;0.000000;0.000000;2.000000;130.397430;249.749863;1497.630859;0.387952;0.000000;0.000000;0.000000;0.000000;2.000000;170.566116;528.541626;1562.919800;0.441308;0.000000;0.000000;0.000000;0.000000;2.000000;190.303513;643.768494;1614.144653;0.611162;0.000000;0.000000;0.000000;0.000000;1.000000;295.795959;720.246582;1603.287231;1.388261;0.000000;0.000000;0.000000;0.000000;1.000000;237.591797;682.816040;1566.817749;0.343501;0.000000;0.000000;0.000000;0.000000;2.000000;88.326935;-171.419968;2065.874023;0.048837;0.000000;0.000000;0.000000;0.000000;2.000000;129.120209;282.564026;1878.481445;0.153676;0.000000;0.000000;0.000000;0.000000;2.000000;-66.621140;626.421387;2133.985352;0.176637;0.000000;0.000000;0.000000;0.000000;2.000000;39.441376;784.649780;2003.979980;0.225107;0.000000;0.000000;0.000000;0.000000;2.000000;-79.648270;-130.684692;1940.598877;0.044030;0.000000;0.000000;0.000000;0.000000;2.000000;51.146378;142.937561;1552.806885;0.267692;0.000000;0.000000;0.000000;0.000000;2.000000;48.822769;603.799927;1671.664795;0.086039;0.000000;0.000000;0.000000;0.000000;2.000000;187.231400;712.576233;1553.202881;0.021949;0.000000;0.000000;0.000000;0.000000;2.000000;480.546204;-66.015999;1467.681396;0.327101;0.000000;0.000000;0.000000;0.000000;2.000000;479.091858;75.506577;1329.478027;0.469003;0.000000;0.000000;0.000000;0.000000;2.000000;532.270203;31.692924;1329.013794;0.477865;0.000000;0.000000;0.000000;0.000000;2.000000;605.163330;-55.307648;1436.124878;0.392996;0.000000;0.000000;0.000000;0.000000;2.000000;473.587952;15.856461;1307.841553;0.431157;0.000000;0.000000;0.000000;0.000000;2.000000;427.283630;-127.240250;1366.104492;0.358320;0.000000;0.000000;0.000000;0.000000;2.000000;21990799360.000000
0.000000;-150.000000;2000.000000;0.000000;0.000000;0.000000;0.000000;0.000000;2.000000;128.466568;-216.473816;1821.454590;0.522221;0.000000;0.000000;0.000000;0.000000;2.000000;245.254822;-199.461777;1680.680786;0.773209;0.000000;0.000000;0.000000;0.000000;2.000000;438.713470;-105.568314;1501.935059;1.024466;0.000000;0.000000;0.000000;0.000000;2.000000;436.345398;-120.426193;1563.246704;1.035104;0.000000;0.000000;0.000000;0.000000;2.000000;495.190613;-57.288368;1725.885376;1.564063;0.000000;0.000000;0.000000;0.000000;2.000000;270.378235;206.626694;1806.452637;0.715976;0.000000;0.000000;0.000000;0.000000;2.000000;196.656815;375.874115;1571.589111;1.622342;0.000000;0.000000;0.000000;0.000000;2.000000;200.688141;499.427979;1561.581787;1.741853;0.000000;0.000000;0.000000;0.000000;2.000000;172.234375;632.501160;1532.410889;1.988601;0.000000;0.000000;0.000000;0.000000;2.000000;199.407974;531.556763;1527.569214;1.627870;0.000000;0.000000;0.000000;0.000000;2.000000;377.992249;-124.277374;1499.269897;0.912745;0.000000;0.000000;0.000000;0.000000;2.000000;255.371292;-65.164429;1398.469849;0.772590;0.000000;0.000000;0.000000;0.000000;2.000000;145.106979;266.825867;1494.103394;0.655226;0.000000;0.000000;0.000000;0.000000;2.000000;199.686340;562.580078;1526.730347;1.654043;0.000000;0.000000;0.000000;0.000000;2.000000;231.067322;687.661560;1561.408936;2.292285;0.000000;0.000000;0.000000;0.000000;2.000000;323.168945;760.691772;1491.427368;3.505751;0.000000;0.000000;0.000000;0.000000;2.000000;278.143005;708.986450;1509.928467;2.142793;0.000000;0.000000;0.000000;0.000000;2.000000;90.230804;-170.144211;2072.422363;0.199270;0.000000;0.000000;0.000000;0.000000;2.000000;127.829079;301.459808;1867.369629;0.630711;0.000000;0.000000;0.000000;0.000000;2.000000;-100.826080;652.235352;2127.187500;1.246219;0.000000;0.000000;0.000000;0.000000;2.000000;55.583862;764.716675;1981.911865;0.971867;0.000000;0.000000;0.000000;0.000000;2.000000;-81.365082;-131.835083;1934.693359;0.179707;0.000000;0.000000;0.000000;0.000000;2.000000;72.606995;200.701096;1572.738770;1.860199;0.000000;0.000000;0.000000;0.000000;2.000000;33.658447;661.906006;1756.425537;2.983631;0.000000;0.000000;0.000000;0.000000;2.000000;151.201019;694.744507;1570.982178;1.262566;0.000000;0.000000;0.000000;0.000000;2.000000;505.745300;-54.467934;1438.966797;1.146338;0.000000;0.000000;0.000000;0.000000;2.000000;494.268829;95.839661;1297.154785;1.180267;0.000000;0.000000;0.000000;0.000000;2.000000;557.002869;60.786346;1302.889282;1.328896;0.000000;0.000000;0.000000;0.000000;1.000000;634.857300;-18.884048;1422.270508;1.407210;0.000000;0.000000;0.000000;0.000000;1.000000;502.707275;34.234085;1273.194946;1.403013;0.000000;0.000000;0.000000;0.000000;2.000000;475.564880;-123.771027;1325.876831;1.807775;0.000000;0.000000;0.000000;0.000000;2.000000;21990834176.000000
0.000000;-150.000000;2000.000000;0.000000;0.000000;0.000000;0.000000;0.000000;2.000000;131.068390;-208.191116;1820.090332;0.268197;0.000000;0.000000;0.000000;0.000000;2.000000;242.927704;-185.930298;1675.790649;0.444793;0.000000;0.000000;0.000000;0.000000;2.000000;434.339661;-91.880127;1494.397339;0.495207;0.000000;0.000000;0.000000;0.000000;2.000000;432.634155;-106.350082;1555.904541;0.497556;0.000000;0.000000;0.000000;0.000000;2.000000;494.010010;-47.566315;1719.497437;0.356831;0.000000;0.000000;0.000000;0.000000;2.000000;265.912354;217.243622;1789.112793;0.635274;0.000000;0.000000;0.000000;0.000000;2.000000;195.306366;386.875305;1553.097778;0.657921;0.000000;0.000000;0.000000;0.000000;2.000000;199.586868;510.617065;1543.609375;0.646955;0.000000;0.000000;0.000000;0.000000;2.000000;171.671143;643.955505;1514.301392;0.654154;0.000000;0.000000;0.000000;0.000000;2.000000;202.977417;541.454163;1506.949585;0.706446;0.000000;0.000000;0.000000;0.000000;2.000000;373.646240;-111.029266;1492.420654;0.474067;0.000000;0.000000;0.000000;0.000000;2.000000;251.067993;-55.904755;1388.987793;0.425246;0.000000;0.000000;0.000000;0.000000;2.000000;143.720764;279.847229;1476.149292;0.678168;0.000000;0.000000;0.000000;0.000000;2.000000;202.998657;575.785400;1501.628906;0.871454;0.000000;0.000000;0.000000;0.000000;2.000000;230.540878;699.330200;1544.702637;0.622091;0.000000;0.000000;0.000000;0.000000;2.000000;321.715149;768.314819;1469.279663;0.716185;0.000000;0.000000;0.000000;0.000000;2.000000;268.687134;712.791565;1529.343140;0.669179;0.000000;0.000000;0.000000;0.000000;2.000000;93.331680;-159.116898;2070.943115;0.352482;0.000000;0.000000;0.000000;0.000000;2.000000;138.944092;304.578888;1848.591797;0.672689;0.000000;0.000000;0.000000;0.000000;2.000000;-95.416672;653.227905;2107.352539;0.628153;0.000000;0.000000;0.000000;0.000000;2.000000;57.394226;771.147217;1962.058594;0.639255;0.000000;0.000000;0.000000;0.000000;2.000000;-84.161270;-141.778885;1936.027588;0.317849;0.000000;0.000000;0.000000;0.000000;2.000000;69.215271;202.933578;1584.445435;0.378139;0.000000;0.000000;0.000000;0.000000;2.000000;15.071091;669.962830;1750.394043;0.645056;0.000000;0.000000;0.000000;0.000000;2.000000;134.915253;700.269958;1565.662354;0.549365;0.000000;0.000000;0.000000;0.000000;2.000000;500.529541;-40.710236;1430.384155;0.519821;0.000000;0.000000;0.000000;0.000000;2.000000;497.021912;103.306198;1281.425659;0.537953;0.000000;0.000000;0.000000;0.000000;2.000000;559.865417;69.879990;1293.406128;0.410366;0.000000;0.000000;0.000000;0.000000;1.000000;630.006470;-2.983669;1421.851563;0.507481;0.000000;0.000000;0.000000;0.000000;1.000000;508.423828;40.858749;1260.884888;0.460909;0.000000;0.000000;0.000000;0.000000;2.000000;480.299316;-115.512543;1318.381226;0.369756;0.000000;0.000000;0.000000;0.000000;2.000000;21990866944.000000
0.000000;-150.000000;2000.000000;0.000000;0.000000;0.000000;0.000000;0.000000;2.000000;137.166626;-194.057770;1845.758545;0.913387;0.000000;0.000000;0.000000;0.000000;2.000000;244.189270;-178.010208;1716.301636;1.260291;0.000000;0.000000;0.000000;0.000000;2.000000;433.965210;-119.446854;1553.441284;1.988625;0.000000;0.000000;0.000000;0.000000;2.000000;428.116516;-125.530624;1610.810303;1.780236;0.000000;0.000000;0.000000;0.000000;2.000000;470.638977;-45.805664;1753.766357;1.266999;0.000000;0.000000;0.000000;0.000000;2.000000;272.673157;214.147507;1743.194336;1.419576;0.000000;0.000000;0.000000;0.000000;2.000000;205.972336;377.554993;1533.103882;0.747766;0.000000;0.000000;0.000000;0.000000;2.000000;203.841034;491.224182;1525.893433;0.812041;0.000000;0.000000;0.000000;0.000000;2.000000;173.398956;613.018860;1501.803711;1.019604;0.000000;0.000000;0.000000;0.000000;2.000000;199.214264;522.276733;1497.483887;0.662685;0.000000;0.000000;0.000000;0.000000;2.000000;377.804443;-135.100983;1549.855225;1.904714;0.000000;0.000000;0.000000;0.000000;2.000000;270.242340;-80.999878;1451.321167;2.132493;0.000000;0.000000;0.000000;0.000000;2.000000;140.967926;225.931747;1457.746948;1.740600;0.000000;0.000000;0.000000;0.000000;2.000000;197.383514;495.265564;1496.266479;2.468668;0.000000;0.000000;0.000000;0.000000;2.000000;240.269836;532.113892;1605.114258;5.433972;0.000000;0.000000;0.000000;0.000000;1.000000;313.860779;576.914490;1513.652588;6.000778;0.000000;0.000000;0.000000;0.000000;1.000000;262.101715;657.972656;1488.738892;2.091553;0.000000;0.000000;0.000000;0.000000;2.000000;81.812775;-137.497665;2069.184814;0.749496;0.000000;0.000000;0.000000;0.000000;2.000000;151.280334;290.848877;1879.449951;1.097327;0.000000;0.000000;0.000000;0.000000;2.000000;-91.071060;643.849731;2026.164063;2.497674;0.000000;0.000000;0.000000;0.000000;2.000000;67.487671;780.878845;1954.044434;0.492846;0.000000;0.000000;0.000000;0.000000;2.000000;-73.774185;-161.273895;1937.613037;0.675853;0.000000;0.000000;0.000000;0.000000;2.000000;75.385086;273.648163;1826.178955;7.688595;0.000000;0.000000;0.000000;0.000000;2.000000;-55.138901;645.712952;2057.982666;9.656692;0.000000;0.000000;0.000000;0.000000;2.000000;50.234573;782.476440;1949.487305;12.254634;0.000000;0.000000;0.000000;0.000000;2.000000;500.422607;-82.380188;1493.872559;2.317563;0.000000;0.000000;0.000000;0.000000;2.000000;506.631226;66.330696;1375.615723;3.101897;0.000000;0.000000;0.000000;0.000000;2.000000;564.319885;37.978767;1391.517334;3.151350;0.000000;0.000000;0.000000;0.000000;1.000000;615.961609;-39.996201;1508.759033;2.914404;0.000000;0.000000;0.000000;0.000000;1.000000;524.218323;12.793098;1351.725708;2.941299;0.000000;0.000000;0.000000;0.000000;2.000000;502.471191;-137.688568;1381.858276;2.160658;0.000000;0.000000;0.000000;0.000000;2.000000;21990899712.000000
0.000000;-150.000000;2000.000000;0.000000;0.000000;0.000000;0.000000;0.000000;2.000000;138.198181;-193.752731;1847.499268;0.062448;0.000000;0.000000;0.000000;0.000000;2.000000;245.938080;-177.556931;1719.345215;0.108013;0.000000;0.000000;0.000000;0.000000;2.000000;436.601990;-117.945190;1559.182495;0.198174;0.000000;0.000000;0.000000;0.000000;2.000000;430.060272;-123.683990;1616.329590;0.187257;0.000000;0.000000;0.000000;0.000000;2.000000;462.128845;-42.876160;1760.775879;0.348138;0.000000;0.000000;0.000000;0.000000;2.000000;262.232452;213.303482;1735.725220;0.392609;0.000000;0.000000;0.000000;0.000000;2.000000;204.935806;373.526794;1521.559570;0.374474;0.000000;0.000000;0.000000;0.000000;2.000000;202.528030;486.936401;1516.166138;0.326879;0.000000;0.000000;0.000000;0.000000;2.000000;174.386703;609.125488;1493.420410;0.283688;0.000000;0.000000;0.000000;0.000000;2.000000;197.529892;518.867126;1489.515625;0.269447;0.000000;0.000000;0.000000;0.000000;2.000000;380.868530;-134.274551;1554.953491;0.183268;0.000000;0.000000;0.000000;0.000000;2.000000;265.884521;-86.848267;1462.300415;0.402251;0.000000;0.000000;0.000000;0.000000;2.000000;135.437241;218.488068;1467.222534;0.404612;0.000000;0.000000;0.000000;0.000000;2.000000;195.103607;488.110046;1488.937622;0.320233;0.000000;0.000000;0.000000;0.000000;2.000000;258.832947;538.797913;1580.155640;0.970919;0.000000;0.000000;0.000000;0.000000;1.000000;329.592834;579.619141;1485.200073;0.995621;0.000000;0.000000;0.000000;0.000000;1.000000;256.805725;653.631775;1479.311279;0.355593;0.000000;0.000000;0.000000;0.000000;2.000000;80.920349;-137.173752;2069.651123;0.032279;0.000000;0.000000;0.000000;0.000000;2.000000;149.464539;290.300323;1881.289307;0.080634;0.000000;0.000000;0.000000;0.000000;2.000000;-90.575867;644.881226;2023.589111;0.085990;0.000000;0.000000;0.000000;0.000000;2.000000;65.350998;780.905396;1946.140625;0.249865;0.000000;0.000000;0.000000;0.000000;2.000000;-72.969421;-161.565979;1937.192627;0.029107;0.000000;0.000000;0.000000;0.000000;2.000000;80.511703;270.383118;1826.302734;0.185526;0.000000;0.000000;0.000000;0.000000;2.000000;-39.720337;652.546387;2044.012939;0.668315;0.000000;0.000000;0.000000;0.000000;2.000000;44.353302;788.022217;1917.922607;0.994365;0.000000;0.000000;0.000000;0.000000;1.000000;503.200195;-80.582214;1500.448853;0.224663;0.000000;0.000000;0.000000;0.000000;2.000000;503.939178;65.846901;1380.150513;0.161615;0.000000;0.000000;0.000000;0.000000;2.000000;562.528992;40.961563;1397.626099;0.214540;0.000000;0.000000;0.000000;0.000000;1.000000;615.639526;-31.993568;1516.830566;0.347010;0.000000;0.000000;0.000000;0.000000;1.000000;524.772583;13.109585;1357.616211;0.180816;0.000000;0.000000;0.000000;0.000000;2.000000;510.480133;-137.340240;1389.818726;0.344772;0.000000;0.000000;0.000000;0.000000;2.000000;21990932480.000000
0.000000;-150.000000;2000.000000;0.000000;0.000000;0.000000;0.000000;0.000000;2.000000;149.755173;-194.274292;1836.812256;0.452365;0.000000;0.000000;0.000000;0.000000;2.000000;267.267242;-167.177963;1702.414063;0.837060;0.000000;0.000000;0.000000;0.000000;2.000000;461.203949;-89.707947;1523.702759;1.481757;0.000000;0.000000;0.000000;0.000000;2.000000;457.482941;-98.867462;1584.965088;1.392844;0.000000;0.000000;0.000000;0.000000;2.000000;486.306152;-22.951805;1746.709717;0.986388;0.000000;0.000000;0.000000;0.000000;2.000000;253.009552;227.499344;1674.251343;1.831406;0.000000;0.000000;0.000000;0.000000;2.000000;186.213654;393.090393;1441.134155;2.437433;0.000000;0.000000;0.000000;0.000000;2.000000;207.324600;512.541199;1453.306396;1.954383;0.000000;0.000000;0.000000;0.000000;2.000000;201.300217;648.906311;1444.197266;1.975337;0.000000;0.000000;0.000000;0.000000;2.000000;208.060577;552.656738;1434.520874;1.878424;0.000000;0.000000;0.000000;0.000000;2.000000;401.684875;-108.666214;1521.328003;1.353244;0.000000;0.000000;0.000000;0.000000;2.000000;262.993530;-57.499557;1444.723022;0.986091;0.000000;0.000000;0.000000;0.000000;2.000000;156.277435;282.632996;1444.529297;2.043913;0.000000;0.000000;0.000000;0.000000;2.000000;208.072922;575.263916;1434.191895;2.979541;0.000000;0.000000;0.000000;0.000000;2.000000;247.543915;694.743347;1471.568359;5.467653;0.000000;0.000000;0.000000;0.000000;2.000000;314.254517;778.318909;1390.044189;6.343139;0.000000;0.000000;0.000000;0.000000;2.000000;269.352600;715.749573;1449.847168;2.007321;0.000000;0.000000;0.000000;0.000000;2.000000;85.912125;-142.128830;2076.704834;0.286110;0.000000;0.000000;0.000000;0.000000;2.000000;156.725189;289.602386;1820.808594;1.749741;0.000000;0.000000;0.000000;0.000000;2.000000;-86.782242;678.108154;1977.000977;1.647194;0.000000;0.000000;0.000000;0.000000;2.000000;86.258682;803.957764;1874.663086;2.239167;0.000000;0.000000;0.000000;0.000000;2.000000;-77.470779;-157.097778;1930.832031;0.257997;0.000000;0.000000;0.000000;0.000000;2.000000;100.296417;280.187439;1747.755371;2.343519;0.000000;0.000000;0.000000;0.000000;2.000000;-17.858536;675.251526;2011.488037;1.300885;0.000000;0.000000;0.000000;0.000000;2.000000;50.978760;813.553955;1857.368408;1.897111;0.000000;0.000000;0.000000;0.000000;1.000000;528.340881;-44.779488;1459.130005;1.728397;0.000000;0.000000;0.000000;0.000000;2.000000;533.823242;104.252213;1320.756714;2.205398;0.000000;0.000000;0.000000;0.000000;2.000000;593.374939;67.136528;1330.637451;2.247716;0.000000;0.000000;0.000000;0.000000;1.000000;657.495850;-15.187103;1452.585205;2.254642;0.000000;0.000000;0.000000;0.000000;1.000000;541.284729;43.555325;1297.289063;1.998008;0.000000;0.000000;0.000000;0.000000;2.000000;504.232239;-110.811172;1345.390869;1.497059;0.000000;0.000000;0.000000;0.000000;2.000000;21990967296.000000
0.000000;-150.000000;2000.000000;0.000000;0.000000;0.000000;0.000000;0.000000;2.000000;144.741562;-200.870422;1841.231934;0.286571;0.000000;0.000000;0.000000;0.000000;2.000000;258.517334;-178.789627;1708.108887;0.476527;0.000000;0.000000;0.000000;0.000000;2.000000;449.577667;-100.669479;1536.121582;0.617597;0.000000;0.000000;0.000000;0.000000;2.000000;444.416809;-107.172974;1596.208374;0.583929;0.000000;0.000000;0.000000;0.000000;2.000000;463.253998;-29.792122;1754.176514;0.768380;0.000000;0.000000;0.000000;0.000000;2.000000;245.976151;222.231262;1675.264771;0.269953;0.000000;0.000000;0.000000;0.000000;2.000000;178.760925;390.859131;1452.930176;0.431225;0.000000;0.000000;0.000000;0.000000;2.000000;196.329773;508.192596;1464.096313;0.488490;0.000000;0.000000;0.000000;0.000000;2.000000;186.603577;641.255859;1455.103638;0.605349;0.000000;0.000000;0.000000;0.000000;2.000000;197.282791;546.017639;1442.218872;0.452132;0.000000;0.000000;0.000000;0.000000;2.000000;392.563110;-122.398483;1532.842407;0.613671;0.000000;0.000000;0.000000;0.000000;2.000000;257.958405;-85.501770;1449.132324;0.878630;0.000000;0.000000;0.000000;0.000000;2.000000;120.751068;234.733688;1442.577271;1.820925;0.000000;0.000000;0.000000;0.000000;2.000000;193.566315;516.107178;1439.140259;1.864933;0.000000;0.000000;0.000000;0.000000;2.000000;217.735626;631.960449;1488.707275;2.184506;0.000000;0.000000;0.000000;0.000000;2.000000;310.267456;721.285278;1515.820313;4.216328;0.000000;0.000000;0.000000;0.000000;1.000000;265.372498;675.790771;1412.254028;1.678686;0.000000;0.000000;0.000000;0.000000;2.000000;84.630188;-140.082245;2073.975830;0.111209;0.000000;0.000000;0.000000;0.000000;2.000000;144.779007;283.973022;1824.960205;0.422464;0.000000;0.000000;0.000000;0.000000;2.000000;-96.196838;663.604126;1973.254150;0.539946;0.000000;0.000000;0.000000;0.000000;2.000000;73.115952;794.983643;1884.812988;0.576036;0.000000;0.000000;0.000000;0.000000;2.000000;-76.314758;-158.943283;1933.292969;0.100284;0.000000;0.000000;0.000000;0.000000;2.000000;84.038742;276.621704;1761.562256;0.659954;0.000000;0.000000;0.000000;0.000000;2.000000;-14.826172;667.634155;2018.966309;0.338655;0.000000;0.000000;0.000000;0.000000;2.000000;42.026306;803.929932;1865.051758;0.464632;0.000000;0.000000;0.000000;0.000000;2.000000;514.877136;-56.082558;1473.135376;0.685921;0.000000;0.000000;0.000000;0.000000;2.000000;524.731445;92.133408;1340.925049;0.769798;0.000000;0.000000;0.000000;0.000000;2.000000;583.034912;56.784939;1353.139160;0.819099;0.000000;0.000000;0.000000;0.000000;1.000000;640.686523;-24.670525;1474.193237;0.884165;0.000000;0.000000;0.000000;0.000000;1.000000;534.442078;33.383644;1317.395752;0.718664;0.000000;0.000000;0.000000;0.000000;2.000000;498.706329;-119.002121;1359.726685;0.531342;0.000000;0.000000;0.000000;0.000000;2.000000;21991000064.000000
0.000000;-150.000000;2000.000000;0.000000;0.000000;0.000000;0.000000;0.000000;2.000000;144.741074;-200.870636;1841.231934;0.000016;0.000000;0.000000;0.000000;0.000000;2.000000;258.516479;-178.790390;1708.109131;0.000036;0.000000;0.000000;0.000000;0.000000;2.000000;449.574951;-100.670944;1536.120117;0.000104;0.000000;0.000000;0.000000;0.000000;2.000000;444.414551;-107.174072;1596.207031;0.000087;0.000000;0.000000;0.000000;0.000000;2.000000;463.252808;-29.792183;1754.174561;0.000070;0.000000;0.000000;0.000000;0.000000;2.000000;245.973969;222.229660;1675.262939;0.000100;0.000000;0.000000;0.000000;0.000000;2.000000;178.756561;390.854828;1452.927490;0.000204;0.000000;0.000000;0.000000;0.000000;2.000000;196.325592;508.188232;1464.092041;0.000226;0.000000;0.000000;0.000000;0.000000;2.000000;186.599396;641.251282;1455.097900;0.000258;0.000000;0.000000;0.000000;0.000000;2.000000;197.278152;546.013000;1442.214478;0.000241;0.000000;0.000000;0.000000;0.000000;2.000000;392.560486;-122.400085;1532.841431;0.000098;0.000000;0.000000;0.000000;0.000000;2.000000;257.953430;-85.506744;1449.134277;0.000223;0.000000;0.000000;0.000000;0.000000;2.000000;120.739082;234.725052;1442.578247;0.000452;0.000000;0.000000;0.000000;0.000000;2.000000;193.547699;516.099731;1439.135010;0.000632;0.000000;0.000000;0.000000;0.000000;2.000000;217.712845;631.954895;1488.699097;0.000758;0.000000;0.000000;0.000000;0.000000;2.000000;310.241425;721.283325;1515.810303;0.000853;0.000000;0.000000;0.000000;0.000000;1.000000;265.347717;675.784668;1412.251709;0.000782;0.000000;0.000000;0.000000;0.000000;2.000000;84.630157;-140.082123;2073.975342;0.000015;0.000000;0.000000;0.000000;0.000000;2.000000;144.778198;283.971802;1824.958984;0.000058;0.000000;0.000000;0.000000;0.000000;2.000000;-96.196457;663.602844;1973.252930;0.000055;0.000000;0.000000;0.000000;0.000000;2.000000;73.115067;794.983093;1884.811523;0.000055;0.000000;0.000000;0.000000;0.000000;2.000000;-76.314743;-158.943390;1933.293213;0.000008;0.000000;0.000000;0.000000;0.000000;2.000000;84.037659;276.620605;1761.561279;0.000056;0.000000;0.000000;0.000000;0.000000;2.000000;-14.825394;667.633179;2018.964111;0.000077;0.000000;0.000000;0.000000;0.000000;2.000000;42.025528;803.930298;1865.050537;0.000046;0.000000;0.000000;0.000000;0.000000;2.000000;514.873718;-56.084343;1473.133179;0.000135;0.000000;0.000000;0.000000;0.000000;2.000000;524.722168;92.133453;1340.925049;0.000283;0.000000;0.000000;0.000000;0.000000;2.000000;583.026123;56.784977;1353.136230;0.000283;0.000000;0.000000;0.000000;0.000000;1.000000;640.682861;-24.672119;1474.186279;0.000245;0.000000;0.000000;0.000000;0.000000;1.000000;534.431946;33.384178;1317.394653;0.000311;0.000000;0.000000;0.000000;0.000000;2.000000;498.698364;-119.002090;1359.724487;0.000252;0.000000;0.000000;0.000000;0.000000;2.000000;21991032832.000000
0.000000;-150.000000;2000.000000;0.000000;0.000000;0.000000;0.000000;0.000000;2.000000;144.741180;-203.632767;1850.968018;0.290680;0.000000;0.000000;0.000000;0.000000;2.000000;261.330139;-187.485153;1726.189941;0.581891;0.000000;0.000000;0.000000;0.000000;2.000000;445.707581;-104.256287;1561.103027;0.733383;0.000000;0.000000;0.000000;0.000000;2.000000;440.178558;-110.473358;1619.461426;0.685495;0.000000;0.000000;0.000000;0.000000;2.000000;450.864136;-33.091049;1772.613770;0.645051;0.000000;0.000000;0.000000;0.000000;2.000000;246.912811;219.245743;1700.608398;0.733507;0.000000;0.000000;0.000000;0.000000;2.000000;184.248352;385.278809;1485.399658;0.959386;0.000000;0.000000;0.000000;0.000000;2.000000;198.853424;499.959412;1492.224731;0.845021;0.000000;0.000000;0.000000;0.000000;2.000000;186.265884;628.672852;1479.486938;0.788248;0.000000;0.000000;0.000000;0.000000;2.000000;196.205536;536.818054;1471.771484;0.889614;0.000000;0.000000;0.000000;0.000000;2.000000;391.346710;-127.847778;1557.299561;0.720556;0.000000;0.000000;0.000000;0.000000;2.000000;260.563263;-93.572357;1475.223755;0.787920;0.000000;0.000000;0.000000;0.000000;2.000000;113.358849;211.227142;1465.136475;0.959300;0.000000;0.000000;0.000000;0.000000;2.000000;183.693024;484.801025;1466.346802;1.224400;0.000000;0.000000;0.000000;0.000000;2.000000;205.515335;598.577087;1512.467529;1.227962;0.000000;0.000000;0.000000;0.000000;2.000000;289.652588;675.890137;1569.563477;2.105541;0.000000;0.000000;0.000000;0.000000;2.000000;246.256821;636.035400;1451.689331;1.699191;0.000000;0.000000;0.000000;0.000000;2.000000;79.619095;-144.005493;2075.169434;0.185986;0.000000;0.000000;0.000000;0.000000;2.000000;138.753479;279.981689;1854.827881;0.882657;0.000000;0.000000;0.000000;0.000000;2.000000;-95.932480;651.618958;1990.964355;0.614269;0.000000;0.000000;0.000000;0.000000;2.000000;68.328598;787.689575;1918.396729;0.996661;0.000000;0.000000;0.000000;0.000000;2.000000;-71.796036;-155.405502;1932.216309;0.167713;0.000000;0.000000;0.000000;0.000000;2.000000;87.251602;277.114899;1794.579590;0.952954;0.000000;0.000000;0.000000;0.000000;2.000000;-16.814987;657.276062;2041.259033;0.708398;0.000000;0.000000;0.000000;0.000000;2.000000;40.152756;792.953247;1895.255615;0.924643;0.000000;0.000000;0.000000;0.000000;2.000000;508.002808;-58.467514;1500.487793;0.812984;0.000000;0.000000;0.000000;0.000000;2.000000;522.654236;81.791893;1368.350830;0.843969;0.000000;0.000000;0.000000;0.000000;2.000000;578.842285;47.998230;1383.592407;0.918350;0.000000;0.000000;0.000000;0.000000;1.000000;630.046570;-27.497849;1505.755249;0.960255;0.000000;0.000000;0.000000;0.000000;1.000000;533.173828;24.087433;1347.584961;0.908041;0.000000;0.000000;0.000000;0.000000;2.000000;497.078003;-122.860474;1391.552124;0.922035;0.000000;0.000000;0.000000;0.000000;2.000000;21991067648.000000
0.000000;-150.000000;2000.000000;0.000000;0.000000;0.000000;0.000000;0.000000;2.000000;146.293152;-198.429474;1865.450439;0.472011;0.000000;0.000000;0.000000;0.000000;2.000000;266.573212;-184.821503;1755.472046;0.911463;0.000000;0.000000;0.000000;0.000000;2.000000;453.225800;-100.555862;1613.921753;1.632059;0.000000;0.000000;0.000000;0.000000;2.000000;443.310669;-106.762909;1668.895386;1.515865;0.000000;0.000000;0.000000;0.000000;2.000000;457.058228;-19.897636;1807.226563;1.146128;0.000000;0.000000;0.000000;0.000000;2.000000;255.846664;224.894974;1808.346680;3.303697;0.000000;0.000000;0.000000;0.000000;2.000000;210.264679;378.459106;1596.041016;3.474834;0.000000;0.000000;0.000000;0.000000;2.000000;203.327408;487.697449;1581.521118;2.754068;0.000000;0.000000;0.000000;0.000000;2.000000;198.041382;609.615601;1560.068604;2.552417;0.000000;0.000000;0.000000;0.000000;2.000000;212.829514;521.921021;1557.623169;2.707098;0.000000;0.000000;0.000000;0.000000;2.000000;402.503540;-124.366425;1605.810059;1.522782;0.000000;0.000000;0.000000;0.000000;2.000000;311.449524;-112.749634;1486.164551;1.692799;0.000000;0.000000;0.000000;0.000000;2.000000;91.292664;113.674500;1419.014771;3.361182;0.000000;0.000000;0.000000;0.000000;2.000000;158.424866;365.764191;1485.943604;3.761504;0.000000;0.000000;0.000000;0.000000;2.000000;131.948349;442.638855;1572.683350;5.573514;0.000000;0.000000;0.000000;0.000000;2.000000;233.210175;510.173401;1576.899170;5.347250;0.000000;0.000000;0.000000;0.000000;2.000000;196.499603;510.172821;1546.470459;5.042390;0.000000;0.000000;0.000000;0.000000;2.000000;70.609085;-150.932693;2077.107422;0.351843;0.000000;0.000000;0.000000;0.000000;2.000000;145.131195;290.148071;1974.018066;3.655788;0.000000;0.000000;0.000000;0.000000;2.000000;-73.087799;657.039185;2075.229248;2.669517;0.000000;0.000000;0.000000;0.000000;2.000000;69.542191;799.331848;2000.687988;2.536609;0.000000;0.000000;0.000000;0.000000;2.000000;-63.671326;-149.158951;1930.468994;0.317270;0.000000;0.000000;0.000000;0.000000;2.000000;58.459106;291.751862;1961.479248;5.187876;0.000000;0.000000;0.000000;0.000000;2.000000;21.714081;678.644531;2174.802734;4.291494;0.000000;0.000000;0.000000;0.000000;2.000000;80.900742;794.173218;2025.761719;4.172516;0.000000;0.000000;0.000000;0.000000;2.000000;516.253296;-55.232819;1561.507813;1.881719;0.000000;0.000000;0.000000;0.000000;2.000000;522.805542;83.371437;1440.275024;2.195486;0.000000;0.000000;0.000000;0.000000;2.000000;578.422424;55.229698;1455.577637;2.207909;0.000000;0.000000;0.000000;0.000000;1.000000;629.518738;-16.348656;1571.324341;2.029795;0.000000;0.000000;0.000000;0.000000;1.000000;538.019409;30.073463;1419.120972;2.195721;0.000000;0.000000;0.000000;0.000000;2.000000;514.214355;-113.739273;1455.495361;2.039339;0.000000;0.000000;0.000000;0.000000;2.000000;21991100416.000000
0.000000;-150.000000;2000.000000;0.000000;0.000000;0.000000;0.000000;0.000000;2.000000;138.669342;-202.534851;1862.985840;0.274744;0.000000;0.000000;0.000000;0.000000;2.000000;253.422775;-194.425842;1749.770142;0.526540;0.000000;0.000000;0.000000;0.000000;2.000000;438.531921;-116.688736;1608.152222;0.688824;0.000000;0.000000;0.000000;0.000000;2.000000;428.813019;-121.719574;1662.530640;0.664691;0.000000;0.000000;0.000000;0.000000;2.000000;443.256714;-35.284386;1798.513672;0.684539;0.000000;0.000000;0.000000;0.000000;2.000000;243.957291;205.658493;1803.503906;0.705776;0.000000;0.000000;0.000000;0.000000;2.000000;201.964142;358.740265;1594.468628;0.654674;0.000000;0.000000;0.000000;0.000000;2.000000;190.848999;465.373260;1574.958008;0.805776;0.000000;0.000000;0.000000;0.000000;2.000000;184.969406;584.812561;1549.414307;0.915314;0.000000;0.000000;0.000000;0.000000;2.000000;198.766937;497.101349;1547.923096;0.919518;0.000000;0.000000;0.000000;0.000000;2.000000;388.075195;-139.504364;1600.691406;0.657039;0.000000;0.000000;0.000000;0.000000;2.000000;297.261414;-128.264053;1483.321289;0.647436;0.000000;0.000000;0.000000;0.000000;2.000000;79.750656;93.028786;1410.846191;0.763665;0.000000;0.000000;0.000000;0.000000;2.000000;143.536774;341.453491;1480.595093;0.885153;0.000000;0.000000;0.000000;0.000000;2.000000;121.163406;416.711151;1567.787476;0.869901;0.000000;0.000000;0.000000;0.000000;2.000000;218.045105;487.841187;1566.679932;0.880864;0.000000;0.000000;0.000000;0.000000;2.000000;182.842621;485.451141;1536.012573;0.919102;0.000000;0.000000;0.000000;0.000000;2.000000;72.479218;-150.239319;2073.446533;0.127227;0.000000;0.000000;0.000000;0.000000;2.000000;124.463242;281.108154;1945.040527;1.120698;0.000000;0.000000;0.000000;0.000000;2.000000;-86.952118;639.038269;2066.097412;0.747302;0.000000;0.000000;0.000000;0.000000;2.000000;55.547882;779.241150;1995.504639;0.763759;0.000000;0.000000;0.000000;0.000000;2.000000;-65.357697;-149.784210;1933.769775;0.114715;0.000000;0.000000;0.000000;0.000000;2.000000;58.530090;285.486328;1934.728271;0.838471;0.000000;0.000000;0.000000;0.000000;2.000000;7.930817;659.759827;2155.610840;0.923095;0.000000;0.000000;0.000000;0.000000;2.000000;74.001480;781.011414;2017.844238;0.513856;0.000000;0.000000;0.000000;0.000000;2.000000;501.294403;-73.874176;1555.489258;0.752177;0.000000;0.000000;0.000000;0.000000;2.000000;512.929077;60.848000;1433.904785;0.775309;0.000000;0.000000;0.000000;0.000000;2.000000;567.054810;32.973114;1451.385986;0.773335;0.000000;0.000000;0.000000;0.000000;1.000000;612.938599;-36.074081;1568.471313;0.791184;0.000000;0.000000;0.000000;0.000000;1.000000;528.291870;7.808678;1414.439941;0.755122;0.000000;0.000000;0.000000;0.000000;2.000000;502.543060;-133.343597;1451.825806;0.705223;0.000000;0.000000;0.000000;0.000000;2.000000;21991133184.000000
0.000000;-150.000000;2000.000000;0.000000;0.000000;0.000000;0.000000;0.000000;2.000000;128.784729;-202.797867;1851.226318;0.468881;0.000000;0.000000;0.000000;0.000000;2.000000;237.514954;-193.053940;1730.351685;0.767211;0.000000;0.000000;0.000000;0.000000;2.000000;427.360138;-117.588516;1589.885620;0.654022;0.000000;0.000000;0.000000;0.000000;2.000000;417.003448;-123.133133;1644.611938;0.656337;0.000000;0.000000;0.000000;0.000000;2.000000;435.299652;-37.533432;1782.405640;0.552563;0.000000;0.000000;0.000000;0.000000;2.000000;233.846497;204.132355;1806.894287;0.328758;0.000000;0.000000;0.000000;0.000000;2.000000;203.674881;351.237732;1588.716553;0.293193;0.000000;0.000000;0.000000;0.000000;2.000000;186.584167;458.028381;1568.831177;0.319597;0.000000;0.000000;0.000000;0.000000;2.000000;179.713196;579.139221;1546.226807;0.255282;0.000000;0.000000;0.000000;0.000000;2.000000;193.092499;488.022217;1539.346558;0.418644;0.000000;0.000000;0.000000;0.000000;2.000000;375.927795;-139.185928;1581.675415;0.688690;0.000000;0.000000;0.000000;0.000000;2.000000;293.414001;-129.389725;1456.577881;0.825262;0.000000;0.000000;0.000000;0.000000;2.000000;66.694427;88.065216;1388.015869;0.816781;0.000000;0.000000;0.000000;0.000000;2.000000;135.839233;333.944397;1469.879028;0.463297;0.000000;0.000000;0.000000;0.000000;2.000000;120.812996;408.071533;1560.970703;0.336018;0.000000;0.000000;0.000000;0.000000;2.000000;212.136581;487.326050;1570.428223;0.214114;0.000000;0.000000;0.000000;0.000000;2.000000;175.860123;477.663025;1528.783081;0.388036;0.000000;0.000000;0.000000;0.000000;2.000000;77.525650;-156.032364;2069.250488;0.267151;0.000000;0.000000;0.000000;0.000000;2.000000;117.783997;278.323914;1932.448242;0.443220;0.000000;0.000000;0.000000;0.000000;2.000000;-92.647720;639.453247;2059.705078;0.261588;0.000000;0.000000;0.000000;0.000000;2.000000;45.964890;785.321533;1987.064697;0.431624;0.000000;0.000000;0.000000;0.000000;2.000000;-69.908310;-144.560364;1937.553955;0.240909;0.000000;0.000000;0.000000;0.000000;2.000000;56.900635;293.232208;1909.118652;0.818023;0.000000;0.000000;0.000000;0.000000;2.000000;6.224899;661.327271;2147.583740;0.254966;0.000000;0.000000;0.000000;0.000000;2.000000;61.832321;795.416931;2014.655762;0.583655;0.000000;0.000000;0.000000;0.000000;2.000000;492.192322;-75.339676;1537.793701;0.608922;0.000000;0.000000;0.000000;0.000000;2.000000;517.163635;68.731430;1426.922974;0.346379;0.000000;0.000000;0.000000;0.000000;2.000000;568.835876;34.258247;1441.992310;0.294404;0.000000;0.000000;0.000000;0.000000;1.000000;607.842773;-49.088608;1553.749390;0.619500;0.000000;0.000000;0.000000;0.000000;1.000000;527.720642;15.835148;1402.814209;0.431485;0.000000;0.000000;0.000000;0.000000;2.000000;488.403992;-126.221313;1428.514282;0.859961;0.000000;0.000000;0.000000;0.000000;2.000000;21991165952.000000
0.000000;-150.000000;2000.000000;0.000000;0.000000;0.000000;0.000000;0.000000;2.000000;130.304733;-204.195557;1856.084717;0.151626;0.000000;0.000000;0.000000;0.000000;2.000000;239.668457;-198.117920;1737.894287;0.268170;0.000000;0.000000;0.000000;0.000000;2.000000;427.755615;-128.483078;1596.685059;0.369036;0.000000;0.000000;0.000000;0.000000;2.000000;417.627686;-132.618408;1650.971313;0.328494;0.000000;0.000000;0.000000;0.000000;2.000000;432.834351;-46.712524;1786.890381;0.301854;0.000000;0.000000;0.000000;0.000000;2.000000;230.602173;189.026093;1818.621338;0.557133;0.000000;0.000000;0.000000;0.000000;2.000000;204.176636;333.495422;1601.602295;0.629987;0.000000;0.000000;0.000000;0.000000;2.000000;179.828918;436.006714;1574.501831;0.681360;0.000000;0.000000;0.000000;0.000000;2.000000;178.689606;555.867920;1551.356934;0.685088;0.000000;0.000000;0.000000;0.000000;2.000000;190.896347;469.488434;1548.367432;0.595393;0.000000;0.000000;0.000000;0.000000;2.000000;376.644958;-149.545609;1589.207275;0.368461;0.000000;0.000000;0.000000;0.000000;2.000000;292.789307;-138.533386;1467.045776;0.399617;0.000000;0.000000;0.000000;0.000000;2.000000;59.331299;64.863495;1394.054688;0.720356;0.000000;0.000000;0.000000;0.000000;2.000000;135.109375;307.163086;1471.287964;0.770573;0.000000;0.000000;0.000000;0.000000;2.000000;118.180824;378.585846;1562.577393;0.851520;0.000000;0.000000;0.000000;0.000000;2.000000;209.693161;455.322510;1550.902588;1.079080;0.000000;0.000000;0.000000;0.000000;2.000000;168.294022;444.303558;1537.169678;1.011598;0.000000;0.000000;0.000000;0.000000;2.000000;75.659500;-153.516296;2069.828369;0.091494;0.000000;0.000000;0.000000;0.000000;2.000000;111.944466;277.738098;1938.375244;0.239574;0.000000;0.000000;0.000000;0.000000;2.000000;-93.569168;633.894897;2071.664307;0.379709;0.000000;0.000000;0.000000;0.000000;2.000000;41.481949;777.164673;1993.986572;0.333160;0.000000;0.000000;0.000000;0.000000;2.000000;-68.225510;-146.829193;1937.032715;0.082504;0.000000;0.000000;0.000000;0.000000;2.000000;52.815582;288.404388;1944.617676;1.035672;0.000000;0.000000;0.000000;0.000000;2.000000;24.557755;672.288940;2151.101074;0.621775;0.000000;0.000000;0.000000;0.000000;2.000000;83.971634;787.591919;2005.852295;0.720287;0.000000;0.000000;0.000000;0.000000;2.000000;492.129150;-88.500015;1544.007202;0.418014;0.000000;0.000000;0.000000;0.000000;2.000000;509.887085;61.755287;1443.669922;0.561430;0.000000;0.000000;0.000000;0.000000;2.000000;562.189026;27.832508;1454.289307;0.441884;0.000000;0.000000;0.000000;0.000000;1.000000;606.542969;-61.174614;1557.365356;0.364261;0.000000;0.000000;0.000000;0.000000;1.000000;520.427246;11.428699;1415.868042;0.447750;0.000000;0.000000;0.000000;0.000000;2.000000;485.247803;-131.351395;1432.859741;0.213325;0.000000;0.000000;0.000000;0.000000;2.000000;21991200768.000000
0.000000;-150.000000;2000.000000;0.000000;0.000000;0.000000;0.000000;0.000000;2.000000;130.303040;-204.196884;1856.084473;0.000066;0.000000;0.000000;0.000000;0.000000;2.000000;239.665497;-198.121506;1737.893555;0.000144;0.000000;0.000000;0.000000;0.000000;2.000000;427.746704;-128.491180;1596.675903;0.000462;0.000000;0.000000;0.000000;0.000000;2.000000;417.620972;-132.625198;1650.962280;0.000401;0.000000;0.000000;0.000000;0.000000;2.000000;432.838257;-46.714417;1786.876343;0.000448;0.000000;0.000000;0.000000;0.000000;2.000000;230.610168;189.025146;1818.614502;0.000322;0.000000;0.000000;0.000000;0.000000;2.000000;204.167267;333.484467;1601.592285;0.000536;0.000000;0.000000;0.000000;0.000000;2.000000;179.815552;435.993500;1574.488770;0.000699;0.000000;0.000000;0.000000;0.000000;2.000000;178.668030;555.852539;1551.335449;0.001041;0.000000;0.000000;0.000000;0.000000;2.000000;190.878830;469.465607;1548.341797;0.001176;0.000000;0.000000;0.000000;0.000000;2.000000;376.635864;-149.553497;1589.200562;0.000421;0.000000;0.000000;0.000000;0.000000;2.000000;292.771118;-138.548508;1467.045288;0.000722;0.000000;0.000000;0.000000;0.000000;2.000000;59.299026;64.834511;1394.066284;0.001370;0.000000;0.000000;0.000000;0.000000;2.000000;135.075409;307.140228;1471.278564;0.001282;0.000000;0.000000;0.000000;0.000000;2.000000;118.156288;378.562164;1562.569946;0.001065;0.000000;0.000000;0.000000;0.000000;2.000000;209.665680;455.297089;1550.865234;0.001614;0.000000;0.000000;0.000000;0.000000;2.000000;168.258926;444.270782;1537.168213;0.001466;0.000000;0.000000;0.000000;0.000000;2.000000;75.659714;-153.515945;2069.827393;0.000032;0.000000;0.000000;0.000000;0.000000;2.000000;111.945168;277.736145;1938.373047;0.000092;0.000000;0.000000;0.000000;0.000000;2.000000;-93.564484;633.892334;2071.664551;0.000163;0.000000;0.000000;0.000000;0.000000;2.000000;41.485657;777.164063;1993.990967;0.000176;0.000000;0.000000;0.000000;0.000000;2.000000;-68.225708;-146.829529;1937.033203;0.000019;0.000000;0.000000;0.000000;0.000000;2.000000;52.817963;288.402039;1944.597412;0.000627;0.000000;0.000000;0.000000;0.000000;2.000000;24.572693;672.307373;2151.040771;0.001978;0.000000;0.000000;0.000000;0.000000;2.000000;83.993134;787.573364;2005.766357;0.002762;0.000000;0.000000;0.000000;0.000000;2.000000;492.118134;-88.509842;1543.994751;0.000589;0.000000;0.000000;0.000000;0.000000;2.000000;509.871857;61.734100;1443.640869;0.001192;0.000000;0.000000;0.000000;0.000000;2.000000;562.174072;27.812660;1454.261841;0.001130;0.000000;0.000000;0.000000;0.000000;1.000000;606.532043;-61.182968;1557.345215;0.000744;0.000000;0.000000;0.000000;0.000000;1.000000;520.410889;11.404732;1415.843994;0.001150;0.000000;0.000000;0.000000;0.000000;2.000000;485.232483;-131.373001;1432.852417;0.000839;0.000000;0.000000;0.000000;0.000000;2.000000;21991233536.000000
