posX0;posY0;posZ0;posVel0;rotX0;rotY0;rotZ0;rotVel0;confidence0;posX1;posY1;posZ1;posVel1;rotX1;rotY1;rotZ1;rotVel1;confidence1;posX2;posY2;posZ2;posVel2;rotX2;rotY2;rotZ2;rotVel2;confidence2;posX3;posY3;posZ3;posVel3;rotX3;rotY3;rotZ3;rotVel3;confidence3;posX4;posY4;posZ4;posVel4;rotX4;rotY4;rotZ4;rotVel4;confidence4;posX5;posY5;posZ5;posVel5;rotX5;rotY5;rotZ5;rotVel5;confidence5;posX6;posY6;posZ6;posVel6;rotX6;rotY6;rotZ6;rotVel6;confidence6;posX7;posY7;posZ7;posVel7;rotX7;rotY7;rotZ7;rotVel7;confidence7;posX8;posY8;posZ8;posVel8;rotX8;rotY8;rotZ8;rotVel8;confidence8;posX9;posY9;posZ9;posVel9;rotX9;rotY9;rotZ9;rotVel9;confidence9;posX10;posY10;posZ10;posVel10;rotX10;rotY10;rotZ10;rotVel10;confidence10;posX11;posY11;posZ11;posVel11;rotX11;rotY11;rotZ11;rotVel11;confidence11;posX12;posY12;posZ12;posVel12;rotX12;rotY12;rotZ12;rotVel12;confidence12;posX13;posY13;posZ13;posVel13;rotX13;rotY13;rotZ13;rotVel13;confidence13;posX14;posY14;posZ14;posVel14;rotX14;rotY14;rotZ14;rotVel14;confidence14;posX15;posY15;posZ15;posVel15;rotX15;rotY15;rotZ15;rotVel15;confidence15;posX16;posY16;posZ16;posVel16;rotX16;rotY16;rotZ16;rotVel16;confidence16;posX17;posY17;posZ17;posVel17;rotX17;rotY17;rotZ17;rotVel17;confidence17;posX18;posY18;posZ18;posVel18;rotX18;rotY18;rotZ18;rotVel18;confidence18;posX19;posY19;posZ19;posVel19;rotX19;rotY19;rotZ19;rotVel19;confidence19;posX20;posY20;posZ20;posVel20;rotX20;rotY20;rotZ20;rotVel20;confidence20;posX21;posY21;posZ21;posVel21;rotX21;rotY21;rotZ21;rotVel21;confidence21;posX22;posY22;posZ22;posVel22;rotX22;rotY22;rotZ22;rotVel22;confidence22;posX23;posY23;posZ23;posVel23;rotX23;rotY23;rotZ23;rotVel23;confidence23;posX24;posY24;posZ24;posVel24;rotX24;rotY24;rotZ24;rotVel24;confidence24;posX25;posY25;posZ25;posVel25;rotX25;rotY25;rotZ25;rotVel25;confidence25;posX26;posY26;posZ26;posVel26;rotX26;rotY26;rotZ26;rotVel26;confidence26;posX27;posY27;posZ27;posVel27;rotX27;rotY27;rotZ27;rotVel27;confidence27;posX28;posY28;posZ28;posVel28;rotX28;rotY28;rotZ28;rotVel28;confidence28;posX29;posY29;posZ29;posVel29;rotX29;rotY29;rotZ29;rotVel29;confidence29;posX30;posY30;posZ30;posVel30;rotX30;rotY30;rotZ30;rotVel30;confidence30;posX31;posY31;posZ31;posVel31;rotX31;rotY31;rotZ31;rotVel31;confidence31;TimeStamp
0.000000;-150.000000;2000.000000;0.000000;0.000000;0.000000;0.000000;0.000000;2.000000;7.214025;-296.244385;2102.536621;0.000000;0.000000;0.000000;0.000000;0.000000;2.000000;12.886299;-424.451324;2165.407959;0.000000;0.000000;0.000000;0.000000;0.000000;2.000000;17.436829;-639.503784;2197.826660;0.000000;0.000000;0.000000;0.000000;0.000000;2.000000;50.439026;-603.358276;2193.798340;0.000000;0.000000;0.000000;0.000000;0.000000;2.000000;189.290283;-571.363220;2179.236572;0.000000;0.000000;0.000000;0.000000;0.000000;2.000000;251.464111;-312.283234;2103.896973;0.000000;0.000000;0.000000;0.000000;0.000000;2.000000;136.554871;-220.977005;1923.718750;0.000000;0.000000;0.000000;0.000000;0.000000;2.000000;77.077942;-161.110077;1970.484985;0.000000;0.000000;0.000000;0.000000;0.000000;2.000000;59.990845;-143.937042;1864.964478;0.000000;0.000000;0.000000;0.000000;0.000000;2.000000;46.296322;-165.374527;1852.530884;0.000000;0.000000;0.000000;0.000000;0.000000;2.000000;-16.980631;-604.266724;2193.222656;0.000000;0.000000;0.000000;0.000000;0.000000;2.000000;-143.333481;-569.050415;2180.673340;0.000000;0.000000;0.000000;0.000000;0.000000;2.000000;-216.255325;-302.407898;2124.313477;0.000000;0.000000;0.000000;0.000000;0.000000;2.000000;-92.679581;-234.500031;1935.902588;0.000000;0.000000;0.000000;0.000000;0.000000;2.000000;-41.470772;-153.433655;1895.932129;0.000000;0.000000;0.000000;0.000000;0.000000;2.000000;56.218773;-161.243668;1854.452759;0.000000;0.000000;0.000000;0.000000;0.000000;2.000000;9.417476;-193.066559;1850.719849;0.000000;0.000000;0.000000;0.000000;0.000000;2.000000;91.285721;-147.041489;1997.797119;0.000000;0.000000;0.000000;0.000000;0.000000;2.000000;258.592773;-65.878448;1642.386719;0.000000;0.000000;0.000000;0.000000;0.000000;2.000000;203.575974;311.588959;1604.374756;0.000000;0.000000;0.000000;0.000000;0.000000;2.000000;238.648834;414.912445;1451.641357;0.000000;0.000000;0.000000;0.000000;0.000000;2.000000;-82.316345;-152.667816;2001.986328;0.000000;0.000000;0.000000;0.000000;0.000000;2.000000;-265.672546;-50.066406;1660.807617;0.000000;0.000000;0.000000;0.000000;0.000000;2.000000;-273.756195;333.089020;1604.344849;0.000000;0.000000;0.000000;0.000000;0.000000;2.000000;-321.457916;406.857697;1455.658447;0.000000;0.000000;0.000000;0.000000;0.000000;2.000000;19.266468;-721.320435;2196.574707;0.000000;0.000000;0.000000;0.000000;0.000000;2.000000;134.966354;-743.911560;2086.915039;0.000000;0.000000;0.000000;0.000000;0.000000;2.000000;136.628494;-776.069580;2132.830566;0.000000;0.000000;0.000000;0.000000;0.000000;2.000000;96.891502;-764.069458;2252.876465;0.000000;0.000000;0.000000;0.000000;0.000000;2.000000;102.543770;-783.768799;2093.801758;0.000000;0.000000;0.000000;0.000000;0.000000;2.000000;-18.996832;-802.083679;2139.912109;0.000000;0.000000;0.000000;0.000000;0.000000;2.000000;16771099648.000000
0.000000;-150.000000;2000.000000;0.000000;0.000000;0.000000;0.000000;0.000000;2.000000;7.214025;-296.244385;2102.536621;0.000000;0.000000;0.000000;0.000000;0.000000;2.000000;12.886299;-424.451324;2165.407959;0.000000;0.000000;0.000000;0.000000;0.000000;2.000000;17.436829;-639.503784;2197.826660;0.000000;0.000000;0.000000;0.000000;0.000000;2.000000;50.439026;-603.358276;2193.798340;0.000000;0.000000;0.000000;0.000000;0.000000;2.000000;189.290283;-571.363220;2179.236572;0.000000;0.000000;0.000000;0.000000;0.000000;2.000000;251.464111;-312.283234;2103.896973;0.000000;0.000000;0.000000;0.000000;0.000000;2.000000;136.554871;-220.977005;1923.718750;0.000000;0.000000;0.000000;0.000000;0.000000;2.000000;77.077942;-161.110077;1970.484985;0.000000;0.000000;0.000000;0.000000;0.000000;2.000000;59.990845;-143.937042;1864.964478;0.000000;0.000000;0.000000;0.000000;0.000000;2.000000;46.296322;-165.374527;1852.530884;0.000000;0.000000;0.000000;0.000000;0.000000;2.000000;-16.980631;-604.266724;2193.222656;0.000000;0.000000;0.000000;0.000000;0.000000;2.000000;-143.333481;-569.050415;2180.673340;0.000000;0.000000;0.000000;0.000000;0.000000;2.000000;-216.255325;-302.407898;2124.313477;0.000000;0.000000;0.000000;0.000000;0.000000;2.000000;-92.679581;-234.500031;1935.902588;0.000000;0.000000;0.000000;0.000000;0.000000;2.000000;-41.470772;-153.433655;1895.932129;0.000000;0.000000;0.000000;0.000000;0.000000;2.000000;56.218773;-161.243668;1854.452759;0.000000;0.000000;0.000000;0.000000;0.000000;2.000000;9.417476;-193.066559;1850.719849;0.000000;0.000000;0.000000;0.000000;0.000000;2.000000;91.285721;-147.041489;1997.797119;0.000000;0.000000;0.000000;0.000000;0.000000;2.000000;258.592773;-65.878448;1642.386719;0.000000;0.000000;0.000000;0.000000;0.000000;2.000000;203.575974;311.588959;1604.374756;0.000000;0.000000;0.000000;0.000000;0.000000;2.000000;238.648834;414.912445;1451.641357;0.000000;0.000000;0.000000;0.000000;0.000000;2.000000;-82.316345;-152.667816;2001.986328;0.000000;0.000000;0.000000;0.000000;0.000000;2.000000;-265.672546;-50.066406;1660.807617;0.000000;0.000000;0.000000;0.000000;0.000000;2.000000;-273.756195;333.089020;1604.344849;0.000000;0.000000;0.000000;0.000000;0.000000;2.000000;-321.457916;406.857697;1455.658447;0.000000;0.000000;0.000000;0.000000;0.000000;2.000000;19.266468;-721.320435;2196.574707;0.000000;0.000000;0.000000;0.000000;0.000000;2.000000;134.966354;-743.911560;2086.915039;0.000000;0.000000;0.000000;0.000000;0.000000;2.000000;136.628494;-776.069580;2132.830566;0.000000;0.000000;0.000000;0.000000;0.000000;2.000000;96.891502;-764.069458;2252.876465;0.000000;0.000000;0.000000;0.000000;0.000000;2.000000;102.543770;-783.768799;2093.801758;0.000000;0.000000;0.000000;0.000000;0.000000;2.000000;-18.996832;-802.083679;2139.912109;0.000000;0.000000;0.000000;0.000000;0.000000;2.000000;16771133440.000000
0.000000;-150.000000;2000.000000;0.000000;0.000000;0.000000;0.000000;0.000000;2.000000;7.214045;-296.244476;2102.536621;0.000003;0.000000;0.000000;0.000000;0.000000;2.000000;12.886333;-424.451599;2165.407715;0.000011;0.000000;0.000000;0.000000;0.000000;2.000000;17.436956;-639.504150;2197.825439;0.000039;0.000000;0.000000;0.000000;0.000000;2.000000;50.439140;-603.358643;2193.797119;0.000039;0.000000;0.000000;0.000000;0.000000;2.000000;189.290237;-571.363281;2179.234375;0.000067;0.000000;0.000000;0.000000;0.000000;2.000000;251.462341;-312.282898;2103.895020;0.000081;0.000000;0.000000;0.000000;0.000000;2.000000;136.551758;-220.977234;1923.717407;0.000104;0.000000;0.000000;0.000000;0.000000;2.000000;77.074577;-161.110687;1970.483765;0.000111;0.000000;0.000000;0.000000;0.000000;2.000000;59.987366;-143.938202;1864.963135;0.000119;0.000000;0.000000;0.000000;0.000000;2.000000;46.292725;-165.375610;1852.529297;0.000124;0.000000;0.000000;0.000000;0.000000;2.000000;-16.980509;-604.267151;2193.221436;0.000040;0.000000;0.000000;0.000000;0.000000;2.000000;-143.333313;-569.050598;2180.672363;0.000031;0.000000;0.000000;0.000000;0.000000;2.000000;-216.254044;-302.407440;2124.313965;0.000044;0.000000;0.000000;0.000000;0.000000;2.000000;-92.678848;-234.499207;1935.902832;0.000034;0.000000;0.000000;0.000000;0.000000;2.000000;-41.470169;-153.432816;1895.932373;0.000032;0.000000;0.000000;0.000000;0.000000;2.000000;56.219078;-161.240570;1854.451782;0.000100;0.000000;0.000000;0.000000;0.000000;2.000000;9.417587;-193.064728;1850.720337;0.000058;0.000000;0.000000;0.000000;0.000000;2.000000;91.285721;-147.041473;1997.797119;0.000000;0.000000;0.000000;0.000000;0.000000;2.000000;258.592499;-65.878174;1642.386475;0.000014;0.000000;0.000000;0.000000;0.000000;2.000000;203.575684;311.589355;1604.374756;0.000015;0.000000;0.000000;0.000000;0.000000;2.000000;238.648209;414.911987;1451.640625;0.000033;0.000000;0.000000;0.000000;0.000000;2.000000;-82.316345;-152.667831;2001.986328;0.000000;0.000000;0.000000;0.000000;0.000000;2.000000;-265.672668;-50.066254;1660.807617;0.000006;0.000000;0.000000;0.000000;0.000000;2.000000;-273.756470;333.089172;1604.344727;0.000010;0.000000;0.000000;0.000000;0.000000;2.000000;-321.457947;406.857788;1455.658203;0.000008;0.000000;0.000000;0.000000;0.000000;2.000000;19.266602;-721.320801;2196.572754;0.000061;0.000000;0.000000;0.000000;0.000000;2.000000;134.966171;-743.911499;2086.912842;0.000067;0.000000;0.000000;0.000000;0.000000;2.000000;136.627945;-776.070374;2132.828125;0.000080;0.000000;0.000000;0.000000;0.000000;2.000000;96.891136;-764.071777;2252.874023;0.000103;0.000000;0.000000;0.000000;0.000000;2.000000;102.543091;-783.768433;2093.799072;0.000085;0.000000;0.000000;0.000000;0.000000;2.000000;-18.997702;-802.082642;2139.909180;0.000098;0.000000;0.000000;0.000000;0.000000;2.000000;16771166208.000000
0.000000;-149.999985;2000.000000;0.000000;0.000000;0.000000;0.000000;0.000000;2.000000;7.213966;-296.244629;2102.536377;0.000009;0.000000;0.000000;0.000000;0.000000;2.000000;12.886164;-424.452332;2165.406250;0.000049;0.000000;0.000000;0.000000;0.000000;2.000000;17.435213;-639.505371;2197.821777;0.000125;0.000000;0.000000;0.000000;0.000000;2.000000;50.437698;-603.360107;2193.793457;0.000124;0.000000;0.000000;0.000000;0.000000;2.000000;189.288879;-571.365723;2179.229004;0.000179;0.000000;0.000000;0.000000;0.000000;2.000000;251.461990;-312.285583;2103.889160;0.000191;0.000000;0.000000;0.000000;0.000000;2.000000;136.548569;-220.978500;1923.714111;0.000141;0.000000;0.000000;0.000000;0.000000;2.000000;77.072830;-161.111176;1970.481323;0.000090;0.000000;0.000000;0.000000;0.000000;2.000000;59.985092;-143.939774;1864.960571;0.000112;0.000000;0.000000;0.000000;0.000000;2.000000;46.289284;-165.376297;1852.527100;0.000123;0.000000;0.000000;0.000000;0.000000;2.000000;-16.982008;-604.267944;2193.218750;0.000094;0.000000;0.000000;0.000000;0.000000;2.000000;-143.334656;-569.049927;2180.671387;0.000053;0.000000;0.000000;0.000000;0.000000;2.000000;-216.252045;-302.404816;2124.317383;0.000141;0.000000;0.000000;0.000000;0.000000;2.000000;-92.678947;-234.495850;1935.905273;0.000123;0.000000;0.000000;0.000000;0.000000;2.000000;-41.471390;-153.429459;1895.933105;0.000108;0.000000;0.000000;0.000000;0.000000;2.000000;56.216606;-161.232925;1854.448608;0.000256;0.000000;0.000000;0.000000;0.000000;2.000000;9.414861;-193.061081;1850.719849;0.000136;0.000000;0.000000;0.000000;0.000000;2.000000;91.285759;-147.041534;1997.797119;0.000002;0.000000;0.000000;0.000000;0.000000;2.000000;258.592072;-65.878754;1642.386108;0.000024;0.000000;0.000000;0.000000;0.000000;2.000000;203.575775;311.588867;1604.374268;0.000021;0.000000;0.000000;0.000000;0.000000;2.000000;238.647781;414.909302;1451.638428;0.000103;0.000000;0.000000;0.000000;0.000000;2.000000;-82.316383;-152.667740;2001.986450;0.000005;0.000000;0.000000;0.000000;0.000000;2.000000;-265.672791;-50.065979;1660.807617;0.000009;0.000000;0.000000;0.000000;0.000000;2.000000;-273.757050;333.089417;1604.343750;0.000034;0.000000;0.000000;0.000000;0.000000;2.000000;-321.456390;406.854553;1455.654785;0.000147;0.000000;0.000000;0.000000;0.000000;2.000000;19.264111;-721.322021;2196.568359;0.000154;0.000000;0.000000;0.000000;0.000000;2.000000;134.954498;-743.917297;2086.899414;0.000554;0.000000;0.000000;0.000000;0.000000;2.000000;136.615555;-776.079712;2132.812012;0.000662;0.000000;0.000000;0.000000;0.000000;2.000000;96.887459;-764.085754;2252.861572;0.000565;0.000000;0.000000;0.000000;0.000000;2.000000;102.527451;-783.771179;2093.784668;0.000634;0.000000;0.000000;0.000000;0.000000;2.000000;-19.012579;-802.075500;2139.901367;0.000540;0.000000;0.000000;0.000000;0.000000;2.000000;16771200000.000000
0.000000;-150.000000;2000.000000;0.000000;0.000000;0.000000;0.000000;0.000000;2.000000;6.903597;-296.662903;2102.194092;0.018444;0.000000;0.000000;0.000000;0.000000;2.000000;12.296144;-425.335419;2164.379639;0.043712;0.000000;0.000000;0.000000;0.000000;2.000000;17.060287;-640.458374;2197.392578;0.032860;0.000000;0.000000;0.000000;0.000000;2.000000;50.058189;-604.288086;2193.109131;0.035922;0.000000;0.000000;0.000000;0.000000;2.000000;188.515869;-571.264771;2176.221191;0.091951;0.000000;0.000000;0.000000;0.000000;2.000000;251.331589;-311.535065;2102.913086;0.036640;0.000000;0.000000;0.000000;0.000000;2.000000;134.660568;-219.812836;1923.856201;0.065797;0.000000;0.000000;0.000000;0.000000;2.000000;80.472771;-154.932343;1970.512817;0.208705;0.000000;0.000000;0.000000;0.000000;2.000000;60.179832;-143.659485;1864.681641;0.013044;0.000000;0.000000;0.000000;0.000000;2.000000;45.366455;-165.801376;1851.677368;0.039196;0.000000;0.000000;0.000000;0.000000;2.000000;-17.413857;-605.216858;2192.847168;0.032753;0.000000;0.000000;0.000000;0.000000;2.000000;-143.718521;-569.550049;2180.046387;0.026271;0.000000;0.000000;0.000000;0.000000;2.000000;-216.048767;-302.320465;2124.650391;0.011812;0.000000;0.000000;0.000000;0.000000;2.000000;-92.660690;-234.313477;1935.931519;0.005479;0.000000;0.000000;0.000000;0.000000;2.000000;-41.579460;-153.764297;1894.573242;0.041567;0.000000;0.000000;0.000000;0.000000;2.000000;56.523930;-160.409348;1853.666016;0.034829;0.000000;0.000000;0.000000;0.000000;2.000000;9.845753;-192.813766;1851.896606;0.037800;0.000000;0.000000;0.000000;0.000000;2.000000;91.360519;-147.238693;1997.791138;0.006242;0.000000;0.000000;0.000000;0.000000;2.000000;258.775970;-65.328278;1642.262695;0.017559;0.000000;0.000000;0.000000;0.000000;2.000000;203.157410;312.333527;1604.149292;0.026138;0.000000;0.000000;0.000000;0.000000;2.000000;238.987793;414.124725;1450.392578;0.044717;0.000000;0.000000;0.000000;0.000000;2.000000;-82.383789;-152.490005;2001.991699;0.005627;0.000000;0.000000;0.000000;0.000000;2.000000;-265.806885;-50.395477;1660.343140;0.017313;0.000000;0.000000;0.000000;0.000000;2.000000;-273.911530;333.132050;1604.412964;0.005166;0.000000;0.000000;0.000000;0.000000;2.000000;-321.329926;406.673126;1455.372803;0.010605;0.000000;0.000000;0.000000;0.000000;2.000000;18.908430;-722.339233;2196.355957;0.032503;0.000000;0.000000;0.000000;0.000000;2.000000;134.363129;-743.964050;2086.066895;0.030251;0.000000;0.000000;0.000000;0.000000;2.000000;135.098633;-777.787354;2130.847900;0.089147;0.000000;0.000000;0.000000;0.000000;2.000000;95.346008;-769.043701;2251.270508;0.160700;0.000000;0.000000;0.000000;0.000000;2.000000;100.902863;-783.236694;2091.485840;0.084790;0.000000;0.000000;0.000000;0.000000;2.000000;-21.268326;-800.106567;2136.754395;0.128545;0.000000;0.000000;0.000000;0.000000;2.000000;16771233792.000000
0.000000;-149.999985;2000.000000;0.000000;0.000000;0.000000;0.000000;0.000000;2.000000;6.907330;-296.662567;2102.186035;0.000271;0.000000;0.000000;0.000000;0.000000;2.000000;12.301664;-425.355835;2164.319824;0.001936;0.000000;0.000000;0.000000;0.000000;2.000000;17.094814;-640.490967;2197.210938;0.005729;0.000000;0.000000;0.000000;0.000000;2.000000;50.087227;-604.315918;2192.940918;0.005278;0.000000;0.000000;0.000000;0.000000;2.000000;188.537155;-571.279419;2176.046875;0.005378;0.000000;0.000000;0.000000;0.000000;2.000000;251.273392;-311.518738;2102.808105;0.003697;0.000000;0.000000;0.000000;0.000000;2.000000;134.554443;-219.829178;1923.773682;0.004133;0.000000;0.000000;0.000000;0.000000;2.000000;80.192719;-155.099960;1970.432983;0.010254;0.000000;0.000000;0.000000;0.000000;2.000000;60.187569;-143.994400;1864.532349;0.011193;0.000000;0.000000;0.000000;0.000000;2.000000;45.275269;-165.851563;1851.511841;0.005967;0.000000;0.000000;0.000000;0.000000;2.000000;-17.383017;-605.251465;2192.693115;0.004910;0.000000;0.000000;0.000000;0.000000;2.000000;-143.689682;-569.588013;2179.938477;0.003600;0.000000;0.000000;0.000000;0.000000;2.000000;-216.079163;-302.370941;2124.597168;0.002423;0.000000;0.000000;0.000000;0.000000;2.000000;-92.736092;-234.257370;1935.894897;0.003078;0.000000;0.000000;0.000000;0.000000;2.000000;-41.653496;-153.716675;1894.528564;0.003013;0.000000;0.000000;0.000000;0.000000;2.000000;56.417709;-160.438126;1853.563965;0.004580;0.000000;0.000000;0.000000;0.000000;2.000000;9.549580;-193.049744;1851.116943;0.026452;0.000000;0.000000;0.000000;0.000000;2.000000;91.358032;-147.238693;1997.787598;0.000132;0.000000;0.000000;0.000000;0.000000;2.000000;258.763550;-65.431305;1642.242554;0.003226;0.000000;0.000000;0.000000;0.000000;2.000000;203.257492;312.219360;1603.956299;0.007494;0.000000;0.000000;0.000000;0.000000;2.000000;238.993530;413.870239;1450.090820;0.012048;0.000000;0.000000;0.000000;0.000000;2.000000;-82.381561;-152.489975;2001.994751;0.000115;0.000000;0.000000;0.000000;0.000000;2.000000;-265.904327;-50.312775;1660.436768;0.004835;0.000000;0.000000;0.000000;0.000000;2.000000;-273.954681;333.212341;1604.553101;0.005102;0.000000;0.000000;0.000000;0.000000;2.000000;-321.305908;406.686584;1455.463867;0.002903;0.000000;0.000000;0.000000;0.000000;2.000000;18.951088;-722.368896;2196.128418;0.007123;0.000000;0.000000;0.000000;0.000000;2.000000;133.912018;-743.447388;2085.225586;0.033126;0.000000;0.000000;0.000000;0.000000;2.000000;134.897644;-777.432739;2129.876953;0.032136;0.000000;0.000000;0.000000;0.000000;2.000000;95.698853;-769.179565;2250.512207;0.025859;0.000000;0.000000;0.000000;0.000000;2.000000;100.525757;-782.779541;2090.656494;0.031107;0.000000;0.000000;0.000000;0.000000;2.000000;-21.408834;-799.964417;2136.431885;0.011579;0.000000;0.000000;0.000000;0.000000;2.000000;16771266560.000000
0.000000;-150.000000;2000.000000;0.000000;0.000000;0.000000;0.000000;0.000000;2.000000;6.866486;-296.555054;2102.164551;0.003462;0.000000;0.000000;0.000000;0.000000;2.000000;12.222436;-425.147552;2164.323242;0.006595;0.000000;0.000000;0.000000;0.000000;2.000000;16.779835;-640.139648;2197.362305;0.014664;0.000000;0.000000;0.000000;0.000000;2.000000;49.793686;-604.028748;2193.037354;0.012483;0.000000;0.000000;0.000000;0.000000;2.000000;188.186081;-571.162903;2176.032227;0.010955;0.000000;0.000000;0.000000;0.000000;2.000000;251.198441;-311.822845;2102.139404;0.021852;0.000000;0.000000;0.000000;0.000000;2.000000;134.283005;-220.534821;1923.200195;0.028082;0.000000;0.000000;0.000000;0.000000;2.000000;80.176239;-155.639114;1969.810669;0.024371;0.000000;0.000000;0.000000;0.000000;2.000000;60.106445;-144.413193;1863.998169;0.020230;0.000000;0.000000;0.000000;0.000000;2.000000;45.052010;-165.654434;1851.284546;0.011087;0.000000;0.000000;0.000000;0.000000;2.000000;-17.639395;-604.881897;2192.848633;0.014084;0.000000;0.000000;0.000000;0.000000;2.000000;-143.839066;-569.109741;2180.115723;0.015728;0.000000;0.000000;0.000000;0.000000;2.000000;-216.053452;-302.113220;2124.303223;0.011594;0.000000;0.000000;0.000000;0.000000;2.000000;-92.701675;-234.319427;1935.659058;0.007288;0.000000;0.000000;0.000000;0.000000;2.000000;-41.660889;-153.981903;1893.995850;0.017612;0.000000;0.000000;0.000000;0.000000;2.000000;56.281204;-160.914688;1852.915527;0.024154;0.000000;0.000000;0.000000;0.000000;2.000000;9.083401;-192.493591;1851.063354;0.021534;0.000000;0.000000;0.000000;0.000000;2.000000;91.306656;-147.271225;1997.777710;0.001823;0.000000;0.000000;0.000000;0.000000;2.000000;258.645844;-65.640533;1642.418945;0.008816;0.000000;0.000000;0.000000;0.000000;2.000000;203.425201;311.838684;1604.217285;0.014532;0.000000;0.000000;0.000000;0.000000;2.000000;238.832352;414.122009;1450.826294;0.023494;0.000000;0.000000;0.000000;0.000000;2.000000;-82.335220;-152.460663;2002.003906;0.001645;0.000000;0.000000;0.000000;0.000000;2.000000;-265.836578;-50.357819;1660.680420;0.007602;0.000000;0.000000;0.000000;0.000000;2.000000;-273.949677;332.876465;1604.343018;0.011725;0.000000;0.000000;0.000000;0.000000;2.000000;-320.911133;405.039307;1454.605469;0.056197;0.000000;0.000000;0.000000;0.000000;2.000000;18.534578;-721.973999;2196.343994;0.018143;0.000000;0.000000;0.000000;0.000000;2.000000;131.592712;-743.237671;2083.667969;0.082909;0.000000;0.000000;0.000000;0.000000;2.000000;133.610352;-776.793579;2128.568604;0.057515;0.000000;0.000000;0.000000;0.000000;2.000000;96.520912;-767.733765;2249.735352;0.054322;0.000000;0.000000;0.000000;0.000000;2.000000;98.607010;-782.727783;2090.037109;0.059686;0.000000;0.000000;0.000000;0.000000;2.000000;-22.302462;-800.336670;2138.098633;0.057040;0.000000;0.000000;0.000000;0.000000;2.000000;16771300352.000000
0.000000;-150.000015;2000.000000;0.000000;0.000000;0.000000;0.000000;0.000000;2.000000;6.825740;-296.219757;2102.225586;0.010475;0.000000;0.000000;0.000000;0.000000;2.000000;12.256086;-424.207275;2165.177734;0.038787;0.000000;0.000000;0.000000;0.000000;2.000000;17.286291;-638.837402;2198.566650;0.056295;0.000000;0.000000;0.000000;0.000000;2.000000;50.175743;-602.712769;2194.161133;0.054083;0.000000;0.000000;0.000000;0.000000;2.000000;188.527954;-570.677917;2176.874512;0.031442;0.000000;0.000000;0.000000;0.000000;2.000000;251.515076;-311.208374;2104.838867;0.085039;0.000000;0.000000;0.000000;0.000000;2.000000;136.472015;-221.479523;1924.311890;0.080280;0.000000;0.000000;0.000000;0.000000;2.000000;76.702484;-161.814392;1970.723877;0.218014;0.000000;0.000000;0.000000;0.000000;2.000000;60.509468;-143.859161;1865.325195;0.045576;0.000000;0.000000;0.000000;0.000000;2.000000;46.022842;-165.152115;1853.897949;0.086450;0.000000;0.000000;0.000000;0.000000;2.000000;-17.164387;-603.709229;2194.014160;0.052498;0.000000;0.000000;0.000000;0.000000;2.000000;-143.386475;-568.551453;2181.638428;0.051385;0.000000;0.000000;0.000000;0.000000;2.000000;-215.933426;-302.314301;2124.569336;0.010818;0.000000;0.000000;0.000000;0.000000;2.000000;-92.821770;-233.231110;1936.633545;0.044732;0.000000;0.000000;0.000000;0.000000;2.000000;-41.293922;-153.135193;1895.457275;0.052746;0.000000;0.000000;0.000000;0.000000;2.000000;56.912807;-160.125320;1855.403442;0.081954;0.000000;0.000000;0.000000;0.000000;2.000000;9.864808;-192.466064;1852.531738;0.050769;0.000000;0.000000;0.000000;0.000000;2.000000;91.184189;-147.051407;1998.129150;0.013191;0.000000;0.000000;0.000000;0.000000;2.000000;258.481506;-64.722015;1643.523926;0.044136;0.000000;0.000000;0.000000;0.000000;2.000000;203.396973;312.244446;1605.256592;0.034060;0.000000;0.000000;0.000000;0.000000;2.000000;238.747879;414.722778;1452.293457;0.048451;0.000000;0.000000;0.000000;0.000000;2.000000;-82.224792;-152.658890;2001.687012;0.011894;0.000000;0.000000;0.000000;0.000000;2.000000;-265.789917;-49.844940;1661.247314;0.023373;0.000000;0.000000;0.000000;0.000000;2.000000;-273.933716;332.852051;1604.858398;0.015753;0.000000;0.000000;0.000000;0.000000;2.000000;-321.113220;406.326355;1456.099121;0.060486;0.000000;0.000000;0.000000;0.000000;2.000000;19.212975;-720.558960;2197.699707;0.063286;0.000000;0.000000;0.000000;0.000000;2.000000;130.036072;-742.963623;2083.347656;0.049216;0.000000;0.000000;0.000000;0.000000;2.000000;132.831238;-776.060913;2128.451904;0.032832;0.000000;0.000000;0.000000;0.000000;2.000000;98.003471;-765.853149;2250.018066;0.073589;0.000000;0.000000;0.000000;0.000000;2.000000;97.176559;-782.301636;2090.669189;0.049466;0.000000;0.000000;0.000000;0.000000;2.000000;-22.695908;-799.302246;2141.009277;0.095030;0.000000;0.000000;0.000000;0.000000;2.000000;16771333120.000000
0.000000;-149.999985;2000.000000;0.000001;0.000000;0.000000;0.000000;0.000000;2.000000;6.497404;-296.179932;2102.449707;0.011823;0.000000;0.000000;0.000000;0.000000;2.000000;11.592619;-424.260864;2165.391113;0.020685;0.000000;0.000000;0.000000;0.000000;2.000000;16.565832;-639.277222;2196.913574;0.054928;0.000000;0.000000;0.000000;0.000000;2.000000;49.480362;-603.106384;2192.831543;0.045905;0.000000;0.000000;0.000000;0.000000;2.000000;187.827728;-570.883789;2175.302002;0.051303;0.000000;0.000000;0.000000;0.000000;2.000000;250.818985;-311.438110;2102.688965;0.067218;0.000000;0.000000;0.000000;0.000000;2.000000;133.110016;-220.751297;1924.231445;0.101826;0.000000;0.000000;0.000000;0.000000;2.000000;74.733223;-160.541199;1971.791870;0.076253;0.000000;0.000000;0.000000;0.000000;2.000000;59.839314;-143.887054;1865.937134;0.026868;0.000000;0.000000;0.000000;0.000000;2.000000;45.060135;-165.568130;1851.881470;0.067261;0.000000;0.000000;0.000000;0.000000;2.000000;-17.891499;-604.085815;2192.658691;0.046863;0.000000;0.000000;0.000000;0.000000;2.000000;-144.173569;-568.859924;2180.433594;0.043556;0.000000;0.000000;0.000000;0.000000;2.000000;-216.788055;-302.553986;2123.119873;0.050297;0.000000;0.000000;0.000000;0.000000;2.000000;-93.552261;-233.673096;1935.053711;0.053142;0.000000;0.000000;0.000000;0.000000;2.000000;-41.988960;-153.009842;1894.919922;0.026262;0.000000;0.000000;0.000000;0.000000;2.000000;56.113297;-160.363831;1854.544312;0.035440;0.000000;0.000000;0.000000;0.000000;2.000000;8.768736;-191.863586;1850.679321;0.066144;0.000000;0.000000;0.000000;0.000000;2.000000;91.233215;-147.369675;1997.966919;0.010671;0.000000;0.000000;0.000000;0.000000;2.000000;257.600769;-65.322235;1642.647583;0.040833;0.000000;0.000000;0.000000;0.000000;2.000000;202.446854;311.811584;1604.334473;0.041222;0.000000;0.000000;0.000000;0.000000;2.000000;237.366776;412.841125;1450.205322;0.092680;0.000000;0.000000;0.000000;0.000000;2.000000;-82.269012;-152.371841;2001.833130;0.009621;0.000000;0.000000;0.000000;0.000000;2.000000;-266.563843;-50.159698;1661.386108;0.025063;0.000000;0.000000;0.000000;0.000000;2.000000;-274.812836;332.583313;1604.088501;0.035484;0.000000;0.000000;0.000000;0.000000;2.000000;-322.161377;406.369446;1455.443848;0.036603;0.000000;0.000000;0.000000;0.000000;2.000000;18.474312;-721.026855;2195.330078;0.074746;0.000000;0.000000;0.000000;0.000000;2.000000;132.861465;-741.988647;2084.152100;0.091597;0.000000;0.000000;0.000000;0.000000;2.000000;134.033279;-775.932434;2128.728027;0.036696;0.000000;0.000000;0.000000;0.000000;2.000000;95.341660;-767.735840;2249.336426;0.098568;0.000000;0.000000;0.000000;0.000000;2.000000;99.566772;-781.283752;2089.693115;0.082127;0.000000;0.000000;0.000000;0.000000;2.000000;-22.007587;-798.521606;2135.857910;0.155524;0.000000;0.000000;0.000000;0.000000;2.000000;16771366912.000000
0.000000;-149.999985;2000.000000;0.000000;0.000000;0.000000;0.000000;0.000000;2.000000;6.508579;-296.238281;2102.500000;0.002375;0.000000;0.000000;0.000000;0.000000;2.000000;11.614140;-424.341187;2165.535645;0.005089;0.000000;0.000000;0.000000;0.000000;2.000000;16.575151;-639.427246;2197.229492;0.010677;0.000000;0.000000;0.000000;0.000000;2.000000;49.506805;-603.248230;2193.104004;0.009409;0.000000;0.000000;0.000000;0.000000;2.000000;187.931259;-571.007019;2175.714355;0.013509;0.000000;0.000000;0.000000;0.000000;2.000000;250.376877;-311.199585;2103.470459;0.028352;0.000000;0.000000;0.000000;0.000000;2.000000;133.166138;-220.642044;1924.489868;0.008732;0.000000;0.000000;0.000000;0.000000;2.000000;74.271584;-160.677887;1971.806152;0.014699;0.000000;0.000000;0.000000;0.000000;2.000000;59.484146;-143.711609;1865.938477;0.012089;0.000000;0.000000;0.000000;0.000000;2.000000;45.401253;-165.863113;1851.473145;0.018566;0.000000;0.000000;0.000000;0.000000;2.000000;-17.894266;-604.219360;2192.961914;0.010112;0.000000;0.000000;0.000000;0.000000;2.000000;-144.233963;-568.946533;2180.857178;0.013322;0.000000;0.000000;0.000000;0.000000;2.000000;-216.062195;-302.182129;2124.090332;0.038686;0.000000;0.000000;0.000000;0.000000;2.000000;-93.419548;-233.642273;1935.386230;0.010966;0.000000;0.000000;0.000000;0.000000;2.000000;-41.943764;-153.319336;1894.351929;0.019788;0.000000;0.000000;0.000000;0.000000;2.000000;55.729927;-160.565186;1852.813843;0.054438;0.000000;0.000000;0.000000;0.000000;2.000000;8.667189;-192.912598;1850.291504;0.034271;0.000000;0.000000;0.000000;0.000000;2.000000;91.272369;-147.362640;1997.967163;0.001214;0.000000;0.000000;0.000000;0.000000;2.000000;257.749237;-65.140564;1642.544678;0.007818;0.000000;0.000000;0.000000;0.000000;2.000000;202.431686;312.180847;1604.666992;0.015172;0.000000;0.000000;0.000000;0.000000;2.000000;237.654022;414.175171;1451.145020;0.050564;0.000000;0.000000;0.000000;0.000000;2.000000;-82.304291;-152.378189;2001.833252;0.001094;0.000000;0.000000;0.000000;0.000000;2.000000;-266.502136;-50.259369;1661.103027;0.009350;0.000000;0.000000;0.000000;0.000000;2.000000;-274.873901;332.654602;1603.838867;0.008139;0.000000;0.000000;0.000000;0.000000;2.000000;-322.043915;406.092896;1454.879150;0.019521;0.000000;0.000000;0.000000;0.000000;2.000000;18.472979;-721.213440;2195.705566;0.012796;0.000000;0.000000;0.000000;0.000000;2.000000;130.567490;-741.535400;2082.001709;0.096948;0.000000;0.000000;0.000000;0.000000;2.000000;133.010254;-775.372131;2126.637939;0.073045;0.000000;0.000000;0.000000;0.000000;2.000000;96.936844;-767.184814;2248.112793;0.063617;0.000000;0.000000;0.000000;0.000000;2.000000;97.711349;-781.101440;2088.377930;0.069628;0.000000;0.000000;0.000000;0.000000;2.000000;-22.710848;-799.214294;2137.305664;0.053474;0.000000;0.000000;0.000000;0.000000;2.000000;16771399680.000000
0.000000;-150.000015;2000.000000;0.000001;0.000000;0.000000;0.000000;0.000000;2.000000;6.530103;-296.310211;2102.555908;0.002770;0.000000;0.000000;0.000000;0.000000;2.000000;11.668137;-424.474426;2165.630371;0.005095;0.000000;0.000000;0.000000;0.000000;2.000000;17.259277;-639.654785;2197.345215;0.021609;0.000000;0.000000;0.000000;0.000000;2.000000;50.096527;-603.339966;2193.362793;0.019250;0.000000;0.000000;0.000000;0.000000;2.000000;188.597702;-570.706116;2176.727539;0.036976;0.000000;0.000000;0.000000;0.000000;2.000000;250.520035;-310.692291;2104.231934;0.027406;0.000000;0.000000;0.000000;0.000000;2.000000;133.850159;-220.511765;1924.553955;0.020693;0.000000;0.000000;0.000000;0.000000;2.000000;76.208313;-158.884338;1971.374023;0.079154;0.000000;0.000000;0.000000;0.000000;2.000000;59.849224;-143.138870;1865.492188;0.024050;0.000000;0.000000;0.000000;0.000000;2.000000;45.070847;-165.236496;1852.490723;0.036691;0.000000;0.000000;0.000000;0.000000;2.000000;-17.334019;-604.551147;2192.928711;0.019294;0.000000;0.000000;0.000000;0.000000;2.000000;-143.770905;-569.609619;2180.160156;0.031596;0.000000;0.000000;0.000000;0.000000;2.000000;-216.703598;-303.092804;2122.921387;0.047783;0.000000;0.000000;0.000000;0.000000;2.000000;-93.164597;-233.583801;1935.007324;0.013625;0.000000;0.000000;0.000000;0.000000;2.000000;-41.904530;-152.977859;1894.123535;0.012213;0.000000;0.000000;0.000000;0.000000;2.000000;56.070801;-160.251633;1853.164795;0.017196;0.000000;0.000000;0.000000;0.000000;2.000000;8.963594;-191.421417;1850.975464;0.049335;0.000000;0.000000;0.000000;0.000000;2.000000;91.318954;-147.316757;1998.013550;0.002372;0.000000;0.000000;0.000000;0.000000;2.000000;257.895721;-65.853760;1642.230957;0.023461;0.000000;0.000000;0.000000;0.000000;2.000000;202.538651;311.620972;1603.950684;0.027090;0.000000;0.000000;0.000000;0.000000;2.000000;237.376724;413.041016;1449.843872;0.051734;0.000000;0.000000;0.000000;0.000000;2.000000;-82.346313;-152.419647;2001.791382;0.002142;0.000000;0.000000;0.000000;0.000000;2.000000;-266.472992;-50.049500;1660.856445;0.009621;0.000000;0.000000;0.000000;0.000000;2.000000;-274.835297;333.085205;1603.723511;0.013241;0.000000;0.000000;0.000000;0.000000;2.000000;-321.928650;406.159607;1454.458130;0.013068;0.000000;0.000000;0.000000;0.000000;2.000000;19.455427;-721.475525;2195.822021;0.030287;0.000000;0.000000;0.000000;0.000000;2.000000;132.916351;-741.700684;2083.346191;0.080240;0.000000;0.000000;0.000000;0.000000;2.000000;135.056534;-775.356995;2128.169922;0.075647;0.000000;0.000000;0.000000;0.000000;2.000000;97.629395;-766.849304;2249.280762;0.041391;0.000000;0.000000;0.000000;0.000000;2.000000;100.179367;-781.428833;2089.541016;0.081319;0.000000;0.000000;0.000000;0.000000;2.000000;-20.725868;-799.967896;2137.284180;0.062835;0.000000;0.000000;0.000000;0.000000;2.000000;16771433472.000000
0.000000;-149.999985;2000.000000;0.000001;0.000000;0.000000;0.000000;0.000000;2.000000;6.536615;-296.336975;2102.537842;0.001005;0.000000;0.000000;0.000000;0.000000;2.000000;11.681518;-424.523682;2165.587402;0.002036;0.000000;0.000000;0.000000;0.000000;2.000000;17.274429;-639.724792;2197.258789;0.003426;0.000000;0.000000;0.000000;0.000000;2.000000;50.114014;-603.408020;2193.273438;0.003469;0.000000;0.000000;0.000000;0.000000;2.000000;188.613693;-570.767456;2176.558594;0.005507;0.000000;0.000000;0.000000;0.000000;2.000000;250.554855;-310.766541;2103.963379;0.008569;0.000000;0.000000;0.000000;0.000000;2.000000;133.741348;-220.525620;1924.389526;0.006032;0.000000;0.000000;0.000000;0.000000;2.000000;76.236305;-158.802780;1971.265381;0.004233;0.000000;0.000000;0.000000;0.000000;2.000000;59.745560;-143.059219;1865.396362;0.004947;0.000000;0.000000;0.000000;0.000000;2.000000;45.008026;-165.154724;1852.336548;0.005660;0.000000;0.000000;0.000000;0.000000;2.000000;-17.321119;-604.616638;2192.860107;0.002921;0.000000;0.000000;0.000000;0.000000;2.000000;-143.770996;-569.666321;2180.155273;0.001737;0.000000;0.000000;0.000000;0.000000;2.000000;-216.750504;-303.119293;2123.025879;0.003588;0.000000;0.000000;0.000000;0.000000;2.000000;-93.296654;-233.527328;1935.067505;0.004752;0.000000;0.000000;0.000000;0.000000;2.000000;-42.042992;-152.908661;1894.183228;0.005063;0.000000;0.000000;0.000000;0.000000;2.000000;55.912048;-160.210861;1853.163086;0.005002;0.000000;0.000000;0.000000;0.000000;2.000000;8.780299;-191.426971;1850.860107;0.006611;0.000000;0.000000;0.000000;0.000000;2.000000;91.324829;-147.309387;1998.018066;0.000319;0.000000;0.000000;0.000000;0.000000;2.000000;257.956940;-65.688629;1642.267822;0.005491;0.000000;0.000000;0.000000;0.000000;2.000000;202.512711;311.815735;1604.154785;0.008646;0.000000;0.000000;0.000000;0.000000;2.000000;237.411774;413.436035;1450.178711;0.015839;0.000000;0.000000;0.000000;0.000000;2.000000;-82.351624;-152.426224;2001.787231;0.000287;0.000000;0.000000;0.000000;0.000000;2.000000;-266.488068;-49.994110;1660.845215;0.001785;0.000000;0.000000;0.000000;0.000000;2.000000;-274.866699;333.177917;1603.792847;0.003661;0.000000;0.000000;0.000000;0.000000;2.000000;-321.961273;406.255127;1454.516113;0.003552;0.000000;0.000000;0.000000;0.000000;2.000000;19.467087;-721.550659;2195.718506;0.003920;0.000000;0.000000;0.000000;0.000000;2.000000;132.936722;-741.960938;2083.269531;0.008303;0.000000;0.000000;0.000000;0.000000;2.000000;135.139816;-775.474121;2128.202148;0.004495;0.000000;0.000000;0.000000;0.000000;2.000000;97.728874;-766.639343;2249.303223;0.007123;0.000000;0.000000;0.000000;0.000000;2.000000;100.259575;-781.721497;2089.599121;0.009429;0.000000;0.000000;0.000000;0.000000;2.000000;-20.612841;-800.293945;2137.436035;0.011506;0.000000;0.000000;0.000000;0.000000;2.000000;16771466240.000000
0.000000;-150.000000;2000.000000;0.000000;0.000000;0.000000;0.000000;0.000000;2.000000;7.208105;-296.377075;2102.144043;0.023067;0.000000;0.000000;0.000000;0.000000;2.000000;12.823858;-424.482300;2165.016113;0.037817;0.000000;0.000000;0.000000;0.000000;2.000000;18.250370;-639.309692;2197.838379;0.035766;0.000000;0.000000;0.000000;0.000000;2.000000;51.090942;-603.091370;2193.542236;0.031415;0.000000;0.000000;0.000000;0.000000;2.000000;189.524734;-570.712830;2176.917480;0.029022;0.000000;0.000000;0.000000;0.000000;2.000000;250.991470;-311.147614;2103.351807;0.024933;0.000000;0.000000;0.000000;0.000000;2.000000;134.024246;-220.852280;1924.186401;0.014130;0.000000;0.000000;0.000000;0.000000;2.000000;75.916321;-159.968948;1971.230957;0.035800;0.000000;0.000000;0.000000;0.000000;2.000000;60.387901;-143.757782;1865.390259;0.028084;0.000000;0.000000;0.000000;0.000000;2.000000;46.092667;-165.890640;1851.414185;0.047430;0.000000;0.000000;0.000000;0.000000;2.000000;-16.283751;-604.215393;2193.366211;0.036162;0.000000;0.000000;0.000000;0.000000;2.000000;-142.691956;-569.321655;2181.387695;0.049536;0.000000;0.000000;0.000000;0.000000;2.000000;-216.826904;-303.330322;2124.456055;0.042841;0.000000;0.000000;0.000000;0.000000;2.000000;-93.326996;-233.700592;1936.817017;0.052034;0.000000;0.000000;0.000000;0.000000;2.000000;-41.100624;-154.371735;1894.900146;0.055699;0.000000;0.000000;0.000000;0.000000;2.000000;56.568672;-160.677780;1853.295166;0.024161;0.000000;0.000000;0.000000;0.000000;2.000000;8.349878;-193.188034;1851.569458;0.057609;0.000000;0.000000;0.000000;0.000000;2.000000;91.225700;-147.170135;1997.617676;0.012883;0.000000;0.000000;0.000000;0.000000;2.000000;258.772461;-63.919403;1643.099121;0.062680;0.000000;0.000000;0.000000;0.000000;2.000000;203.654221;313.213379;1604.437134;0.054052;0.000000;0.000000;0.000000;0.000000;2.000000;238.939987;413.938904;1450.175293;0.047610;0.000000;0.000000;0.000000;0.000000;2.000000;-82.262238;-152.551804;2002.148315;0.011618;0.000000;0.000000;0.000000;0.000000;2.000000;-266.139923;-49.998230;1661.542969;0.023076;0.000000;0.000000;0.000000;0.000000;2.000000;-273.157562;332.854187;1604.615845;0.056948;0.000000;0.000000;0.000000;0.000000;2.000000;-320.917999;405.700378;1455.624512;0.047943;0.000000;0.000000;0.000000;0.000000;2.000000;20.333191;-721.069275;2196.748535;0.042296;0.000000;0.000000;0.000000;0.000000;2.000000;134.027664;-743.551758;2085.140137;0.079516;0.000000;0.000000;0.000000;0.000000;2.000000;136.089935;-776.195557;2130.650391;0.080594;0.000000;0.000000;0.000000;0.000000;2.000000;98.355339;-765.122986;2251.342285;0.077449;0.000000;0.000000;0.000000;0.000000;2.000000;101.356201;-783.147949;2092.102539;0.091233;0.000000;0.000000;0.000000;0.000000;2.000000;-19.548006;-800.801453;2139.870605;0.080057;0.000000;0.000000;0.000000;0.000000;2.000000;16771500032.000000
0.000000;-150.000000;2000.000000;0.000000;0.000000;0.000000;0.000000;0.000000;2.000000;7.209908;-296.453674;2102.205566;0.002908;0.000000;0.000000;0.000000;0.000000;2.000000;12.829500;-424.657227;2165.055420;0.005308;0.000000;0.000000;0.000000;0.000000;2.000000;18.514366;-639.643311;2197.585449;0.014647;0.000000;0.000000;0.000000;0.000000;2.000000;51.328644;-603.354858;2193.372559;0.011640;0.000000;0.000000;0.000000;0.000000;2.000000;189.841278;-570.804626;2177.065674;0.010694;0.000000;0.000000;0.000000;0.000000;2.000000;251.849228;-310.909729;2104.553711;0.044260;0.000000;0.000000;0.000000;0.000000;2.000000;135.020920;-219.049332;1925.928589;0.079841;0.000000;0.000000;0.000000;0.000000;2.000000;77.766777;-157.827515;1973.683960;0.110833;0.000000;0.000000;0.000000;0.000000;2.000000;59.806412;-138.197128;1868.750122;0.193030;0.000000;0.000000;0.000000;0.000000;2.000000;47.403175;-164.545731;1853.577637;0.084776;0.000000;0.000000;0.000000;0.000000;2.000000;-16.081278;-604.569458;2193.127930;0.013979;0.000000;0.000000;0.000000;0.000000;2.000000;-142.551086;-569.638916;2181.111328;0.013131;0.000000;0.000000;0.000000;0.000000;2.000000;-215.583344;-302.992004;2125.060547;0.042125;0.000000;0.000000;0.000000;0.000000;2.000000;-92.553444;-233.388733;1936.941528;0.024955;0.000000;0.000000;0.000000;0.000000;2.000000;-40.963242;-153.637100;1894.898071;0.022117;0.000000;0.000000;0.000000;0.000000;2.000000;56.823479;-159.763428;1853.392822;0.028238;0.000000;0.000000;0.000000;0.000000;2.000000;9.143019;-192.711899;1851.529053;0.027402;0.000000;0.000000;0.000000;0.000000;2.000000;91.275925;-147.162079;1997.627686;0.001534;0.000000;0.000000;0.000000;0.000000;2.000000;258.778259;-64.531525;1642.694214;0.021720;0.000000;0.000000;0.000000;0.000000;2.000000;203.448730;312.851532;1604.695557;0.014496;0.000000;0.000000;0.000000;0.000000;2.000000;238.508530;414.080841;1450.586670;0.018135;0.000000;0.000000;0.000000;0.000000;2.000000;-82.307510;-152.559097;2002.139160;0.001384;0.000000;0.000000;0.000000;0.000000;2.000000;-266.259521;-49.825806;1661.369385;0.008059;0.000000;0.000000;0.000000;0.000000;2.000000;-273.547180;333.209381;1604.259033;0.018839;0.000000;0.000000;0.000000;0.000000;2.000000;-321.411621;407.064789;1455.688721;0.042980;0.000000;0.000000;0.000000;0.000000;2.000000;20.709023;-721.443237;2196.376709;0.019164;0.000000;0.000000;0.000000;0.000000;2.000000;135.616272;-743.043030;2085.712646;0.052190;0.000000;0.000000;0.000000;0.000000;2.000000;137.826721;-775.340088;2131.500488;0.062573;0.000000;0.000000;0.000000;0.000000;2.000000;99.012871;-763.953552;2251.893799;0.042926;0.000000;0.000000;0.000000;0.000000;2.000000;103.469383;-783.093506;2092.729492;0.065249;0.000000;0.000000;0.000000;0.000000;2.000000;-17.577250;-802.216125;2139.763672;0.071860;0.000000;0.000000;0.000000;0.000000;2.000000;16771533824.000000
0.000000;-150.000000;2000.000000;0.000000;0.000000;0.000000;0.000000;0.000000;2.000000;7.204768;-296.447021;2102.228027;0.000732;0.000000;0.000000;0.000000;0.000000;2.000000;12.818521;-424.647156;2165.098389;0.001388;0.000000;0.000000;0.000000;0.000000;2.000000;18.505909;-639.640137;2197.640137;0.001692;0.000000;0.000000;0.000000;0.000000;2.000000;51.321121;-603.350159;2193.425781;0.001647;0.000000;0.000000;0.000000;0.000000;2.000000;189.837524;-570.786133;2177.127441;0.001971;0.000000;0.000000;0.000000;0.000000;2.000000;251.715561;-310.813293;2104.741455;0.007624;0.000000;0.000000;0.000000;0.000000;2.000000;134.917847;-218.993668;1926.063354;0.005449;0.000000;0.000000;0.000000;0.000000;2.000000;77.392212;-158.028137;1973.828125;0.013693;0.000000;0.000000;0.000000;0.000000;2.000000;59.492073;-138.200363;1868.916626;0.010856;0.000000;0.000000;0.000000;0.000000;2.000000;47.269051;-164.750229;1853.620972;0.007580;0.000000;0.000000;0.000000;0.000000;2.000000;-16.091509;-604.565552;2193.181152;0.001658;0.000000;0.000000;0.000000;0.000000;2.000000;-142.570114;-569.640808;2181.181885;0.002231;0.000000;0.000000;0.000000;0.000000;2.000000;-215.635529;-302.977936;2125.193359;0.004376;0.000000;0.000000;0.000000;0.000000;2.000000;-92.649513;-233.326706;1937.051636;0.004845;0.000000;0.000000;0.000000;0.000000;2.000000;-41.086609;-153.549011;1895.013794;0.005820;0.000000;0.000000;0.000000;0.000000;2.000000;56.699516;-159.696716;1853.499268;0.005386;0.000000;0.000000;0.000000;0.000000;2.000000;8.955637;-192.493500;1851.608398;0.009110;0.000000;0.000000;0.000000;0.000000;2.000000;91.279678;-147.168823;1997.622559;0.000283;0.000000;0.000000;0.000000;0.000000;2.000000;258.722107;-64.670135;1642.611816;0.005211;0.000000;0.000000;0.000000;0.000000;2.000000;203.501953;312.726532;1604.434082;0.008992;0.000000;0.000000;0.000000;0.000000;2.000000;238.570953;413.937531;1450.305908;0.009807;0.000000;0.000000;0.000000;0.000000;2.000000;-82.310898;-152.553009;2002.143677;0.000253;0.000000;0.000000;0.000000;0.000000;2.000000;-266.244965;-49.852844;1661.335205;0.001402;0.000000;0.000000;0.000000;0.000000;2.000000;-273.530151;333.187653;1604.154297;0.003305;0.000000;0.000000;0.000000;0.000000;2.000000;-321.390472;407.051910;1455.578857;0.003437;0.000000;0.000000;0.000000;0.000000;2.000000;20.701519;-721.443420;2196.435547;0.001810;0.000000;0.000000;0.000000;0.000000;2.000000;135.639603;-743.021606;2085.789795;0.002545;0.000000;0.000000;0.000000;0.000000;2.000000;137.857391;-775.307373;2131.587891;0.002998;0.000000;0.000000;0.000000;0.000000;2.000000;99.018753;-763.906982;2251.977295;0.002923;0.000000;0.000000;0.000000;0.000000;2.000000;103.507927;-783.086060;2092.812012;0.002789;0.000000;0.000000;0.000000;0.000000;2.000000;-17.542299;-802.250610;2139.834961;0.002642;0.000000;0.000000;0.000000;0.000000;2.000000;16771566592.000000
0.000000;-150.000000;2000.000000;0.000000;0.000000;0.000000;0.000000;0.000000;2.000000;7.204768;-296.447021;2102.228027;0.000000;0.000000;0.000000;0.000000;0.000000;2.000000;12.818521;-424.647156;2165.098389;0.000000;0.000000;0.000000;0.000000;0.000000;2.000000;18.505909;-639.640137;2197.640137;0.000000;0.000000;0.000000;0.000000;0.000000;2.000000;51.321121;-603.350159;2193.425781;0.000000;0.000000;0.000000;0.000000;0.000000;2.000000;189.837524;-570.786133;2177.127441;0.000000;0.000000;0.000000;0.000000;0.000000;2.000000;251.715561;-310.813293;2104.741455;0.000000;0.000000;0.000000;0.000000;0.000000;2.000000;134.917847;-218.993668;1926.063354;0.000000;0.000000;0.000000;0.000000;0.000000;2.000000;77.392212;-158.028137;1973.828125;0.000000;0.000000;0.000000;0.000000;0.000000;2.000000;59.492073;-138.200363;1868.916626;0.000000;0.000000;0.000000;0.000000;0.000000;2.000000;47.269051;-164.750229;1853.620972;0.000000;0.000000;0.000000;0.000000;0.000000;2.000000;-16.091509;-604.565552;2193.181152;0.000000;0.000000;0.000000;0.000000;0.000000;2.000000;-142.570114;-569.640808;2181.181885;0.000000;0.000000;0.000000;0.000000;0.000000;2.000000;-215.635529;-302.977936;2125.193359;0.000000;0.000000;0.000000;0.000000;0.000000;2.000000;-92.649513;-233.326706;1937.051636;0.000000;0.000000;0.000000;0.000000;0.000000;2.000000;-41.086609;-153.549011;1895.013794;0.000000;0.000000;0.000000;0.000000;0.000000;2.000000;56.699516;-159.696716;1853.499268;0.000000;0.000000;0.000000;0.000000;0.000000;2.000000;8.955637;-192.493500;1851.608398;0.000000;0.000000;0.000000;0.000000;0.000000;2.000000;91.279678;-147.168823;1997.622559;0.000000;0.000000;0.000000;0.000000;0.000000;2.000000;258.722107;-64.670135;1642.611816;0.000000;0.000000;0.000000;0.000000;0.000000;2.000000;203.501953;312.726532;1604.434082;0.000000;0.000000;0.000000;0.000000;0.000000;2.000000;238.570953;413.937531;1450.305908;0.000000;0.000000;0.000000;0.000000;0.000000;2.000000;-82.310898;-152.553009;2002.143677;0.000000;0.000000;0.000000;0.000000;0.000000;2.000000;-266.244965;-49.852844;1661.335205;0.000000;0.000000;0.000000;0.000000;0.000000;2.000000;-273.530151;333.187653;1604.154297;0.000000;0.000000;0.000000;0.000000;0.000000;2.000000;-321.390472;407.051910;1455.578857;0.000000;0.000000;0.000000;0.000000;0.000000;2.000000;20.701519;-721.443420;2196.435547;0.000000;0.000000;0.000000;0.000000;0.000000;2.000000;135.639603;-743.021606;2085.789795;0.000000;0.000000;0.000000;0.000000;0.000000;2.000000;137.857391;-775.307373;2131.587891;0.000000;0.000000;0.000000;0.000000;0.000000;2.000000;99.018753;-763.906982;2251.977295;0.000000;0.000000;0.000000;0.000000;0.000000;2.000000;103.507927;-783.086060;2092.812012;0.000000;0.000000;0.000000;0.000000;0.000000;2.000000;-17.542299;-802.250610;2139.834961;0.000000;0.000000;0.000000;0.000000;0.000000;2.000000;16771600384.000000
0.000000;-150.000000;2000.000000;0.000000;0.000000;0.000000;0.000000;0.000000;2.000000;7.204768;-296.447021;2102.228027;0.000000;0.000000;0.000000;0.000000;0.000000;2.000000;12.818521;-424.647156;2165.098389;0.000000;0.000000;0.000000;0.000000;0.000000;2.000000;18.505909;-639.640137;2197.640137;0.000000;0.000000;0.000000;0.000000;0.000000;2.000000;51.321121;-603.350159;2193.425781;0.000000;0.000000;0.000000;0.000000;0.000000;2.000000;189.837524;-570.786133;2177.127441;0.000000;0.000000;0.000000;0.000000;0.000000;2.000000;251.715561;-310.813293;2104.741455;0.000000;0.000000;0.000000;0.000000;0.000000;2.000000;134.917847;-218.993668;1926.063354;0.000000;0.000000;0.000000;0.000000;0.000000;2.000000;77.392212;-158.028137;1973.828125;0.000000;0.000000;0.000000;0.000000;0.000000;2.000000;59.492073;-138.200363;1868.916626;0.000000;0.000000;0.000000;0.000000;0.000000;2.000000;47.269051;-164.750229;1853.620972;0.000000;0.000000;0.000000;0.000000;0.000000;2.000000;-16.091509;-604.565552;2193.181152;0.000000;0.000000;0.000000;0.000000;0.000000;2.000000;-142.570114;-569.640808;2181.181885;0.000000;0.000000;0.000000;0.000000;0.000000;2.000000;-215.635529;-302.977936;2125.193359;0.000000;0.000000;0.000000;0.000000;0.000000;2.000000;-92.649513;-233.326706;1937.051636;0.000000;0.000000;0.000000;0.000000;0.000000;2.000000;-41.086609;-153.549011;1895.013794;0.000000;0.000000;0.000000;0.000000;0.000000;2.000000;56.699516;-159.696716;1853.499268;0.000000;0.000000;0.000000;0.000000;0.000000;2.000000;8.955637;-192.493500;1851.608398;0.000000;0.000000;0.000000;0.000000;0.000000;2.000000;91.279678;-147.168823;1997.622559;0.000000;0.000000;0.000000;0.000000;0.000000;2.000000;258.722107;-64.670135;1642.611816;0.000000;0.000000;0.000000;0.000000;0.000000;2.000000;203.501953;312.726532;1604.434082;0.000000;0.000000;0.000000;0.000000;0.000000;2.000000;238.570953;413.937531;1450.305908;0.000000;0.000000;0.000000;0.000000;0.000000;2.000000;-82.310898;-152.553009;2002.143677;0.000000;0.000000;0.000000;0.000000;0.000000;2.000000;-266.244965;-49.852844;1661.335205;0.000000;0.000000;0.000000;0.000000;0.000000;2.000000;-273.530151;333.187653;1604.154297;0.000000;0.000000;0.000000;0.000000;0.000000;2.000000;-321.390472;407.051910;1455.578857;0.000000;0.000000;0.000000;0.000000;0.000000;2.000000;20.701519;-721.443420;2196.435547;0.000000;0.000000;0.000000;0.000000;0.000000;2.000000;135.639603;-743.021606;2085.789795;0.000000;0.000000;0.000000;0.000000;0.000000;2.000000;137.857391;-775.307373;2131.587891;0.000000;0.000000;0.000000;0.000000;0.000000;2.000000;99.018753;-763.906982;2251.977295;0.000000;0.000000;0.000000;0.000000;0.000000;2.000000;103.507927;-783.086060;2092.812012;0.000000;0.000000;0.000000;0.000000;0.000000;2.000000;-17.542299;-802.250610;2139.834961;0.000000;0.000000;0.000000;0.000000;0.000000;2.000000;16771633152.000000
0.000000;-150.000000;2000.000000;0.000000;0.000000;0.000000;0.000000;0.000000;2.000000;7.204768;-296.447021;2102.228027;0.000000;0.000000;0.000000;0.000000;0.000000;2.000000;12.818521;-424.647156;2165.098389;0.000000;0.000000;0.000000;0.000000;0.000000;2.000000;18.505909;-639.640137;2197.640137;0.000000;0.000000;0.000000;0.000000;0.000000;2.000000;51.321121;-603.350159;2193.425781;0.000000;0.000000;0.000000;0.000000;0.000000;2.000000;189.837524;-570.786133;2177.127441;0.000000;0.000000;0.000000;0.000000;0.000000;2.000000;251.715561;-310.813293;2104.741455;0.000000;0.000000;0.000000;0.000000;0.000000;2.000000;134.917847;-218.993668;1926.063354;0.000000;0.000000;0.000000;0.000000;0.000000;2.000000;77.392212;-158.028137;1973.828125;0.000000;0.000000;0.000000;0.000000;0.000000;2.000000;59.492073;-138.200363;1868.916626;0.000000;0.000000;0.000000;0.000000;0.000000;2.000000;47.269051;-164.750229;1853.620972;0.000000;0.000000;0.000000;0.000000;0.000000;2.000000;-16.091509;-604.565552;2193.181152;0.000000;0.000000;0.000000;0.000000;0.000000;2.000000;-142.570114;-569.640808;2181.181885;0.000000;0.000000;0.000000;0.000000;0.000000;2.000000;-215.635529;-302.977936;2125.193359;0.000000;0.000000;0.000000;0.000000;0.000000;2.000000;-92.649513;-233.326706;1937.051636;0.000000;0.000000;0.000000;0.000000;0.000000;2.000000;-41.086609;-153.549011;1895.013794;0.000000;0.000000;0.000000;0.000000;0.000000;2.000000;56.699516;-159.696716;1853.499268;0.000000;0.000000;0.000000;0.000000;0.000000;2.000000;8.955637;-192.493500;1851.608398;0.000000;0.000000;0.000000;0.000000;0.000000;2.000000;91.279678;-147.168823;1997.622559;0.000000;0.000000;0.000000;0.000000;0.000000;2.000000;258.722107;-64.670135;1642.611816;0.000000;0.000000;0.000000;0.000000;0.000000;2.000000;203.501953;312.726532;1604.434082;0.000000;0.000000;0.000000;0.000000;0.000000;2.000000;238.570953;413.937531;1450.305908;0.000000;0.000000;0.000000;0.000000;0.000000;2.000000;-82.310898;-152.553009;2002.143677;0.000000;0.000000;0.000000;0.000000;0.000000;2.000000;-266.244965;-49.852844;1661.335205;0.000000;0.000000;0.000000;0.000000;0.000000;2.000000;-273.530151;333.187653;1604.154297;0.000000;0.000000;0.000000;0.000000;0.000000;2.000000;-321.390472;407.051910;1455.578857;0.000000;0.000000;0.000000;0.000000;0.000000;2.000000;20.701519;-721.443420;2196.435547;0.000000;0.000000;0.000000;0.000000;0.000000;2.000000;135.639603;-743.021606;2085.789795;0.000000;0.000000;0.000000;0.000000;0.000000;2.000000;137.857391;-775.307373;2131.587891;0.000000;0.000000;0.000000;0.000000;0.000000;2.000000;99.018753;-763.906982;2251.977295;0.000000;0.000000;0.000000;0.000000;0.000000;2.000000;103.507927;-783.086060;2092.812012;0.000000;0.000000;0.000000;0.000000;0.000000;2.000000;-17.542299;-802.250610;2139.834961;0.000000;0.000000;0.000000;0.000000;0.000000;2.000000;16771666944.000000
0.000000;-150.000000;2000.000000;0.000000;0.000000;0.000000;0.000000;0.000000;2.000000;7.204768;-296.447021;2102.228027;0.000000;0.000000;0.000000;0.000000;0.000000;2.000000;12.818521;-424.647156;2165.098389;0.000000;0.000000;0.000000;0.000000;0.000000;2.000000;18.505909;-639.640137;2197.640137;0.000000;0.000000;0.000000;0.000000;0.000000;2.000000;51.321121;-603.350159;2193.425781;0.000000;0.000000;0.000000;0.000000;0.000000;2.000000;189.837524;-570.786133;2177.127441;0.000000;0.000000;0.000000;0.000000;0.000000;2.000000;251.715561;-310.813293;2104.741455;0.000000;0.000000;0.000000;0.000000;0.000000;2.000000;134.917847;-218.993668;1926.063354;0.000000;0.000000;0.000000;0.000000;0.000000;2.000000;77.392212;-158.028137;1973.828125;0.000000;0.000000;0.000000;0.000000;0.000000;2.000000;59.492073;-138.200363;1868.916626;0.000000;0.000000;0.000000;0.000000;0.000000;2.000000;47.269051;-164.750229;1853.620972;0.000000;0.000000;0.000000;0.000000;0.000000;2.000000;-16.091509;-604.565552;2193.181152;0.000000;0.000000;0.000000;0.000000;0.000000;2.000000;-142.570114;-569.640808;2181.181885;0.000000;0.000000;0.000000;0.000000;0.000000;2.000000;-215.635529;-302.977936;2125.193359;0.000000;0.000000;0.000000;0.000000;0.000000;2.000000;-92.649513;-233.326706;1937.051636;0.000000;0.000000;0.000000;0.000000;0.000000;2.000000;-41.086609;-153.549011;1895.013794;0.000000;0.000000;0.000000;0.000000;0.000000;2.000000;56.699516;-159.696716;1853.499268;0.000000;0.000000;0.000000;0.000000;0.000000;2.000000;8.955637;-192.493500;1851.608398;0.000000;0.000000;0.000000;0.000000;0.000000;2.000000;91.279678;-147.168823;1997.622559;0.000000;0.000000;0.000000;0.000000;0.000000;2.000000;258.722107;-64.670135;1642.611816;0.000000;0.000000;0.000000;0.000000;0.000000;2.000000;203.501953;312.726532;1604.434082;0.000000;0.000000;0.000000;0.000000;0.000000;2.000000;238.570953;413.937531;1450.305908;0.000000;0.000000;0.000000;0.000000;0.000000;2.000000;-82.310898;-152.553009;2002.143677;0.000000;0.000000;0.000000;0.000000;0.000000;2.000000;-266.244965;-49.852844;1661.335205;0.000000;0.000000;0.000000;0.000000;0.000000;2.000000;-273.530151;333.187653;1604.154297;0.000000;0.000000;0.000000;0.000000;0.000000;2.000000;-321.390472;407.051910;1455.578857;0.000000;0.000000;0.000000;0.000000;0.000000;2.000000;20.701519;-721.443420;2196.435547;0.000000;0.000000;0.000000;0.000000;0.000000;2.000000;135.639603;-743.021606;2085.789795;0.000000;0.000000;0.000000;0.000000;0.000000;2.000000;137.857391;-775.307373;2131.587891;0.000000;0.000000;0.000000;0.000000;0.000000;2.000000;99.018753;-763.906982;2251.977295;0.000000;0.000000;0.000000;0.000000;0.000000;2.000000;103.507927;-783.086060;2092.812012;0.000000;0.000000;0.000000;0.000000;0.000000;2.000000;-17.542299;-802.250610;2139.834961;0.000000;0.000000;0.000000;0.000000;0.000000;2.000000;16771699712.000000
0.000000;-150.000000;2000.000000;0.000000;0.000000;0.000000;0.000000;0.000000;2.000000;7.204768;-296.447021;2102.228027;0.000000;0.000000;0.000000;0.000000;0.000000;2.000000;12.818521;-424.647156;2165.098389;0.000000;0.000000;0.000000;0.000000;0.000000;2.000000;18.505909;-639.640137;2197.640137;0.000000;0.000000;0.000000;0.000000;0.000000;2.000000;51.321121;-603.350159;2193.425781;0.000000;0.000000;0.000000;0.000000;0.000000;2.000000;189.837524;-570.786133;2177.127441;0.000000;0.000000;0.000000;0.000000;0.000000;2.000000;251.715561;-310.813293;2104.741455;0.000000;0.000000;0.000000;0.000000;0.000000;2.000000;134.917847;-218.993668;1926.063354;0.000000;0.000000;0.000000;0.000000;0.000000;2.000000;77.392212;-158.028137;1973.828125;0.000000;0.000000;0.000000;0.000000;0.000000;2.000000;59.492073;-138.200363;1868.916626;0.000000;0.000000;0.000000;0.000000;0.000000;2.000000;47.269051;-164.750229;1853.620972;0.000000;0.000000;0.000000;0.000000;0.000000;2.000000;-16.091509;-604.565552;2193.181152;0.000000;0.000000;0.000000;0.000000;0.000000;2.000000;-142.570114;-569.640808;2181.181885;0.000000;0.000000;0.000000;0.000000;0.000000;2.000000;-215.635529;-302.977936;2125.193359;0.000000;0.000000;0.000000;0.000000;0.000000;2.000000;-92.649513;-233.326706;1937.051636;0.000000;0.000000;0.000000;0.000000;0.000000;2.000000;-41.086609;-153.549011;1895.013794;0.000000;0.000000;0.000000;0.000000;0.000000;2.000000;56.699516;-159.696716;1853.499268;0.000000;0.000000;0.000000;0.000000;0.000000;2.000000;8.955637;-192.493500;1851.608398;0.000000;0.000000;0.000000;0.000000;0.000000;2.000000;91.279678;-147.168823;1997.622559;0.000000;0.000000;0.000000;0.000000;0.000000;2.000000;258.722107;-64.670135;1642.611816;0.000000;0.000000;0.000000;0.000000;0.000000;2.000000;203.501953;312.726532;1604.434082;0.000000;0.000000;0.000000;0.000000;0.000000;2.000000;238.570953;413.937531;1450.305908;0.000000;0.000000;0.000000;0.000000;0.000000;2.000000;-82.310898;-152.553009;2002.143677;0.000000;0.000000;0.000000;0.000000;0.000000;2.000000;-266.244965;-49.852844;1661.335205;0.000000;0.000000;0.000000;0.000000;0.000000;2.000000;-273.530151;333.187653;1604.154297;0.000000;0.000000;0.000000;0.000000;0.000000;2.000000;-321.390472;407.051910;1455.578857;0.000000;0.000000;0.000000;0.000000;0.000000;2.000000;20.701519;-721.443420;2196.435547;0.000000;0.000000;0.000000;0.000000;0.000000;2.000000;135.639603;-743.021606;2085.789795;0.000000;0.000000;0.000000;0.000000;0.000000;2.000000;137.857391;-775.307373;2131.587891;0.000000;0.000000;0.000000;0.000000;0.000000;2.000000;99.018753;-763.906982;2251.977295;0.000000;0.000000;0.000000;0.000000;0.000000;2.000000;103.507927;-783.086060;2092.812012;0.000000;0.000000;0.000000;0.000000;0.000000;2.000000;-17.542299;-802.250610;2139.834961;0.000000;0.000000;0.000000;0.000000;0.000000;2.000000;16771733504.000000
0.000000;-150.000000;2000.000000;0.000000;0.000000;0.000000;0.000000;0.000000;2.000000;7.210543;-297.712067;2101.473633;0.044950;0.000000;0.000000;0.000000;0.000000;2.000000;13.025194;-426.620483;2163.986816;0.069405;0.000000;0.000000;0.000000;0.000000;2.000000;17.129162;-642.556335;2195.479004;0.118470;0.000000;0.000000;0.000000;0.000000;2.000000;50.313271;-606.321167;2191.752930;0.108503;0.000000;0.000000;0.000000;0.000000;2.000000;189.635101;-573.354370;2179.272949;0.102314;0.000000;0.000000;0.000000;0.000000;2.000000;250.322571;-313.755219;2101.144531;0.148044;0.000000;0.000000;0.000000;0.000000;2.000000;131.990143;-219.021133;1923.970581;0.109829;0.000000;0.000000;0.000000;0.000000;2.000000;70.808205;-162.656952;1973.477905;0.245847;0.000000;0.000000;0.000000;0.000000;2.000000;59.526245;-139.022781;1868.053589;0.036396;0.000000;0.000000;0.000000;0.000000;2.000000;45.814590;-165.297668;1850.593750;0.103846;0.000000;0.000000;0.000000;0.000000;2.000000;-17.330601;-607.126343;2190.887939;0.111512;0.000000;0.000000;0.000000;0.000000;2.000000;-143.753632;-570.556763;2178.271973;0.099860;0.000000;0.000000;0.000000;0.000000;2.000000;-216.836792;-302.366272;2124.799805;0.042856;0.000000;0.000000;0.000000;0.000000;2.000000;-93.608337;-235.954147;1934.650024;0.112504;0.000000;0.000000;0.000000;0.000000;2.000000;-44.674538;-155.705109;1889.597046;0.208913;0.000000;0.000000;0.000000;0.000000;2.000000;54.712460;-161.237671;1850.965210;0.108946;0.000000;0.000000;0.000000;0.000000;2.000000;7.757457;-192.338776;1850.497192;0.050093;0.000000;0.000000;0.000000;0.000000;2.000000;91.590935;-146.683853;1998.318970;0.027585;0.000000;0.000000;0.000000;0.000000;2.000000;258.472443;-67.842926;1640.673096;0.113727;0.000000;0.000000;0.000000;0.000000;2.000000;203.050354;310.967407;1603.645264;0.060427;0.000000;0.000000;0.000000;0.000000;2.000000;238.639069;413.044739;1449.426025;0.038310;0.000000;0.000000;0.000000;0.000000;2.000000;-82.591568;-152.990295;2001.515869;0.024870;0.000000;0.000000;0.000000;0.000000;2.000000;-266.732880;-51.258118;1658.923096;0.086484;0.000000;0.000000;0.000000;0.000000;2.000000;-274.071167;333.305847;1603.016235;0.038624;0.000000;0.000000;0.000000;0.000000;2.000000;-321.229858;405.208008;1452.579346;0.107562;0.000000;0.000000;0.000000;0.000000;2.000000;18.846279;-724.642761;2193.829590;0.138069;0.000000;0.000000;0.000000;0.000000;2.000000;134.066727;-745.159546;2082.477051;0.129543;0.000000;0.000000;0.000000;0.000000;2.000000;138.514099;-775.224609;2129.832764;0.057245;0.000000;0.000000;0.000000;0.000000;2.000000;100.190002;-760.321167;2250.462402;0.124056;0.000000;0.000000;0.000000;0.000000;2.000000;104.135658;-786.672302;2091.756836;0.115680;0.000000;0.000000;0.000000;0.000000;2.000000;-15.620827;-810.222229;2141.286621;0.254133;0.000000;0.000000;0.000000;0.000000;2.000000;16771766272.000000
0.000000;-150.000015;2000.000000;0.000000;0.000000;0.000000;0.000000;0.000000;2.000000;7.161214;-298.092590;2100.359375;0.034874;0.000000;0.000000;0.000000;0.000000;2.000000;12.960167;-425.845459;2164.643555;0.030124;0.000000;0.000000;0.000000;0.000000;2.000000;17.993088;-641.486633;2195.353027;0.040861;0.000000;0.000000;0.000000;0.000000;2.000000;50.953583;-605.136658;2191.916016;0.040138;0.000000;0.000000;0.000000;0.000000;2.000000;190.309845;-573.020752;2180.559570;0.044112;0.000000;0.000000;0.000000;0.000000;2.000000;249.080109;-314.141449;2100.340576;0.045261;0.000000;0.000000;0.000000;0.000000;2.000000;132.711533;-218.835419;1922.712280;0.043272;0.000000;0.000000;0.000000;0.000000;2.000000;70.047348;-163.959824;1971.702759;0.068942;0.000000;0.000000;0.000000;0.000000;2.000000;59.063499;-139.251892;1866.690674;0.043130;0.000000;0.000000;0.000000;0.000000;2.000000;44.933929;-165.300568;1850.623413;0.026076;0.000000;0.000000;0.000000;0.000000;2.000000;-16.561602;-606.276245;2190.729248;0.034246;0.000000;0.000000;0.000000;0.000000;2.000000;-143.089371;-570.916565;2178.147949;0.022655;0.000000;0.000000;0.000000;0.000000;2.000000;-217.388962;-303.612122;2124.547852;0.041010;0.000000;0.000000;0.000000;0.000000;2.000000;-93.443962;-234.295013;1936.426147;0.072090;0.000000;0.000000;0.000000;0.000000;2.000000;-43.997322;-155.630341;1889.597656;0.020162;0.000000;0.000000;0.000000;0.000000;2.000000;54.700432;-160.677628;1849.672241;0.041699;0.000000;0.000000;0.000000;0.000000;2.000000;7.128735;-193.915604;1849.610352;0.056677;0.000000;0.000000;0.000000;0.000000;2.000000;91.429955;-146.631454;1998.446655;0.006275;0.000000;0.000000;0.000000;0.000000;2.000000;257.593750;-68.587921;1641.087646;0.036231;0.000000;0.000000;0.000000;0.000000;2.000000;202.882675;309.591309;1603.572998;0.041080;0.000000;0.000000;0.000000;0.000000;2.000000;237.865952;413.288818;1450.706299;0.044844;0.000000;0.000000;0.000000;0.000000;2.000000;-82.446411;-153.037613;2001.400635;0.005661;0.000000;0.000000;0.000000;0.000000;2.000000;-266.702911;-51.332855;1659.691528;0.022865;0.000000;0.000000;0.000000;0.000000;2.000000;-274.582550;332.321655;1602.375366;0.037907;0.000000;0.000000;0.000000;0.000000;2.000000;-321.761597;405.584839;1452.955566;0.022269;0.000000;0.000000;0.000000;0.000000;2.000000;20.127392;-723.412842;2193.431152;0.053861;0.000000;0.000000;0.000000;0.000000;2.000000;135.256287;-749.463867;2083.562500;0.136000;0.000000;0.000000;0.000000;0.000000;2.000000;136.704437;-780.868774;2130.110840;0.175595;0.000000;0.000000;0.000000;0.000000;2.000000;97.561165;-766.207642;2250.269531;0.190865;0.000000;0.000000;0.000000;0.000000;2.000000;102.308067;-788.838257;2091.298828;0.084954;0.000000;0.000000;0.000000;0.000000;2.000000;-19.454554;-804.805664;2138.281494;0.215576;0.000000;0.000000;0.000000;0.000000;2.000000;16771800064.000000
0.000000;-150.000000;2000.000000;0.000000;0.000000;0.000000;0.000000;0.000000;2.000000;7.161193;-298.092285;2100.359375;0.000009;0.000000;0.000000;0.000000;0.000000;2.000000;12.960127;-425.844971;2164.643555;0.000014;0.000000;0.000000;0.000000;0.000000;2.000000;17.993479;-641.485901;2195.352539;0.000029;0.000000;0.000000;0.000000;0.000000;2.000000;50.953857;-605.135864;2191.915527;0.000029;0.000000;0.000000;0.000000;0.000000;2.000000;190.309891;-573.019775;2180.559570;0.000029;0.000000;0.000000;0.000000;0.000000;2.000000;249.080566;-314.140717;2100.341064;0.000029;0.000000;0.000000;0.000000;0.000000;2.000000;132.712357;-218.833664;1922.713501;0.000068;0.000000;0.000000;0.000000;0.000000;2.000000;70.048615;-163.958191;1971.704346;0.000077;0.000000;0.000000;0.000000;0.000000;2.000000;59.064316;-139.249084;1866.692627;0.000104;0.000000;0.000000;0.000000;0.000000;2.000000;44.935043;-165.297989;1850.625366;0.000101;0.000000;0.000000;0.000000;0.000000;2.000000;-16.561232;-606.275574;2190.728516;0.000031;0.000000;0.000000;0.000000;0.000000;2.000000;-143.088974;-570.916382;2178.147949;0.000013;0.000000;0.000000;0.000000;0.000000;2.000000;-217.390686;-303.612823;2124.548340;0.000057;0.000000;0.000000;0.000000;0.000000;2.000000;-93.446030;-234.293854;1936.427490;0.000081;0.000000;0.000000;0.000000;0.000000;2.000000;-44.000381;-155.628128;1889.599976;0.000131;0.000000;0.000000;0.000000;0.000000;2.000000;54.697899;-160.674698;1849.676270;0.000165;0.000000;0.000000;0.000000;0.000000;2.000000;7.127112;-193.911072;1849.614868;0.000195;0.000000;0.000000;0.000000;0.000000;2.000000;91.429832;-146.631424;1998.446655;0.000004;0.000000;0.000000;0.000000;0.000000;2.000000;257.593353;-68.588654;1641.087891;0.000026;0.000000;0.000000;0.000000;0.000000;2.000000;202.882538;309.589996;1603.572754;0.000040;0.000000;0.000000;0.000000;0.000000;2.000000;237.865692;413.286285;1450.705322;0.000081;0.000000;0.000000;0.000000;0.000000;2.000000;-82.446312;-153.037582;2001.400635;0.000003;0.000000;0.000000;0.000000;0.000000;2.000000;-266.702789;-51.333099;1659.692139;0.000020;0.000000;0.000000;0.000000;0.000000;2.000000;-274.582214;332.320953;1602.376465;0.000040;0.000000;0.000000;0.000000;0.000000;2.000000;-321.762329;405.585358;1452.957764;0.000070;0.000000;0.000000;0.000000;0.000000;2.000000;20.127960;-723.411987;2193.430176;0.000042;0.000000;0.000000;0.000000;0.000000;2.000000;135.257568;-749.457764;2083.561523;0.000187;0.000000;0.000000;0.000000;0.000000;2.000000;136.706741;-780.863159;2130.109863;0.000182;0.000000;0.000000;0.000000;0.000000;2.000000;97.563019;-766.204834;2250.268555;0.000104;0.000000;0.000000;0.000000;0.000000;2.000000;102.310699;-788.833374;2091.297363;0.000170;0.000000;0.000000;0.000000;0.000000;2.000000;-19.451246;-804.805298;2138.279785;0.000111;0.000000;0.000000;0.000000;0.000000;2.000000;16771833856.000000
0.000000;-150.000000;2000.000000;0.000000;0.000000;0.000000;0.000000;0.000000;2.000000;7.161193;-298.092285;2100.359375;0.000000;0.000000;0.000000;0.000000;0.000000;2.000000;12.960127;-425.844971;2164.643555;0.000000;0.000000;0.000000;0.000000;0.000000;2.000000;17.993479;-641.485901;2195.352539;0.000000;0.000000;0.000000;0.000000;0.000000;2.000000;50.953857;-605.135864;2191.915527;0.000000;0.000000;0.000000;0.000000;0.000000;2.000000;190.309891;-573.019775;2180.559570;0.000000;0.000000;0.000000;0.000000;0.000000;2.000000;249.080566;-314.140717;2100.341064;0.000000;0.000000;0.000000;0.000000;0.000000;2.000000;132.712357;-218.833664;1922.713501;0.000000;0.000000;0.000000;0.000000;0.000000;2.000000;70.048615;-163.958191;1971.704346;0.000000;0.000000;0.000000;0.000000;0.000000;2.000000;59.064316;-139.249084;1866.692627;0.000000;0.000000;0.000000;0.000000;0.000000;2.000000;44.935043;-165.297989;1850.625366;0.000000;0.000000;0.000000;0.000000;0.000000;2.000000;-16.561232;-606.275574;2190.728516;0.000000;0.000000;0.000000;0.000000;0.000000;2.000000;-143.088974;-570.916382;2178.147949;0.000000;0.000000;0.000000;0.000000;0.000000;2.000000;-217.390686;-303.612823;2124.548340;0.000000;0.000000;0.000000;0.000000;0.000000;2.000000;-93.446030;-234.293854;1936.427490;0.000000;0.000000;0.000000;0.000000;0.000000;2.000000;-44.000381;-155.628128;1889.599976;0.000000;0.000000;0.000000;0.000000;0.000000;2.000000;54.697899;-160.674698;1849.676270;0.000000;0.000000;0.000000;0.000000;0.000000;2.000000;7.127112;-193.911072;1849.614868;0.000000;0.000000;0.000000;0.000000;0.000000;2.000000;91.429832;-146.631424;1998.446655;0.000000;0.000000;0.000000;0.000000;0.000000;2.000000;257.593353;-68.588654;1641.087891;0.000000;0.000000;0.000000;0.000000;0.000000;2.000000;202.882538;309.589996;1603.572754;0.000000;0.000000;0.000000;0.000000;0.000000;2.000000;237.865692;413.286285;1450.705322;0.000000;0.000000;0.000000;0.000000;0.000000;2.000000;-82.446312;-153.037582;2001.400635;0.000000;0.000000;0.000000;0.000000;0.000000;2.000000;-266.702789;-51.333099;1659.692139;0.000000;0.000000;0.000000;0.000000;0.000000;2.000000;-274.582214;332.320953;1602.376465;0.000000;0.000000;0.000000;0.000000;0.000000;2.000000;-321.762329;405.585358;1452.957764;0.000000;0.000000;0.000000;0.000000;0.000000;2.000000;20.127960;-723.411987;2193.430176;0.000000;0.000000;0.000000;0.000000;0.000000;2.000000;135.257568;-749.457764;2083.561523;0.000000;0.000000;0.000000;0.000000;0.000000;2.000000;136.706741;-780.863159;2130.109863;0.000000;0.000000;0.000000;0.000000;0.000000;2.000000;97.563019;-766.204834;2250.268555;0.000000;0.000000;0.000000;0.000000;0.000000;2.000000;102.310699;-788.833374;2091.297363;0.000000;0.000000;0.000000;0.000000;0.000000;2.000000;-19.451246;-804.805298;2138.279785;0.000000;0.000000;0.000000;0.000000;0.000000;2.000000;16771866624.000000
0.000000;-150.000000;2000.000000;0.000000;0.000000;0.000000;0.000000;0.000000;2.000000;6.691956;-297.516510;2101.062744;0.030272;0.000000;0.000000;0.000000;0.000000;2.000000;12.350468;-425.587799;2164.546387;0.019791;0.000000;0.000000;0.000000;0.000000;2.000000;17.817530;-640.970947;2196.133301;0.028163;0.000000;0.000000;0.000000;0.000000;2.000000;50.686810;-604.590332;2192.536133;0.025698;0.000000;0.000000;0.000000;0.000000;2.000000;190.081940;-573.230530;2180.553711;0.009189;0.000000;0.000000;0.000000;0.000000;2.000000;249.928406;-314.818939;2100.147705;0.032635;0.000000;0.000000;0.000000;0.000000;2.000000;133.967422;-218.534637;1922.947998;0.038806;0.000000;0.000000;0.000000;0.000000;2.000000;73.316292;-161.544449;1971.953247;0.120446;0.000000;0.000000;0.000000;0.000000;2.000000;59.242325;-139.842270;1866.707153;0.018332;0.000000;0.000000;0.000000;0.000000;2.000000;45.085484;-165.949036;1851.434204;0.031047;0.000000;0.000000;0.000000;0.000000;2.000000;-16.789371;-605.867798;2191.376953;0.023652;0.000000;0.000000;0.000000;0.000000;2.000000;-143.360580;-570.772583;2179.259277;0.034122;0.000000;0.000000;0.000000;0.000000;2.000000;-217.152054;-304.382507;2121.390625;0.096440;0.000000;0.000000;0.000000;0.000000;2.000000;-93.317444;-235.085739;1933.350586;0.094098;0.000000;0.000000;0.000000;0.000000;2.000000;-44.088970;-154.852203;1889.154541;0.026606;0.000000;0.000000;0.000000;0.000000;2.000000;55.463802;-161.833008;1851.887573;0.077272;0.000000;0.000000;0.000000;0.000000;2.000000;8.981333;-193.319092;1848.767578;0.062821;0.000000;0.000000;0.000000;0.000000;2.000000;91.376160;-146.245331;1999.429932;0.031301;0.000000;0.000000;0.000000;0.000000;2.000000;257.846436;-70.375153;1641.992798;0.059734;0.000000;0.000000;0.000000;0.000000;2.000000;202.533279;307.293488;1602.426514;0.076655;0.000000;0.000000;0.000000;0.000000;2.000000;237.504379;412.234894;1450.535522;0.033281;0.000000;0.000000;0.000000;0.000000;2.000000;-82.397903;-153.385727;2000.514038;0.028224;0.000000;0.000000;0.000000;0.000000;2.000000;-266.662231;-51.887726;1659.005859;0.026140;0.000000;0.000000;0.000000;0.000000;2.000000;-274.927734;331.640167;1602.338867;0.022620;0.000000;0.000000;0.000000;0.000000;2.000000;-322.542969;406.291229;1453.856934;0.040964;0.000000;0.000000;0.000000;0.000000;2.000000;20.112333;-722.855225;2194.551758;0.037058;0.000000;0.000000;0.000000;0.000000;2.000000;134.032593;-744.759766;2082.666992;0.146094;0.000000;0.000000;0.000000;0.000000;2.000000;136.094116;-777.698486;2128.081543;0.112704;0.000000;0.000000;0.000000;0.000000;2.000000;98.262436;-767.253906;2249.024414;0.052419;0.000000;0.000000;0.000000;0.000000;2.000000;101.313065;-784.466431;2089.422852;0.143698;0.000000;0.000000;0.000000;0.000000;2.000000;-19.803745;-802.429321;2137.146973;0.078590;0.000000;0.000000;0.000000;0.000000;2.000000;16771900416.000000
0.000000;-149.999985;2000.000000;0.000000;0.000000;0.000000;0.000000;0.000000;2.000000;7.409305;-297.089111;2101.337891;0.026831;0.000000;0.000000;0.000000;0.000000;2.000000;13.643927;-425.237274;2164.307617;0.041541;0.000000;0.000000;0.000000;0.000000;2.000000;19.488892;-640.399353;2195.923828;0.054284;0.000000;0.000000;0.000000;0.000000;2.000000;52.261246;-603.991821;2192.345215;0.051732;0.000000;0.000000;0.000000;0.000000;2.000000;191.491226;-572.728516;2179.813721;0.050935;0.000000;0.000000;0.000000;0.000000;2.000000;251.335785;-314.230377;2100.590332;0.048474;0.000000;0.000000;0.000000;0.000000;2.000000;135.513779;-217.727493;1923.705566;0.058036;0.000000;0.000000;0.000000;0.000000;2.000000;71.605606;-164.765518;1972.911499;0.115080;0.000000;0.000000;0.000000;0.000000;2.000000;60.504913;-139.192795;1868.285645;0.064792;0.000000;0.000000;0.000000;0.000000;2.000000;46.738056;-165.738251;1852.176392;0.055658;0.000000;0.000000;0.000000;0.000000;2.000000;-15.148149;-605.395813;2191.137207;0.052627;0.000000;0.000000;0.000000;0.000000;2.000000;-141.589310;-570.649536;2178.043457;0.065671;0.000000;0.000000;0.000000;0.000000;2.000000;-216.112457;-303.882263;2124.291016;0.095258;0.000000;0.000000;0.000000;0.000000;2.000000;-92.314156;-235.372177;1936.215942;0.093061;0.000000;0.000000;0.000000;0.000000;2.000000;-44.068420;-155.527176;1890.488892;0.045639;0.000000;0.000000;0.000000;0.000000;2.000000;55.030388;-161.590027;1852.152588;0.017186;0.000000;0.000000;0.000000;0.000000;2.000000;9.316346;-193.999023;1851.379150;0.082988;0.000000;0.000000;0.000000;0.000000;2.000000;91.275871;-145.949997;1999.204834;0.011738;0.000000;0.000000;0.000000;0.000000;2.000000;259.558075;-69.285339;1643.212158;0.072245;0.000000;0.000000;0.000000;0.000000;2.000000;204.304626;307.970825;1603.124878;0.061674;0.000000;0.000000;0.000000;0.000000;2.000000;239.122040;413.313354;1451.695190;0.069085;0.000000;0.000000;0.000000;0.000000;2.000000;-82.307472;-153.652039;2000.717041;0.010585;0.000000;0.000000;0.000000;0.000000;2.000000;-265.272522;-51.387390;1659.181396;0.045393;0.000000;0.000000;0.000000;0.000000;2.000000;-273.283661;331.804382;1602.695313;0.051583;0.000000;0.000000;0.000000;0.000000;2.000000;-320.243011;405.233032;1453.585327;0.077705;0.000000;0.000000;0.000000;0.000000;2.000000;21.937225;-722.202637;2194.366699;0.059414;0.000000;0.000000;0.000000;0.000000;2.000000;135.513062;-742.936279;2082.126709;0.073552;0.000000;0.000000;0.000000;0.000000;2.000000;138.023041;-775.897827;2127.436768;0.082898;0.000000;0.000000;0.000000;0.000000;2.000000;100.592506;-765.979248;2248.423340;0.083102;0.000000;0.000000;0.000000;0.000000;2.000000;103.189026;-782.893738;2088.933838;0.076182;0.000000;0.000000;0.000000;0.000000;2.000000;-17.477148;-801.947266;2137.035156;0.072590;0.000000;0.000000;0.000000;0.000000;2.000000;16771933184.000000
0.000000;-150.000015;2000.000000;0.000001;0.000000;0.000000;0.000000;0.000000;2.000000;7.516400;-297.559509;2100.958984;0.018154;0.000000;0.000000;0.000000;0.000000;2.000000;13.762539;-426.008698;2163.636230;0.030467;0.000000;0.000000;0.000000;0.000000;2.000000;18.737616;-641.240234;2196.396729;0.036185;0.000000;0.000000;0.000000;0.000000;2.000000;51.693451;-604.958130;2192.567627;0.033814;0.000000;0.000000;0.000000;0.000000;2.000000;190.856476;-572.773560;2179.996582;0.019593;0.000000;0.000000;0.000000;0.000000;2.000000;251.762329;-314.416199;2100.162598;0.018703;0.000000;0.000000;0.000000;0.000000;2.000000;134.927353;-219.907623;1922.564941;0.074852;0.000000;0.000000;0.000000;0.000000;2.000000;73.079010;-164.242477;1971.607178;0.060254;0.000000;0.000000;0.000000;0.000000;2.000000;61.226105;-139.312943;1866.797485;0.049067;0.000000;0.000000;0.000000;0.000000;2.000000;47.048027;-166.091080;1851.018433;0.036978;0.000000;0.000000;0.000000;0.000000;2.000000;-15.790394;-606.077393;2191.482910;0.029542;0.000000;0.000000;0.000000;0.000000;2.000000;-142.105499;-570.323425;2178.567871;0.023818;0.000000;0.000000;0.000000;0.000000;2.000000;-215.994232;-303.220886;2124.135742;0.020406;0.000000;0.000000;0.000000;0.000000;2.000000;-92.111343;-235.179382;1935.653809;0.018582;0.000000;0.000000;0.000000;0.000000;2.000000;-43.623642;-155.838806;1889.077637;0.044749;0.000000;0.000000;0.000000;0.000000;2.000000;55.378307;-160.907135;1850.059082;0.065974;0.000000;0.000000;0.000000;0.000000;2.000000;9.190315;-193.967621;1850.471191;0.027143;0.000000;0.000000;0.000000;0.000000;2.000000;91.369652;-146.081955;1998.924072;0.009591;0.000000;0.000000;0.000000;0.000000;2.000000;259.729736;-69.394318;1642.523926;0.021237;0.000000;0.000000;0.000000;0.000000;2.000000;203.785309;308.146057;1602.424561;0.026317;0.000000;0.000000;0.000000;0.000000;2.000000;239.422638;413.252258;1450.790161;0.028279;0.000000;0.000000;0.000000;0.000000;2.000000;-82.392036;-153.533112;2000.970215;0.008648;0.000000;0.000000;0.000000;0.000000;2.000000;-265.396515;-50.987915;1659.072510;0.012790;0.000000;0.000000;0.000000;0.000000;2.000000;-273.537201;332.623230;1602.810303;0.025594;0.000000;0.000000;0.000000;0.000000;2.000000;-320.382416;405.636292;1453.262085;0.015841;0.000000;0.000000;0.000000;0.000000;2.000000;20.831623;-723.141602;2195.260742;0.050424;0.000000;0.000000;0.000000;0.000000;2.000000;134.573273;-743.145874;2082.827148;0.035236;0.000000;0.000000;0.000000;0.000000;2.000000;137.231262;-776.246765;2128.096191;0.032194;0.000000;0.000000;0.000000;0.000000;2.000000;99.756050;-766.782471;2249.237793;0.041936;0.000000;0.000000;0.000000;0.000000;2.000000;102.380920;-783.291016;2089.545898;0.032221;0.000000;0.000000;0.000000;0.000000;2.000000;-18.314205;-802.976013;2137.676514;0.043596;0.000000;0.000000;0.000000;0.000000;2.000000;16771966976.000000
0.000000;-149.999985;2000.000000;0.000001;0.000000;0.000000;0.000000;0.000000;2.000000;7.604039;-298.234589;2100.701416;0.022212;0.000000;0.000000;0.000000;0.000000;2.000000;13.826986;-426.865906;2163.766113;0.026532;0.000000;0.000000;0.000000;0.000000;2.000000;17.982105;-643.010376;2193.893555;0.096361;0.000000;0.000000;0.000000;0.000000;2.000000;51.158493;-606.737793;2190.427246;0.086503;0.000000;0.000000;0.000000;0.000000;2.000000;190.591812;-574.056213;2178.336182;0.064537;0.000000;0.000000;0.000000;0.000000;2.000000;252.143127;-314.484985;2100.725586;0.020848;0.000000;0.000000;0.000000;0.000000;2.000000;133.106949;-222.300629;1922.659546;0.091803;0.000000;0.000000;0.000000;0.000000;2.000000;73.776306;-163.589996;1971.703735;0.029292;0.000000;0.000000;0.000000;0.000000;2.000000;57.610779;-138.184875;1867.324585;0.116691;0.000000;0.000000;0.000000;0.000000;2.000000;46.595821;-166.119003;1850.161377;0.029585;0.000000;0.000000;0.000000;0.000000;2.000000;-16.488848;-607.562134;2189.495605;0.078648;0.000000;0.000000;0.000000;0.000000;2.000000;-143.034622;-571.403564;2176.831543;0.068544;0.000000;0.000000;0.000000;0.000000;2.000000;-216.209015;-303.211487;2123.389893;0.023688;0.000000;0.000000;0.000000;0.000000;2.000000;-90.090271;-235.953339;1935.424805;0.066415;0.000000;0.000000;0.000000;0.000000;2.000000;-43.190651;-155.774689;1888.122925;0.032052;0.000000;0.000000;0.000000;0.000000;2.000000;56.697678;-162.026352;1850.899292;0.058696;0.000000;0.000000;0.000000;0.000000;2.000000;10.464083;-193.885925;1848.242554;0.078377;0.000000;0.000000;0.000000;0.000000;2.000000;91.585442;-146.262527;1998.586060;0.013422;0.000000;0.000000;0.000000;0.000000;2.000000;259.461548;-70.648956;1640.678223;0.068598;0.000000;0.000000;0.000000;0.000000;2.000000;203.820282;307.964417;1601.742554;0.021565;0.000000;0.000000;0.000000;0.000000;2.000000;238.971832;411.153015;1448.148315;0.103892;0.000000;0.000000;0.000000;0.000000;2.000000;-82.586624;-153.370193;2001.275269;0.012110;0.000000;0.000000;0.000000;0.000000;2.000000;-265.821503;-52.389862;1657.942871;0.056455;0.000000;0.000000;0.000000;0.000000;2.000000;-273.004913;332.069397;1601.120605;0.056644;0.000000;0.000000;0.000000;0.000000;2.000000;-320.669769;404.496277;1451.081787;0.075594;0.000000;0.000000;0.000000;0.000000;2.000000;19.731104;-725.089722;2191.724609;0.127703;0.000000;0.000000;0.000000;0.000000;2.000000;134.934189;-745.810059;2080.375977;0.111029;0.000000;0.000000;0.000000;0.000000;2.000000;138.264969;-777.290649;2126.900879;0.057799;0.000000;0.000000;0.000000;0.000000;2.000000;99.720535;-764.637573;2247.726074;0.080088;0.000000;0.000000;0.000000;0.000000;2.000000;103.780357;-786.692505;2088.358398;0.117952;0.000000;0.000000;0.000000;0.000000;2.000000;-16.875124;-808.166870;2136.658203;0.167299;0.000000;0.000000;0.000000;0.000000;2.000000;16771999744.000000
0.000000;-150.000000;2000.000000;0.000000;0.000000;0.000000;0.000000;0.000000;2.000000;8.201058;-297.156189;2101.610840;0.045330;0.000000;0.000000;0.000000;0.000000;2.000000;14.866993;-425.154022;2165.281738;0.074332;0.000000;0.000000;0.000000;0.000000;2.000000;20.409994;-640.700562;2196.378906;0.123466;0.000000;0.000000;0.000000;0.000000;2.000000;53.287369;-604.303589;2192.734131;0.117552;0.000000;0.000000;0.000000;0.000000;2.000000;192.709656;-573.330383;2179.405273;0.073418;0.000000;0.000000;0.000000;0.000000;2.000000;254.035995;-314.697296;2100.430908;0.057037;0.000000;0.000000;0.000000;0.000000;2.000000;132.216202;-220.453827;1925.955444;0.114868;0.000000;0.000000;0.000000;0.000000;2.000000;70.177795;-166.667740;1976.888916;0.207799;0.000000;0.000000;0.000000;0.000000;2.000000;52.381165;-136.100937;1874.395996;0.267478;0.000000;0.000000;0.000000;0.000000;2.000000;47.707253;-161.058838;1852.659180;0.170203;0.000000;0.000000;0.000000;0.000000;2.000000;-14.221907;-605.564331;2191.833496;0.113058;0.000000;0.000000;0.000000;0.000000;2.000000;-140.711395;-570.294922;2178.790039;0.095719;0.000000;0.000000;0.000000;0.000000;2.000000;-215.924103;-303.755615;2122.883301;0.023561;0.000000;0.000000;0.000000;0.000000;2.000000;-91.208054;-235.246857;1935.010986;0.041003;0.000000;0.000000;0.000000;0.000000;2.000000;-43.116623;-155.020660;1889.465698;0.045626;0.000000;0.000000;0.000000;0.000000;2.000000;57.443703;-156.598419;1854.207520;0.189402;0.000000;0.000000;0.000000;0.000000;2.000000;10.981650;-193.391739;1849.247314;0.036504;0.000000;0.000000;0.000000;0.000000;2.000000;91.394600;-146.100281;1998.271240;0.011906;0.000000;0.000000;0.000000;0.000000;2.000000;259.721375;-68.417480;1641.901855;0.075704;0.000000;0.000000;0.000000;0.000000;2.000000;203.996582;309.422028;1602.959229;0.056429;0.000000;0.000000;0.000000;0.000000;2.000000;240.007050;413.531891;1450.640137;0.106451;0.000000;0.000000;0.000000;0.000000;2.000000;-82.414536;-153.516541;2001.558960;0.010732;0.000000;0.000000;0.000000;0.000000;2.000000;-265.292328;-51.396881;1659.290527;0.051954;0.000000;0.000000;0.000000;0.000000;2.000000;-273.079987;332.303497;1602.589600;0.044076;0.000000;0.000000;0.000000;0.000000;2.000000;-319.699707;404.526581;1452.513672;0.051190;0.000000;0.000000;0.000000;0.000000;2.000000;22.681034;-722.616455;2194.604980;0.142279;0.000000;0.000000;0.000000;0.000000;2.000000;136.726410;-744.430115;2082.730469;0.096619;0.000000;0.000000;0.000000;0.000000;2.000000;138.917740;-777.237976;2128.262939;0.044724;0.000000;0.000000;0.000000;0.000000;2.000000;101.037300;-766.570190;2249.228516;0.082256;0.000000;0.000000;0.000000;0.000000;2.000000;104.145737;-784.258362;2089.611084;0.081731;0.000000;0.000000;0.000000;0.000000;2.000000;-16.950232;-802.549316;2137.417725;0.167766;0.000000;0.000000;0.000000;0.000000;2.000000;16772033536.000000
0.000000;-150.000000;2000.000000;0.000000;0.000000;0.000000;0.000000;0.000000;2.000000;8.032052;-297.085175;2101.495605;0.006608;0.000000;0.000000;0.000000;0.000000;2.000000;14.555703;-424.933167;2165.246582;0.011697;0.000000;0.000000;0.000000;0.000000;2.000000;19.737198;-640.183472;2197.322021;0.038716;0.000000;0.000000;0.000000;0.000000;2.000000;52.651550;-603.887634;2193.494141;0.032796;0.000000;0.000000;0.000000;0.000000;2.000000;191.923279;-572.921265;2179.715576;0.028661;0.000000;0.000000;0.000000;0.000000;2.000000;254.089767;-314.567444;2101.199951;0.023858;0.000000;0.000000;0.000000;0.000000;2.000000;130.647232;-221.004654;1927.729492;0.074204;0.000000;0.000000;0.000000;0.000000;2.000000;67.311890;-169.781830;1979.566650;0.152836;0.000000;0.000000;0.000000;0.000000;2.000000;50.579090;-129.998032;1880.189453;0.262623;0.000000;0.000000;0.000000;0.000000;2.000000;46.679207;-159.386063;1857.105347;0.148328;0.000000;0.000000;0.000000;0.000000;2.000000;-14.810696;-605.034607;2192.633301;0.034350;0.000000;0.000000;0.000000;0.000000;2.000000;-141.270416;-570.083435;2179.425293;0.026618;0.000000;0.000000;0.000000;0.000000;2.000000;-215.754456;-303.432617;2124.125977;0.039524;0.000000;0.000000;0.000000;0.000000;2.000000;-92.660065;-234.997879;1935.376099;0.046319;0.000000;0.000000;0.000000;0.000000;2.000000;-44.406544;-154.827316;1890.079590;0.043993;0.000000;0.000000;0.000000;0.000000;2.000000;57.069569;-155.861313;1857.786133;0.112086;0.000000;0.000000;0.000000;0.000000;2.000000;9.779064;-192.121597;1850.204590;0.060851;0.000000;0.000000;0.000000;0.000000;2.000000;91.331604;-146.191864;1998.290894;0.003445;0.000000;0.000000;0.000000;0.000000;2.000000;258.805481;-67.851135;1641.996094;0.032988;0.000000;0.000000;0.000000;0.000000;2.000000;204.039993;309.775543;1602.410889;0.019954;0.000000;0.000000;0.000000;0.000000;2.000000;238.769196;413.529266;1449.722046;0.047033;0.000000;0.000000;0.000000;0.000000;2.000000;-82.357727;-153.433975;2001.541138;0.003106;0.000000;0.000000;0.000000;0.000000;2.000000;-265.844482;-51.391388;1659.921509;0.025588;0.000000;0.000000;0.000000;0.000000;2.000000;-273.649475;332.016876;1603.195068;0.026832;0.000000;0.000000;0.000000;0.000000;2.000000;-320.445129;404.669708;1453.528076;0.038664;0.000000;0.000000;0.000000;0.000000;2.000000;21.863863;-722.050415;2195.929688;0.050543;0.000000;0.000000;0.000000;0.000000;2.000000;134.595566;-744.952026;2083.115723;0.067975;0.000000;0.000000;0.000000;0.000000;2.000000;137.256393;-777.320557;2128.886230;0.054210;0.000000;0.000000;0.000000;0.000000;2.000000;100.720413;-765.529480;2250.062500;0.041833;0.000000;0.000000;0.000000;0.000000;2.000000;102.089676;-784.662537;2090.706543;0.072158;0.000000;0.000000;0.000000;0.000000;2.000000;-18.405205;-802.413818;2139.948486;0.089183;0.000000;0.000000;0.000000;0.000000;2.000000;16772066304.000000
