posX0;posY0;posZ0;posVel0;rotX0;rotY0;rotZ0;rotVel0;confidence0;posX1;posY1;posZ1;posVel1;rotX1;rotY1;rotZ1;rotVel1;confidence1;posX2;posY2;posZ2;posVel2;rotX2;rotY2;rotZ2;rotVel2;confidence2;posX3;posY3;posZ3;posVel3;rotX3;rotY3;rotZ3;rotVel3;confidence3;posX4;posY4;posZ4;posVel4;rotX4;rotY4;rotZ4;rotVel4;confidence4;posX5;posY5;posZ5;posVel5;rotX5;rotY5;rotZ5;rotVel5;confidence5;posX6;posY6;posZ6;posVel6;rotX6;rotY6;rotZ6;rotVel6;confidence6;posX7;posY7;posZ7;posVel7;rotX7;rotY7;rotZ7;rotVel7;confidence7;posX8;posY8;posZ8;posVel8;rotX8;rotY8;rotZ8;rotVel8;confidence8;posX9;posY9;posZ9;posVel9;rotX9;rotY9;rotZ9;rotVel9;confidence9;posX10;posY10;posZ10;posVel10;rotX10;rotY10;rotZ10;rotVel10;confidence10;posX11;posY11;posZ11;posVel11;rotX11;rotY11;rotZ11;rotVel11;confidence11;posX12;posY12;posZ12;posVel12;rotX12;rotY12;rotZ12;rotVel12;confidence12;posX13;posY13;posZ13;posVel13;rotX13;rotY13;rotZ13;rotVel13;confidence13;posX14;posY14;posZ14;posVel14;rotX14;rotY14;rotZ14;rotVel14;confidence14;posX15;posY15;posZ15;posVel15;rotX15;rotY15;rotZ15;rotVel15;confidence15;posX16;posY16;posZ16;posVel16;rotX16;rotY16;rotZ16;rotVel16;confidence16;posX17;posY17;posZ17;posVel17;rotX17;rotY17;rotZ17;rotVel17;confidence17;posX18;posY18;posZ18;posVel18;rotX18;rotY18;rotZ18;rotVel18;confidence18;posX19;posY19;posZ19;posVel19;rotX19;rotY19;rotZ19;rotVel19;confidence19;posX20;posY20;posZ20;posVel20;rotX20;rotY20;rotZ20;rotVel20;confidence20;posX21;posY21;posZ21;posVel21;rotX21;rotY21;rotZ21;rotVel21;confidence21;posX22;posY22;posZ22;posVel22;rotX22;rotY22;rotZ22;rotVel22;confidence22;posX23;posY23;posZ23;posVel23;rotX23;rotY23;rotZ23;rotVel23;confidence23;posX24;posY24;posZ24;posVel24;rotX24;rotY24;rotZ24;rotVel24;confidence24;posX25;posY25;posZ25;posVel25;rotX25;rotY25;rotZ25;rotVel25;confidence25;posX26;posY26;posZ26;posVel26;rotX26;rotY26;rotZ26;rotVel26;confidence26;posX27;posY27;posZ27;posVel27;rotX27;rotY27;rotZ27;rotVel27;confidence27;posX28;posY28;posZ28;posVel28;rotX28;rotY28;rotZ28;rotVel28;confidence28;posX29;posY29;posZ29;posVel29;rotX29;rotY29;rotZ29;rotVel29;confidence29;posX30;posY30;posZ30;posVel30;rotX30;rotY30;rotZ30;rotVel30;confidence30;posX31;posY31;posZ31;posVel31;rotX31;rotY31;rotZ31;rotVel31;confidence31;TimeStamp
0.000000;-149.999985;2000.000000;0.000000;0.000000;0.000000;0.000000;0.000000;2.000000;32.071621;-315.100006;2037.825928;0.000000;0.000000;0.000000;0.000000;0.000000;2.000000;33.092152;-452.159149;2052.206787;0.000000;0.000000;0.000000;0.000000;0.000000;2.000000;-10.382839;-652.138916;2006.095337;0.000000;0.000000;0.000000;0.000000;0.000000;2.000000;20.162716;-619.240540;1991.003174;0.000000;0.000000;0.000000;0.000000;0.000000;2.000000;82.986694;-563.862793;1881.156128;0.000000;0.000000;0.000000;0.000000;0.000000;2.000000;-2.139343;-325.714142;1795.490723;0.000000;0.000000;0.000000;0.000000;0.000000;2.000000;-196.336304;-233.472855;1732.202148;0.000000;0.000000;0.000000;0.000000;0.000000;2.000000;-288.905853;-242.160339;1728.638672;0.000000;0.000000;0.000000;0.000000;0.000000;2.000000;-377.853455;-192.329178;1751.143555;0.000000;0.000000;0.000000;0.000000;0.000000;2.000000;-310.386963;-230.070099;1696.973755;0.000000;0.000000;0.000000;0.000000;0.000000;2.000000;-25.096397;-619.562134;2037.693237;0.000000;0.000000;0.000000;0.000000;0.000000;2.000000;-120.621368;-587.565796;2115.146729;0.000000;0.000000;0.000000;0.000000;0.000000;2.000000;-258.236298;-362.158234;2180.543213;0.000000;0.000000;0.000000;0.000000;0.000000;2.000000;-375.830963;-254.986115;2018.704956;0.000000;0.000000;0.000000;0.000000;0.000000;2.000000;-442.693665;-251.379486;1944.186523;0.000000;0.000000;0.000000;0.000000;0.000000;2.000000;-527.929016;-224.725433;1893.620972;0.000000;0.000000;0.000000;0.000000;0.000000;2.000000;-467.319427;-216.659973;1942.156494;0.000000;0.000000;0.000000;0.000000;0.000000;2.000000;48.607243;-157.310211;1926.879883;0.000000;0.000000;0.000000;0.000000;0.000000;2.000000;-246.048248;-123.491791;1678.541260;0.000000;0.000000;0.000000;0.000000;0.000000;2.000000;-193.598923;229.631348;1774.583130;0.000000;0.000000;0.000000;0.000000;0.000000;2.000000;-267.428925;376.555176;1698.882568;0.000000;0.000000;0.000000;0.000000;0.000000;2.000000;-43.831295;-143.408020;2065.935547;0.000000;0.000000;0.000000;0.000000;0.000000;2.000000;-429.029968;-121.473755;2087.301270;0.000000;0.000000;0.000000;0.000000;0.000000;2.000000;-297.801025;228.286377;2084.426758;0.000000;0.000000;0.000000;0.000000;0.000000;2.000000;-406.307709;352.080933;2109.709473;0.000000;0.000000;0.000000;0.000000;0.000000;2.000000;-35.401009;-722.451477;1980.397339;0.000000;0.000000;0.000000;0.000000;0.000000;2.000000;23.348827;-734.366089;1837.167480;0.000000;0.000000;0.000000;0.000000;0.000000;2.000000;27.387066;-777.782837;1869.163940;0.000000;0.000000;0.000000;0.000000;0.000000;2.000000;32.923458;-796.543335;1990.087402;0.000000;0.000000;0.000000;0.000000;0.000000;2.000000;-15.809467;-763.856506;1846.974121;0.000000;0.000000;0.000000;0.000000;0.000000;2.000000;-112.145981;-765.943298;1929.088501;0.000000;0.000000;0.000000;0.000000;0.000000;2.000000;8320699904.000000
0.000000;-149.999985;2000.000000;0.000000;0.000000;0.000000;0.000000;0.000000;2.000000;28.826382;-315.790070;2037.303711;0.100921;0.000000;0.000000;0.000000;0.000000;2.000000;29.507298;-452.654724;2053.279541;0.113419;0.000000;0.000000;0.000000;0.000000;2.000000;-15.748379;-652.133911;2006.851074;0.162816;0.000000;0.000000;0.000000;0.000000;2.000000;14.418903;-619.183350;1991.145386;0.172652;0.000000;0.000000;0.000000;0.000000;2.000000;79.308945;-564.780151;1882.039917;0.116950;0.000000;0.000000;0.000000;0.000000;2.000000;-6.665764;-326.567932;1797.525879;0.151316;0.000000;0.000000;0.000000;0.000000;2.000000;-204.174011;-240.222961;1736.312988;0.334456;0.000000;0.000000;0.000000;0.000000;2.000000;-296.627777;-248.925323;1730.711670;0.314703;0.000000;0.000000;0.000000;0.000000;2.000000;-379.951538;-207.463181;1778.000488;0.928449;0.000000;0.000000;0.000000;0.000000;2.000000;-320.602234;-232.878296;1706.813721;0.434465;0.000000;0.000000;0.000000;0.000000;2.000000;-29.460695;-619.787842;2039.118774;0.138124;0.000000;0.000000;0.000000;0.000000;2.000000;-123.178589;-587.831177;2118.736328;0.132672;0.000000;0.000000;0.000000;0.000000;2.000000;-264.013397;-364.808289;2185.281250;0.238209;0.000000;0.000000;0.000000;0.000000;2.000000;-380.072296;-259.626343;2021.091309;0.202050;0.000000;0.000000;0.000000;0.000000;2.000000;-447.249390;-257.805786;1946.810181;0.249481;0.000000;0.000000;0.000000;0.000000;2.000000;-535.050354;-227.247345;1903.375977;0.370742;0.000000;0.000000;0.000000;0.000000;2.000000;-479.846375;-218.918716;1955.698364;0.558449;0.000000;0.000000;0.000000;0.000000;2.000000;47.328945;-158.381927;1926.174805;0.054417;0.000000;0.000000;0.000000;0.000000;2.000000;-251.180481;-126.772964;1682.273682;0.214664;0.000000;0.000000;0.000000;0.000000;2.000000;-198.113159;226.337341;1777.818237;0.194025;0.000000;0.000000;0.000000;0.000000;2.000000;-271.656860;373.942017;1703.233887;0.198495;0.000000;0.000000;0.000000;0.000000;2.000000;-42.678589;-142.441650;2066.571289;0.049069;0.000000;0.000000;0.000000;0.000000;2.000000;-426.655212;-121.168793;2029.392822;1.741524;0.000000;0.000000;0.000000;0.000000;2.000000;-303.761047;228.649963;2074.617676;0.345059;0.000000;0.000000;0.000000;0.000000;2.000000;-412.290894;348.606750;2114.135742;0.246798;0.000000;0.000000;0.000000;0.000000;2.000000;-41.662312;-722.173157;1981.329712;0.190398;0.000000;0.000000;0.000000;0.000000;2.000000;10.474491;-742.995117;1836.590088;0.466028;0.000000;0.000000;0.000000;0.000000;2.000000;14.989498;-784.742310;1870.663940;0.429576;0.000000;0.000000;0.000000;0.000000;2.000000;25.424137;-797.227417;1992.056030;0.233880;0.000000;0.000000;0.000000;0.000000;2.000000;-28.827290;-770.994263;1849.625366;0.453159;0.000000;0.000000;0.000000;0.000000;2.000000;-121.478325;-766.484558;1935.757324;0.345041;0.000000;0.000000;0.000000;0.000000;2.000000;8320733184.000000
0.000000;-150.000000;2000.000000;0.000000;0.000000;0.000000;0.000000;0.000000;2.000000;31.754990;-315.315155;2039.418091;0.109471;0.000000;0.000000;0.000000;0.000000;2.000000;31.894066;-452.734833;2054.250244;0.077460;0.000000;0.000000;0.000000;0.000000;2.000000;-14.552959;-652.426941;2007.011841;0.037298;0.000000;0.000000;0.000000;0.000000;2.000000;15.694969;-619.397339;1991.189697;0.038902;0.000000;0.000000;0.000000;0.000000;2.000000;81.286621;-565.574402;1881.680054;0.064945;0.000000;0.000000;0.000000;0.000000;2.000000;-2.525299;-326.616638;1794.549805;0.153224;0.000000;0.000000;0.000000;0.000000;2.000000;-200.197159;-239.127563;1732.973145;0.159481;0.000000;0.000000;0.000000;0.000000;2.000000;-292.790619;-249.627411;1728.059082;0.141746;0.000000;0.000000;0.000000;0.000000;2.000000;-378.973785;-203.316254;1765.379517;0.400262;0.000000;0.000000;0.000000;0.000000;2.000000;-315.535248;-233.516129;1700.187866;0.251370;0.000000;0.000000;0.000000;0.000000;2.000000;-27.940191;-620.102905;2039.652588;0.049339;0.000000;0.000000;0.000000;0.000000;2.000000;-121.624962;-586.359253;2119.193848;0.065761;0.000000;0.000000;0.000000;0.000000;2.000000;-261.984467;-362.574951;2187.575195;0.113892;0.000000;0.000000;0.000000;0.000000;2.000000;-379.185089;-260.323425;2021.394653;0.035107;0.000000;0.000000;0.000000;0.000000;2.000000;-443.933594;-261.168030;1944.568481;0.157070;0.000000;0.000000;0.000000;0.000000;2.000000;-531.630737;-228.595993;1901.646851;0.122065;0.000000;0.000000;0.000000;0.000000;2.000000;-479.351990;-223.229660;1955.139771;0.131461;0.000000;0.000000;0.000000;0.000000;2.000000;49.644058;-157.794662;1927.317261;0.079556;0.000000;0.000000;0.000000;0.000000;2.000000;-249.932693;-128.167343;1682.594727;0.057047;0.000000;0.000000;0.000000;0.000000;2.000000;-195.818024;225.698639;1779.139893;0.081863;0.000000;0.000000;0.000000;0.000000;2.000000;-269.018646;373.862396;1703.980347;0.082420;0.000000;0.000000;0.000000;0.000000;2.000000;-44.766235;-142.971207;2065.541260;0.071737;0.000000;0.000000;0.000000;0.000000;2.000000;-431.975983;-127.235550;2062.345703;1.019426;0.000000;0.000000;0.000000;0.000000;2.000000;-299.018250;222.582489;2080.443848;0.290166;0.000000;0.000000;0.000000;0.000000;2.000000;-407.960510;345.451569;2111.022461;0.186201;0.000000;0.000000;0.000000;0.000000;2.000000;-40.988445;-722.459045;1981.257935;0.022101;0.000000;0.000000;0.000000;0.000000;2.000000;6.622276;-747.080750;1835.051392;0.174950;0.000000;0.000000;0.000000;0.000000;2.000000;9.322006;-789.029907;1869.332153;0.217257;0.000000;0.000000;0.000000;0.000000;2.000000;21.741631;-801.729370;1990.894409;0.178218;0.000000;0.000000;0.000000;0.000000;2.000000;-34.156937;-772.619934;1849.145752;0.168049;0.000000;0.000000;0.000000;0.000000;2.000000;-124.658371;-762.026611;1937.570313;0.173325;0.000000;0.000000;0.000000;0.000000;2.000000;8320766464.000000
0.000000;-150.000000;2000.000000;0.000000;0.000000;0.000000;0.000000;0.000000;2.000000;29.751873;-316.412659;2035.292847;0.139541;0.000000;0.000000;0.000000;0.000000;2.000000;27.130352;-453.920105;2047.375000;0.249997;0.000000;0.000000;0.000000;0.000000;2.000000;-21.750504;-653.539917;2003.458984;0.239804;0.000000;0.000000;0.000000;0.000000;2.000000;8.091244;-620.839111;1986.392212;0.269459;0.000000;0.000000;0.000000;0.000000;2.000000;76.857147;-568.431885;1878.350342;0.184504;0.000000;0.000000;0.000000;0.000000;2.000000;-4.743786;-328.377197;1793.083740;0.094376;0.000000;0.000000;0.000000;0.000000;2.000000;-202.545044;-240.847290;1732.921021;0.086139;0.000000;0.000000;0.000000;0.000000;2.000000;-294.975403;-251.272202;1726.898315;0.087916;0.000000;0.000000;0.000000;0.000000;2.000000;-380.572021;-202.491348;1762.026978;0.112586;0.000000;0.000000;0.000000;0.000000;2.000000;-317.105682;-235.695206;1698.067871;0.101262;0.000000;0.000000;0.000000;0.000000;2.000000;-33.893494;-620.907776;2036.200684;0.205036;0.000000;0.000000;0.000000;0.000000;2.000000;-125.449524;-584.967407;2117.018311;0.136568;0.000000;0.000000;0.000000;0.000000;2.000000;-264.911652;-362.300812;2189.532959;0.104528;0.000000;0.000000;0.000000;0.000000;2.000000;-385.134369;-264.087860;2023.426514;0.216843;0.000000;0.000000;0.000000;0.000000;2.000000;-447.668640;-265.188538;1944.935425;0.162760;0.000000;0.000000;0.000000;0.000000;2.000000;-534.197876;-230.143631;1901.869507;0.088951;0.000000;0.000000;0.000000;0.000000;2.000000;-484.672913;-225.305557;1957.148315;0.179167;0.000000;0.000000;0.000000;0.000000;2.000000;46.764988;-157.436310;1925.513672;0.101095;0.000000;0.000000;0.000000;0.000000;2.000000;-254.330261;-129.504410;1683.159668;0.137042;0.000000;0.000000;0.000000;0.000000;2.000000;-197.488129;223.785339;1778.638184;0.076609;0.000000;0.000000;0.000000;0.000000;2.000000;-271.235840;371.728455;1704.075195;0.091109;0.000000;0.000000;0.000000;0.000000;2.000000;-42.170048;-143.294357;2067.167480;0.091159;0.000000;0.000000;0.000000;0.000000;2.000000;-428.602814;-121.620789;2074.298096;0.403335;0.000000;0.000000;0.000000;0.000000;2.000000;-295.479004;228.129272;2078.137207;0.206331;0.000000;0.000000;0.000000;0.000000;2.000000;-410.128784;344.685974;2111.414551;0.069030;0.000000;0.000000;0.000000;0.000000;2.000000;-49.322285;-723.572571;1979.216309;0.256044;0.000000;0.000000;0.000000;0.000000;2.000000;-5.410488;-748.215576;1832.045776;0.368557;0.000000;0.000000;0.000000;0.000000;2.000000;-0.710644;-789.757202;1866.509766;0.309169;0.000000;0.000000;0.000000;0.000000;2.000000;15.493992;-801.140442;1987.616089;0.209519;0.000000;0.000000;0.000000;0.000000;2.000000;-45.089161;-774.582397;1847.491699;0.332311;0.000000;0.000000;0.000000;0.000000;2.000000;-133.135864;-765.453613;1938.319946;0.271504;0.000000;0.000000;0.000000;0.000000;2.000000;8320800256.000000
0.000000;-149.999985;2000.000000;0.000000;0.000000;0.000000;0.000000;0.000000;2.000000;30.428162;-316.052338;2035.158813;0.023375;0.000000;0.000000;0.000000;0.000000;2.000000;25.308952;-453.458954;2045.046997;0.089892;0.000000;0.000000;0.000000;0.000000;2.000000;-22.556610;-653.732422;2004.620361;0.042872;0.000000;0.000000;0.000000;0.000000;2.000000;6.700920;-621.075073;1986.676880;0.043229;0.000000;0.000000;0.000000;0.000000;2.000000;75.927071;-569.302979;1878.886108;0.041537;0.000000;0.000000;0.000000;0.000000;2.000000;-2.783581;-329.353241;1791.870605;0.075221;0.000000;0.000000;0.000000;0.000000;2.000000;-200.642090;-241.934601;1732.991211;0.065890;0.000000;0.000000;0.000000;0.000000;2.000000;-293.065247;-251.860443;1728.304199;0.073426;0.000000;0.000000;0.000000;0.000000;2.000000;-384.882660;-207.005157;1749.878784;0.410390;0.000000;0.000000;0.000000;0.000000;2.000000;-314.564087;-239.107269;1696.986328;0.131909;0.000000;0.000000;0.000000;0.000000;2.000000;-34.429962;-620.812012;2037.067139;0.030757;0.000000;0.000000;0.000000;0.000000;2.000000;-124.757179;-584.312073;2118.714844;0.058474;0.000000;0.000000;0.000000;0.000000;2.000000;-263.820374;-361.920502;2191.318848;0.063918;0.000000;0.000000;0.000000;0.000000;2.000000;-383.309509;-268.896454;2022.185669;0.158978;0.000000;0.000000;0.000000;0.000000;2.000000;-446.592712;-268.683167;1944.481689;0.110714;0.000000;0.000000;0.000000;0.000000;2.000000;-532.946960;-230.448990;1904.234375;0.080910;0.000000;0.000000;0.000000;0.000000;2.000000;-483.702820;-224.990463;1959.396118;0.074171;0.000000;0.000000;0.000000;0.000000;2.000000;47.031578;-157.091568;1925.803711;0.015730;0.000000;0.000000;0.000000;0.000000;2.000000;-253.655151;-128.878601;1683.895020;0.035403;0.000000;0.000000;0.000000;0.000000;2.000000;-197.190826;223.724060;1780.003418;0.042024;0.000000;0.000000;0.000000;0.000000;2.000000;-269.932922;371.785095;1705.341309;0.054617;0.000000;0.000000;0.000000;0.000000;2.000000;-42.410439;-143.605209;2066.906250;0.014179;0.000000;0.000000;0.000000;0.000000;2.000000;-427.784790;-117.277618;2081.029785;0.241972;0.000000;0.000000;0.000000;0.000000;2.000000;-295.673035;232.281555;2081.925781;0.168998;0.000000;0.000000;0.000000;0.000000;2.000000;-409.962158;348.405212;2116.683105;0.193847;0.000000;0.000000;0.000000;0.000000;2.000000;-49.894203;-724.195129;1981.781982;0.081171;0.000000;0.000000;0.000000;0.000000;2.000000;-9.654037;-743.413330;1833.006104;0.194714;0.000000;0.000000;0.000000;0.000000;2.000000;-6.393597;-786.745239;1865.232666;0.197036;0.000000;0.000000;0.000000;0.000000;2.000000;11.177116;-804.923218;1985.128662;0.187968;0.000000;0.000000;0.000000;0.000000;2.000000;-50.232414;-768.594604;1847.839478;0.237413;0.000000;0.000000;0.000000;0.000000;2.000000;-136.135223;-759.934570;1940.485474;0.199646;0.000000;0.000000;0.000000;0.000000;2.000000;8320833536.000000
0.000000;-150.000000;2000.000000;0.000000;0.000000;0.000000;0.000000;0.000000;2.000000;30.777946;-314.518524;2032.932129;0.081922;0.000000;0.000000;0.000000;0.000000;2.000000;19.167343;-450.275635;2038.632446;0.283472;0.000000;0.000000;0.000000;0.000000;2.000000;-26.779942;-649.938110;2005.241577;0.171614;0.000000;0.000000;0.000000;0.000000;2.000000;1.701233;-617.947632;1986.220459;0.177731;0.000000;0.000000;0.000000;0.000000;2.000000;70.768875;-567.212769;1879.740601;0.169195;0.000000;0.000000;0.000000;0.000000;2.000000;2.256157;-327.635956;1791.859985;0.159985;0.000000;0.000000;0.000000;0.000000;2.000000;-193.292999;-242.020050;1731.775146;0.223844;0.000000;0.000000;0.000000;0.000000;2.000000;-285.097687;-248.690308;1729.702393;0.261067;0.000000;0.000000;0.000000;0.000000;2.000000;-381.279480;-215.529282;1711.715088;1.179980;0.000000;0.000000;0.000000;0.000000;2.000000;-311.918365;-239.400009;1696.189087;0.083494;0.000000;0.000000;0.000000;0.000000;2.000000;-38.511726;-616.497437;2036.431396;0.179487;0.000000;0.000000;0.000000;0.000000;2.000000;-126.184860;-580.082336;2118.885742;0.134238;0.000000;0.000000;0.000000;0.000000;2.000000;-265.685333;-361.156586;2190.242676;0.068650;0.000000;0.000000;0.000000;0.000000;2.000000;-388.171570;-270.659790;2025.196533;0.179823;0.000000;0.000000;0.000000;0.000000;2.000000;-447.609985;-269.912659;1945.861816;0.063395;0.000000;0.000000;0.000000;0.000000;2.000000;-530.576538;-233.563400;1899.946899;0.174437;0.000000;0.000000;0.000000;0.000000;2.000000;-484.427643;-228.977676;1958.904175;0.122666;0.000000;0.000000;0.000000;0.000000;2.000000;43.619896;-156.886963;1924.828247;0.106800;0.000000;0.000000;0.000000;0.000000;2.000000;-253.616302;-128.976547;1685.263916;0.041254;0.000000;0.000000;0.000000;0.000000;2.000000;-198.416092;224.588623;1761.208496;0.566546;0.000000;0.000000;0.000000;0.000000;2.000000;-275.500244;378.774048;1712.524658;0.344494;0.000000;0.000000;0.000000;0.000000;2.000000;-39.333969;-143.789719;2067.785645;0.096304;0.000000;0.000000;0.000000;0.000000;2.000000;-417.331238;-118.147583;2016.164551;1.974397;0.000000;0.000000;0.000000;0.000000;2.000000;-297.411560;227.523376;2068.929688;0.419126;0.000000;0.000000;0.000000;0.000000;2.000000;-408.894287;341.222717;2111.403809;0.269763;0.000000;0.000000;0.000000;0.000000;2.000000;-53.409626;-720.539795;1985.077393;0.181733;0.000000;0.000000;0.000000;0.000000;2.000000;-14.123951;-739.940674;1837.815186;0.223180;0.000000;0.000000;0.000000;0.000000;2.000000;-10.504906;-782.649475;1869.861816;0.223060;0.000000;0.000000;0.000000;0.000000;2.000000;7.494324;-800.021484;1988.464844;0.209735;0.000000;0.000000;0.000000;0.000000;2.000000;-54.051800;-765.026978;1852.768066;0.215859;0.000000;0.000000;0.000000;0.000000;2.000000;-138.683517;-756.576538;1944.745972;0.180093;0.000000;0.000000;0.000000;0.000000;2.000000;8320866816.000000
0.000000;-150.000015;2000.000000;0.000000;0.000000;0.000000;0.000000;0.000000;2.000000;29.630840;-314.079651;2033.797485;0.045145;0.000000;0.000000;0.000000;0.000000;2.000000;19.693272;-449.551666;2040.602295;0.065011;0.000000;0.000000;0.000000;0.000000;2.000000;-28.388016;-648.268494;2008.039673;0.109182;0.000000;0.000000;0.000000;0.000000;2.000000;-0.072075;-616.587402;1988.568481;0.097404;0.000000;0.000000;0.000000;0.000000;2.000000;70.253387;-568.789795;1882.022583;0.084777;0.000000;0.000000;0.000000;0.000000;2.000000;5.972252;-330.469666;1789.763672;0.153903;0.000000;0.000000;0.000000;0.000000;2.000000;-190.546005;-243.557373;1737.387451;0.193355;0.000000;0.000000;0.000000;0.000000;2.000000;-281.614594;-252.155365;1729.381348;0.147944;0.000000;0.000000;0.000000;0.000000;2.000000;-375.541260;-221.086365;1700.580688;0.411761;0.000000;0.000000;0.000000;0.000000;2.000000;-309.449036;-244.209167;1697.862793;0.170049;0.000000;0.000000;0.000000;0.000000;2.000000;-39.237679;-614.843140;2039.373779;0.103748;0.000000;0.000000;0.000000;0.000000;2.000000;-126.135941;-577.166138;2121.567627;0.119057;0.000000;0.000000;0.000000;0.000000;2.000000;-270.300507;-362.394287;2193.555420;0.174708;0.000000;0.000000;0.000000;0.000000;2.000000;-388.989319;-279.110687;2022.852417;0.264664;0.000000;0.000000;0.000000;0.000000;2.000000;-446.008392;-278.074127;1942.089600;0.274417;0.000000;0.000000;0.000000;0.000000;2.000000;-528.765320;-234.774567;1902.921631;0.110797;0.000000;0.000000;0.000000;0.000000;2.000000;-483.652466;-234.927429;1955.229492;0.211415;0.000000;0.000000;0.000000;0.000000;2.000000;45.310703;-157.034607;1926.123901;0.064161;0.000000;0.000000;0.000000;0.000000;2.000000;-251.415939;-130.588013;1687.400391;0.104102;0.000000;0.000000;0.000000;0.000000;2.000000;-195.993378;222.325562;1761.474121;0.099937;0.000000;0.000000;0.000000;0.000000;2.000000;-272.082184;377.181519;1715.175171;0.138497;0.000000;0.000000;0.000000;0.000000;2.000000;-40.858658;-143.656631;2066.617188;0.057859;0.000000;0.000000;0.000000;0.000000;2.000000;-418.327118;-121.039230;2017.347534;0.098532;0.000000;0.000000;0.000000;0.000000;2.000000;-296.473389;223.327759;2067.195313;0.139299;0.000000;0.000000;0.000000;0.000000;2.000000;-405.395111;338.643738;2110.240234;0.135214;0.000000;0.000000;0.000000;0.000000;2.000000;-55.895386;-718.444092;1988.382446;0.139309;0.000000;0.000000;0.000000;0.000000;2.000000;-19.055546;-736.998352;1840.808350;0.194587;0.000000;0.000000;0.000000;0.000000;2.000000;-14.566147;-779.666504;1872.558594;0.171733;0.000000;0.000000;0.000000;0.000000;2.000000;5.523354;-797.233521;1990.463501;0.118878;0.000000;0.000000;0.000000;0.000000;2.000000;-58.417488;-762.384644;1856.307251;0.186606;0.000000;0.000000;0.000000;0.000000;2.000000;-141.320862;-754.933838;1949.481079;0.170177;0.000000;0.000000;0.000000;0.000000;2.000000;8320900096.000000
0.000000;-150.000000;2000.000000;0.000000;0.000000;0.000000;0.000000;0.000000;2.000000;29.592422;-314.428223;2032.296997;0.046302;0.000000;0.000000;0.000000;0.000000;2.000000;17.326927;-449.809937;2037.534302;0.116681;0.000000;0.000000;0.000000;0.000000;2.000000;-30.753225;-648.857544;2006.741211;0.082985;0.000000;0.000000;0.000000;0.000000;2.000000;-2.739166;-617.229492;1986.729370;0.099241;0.000000;0.000000;0.000000;0.000000;2.000000;71.281670;-572.113647;1881.485840;0.105782;0.000000;0.000000;0.000000;0.000000;2.000000;7.888786;-333.797058;1788.436523;0.122078;0.000000;0.000000;0.000000;0.000000;2.000000;-187.750977;-244.521851;1736.536987;0.092447;0.000000;0.000000;0.000000;0.000000;2.000000;-278.588928;-254.285370;1727.131958;0.130117;0.000000;0.000000;0.000000;0.000000;2.000000;-374.060059;-229.224197;1697.484375;0.265387;0.000000;0.000000;0.000000;0.000000;2.000000;-306.536316;-252.096771;1698.781250;0.254154;0.000000;0.000000;0.000000;0.000000;2.000000;-41.286358;-615.260254;2038.015259;0.074920;0.000000;0.000000;0.000000;0.000000;2.000000;-127.172302;-578.418579;2121.681885;0.048967;0.000000;0.000000;0.000000;0.000000;2.000000;-271.210022;-362.591553;2190.942383;0.083348;0.000000;0.000000;0.000000;0.000000;2.000000;-389.934875;-283.090454;2018.404297;0.181582;0.000000;0.000000;0.000000;0.000000;2.000000;-446.974182;-285.704651;1937.664185;0.266637;0.000000;0.000000;0.000000;0.000000;2.000000;-530.626343;-235.233276;1910.882202;0.246036;0.000000;0.000000;0.000000;0.000000;2.000000;-482.389648;-251.686249;1945.108643;0.589497;0.000000;0.000000;0.000000;0.000000;2.000000;43.664352;-156.853561;1925.099731;0.058514;0.000000;0.000000;0.000000;0.000000;2.000000;-252.318451;-130.588470;1685.297119;0.068772;0.000000;0.000000;0.000000;0.000000;2.000000;-197.873230;221.990112;1762.048096;0.059914;0.000000;0.000000;0.000000;0.000000;2.000000;-272.046112;377.130005;1713.489990;0.050672;0.000000;0.000000;0.000000;0.000000;2.000000;-39.374065;-143.819839;2067.541016;0.052769;0.000000;0.000000;0.000000;0.000000;2.000000;-417.045166;-120.384537;2019.556641;0.079228;0.000000;0.000000;0.000000;0.000000;2.000000;-293.600403;223.314514;2070.697754;0.136119;0.000000;0.000000;0.000000;0.000000;2.000000;-399.290100;340.610657;2116.502441;0.269354;0.000000;0.000000;0.000000;0.000000;2.000000;-58.362553;-719.219543;1987.838013;0.079412;0.000000;0.000000;0.000000;0.000000;2.000000;-27.843729;-736.707764;1838.664063;0.271955;0.000000;0.000000;0.000000;0.000000;2.000000;-24.721254;-780.238647;1869.411133;0.319924;0.000000;0.000000;0.000000;0.000000;2.000000;-1.559029;-801.435547;1986.178467;0.278944;0.000000;0.000000;0.000000;0.000000;2.000000;-68.050964;-760.132141;1855.090088;0.299516;0.000000;0.000000;0.000000;0.000000;2.000000;-147.087067;-749.937622;1951.351563;0.236045;0.000000;0.000000;0.000000;0.000000;2.000000;8320933376.000000
0.000000;-149.999985;2000.000000;0.000000;0.000000;0.000000;0.000000;0.000000;2.000000;28.728394;-313.383179;2035.818481;0.113387;0.000000;0.000000;0.000000;0.000000;2.000000;19.683304;-448.522217;2043.810303;0.205118;0.000000;0.000000;0.000000;0.000000;2.000000;-29.633661;-646.533264;2011.988525;0.175698;0.000000;0.000000;0.000000;0.000000;2.000000;-1.269306;-615.149963;1992.377441;0.186166;0.000000;0.000000;0.000000;0.000000;2.000000;74.233505;-572.062683;1887.805908;0.209604;0.000000;0.000000;0.000000;0.000000;2.000000;10.347630;-335.498352;1792.620361;0.154521;0.000000;0.000000;0.000000;0.000000;2.000000;-188.283020;-256.929260;1737.370239;0.374000;0.000000;0.000000;0.000000;0.000000;2.000000;-279.680328;-252.142853;1733.582764;0.206862;0.000000;0.000000;0.000000;0.000000;2.000000;-380.090576;-234.563629;1720.377075;0.729217;0.000000;0.000000;0.000000;0.000000;2.000000;-301.957428;-260.761444;1703.305420;0.324340;0.000000;0.000000;0.000000;0.000000;2.000000;-40.126324;-613.049194;2043.210083;0.173189;0.000000;0.000000;0.000000;0.000000;2.000000;-126.700302;-576.083496;2125.605957;0.137939;0.000000;0.000000;0.000000;0.000000;2.000000;-265.415375;-359.075378;2199.155273;0.319970;0.000000;0.000000;0.000000;0.000000;2.000000;-382.855682;-287.623596;2023.023193;0.288209;0.000000;0.000000;0.000000;0.000000;2.000000;-448.543793;-287.554626;1949.452515;0.361641;0.000000;0.000000;0.000000;0.000000;2.000000;-527.899658;-274.010620;1888.401123;1.349328;0.000000;0.000000;0.000000;0.000000;2.000000;-464.122681;-277.095612;1942.799683;0.942882;0.000000;0.000000;0.000000;0.000000;2.000000;47.575333;-157.450699;1927.856323;0.144890;0.000000;0.000000;0.000000;0.000000;2.000000;-251.204895;-132.809875;1693.009033;0.243460;0.000000;0.000000;0.000000;0.000000;2.000000;-194.994720;218.693420;1768.828003;0.242481;0.000000;0.000000;0.000000;0.000000;2.000000;-263.178101;375.618835;1718.982910;0.316715;0.000000;0.000000;0.000000;0.000000;2.000000;-42.900768;-143.281326;2065.055176;0.130656;0.000000;0.000000;0.000000;0.000000;2.000000;-420.161804;-115.111099;2025.073242;0.247702;0.000000;0.000000;0.000000;0.000000;2.000000;-260.877808;216.371826;2021.641357;1.784132;0.000000;0.000000;0.000000;0.000000;1.000000;-324.818817;365.647949;1999.011719;4.246986;0.000000;0.000000;0.000000;0.000000;1.000000;-57.584049;-716.413757;1992.654419;0.169116;0.000000;0.000000;0.000000;0.000000;2.000000;-40.823563;-729.625732;1841.292358;0.451261;0.000000;0.000000;0.000000;0.000000;2.000000;-32.533314;-773.339478;1870.539429;0.315003;0.000000;0.000000;0.000000;0.000000;2.000000;2.777794;-795.237732;1983.750122;0.238722;0.000000;0.000000;0.000000;0.000000;2.000000;-77.899384;-755.371277;1860.909058;0.372302;0.000000;0.000000;0.000000;0.000000;2.000000;-147.488480;-751.083496;1964.220825;0.388414;0.000000;0.000000;0.000000;0.000000;2.000000;8320966656.000000
0.000000;-149.999985;2000.000000;0.000000;0.000000;0.000000;0.000000;0.000000;2.000000;28.040489;-313.631592;2034.412964;0.047609;0.000000;0.000000;0.000000;0.000000;2.000000;18.756180;-448.688904;2041.152710;0.084724;0.000000;0.000000;0.000000;0.000000;2.000000;-31.380926;-645.947144;2007.315918;0.150929;0.000000;0.000000;0.000000;0.000000;2.000000;-2.926167;-614.510437;1988.032837;0.141033;0.000000;0.000000;0.000000;0.000000;2.000000;73.563438;-570.122559;1884.905884;0.106758;0.000000;0.000000;0.000000;0.000000;2.000000;11.634132;-332.505676;1791.784058;0.101055;0.000000;0.000000;0.000000;0.000000;2.000000;-188.404236;-257.589569;1737.410522;0.020209;0.000000;0.000000;0.000000;0.000000;2.000000;-279.480835;-252.959290;1729.803467;0.116335;0.000000;0.000000;0.000000;0.000000;2.000000;-379.494843;-237.600861;1712.304932;0.259771;0.000000;0.000000;0.000000;0.000000;2.000000;-301.595886;-262.861328;1700.807617;0.098653;0.000000;0.000000;0.000000;0.000000;2.000000;-41.696102;-612.782837;2038.867065;0.138993;0.000000;0.000000;0.000000;0.000000;2.000000;-126.396767;-575.324280;2122.787109;0.088192;0.000000;0.000000;0.000000;0.000000;2.000000;-263.718628;-358.620300;2198.846924;0.053593;0.000000;0.000000;0.000000;0.000000;2.000000;-388.368469;-288.251831;2027.578735;0.215716;0.000000;0.000000;0.000000;0.000000;2.000000;-456.335938;-282.810303;1956.449951;0.345475;0.000000;0.000000;0.000000;0.000000;2.000000;-527.692749;-282.532074;1885.062500;0.275074;0.000000;0.000000;0.000000;0.000000;2.000000;-461.396118;-279.025116;1943.167603;0.100974;0.000000;0.000000;0.000000;0.000000;2.000000;47.984001;-156.882919;1928.173584;0.023081;0.000000;0.000000;0.000000;0.000000;2.000000;-250.195587;-130.661819;1693.340332;0.072006;0.000000;0.000000;0.000000;0.000000;2.000000;-193.893860;220.606201;1768.463257;0.067214;0.000000;0.000000;0.000000;0.000000;2.000000;-259.881226;377.271240;1715.562622;0.151134;0.000000;0.000000;0.000000;0.000000;2.000000;-43.269287;-143.793365;2064.769043;0.020815;0.000000;0.000000;0.000000;0.000000;2.000000;-420.142456;-114.287369;2025.655151;0.030310;0.000000;0.000000;0.000000;0.000000;2.000000;-248.111145;210.323486;2020.028687;0.427244;0.000000;0.000000;0.000000;0.000000;1.000000;-304.993896;361.424133;1992.386353;0.640781;0.000000;0.000000;0.000000;0.000000;1.000000;-59.616615;-715.431519;1987.287842;0.174941;0.000000;0.000000;0.000000;0.000000;2.000000;-55.088009;-724.070557;1834.890625;0.498578;0.000000;0.000000;0.000000;0.000000;2.000000;-43.994820;-768.450317;1862.035034;0.453313;0.000000;0.000000;0.000000;0.000000;2.000000;0.593307;-793.102356;1971.207886;0.387887;0.000000;0.000000;0.000000;0.000000;2.000000;-90.136261;-750.820190;1856.652710;0.412623;0.000000;0.000000;0.000000;0.000000;2.000000;-151.073654;-750.399658;1965.235718;0.113831;0.000000;0.000000;0.000000;0.000000;2.000000;8320999936.000000
0.000000;-149.999985;2000.000000;0.000000;0.000000;0.000000;0.000000;0.000000;2.000000;26.567081;-313.351288;2035.072144;0.049228;0.000000;0.000000;0.000000;0.000000;2.000000;18.017647;-448.136566;2042.228516;0.042578;0.000000;0.000000;0.000000;0.000000;2.000000;-32.572945;-644.423096;2006.248047;0.066405;0.000000;0.000000;0.000000;0.000000;2.000000;-3.903221;-612.998901;1987.518311;0.056248;0.000000;0.000000;0.000000;0.000000;2.000000;73.296844;-568.019043;1885.577271;0.066830;0.000000;0.000000;0.000000;0.000000;2.000000;14.018726;-330.667725;1791.683105;0.090517;0.000000;0.000000;0.000000;0.000000;2.000000;-190.510437;-268.416870;1740.074707;0.340969;0.000000;0.000000;0.000000;0.000000;2.000000;-280.484589;-259.831024;1727.098389;0.223945;0.000000;0.000000;0.000000;0.000000;2.000000;-381.618713;-259.390869;1710.659180;0.659707;0.000000;0.000000;0.000000;0.000000;2.000000;-302.585236;-269.264374;1699.954834;0.196361;0.000000;0.000000;0.000000;0.000000;2.000000;-42.967480;-611.582886;2037.958374;0.059203;0.000000;0.000000;0.000000;0.000000;2.000000;-127.272781;-572.100159;2120.934082;0.114798;0.000000;0.000000;0.000000;0.000000;2.000000;-263.435944;-355.151062;2196.306885;0.129477;0.000000;0.000000;0.000000;0.000000;2.000000;-406.618256;-292.097961;2037.794189;0.638974;0.000000;0.000000;0.000000;0.000000;2.000000;-457.047150;-299.885376;1953.757813;0.519850;0.000000;0.000000;0.000000;0.000000;2.000000;-513.762207;-301.178711;1870.541260;0.824338;0.000000;0.000000;0.000000;0.000000;2.000000;-450.001526;-298.709625;1930.224976;0.786335;0.000000;0.000000;0.000000;0.000000;2.000000;50.122562;-156.901917;1929.886108;0.082326;0.000000;0.000000;0.000000;0.000000;2.000000;-246.807053;-127.633148;1695.182983;0.147359;0.000000;0.000000;0.000000;0.000000;2.000000;-190.759277;222.718079;1770.908813;0.135271;0.000000;0.000000;0.000000;0.000000;2.000000;-257.028046;379.899231;1721.310303;0.208359;0.000000;0.000000;0.000000;0.000000;2.000000;-45.197720;-143.776199;2063.224609;0.074240;0.000000;0.000000;0.000000;0.000000;2.000000;-422.147003;-124.947021;2026.428711;0.326744;0.000000;0.000000;0.000000;0.000000;2.000000;-248.638840;197.956665;2020.631836;0.372379;0.000000;0.000000;0.000000;0.000000;1.000000;-303.220062;348.833191;1989.480469;0.391920;0.000000;0.000000;0.000000;0.000000;1.000000;-60.882767;-713.445007;1985.402832;0.090657;0.000000;0.000000;0.000000;0.000000;2.000000;-69.109604;-722.389038;1833.515015;0.426349;0.000000;0.000000;0.000000;0.000000;2.000000;-57.990406;-767.125977;1859.820557;0.427628;0.000000;0.000000;0.000000;0.000000;2.000000;-6.036049;-793.725098;1964.910889;0.275376;0.000000;0.000000;0.000000;0.000000;2.000000;-103.430222;-747.370667;1858.109741;0.415002;0.000000;0.000000;0.000000;0.000000;2.000000;-155.169189;-743.977051;1971.013672;0.287282;0.000000;0.000000;0.000000;0.000000;2.000000;8321033216.000000
0.000000;-150.000000;2000.000000;0.000000;0.000000;0.000000;0.000000;0.000000;2.000000;28.029057;-313.168610;2034.529053;0.047183;0.000000;0.000000;0.000000;0.000000;2.000000;20.104534;-447.989563;2040.902710;0.074423;0.000000;0.000000;0.000000;0.000000;2.000000;-29.645180;-644.240479;2003.932251;0.112301;0.000000;0.000000;0.000000;0.000000;2.000000;-1.131657;-612.604492;1985.356567;0.106280;0.000000;0.000000;0.000000;0.000000;2.000000;75.659546;-565.830994;1883.970947;0.108132;0.000000;0.000000;0.000000;0.000000;2.000000;11.136665;-331.014374;1787.424072;0.154874;0.000000;0.000000;0.000000;0.000000;2.000000;-196.313705;-280.056763;1735.379395;0.415502;0.000000;0.000000;0.000000;0.000000;2.000000;-286.025635;-265.615051;1726.688965;0.240996;0.000000;0.000000;0.000000;0.000000;2.000000;-387.237915;-280.905212;1722.898682;0.762681;0.000000;0.000000;0.000000;0.000000;2.000000;-306.131958;-276.119415;1695.224731;0.272005;0.000000;0.000000;0.000000;0.000000;2.000000;-40.158623;-611.622620;2035.811035;0.106246;0.000000;0.000000;0.000000;0.000000;2.000000;-125.361542;-572.233948;2117.851563;0.109057;0.000000;0.000000;0.000000;0.000000;2.000000;-262.229614;-355.103516;2191.104492;0.160476;0.000000;0.000000;0.000000;0.000000;2.000000;-400.649078;-296.871124;2026.722046;0.404263;0.000000;0.000000;0.000000;0.000000;2.000000;-453.012085;-306.855164;1944.149048;0.376727;0.000000;0.000000;0.000000;0.000000;2.000000;-511.306915;-305.163208;1862.076782;0.290632;0.000000;0.000000;0.000000;0.000000;2.000000;-447.212463;-304.563873;1919.683716;0.371880;0.000000;0.000000;0.000000;0.000000;2.000000;50.039127;-156.259933;1929.799072;0.019628;0.000000;0.000000;0.000000;0.000000;2.000000;-244.642715;-128.386658;1692.299072;0.110686;0.000000;0.000000;0.000000;0.000000;2.000000;-188.350601;221.378448;1769.991455;0.087284;0.000000;0.000000;0.000000;0.000000;2.000000;-253.868225;377.814606;1717.330322;0.165047;0.000000;0.000000;0.000000;0.000000;2.000000;-45.122486;-144.355148;2063.303223;0.017701;0.000000;0.000000;0.000000;0.000000;2.000000;-421.848969;-128.965759;2023.920654;0.142624;0.000000;0.000000;0.000000;0.000000;2.000000;-249.048401;194.194427;2018.437622;0.131447;0.000000;0.000000;0.000000;0.000000;1.000000;-305.142059;344.286285;1986.457520;0.173933;0.000000;0.000000;0.000000;0.000000;1.000000;-57.661018;-713.252197;1982.747803;0.125578;0.000000;0.000000;0.000000;0.000000;2.000000;-85.191742;-717.220215;1832.982666;0.507835;0.000000;0.000000;0.000000;0.000000;2.000000;-69.517609;-762.434448;1855.901611;0.392061;0.000000;0.000000;0.000000;0.000000;2.000000;-3.706982;-790.912109;1952.337280;0.393427;0.000000;0.000000;0.000000;0.000000;2.000000;-115.320053;-744.138672;1860.787109;0.378871;0.000000;0.000000;0.000000;0.000000;2.000000;-152.092133;-746.336548;1979.400757;0.277646;0.000000;0.000000;0.000000;0.000000;2.000000;8321066496.000000
0.000000;-150.000000;2000.000000;0.000000;0.000000;0.000000;0.000000;0.000000;2.000000;27.158092;-314.967163;2032.177734;0.092722;0.000000;0.000000;0.000000;0.000000;2.000000;14.397984;-450.442078;2035.349487;0.250353;0.000000;0.000000;0.000000;0.000000;2.000000;-38.121899;-647.921875;2001.140869;0.290083;0.000000;0.000000;0.000000;0.000000;2.000000;-9.490170;-616.529419;1981.577393;0.299807;0.000000;0.000000;0.000000;0.000000;2.000000;65.715256;-567.661255;1878.781128;0.341509;0.000000;0.000000;0.000000;0.000000;2.000000;-1.744743;-329.578613;1787.602539;0.389495;0.000000;0.000000;0.000000;0.000000;2.000000;-213.944733;-295.161072;1734.888916;0.697759;0.000000;0.000000;0.000000;0.000000;2.000000;-304.477722;-310.332825;1730.629150;1.458395;0.000000;0.000000;0.000000;0.000000;2.000000;-405.531158;-328.601501;1721.255371;1.535771;0.000000;0.000000;0.000000;0.000000;2.000000;-326.861176;-329.795959;1713.027832;1.809838;0.000000;0.000000;0.000000;0.000000;2.000000;-47.812912;-614.661255;2033.078979;0.260719;0.000000;0.000000;0.000000;0.000000;2.000000;-130.450974;-575.501404;2119.035156;0.185179;0.000000;0.000000;0.000000;0.000000;2.000000;-265.593689;-352.560364;2184.134033;0.244799;0.000000;0.000000;0.000000;0.000000;2.000000;-394.912720;-308.636444;2006.405029;0.726213;0.000000;0.000000;0.000000;0.000000;2.000000;-443.630798;-347.045563;1929.325317;1.317676;0.000000;0.000000;0.000000;0.000000;2.000000;-503.036133;-329.689087;1849.055054;0.870612;0.000000;0.000000;0.000000;0.000000;2.000000;-438.529724;-348.308563;1904.072876;1.419811;0.000000;0.000000;0.000000;0.000000;2.000000;47.970661;-156.211746;1927.666504;0.089282;0.000000;0.000000;0.000000;0.000000;2.000000;-249.595154;-132.987259;1689.180420;0.223688;0.000000;0.000000;0.000000;0.000000;2.000000;-182.118164;213.739929;1781.589600;0.457390;0.000000;0.000000;0.000000;0.000000;2.000000;-252.140610;364.426453;1715.610352;0.408903;0.000000;0.000000;0.000000;0.000000;2.000000;-43.257263;-144.398575;2065.226318;0.080511;0.000000;0.000000;0.000000;0.000000;2.000000;-422.990265;-150.955429;2027.726074;0.671445;0.000000;0.000000;0.000000;0.000000;2.000000;-297.001373;192.313538;2076.972412;2.274413;0.000000;0.000000;0.000000;0.000000;2.000000;-386.058136;325.384644;2114.620117;4.589625;0.000000;0.000000;0.000000;0.000000;2.000000;-67.334152;-717.354675;1981.071533;0.319712;0.000000;0.000000;0.000000;0.000000;2.000000;-107.012589;-708.343994;1833.219238;0.707881;0.000000;0.000000;0.000000;0.000000;2.000000;-84.604523;-753.951416;1849.682373;0.552636;0.000000;0.000000;0.000000;0.000000;2.000000;-7.773449;-785.038086;1937.812988;0.486366;0.000000;0.000000;0.000000;0.000000;2.000000;-131.835495;-741.592651;1859.980225;0.502704;0.000000;0.000000;0.000000;0.000000;2.000000;-158.265121;-760.822083;1980.668701;0.474668;0.000000;0.000000;0.000000;0.000000;2.000000;8321099776.000000
0.000000;-149.999985;2000.000000;0.000000;0.000000;0.000000;0.000000;0.000000;2.000000;26.447338;-315.415955;2033.291748;0.041299;0.000000;0.000000;0.000000;0.000000;2.000000;15.768528;-451.468781;2037.645264;0.084757;0.000000;0.000000;0.000000;0.000000;2.000000;-38.456364;-648.459839;1999.538208;0.050998;0.000000;0.000000;0.000000;0.000000;2.000000;-9.431368;-616.847046;1980.564941;0.031449;0.000000;0.000000;0.000000;0.000000;2.000000;67.509872;-568.501831;1878.234985;0.060831;0.000000;0.000000;0.000000;0.000000;2.000000;-0.636036;-329.480957;1787.614014;0.032939;0.000000;0.000000;0.000000;0.000000;2.000000;-216.010056;-311.308563;1736.767578;0.484940;0.000000;0.000000;0.000000;0.000000;2.000000;-305.627472;-332.281860;1731.597168;0.651055;0.000000;0.000000;0.000000;0.000000;2.000000;-405.682281;-356.276703;1720.926270;0.819057;0.000000;0.000000;0.000000;0.000000;2.000000;-325.346283;-352.281128;1709.582764;0.674655;0.000000;0.000000;0.000000;0.000000;2.000000;-47.979763;-615.615967;2032.170044;0.039320;0.000000;0.000000;0.000000;0.000000;2.000000;-131.166245;-580.079102;2119.735352;0.138667;0.000000;0.000000;0.000000;0.000000;2.000000;-265.310822;-354.740540;2182.088623;0.088862;0.000000;0.000000;0.000000;0.000000;2.000000;-374.543060;-316.257080;1989.358276;0.817741;0.000000;0.000000;0.000000;0.000000;2.000000;-413.475830;-370.942993;1916.245117;1.202612;0.000000;0.000000;0.000000;0.000000;2.000000;-487.548309;-345.786072;1851.292480;0.664351;0.000000;0.000000;0.000000;0.000000;2.000000;-395.527924;-372.215790;1886.038696;1.550714;0.000000;0.000000;0.000000;0.000000;2.000000;50.409184;-156.228256;1929.008057;0.082364;0.000000;0.000000;0.000000;0.000000;2.000000;-248.577118;-136.360458;1690.062500;0.107487;0.000000;0.000000;0.000000;0.000000;2.000000;-177.243423;210.645752;1783.082520;0.176483;0.000000;0.000000;0.000000;0.000000;2.000000;-245.808426;363.022522;1717.929443;0.203838;0.000000;0.000000;0.000000;0.000000;2.000000;-45.456173;-144.383682;2064.016602;0.074271;0.000000;0.000000;0.000000;0.000000;2.000000;-426.509674;-165.999741;2034.060303;0.494155;0.000000;0.000000;0.000000;0.000000;2.000000;-301.502380;179.737244;2076.850098;0.395302;0.000000;0.000000;0.000000;0.000000;2.000000;-380.658966;319.815857;2113.448975;0.232137;0.000000;0.000000;0.000000;0.000000;2.000000;-68.282608;-717.482422;1978.050537;0.093778;0.000000;0.000000;0.000000;0.000000;2.000000;-119.040741;-710.754333;1832.989380;0.363087;0.000000;0.000000;0.000000;0.000000;2.000000;-94.494667;-755.887329;1848.212036;0.301389;0.000000;0.000000;0.000000;0.000000;2.000000;-10.527565;-784.653076;1930.982178;0.218252;0.000000;0.000000;0.000000;0.000000;2.000000;-141.228104;-744.304810;1861.890869;0.294783;0.000000;0.000000;0.000000;0.000000;2.000000;-158.388351;-762.850403;1984.749878;0.134916;0.000000;0.000000;0.000000;0.000000;2.000000;8321133568.000000
0.000000;-150.000000;2000.000000;0.000000;0.000000;0.000000;0.000000;0.000000;2.000000;23.484634;-314.447083;2034.448120;0.099900;0.000000;0.000000;0.000000;0.000000;2.000000;14.849503;-449.601929;2041.743896;0.138118;0.000000;0.000000;0.000000;0.000000;2.000000;-41.793961;-644.001526;2001.470703;0.177132;0.000000;0.000000;0.000000;0.000000;2.000000;-12.239244;-612.911133;1983.240601;0.166040;0.000000;0.000000;0.000000;0.000000;2.000000;63.082317;-565.817810;1880.344482;0.167993;0.000000;0.000000;0.000000;0.000000;2.000000;-0.896011;-327.770599;1789.275635;0.072077;0.000000;0.000000;0.000000;0.000000;2.000000;-215.321945;-325.161255;1737.714844;0.417731;0.000000;0.000000;0.000000;0.000000;2.000000;-301.759918;-355.375732;1737.437988;0.725149;0.000000;0.000000;0.000000;0.000000;2.000000;-401.295105;-379.270355;1728.515625;0.739423;0.000000;0.000000;0.000000;0.000000;2.000000;-319.589050;-376.822174;1714.216797;0.770124;0.000000;0.000000;0.000000;0.000000;2.000000;-51.081188;-611.522888;2034.079468;0.164630;0.000000;0.000000;0.000000;0.000000;2.000000;-137.091080;-576.388000;2117.786621;0.217772;0.000000;0.000000;0.000000;0.000000;2.000000;-265.110168;-348.527527;2175.937012;0.262786;0.000000;0.000000;0.000000;0.000000;2.000000;-355.663086;-320.661469;1973.682739;0.749141;0.000000;0.000000;0.000000;0.000000;2.000000;-415.142517;-365.643250;1909.190796;0.269812;0.000000;0.000000;0.000000;0.000000;2.000000;-473.938477;-383.940002;1829.135986;1.387382;0.000000;0.000000;0.000000;0.000000;2.000000;-365.620819;-399.691528;1873.852417;1.274073;0.000000;0.000000;0.000000;0.000000;2.000000;51.952938;-157.047211;1930.939941;0.078275;0.000000;0.000000;0.000000;0.000000;2.000000;-244.784592;-136.369781;1693.364502;0.151099;0.000000;0.000000;0.000000;0.000000;2.000000;-173.738174;208.082733;1786.474487;0.165568;0.000000;0.000000;0.000000;0.000000;2.000000;-240.598984;359.069550;1719.629883;0.203032;0.000000;0.000000;0.000000;0.000000;2.000000;-46.848251;-143.645203;2062.274658;0.070582;0.000000;0.000000;0.000000;0.000000;2.000000;-425.890717;-162.755859;2038.347168;0.162602;0.000000;0.000000;0.000000;0.000000;2.000000;-303.356445;181.197357;2081.308105;0.151567;0.000000;0.000000;0.000000;0.000000;2.000000;-378.270569;322.194794;2118.343750;0.178584;0.000000;0.000000;0.000000;0.000000;2.000000;-72.301689;-711.864136;1979.159546;0.210225;0.000000;0.000000;0.000000;0.000000;2.000000;-131.180801;-703.946594;1838.378662;0.448483;0.000000;0.000000;0.000000;0.000000;2.000000;-105.322723;-748.612305;1851.388428;0.403431;0.000000;0.000000;0.000000;0.000000;2.000000;-16.840023;-777.067505;1928.157104;0.308442;0.000000;0.000000;0.000000;0.000000;2.000000;-151.023575;-737.991699;1867.834839;0.393087;0.000000;0.000000;0.000000;0.000000;2.000000;-160.613953;-758.349854;1990.376343;0.226590;0.000000;0.000000;0.000000;0.000000;2.000000;8321166848.000000
0.000000;-150.000000;2000.000000;0.000000;0.000000;0.000000;0.000000;0.000000;2.000000;23.498463;-315.357269;2034.302490;0.027700;0.000000;0.000000;0.000000;0.000000;2.000000;15.675278;-451.234833;2041.823853;0.055035;0.000000;0.000000;0.000000;0.000000;2.000000;-46.691692;-643.506958;1994.983276;0.244701;0.000000;0.000000;0.000000;0.000000;2.000000;-16.155205;-612.499573;1977.649902;0.205473;0.000000;0.000000;0.000000;0.000000;2.000000;58.233273;-565.415039;1873.175659;0.260341;0.000000;0.000000;0.000000;0.000000;2.000000;-3.994118;-325.132050;1782.938232;0.226306;0.000000;0.000000;0.000000;0.000000;2.000000;-218.417557;-345.806458;1730.684326;0.661901;0.000000;0.000000;0.000000;0.000000;2.000000;-299.771088;-385.346100;1747.638916;0.953162;0.000000;0.000000;0.000000;0.000000;2.000000;-399.459656;-411.020905;1755.853882;1.260174;0.000000;0.000000;0.000000;0.000000;2.000000;-318.187195;-402.870209;1711.141357;0.789255;0.000000;0.000000;0.000000;0.000000;2.000000;-55.079559;-611.730103;2028.844482;0.198033;0.000000;0.000000;0.000000;0.000000;2.000000;-141.151001;-579.949585;2114.744141;0.186261;0.000000;0.000000;0.000000;0.000000;2.000000;-266.488220;-346.719910;2162.803223;0.400512;0.000000;0.000000;0.000000;0.000000;2.000000;-346.158051;-348.929291;1952.957886;1.091260;0.000000;0.000000;0.000000;0.000000;2.000000;-417.649048;-382.510345;1893.125244;0.703974;0.000000;0.000000;0.000000;0.000000;2.000000;-478.414612;-404.220154;1814.768311;0.758826;0.000000;0.000000;0.000000;0.000000;2.000000;-385.696564;-435.858002;1859.237549;1.318232;0.000000;0.000000;0.000000;0.000000;2.000000;52.638538;-156.856186;1930.889893;0.021438;0.000000;0.000000;0.000000;0.000000;2.000000;-241.271912;-137.766129;1686.678223;0.230794;0.000000;0.000000;0.000000;0.000000;2.000000;-170.556320;207.513367;1784.060791;0.121218;0.000000;0.000000;0.000000;0.000000;2.000000;-235.890823;358.373596;1713.146484;0.241669;0.000000;0.000000;0.000000;0.000000;2.000000;-47.466484;-143.817459;2062.319824;0.019332;0.000000;0.000000;0.000000;0.000000;2.000000;-428.140259;-169.305557;2039.737061;0.212240;0.000000;0.000000;0.000000;0.000000;2.000000;-300.444946;175.734314;2073.959473;0.288718;0.000000;0.000000;0.000000;0.000000;2.000000;-373.439972;318.617249;2111.264160;0.279066;0.000000;0.000000;0.000000;0.000000;2.000000;-79.257065;-710.052124;1970.364990;0.341287;0.000000;0.000000;0.000000;0.000000;2.000000;-138.667755;-706.338013;1828.798218;0.372352;0.000000;0.000000;0.000000;0.000000;2.000000;-111.310898;-750.179077;1842.622070;0.322457;0.000000;0.000000;0.000000;0.000000;2.000000;-21.535736;-774.708557;1920.197021;0.286605;0.000000;0.000000;0.000000;0.000000;2.000000;-157.546143;-740.639526;1858.996582;0.339516;0.000000;0.000000;0.000000;0.000000;2.000000;-166.535782;-759.276367;1982.493652;0.297557;0.000000;0.000000;0.000000;0.000000;2.000000;8321200128.000000
0.000000;-150.000000;2000.000000;0.000000;0.000000;0.000000;0.000000;0.000000;2.000000;21.749880;-315.983124;2034.902954;0.058650;0.000000;0.000000;0.000000;0.000000;2.000000;13.390139;-452.154999;2043.640991;0.091981;0.000000;0.000000;0.000000;0.000000;2.000000;-53.576714;-643.242920;1995.634888;0.207958;0.000000;0.000000;0.000000;0.000000;2.000000;-22.072054;-612.861023;1978.558716;0.180203;0.000000;0.000000;0.000000;0.000000;2.000000;53.159683;-567.874451;1873.245605;0.169432;0.000000;0.000000;0.000000;0.000000;2.000000;-6.707682;-328.601837;1776.690430;0.229702;0.000000;0.000000;0.000000;0.000000;2.000000;-221.981094;-363.709137;1733.711914;0.555988;0.000000;0.000000;0.000000;0.000000;2.000000;-297.933472;-409.135864;1759.910156;0.806226;0.000000;0.000000;0.000000;0.000000;2.000000;-399.013947;-427.576019;1772.928833;0.714756;0.000000;0.000000;0.000000;0.000000;2.000000;-316.502716;-422.409302;1709.540771;0.591249;0.000000;0.000000;0.000000;0.000000;2.000000;-61.434692;-611.275085;2029.635254;0.192917;0.000000;0.000000;0.000000;0.000000;2.000000;-149.490204;-578.760498;2113.768311;0.254804;0.000000;0.000000;0.000000;0.000000;2.000000;-274.389862;-342.566345;2151.853516;0.424502;0.000000;0.000000;0.000000;0.000000;2.000000;-322.714874;-375.926117;1934.521362;1.208783;0.000000;0.000000;0.000000;0.000000;2.000000;-401.589142;-392.808044;1876.471313;0.760944;0.000000;0.000000;0.000000;0.000000;2.000000;-464.130066;-422.875366;1801.984131;0.803751;0.000000;0.000000;0.000000;0.000000;2.000000;-364.478882;-451.916412;1837.627930;1.030013;0.000000;0.000000;0.000000;0.000000;2.000000;52.647820;-157.681366;1930.663208;0.025715;0.000000;0.000000;0.000000;0.000000;2.000000;-243.738266;-140.421310;1687.559204;0.112064;0.000000;0.000000;0.000000;0.000000;2.000000;-168.293930;205.710541;1782.343018;0.101094;0.000000;0.000000;0.000000;0.000000;2.000000;-234.616226;358.247589;1714.687012;0.060199;0.000000;0.000000;0.000000;0.000000;2.000000;-47.474861;-143.073364;2062.523926;0.023186;0.000000;0.000000;0.000000;0.000000;2.000000;-429.201080;-169.695084;2040.124512;0.035897;0.000000;0.000000;0.000000;0.000000;2.000000;-300.565857;176.441132;2071.269043;0.083664;0.000000;0.000000;0.000000;0.000000;2.000000;-372.892700;319.584503;2110.927246;0.034895;0.000000;0.000000;0.000000;0.000000;2.000000;-87.703918;-709.081055;1970.513306;0.255522;0.000000;0.000000;0.000000;0.000000;2.000000;-154.981888;-695.040955;1832.676880;0.607550;0.000000;0.000000;0.000000;0.000000;2.000000;-126.194153;-739.458130;1841.430664;0.552320;0.000000;0.000000;0.000000;0.000000;2.000000;-31.704231;-768.548340;1912.072876;0.432680;0.000000;0.000000;0.000000;0.000000;2.000000;-171.734970;-732.125977;1861.018555;0.500904;0.000000;0.000000;0.000000;0.000000;2.000000;-173.717270;-760.916443;1983.241455;0.222483;0.000000;0.000000;0.000000;0.000000;2.000000;8321233408.000000
0.000000;-150.000000;2000.000000;0.000000;0.000000;0.000000;0.000000;0.000000;2.000000;15.164886;-315.967499;2037.560547;0.213373;0.000000;0.000000;0.000000;0.000000;2.000000;5.627441;-451.533234;2051.139160;0.324837;0.000000;0.000000;0.000000;0.000000;2.000000;-68.413574;-639.242188;2001.094238;0.490017;0.000000;0.000000;0.000000;0.000000;2.000000;-35.448826;-610.140015;1984.681396;0.449547;0.000000;0.000000;0.000000;0.000000;2.000000;39.673645;-571.400452;1877.003296;0.433803;0.000000;0.000000;0.000000;0.000000;2.000000;-5.222227;-327.719788;1784.111816;0.228961;0.000000;0.000000;0.000000;0.000000;2.000000;-216.763794;-380.907013;1742.285645;0.598324;0.000000;0.000000;0.000000;0.000000;2.000000;-293.192749;-432.351990;1746.092407;0.824212;0.000000;0.000000;0.000000;0.000000;2.000000;-388.739563;-470.854156;1736.359009;1.730287;0.000000;0.000000;0.000000;0.000000;2.000000;-304.912079;-459.189301;1723.644531;1.233812;0.000000;0.000000;0.000000;0.000000;2.000000;-75.446045;-607.178284;2035.122070;0.468603;0.000000;0.000000;0.000000;0.000000;2.000000;-161.225449;-573.963257;2121.132080;0.440545;0.000000;0.000000;0.000000;0.000000;2.000000;-288.434479;-336.505829;2109.677734;1.348077;0.000000;0.000000;0.000000;0.000000;2.000000;-346.481232;-388.821228;1898.778076;1.346712;0.000000;0.000000;0.000000;0.000000;2.000000;-428.970123;-441.500854;1915.438965;2.046622;0.000000;0.000000;0.000000;0.000000;2.000000;-441.956970;-466.872925;1817.808838;1.554927;0.000000;0.000000;0.000000;0.000000;2.000000;-349.627594;-477.616760;1795.999756;1.536269;0.000000;0.000000;0.000000;0.000000;2.000000;53.304977;-160.595215;1931.661377;0.094633;0.000000;0.000000;0.000000;0.000000;2.000000;-249.331940;-142.471634;1697.046753;0.336628;0.000000;0.000000;0.000000;0.000000;2.000000;-174.230743;203.580170;1791.040527;0.322833;0.000000;0.000000;0.000000;0.000000;2.000000;-238.937073;356.132477;1722.316772;0.271027;0.000000;0.000000;0.000000;0.000000;2.000000;-48.067440;-140.445831;2061.624023;0.085333;0.000000;0.000000;0.000000;0.000000;2.000000;-429.363770;-169.349274;2041.054810;0.030220;0.000000;0.000000;0.000000;0.000000;2.000000;-300.259766;175.938385;2075.322754;0.123084;0.000000;0.000000;0.000000;0.000000;2.000000;-376.902466;316.357391;2115.947754;0.216050;0.000000;0.000000;0.000000;0.000000;2.000000;-104.826324;-703.412842;1975.113892;0.559307;0.000000;0.000000;0.000000;0.000000;2.000000;-186.665985;-699.411682;1844.870239;1.028533;0.000000;0.000000;0.000000;0.000000;2.000000;-156.015350;-742.594177;1853.151611;0.967398;0.000000;0.000000;0.000000;0.000000;2.000000;-53.922737;-765.343262;1914.766235;0.679372;0.000000;0.000000;0.000000;0.000000;2.000000;-199.340546;-734.899780;1877.033691;0.962593;0.000000;0.000000;0.000000;0.000000;2.000000;-187.564850;-755.895142;2000.166870;0.674202;0.000000;0.000000;0.000000;0.000000;2.000000;8321266688.000000
0.000000;-150.000015;2000.000000;0.000000;0.000000;0.000000;0.000000;0.000000;2.000000;12.761276;-317.475891;2033.985352;0.137154;0.000000;0.000000;0.000000;0.000000;2.000000;-1.631760;-453.390076;2043.401123;0.323657;0.000000;0.000000;0.000000;0.000000;2.000000;-76.155396;-642.568848;1997.081421;0.280439;0.000000;0.000000;0.000000;0.000000;2.000000;-43.159840;-613.698730;1979.923462;0.292506;0.000000;0.000000;0.000000;0.000000;2.000000;30.386425;-576.399048;1870.132690;0.378228;0.000000;0.000000;0.000000;0.000000;2.000000;-7.764860;-329.547516;1780.324585;0.147660;0.000000;0.000000;0.000000;0.000000;2.000000;-216.811264;-398.174896;1745.362671;0.527042;0.000000;0.000000;0.000000;0.000000;2.000000;-287.059967;-458.335114;1746.250366;0.802210;0.000000;0.000000;0.000000;0.000000;2.000000;-375.856445;-510.679382;1734.098511;1.259560;0.000000;0.000000;0.000000;0.000000;2.000000;-297.871063;-486.270569;1726.984375;0.846762;0.000000;0.000000;0.000000;0.000000;2.000000;-83.049919;-609.769592;2030.636108;0.276471;0.000000;0.000000;0.000000;0.000000;2.000000;-167.859726;-572.179321;2116.375000;0.251087;0.000000;0.000000;0.000000;0.000000;2.000000;-306.329468;-340.641724;2097.288086;0.665712;0.000000;0.000000;0.000000;0.000000;2.000000;-359.663513;-407.347992;1888.475220;0.750097;0.000000;0.000000;0.000000;0.000000;2.000000;-444.292664;-459.820435;1890.057251;1.047217;0.000000;0.000000;0.000000;0.000000;2.000000;-455.636261;-497.341003;1795.869385;1.200708;0.000000;0.000000;0.000000;0.000000;2.000000;-362.148529;-502.715088;1789.281250;0.866635;0.000000;0.000000;0.000000;0.000000;2.000000;51.461834;-160.307236;1929.883667;0.077431;0.000000;0.000000;0.000000;0.000000;2.000000;-253.038223;-141.699722;1695.785889;0.119900;0.000000;0.000000;0.000000;0.000000;2.000000;-176.964615;204.995728;1791.022339;0.092508;0.000000;0.000000;0.000000;0.000000;2.000000;-242.378494;357.305054;1720.997314;0.116218;0.000000;0.000000;0.000000;0.000000;2.000000;-46.405396;-140.705551;2063.227051;0.069822;0.000000;0.000000;0.000000;0.000000;2.000000;-429.311462;-164.848114;2044.514160;0.170588;0.000000;0.000000;0.000000;0.000000;2.000000;-297.435364;180.627686;2078.667480;0.192763;0.000000;0.000000;0.000000;0.000000;2.000000;-380.272186;318.819336;2116.761230;0.127759;0.000000;0.000000;0.000000;0.000000;2.000000;-112.807571;-707.406311;1972.399414;0.280296;0.000000;0.000000;0.000000;0.000000;2.000000;-213.056763;-687.282959;1856.777710;0.943226;0.000000;0.000000;0.000000;0.000000;2.000000;-184.006149;-732.520508;1856.434937;0.899308;0.000000;0.000000;0.000000;0.000000;2.000000;-75.052399;-765.677185;1899.532593;0.782773;0.000000;0.000000;0.000000;0.000000;2.000000;-222.887070;-725.196045;1887.365845;0.825833;0.000000;0.000000;0.000000;0.000000;2.000000;-194.072144;-758.458252;2005.271118;0.260168;0.000000;0.000000;0.000000;0.000000;2.000000;8321299968.000000
0.000000;-150.000015;2000.000000;0.000000;0.000000;0.000000;0.000000;0.000000;2.000000;10.031342;-317.734619;2032.550049;0.093001;0.000000;0.000000;0.000000;0.000000;2.000000;0.592148;-453.597565;2045.789185;0.098251;0.000000;0.000000;0.000000;0.000000;2.000000;-84.875000;-635.449463;1990.943970;0.385255;0.000000;0.000000;0.000000;0.000000;2.000000;-50.135384;-607.940552;1975.207275;0.306516;0.000000;0.000000;0.000000;0.000000;2.000000;25.544800;-576.013123;1865.380737;0.204175;0.000000;0.000000;0.000000;0.000000;2.000000;-12.648613;-328.615356;1778.076660;0.163957;0.000000;0.000000;0.000000;0.000000;2.000000;-215.837585;-415.306274;1751.404541;0.546624;0.000000;0.000000;0.000000;0.000000;2.000000;-285.109497;-476.274414;1755.708984;0.612191;0.000000;0.000000;0.000000;0.000000;2.000000;-366.857697;-539.952881;1752.768921;1.077759;0.000000;0.000000;0.000000;0.000000;2.000000;-295.284485;-503.344543;1732.349731;0.543362;0.000000;0.000000;0.000000;0.000000;2.000000;-89.959198;-603.844482;2025.859497;0.308869;0.000000;0.000000;0.000000;0.000000;2.000000;-173.763000;-566.806580;2112.597168;0.265355;0.000000;0.000000;0.000000;0.000000;2.000000;-298.014160;-327.276245;2100.032227;0.480122;0.000000;0.000000;0.000000;0.000000;2.000000;-360.420776;-409.412109;1899.699951;0.343691;0.000000;0.000000;0.000000;0.000000;2.000000;-430.815918;-479.020264;1890.045532;0.704854;0.000000;0.000000;0.000000;0.000000;2.000000;-426.274048;-525.803650;1799.638916;1.233974;0.000000;0.000000;0.000000;0.000000;2.000000;-365.126709;-520.691284;1817.481934;1.008869;0.000000;0.000000;0.000000;0.000000;2.000000;51.994946;-160.392227;1930.423706;0.022944;0.000000;0.000000;0.000000;0.000000;2.000000;-252.540207;-139.854385;1697.298340;0.073238;0.000000;0.000000;0.000000;0.000000;2.000000;-176.343811;206.612183;1791.550537;0.054397;0.000000;0.000000;0.000000;0.000000;2.000000;-241.739594;358.917297;1722.060303;0.061120;0.000000;0.000000;0.000000;0.000000;2.000000;-46.886131;-140.628891;2062.739990;0.020692;0.000000;0.000000;0.000000;0.000000;2.000000;-429.320190;-164.903946;2044.076172;0.013270;0.000000;0.000000;0.000000;0.000000;2.000000;-302.378571;182.024231;2077.310547;0.159642;0.000000;0.000000;0.000000;0.000000;2.000000;-380.843353;321.711060;2118.232422;0.098989;0.000000;0.000000;0.000000;0.000000;2.000000;-125.192947;-696.713379;1963.324951;0.562214;0.000000;0.000000;0.000000;0.000000;2.000000;-217.940536;-682.529785;1841.004395;0.516304;0.000000;0.000000;0.000000;0.000000;2.000000;-189.291824;-727.781128;1844.887085;0.407318;0.000000;0.000000;0.000000;0.000000;2.000000;-83.544662;-758.943481;1896.251465;0.340257;0.000000;0.000000;0.000000;0.000000;2.000000;-229.882660;-718.636719;1872.900757;0.521489;0.000000;0.000000;0.000000;0.000000;2.000000;-208.583969;-745.511047;1993.831299;0.677977;0.000000;0.000000;0.000000;0.000000;2.000000;8321333248.000000
0.000000;-149.999985;2000.000000;0.000001;0.000000;0.000000;0.000000;0.000000;2.000000;10.920502;-317.866333;2030.063721;0.079442;0.000000;0.000000;0.000000;0.000000;2.000000;1.379604;-453.644714;2041.767334;0.123152;0.000000;0.000000;0.000000;0.000000;2.000000;-91.604370;-630.283630;1983.475464;0.339621;0.000000;0.000000;0.000000;0.000000;2.000000;-56.432518;-603.478577;1967.706787;0.323377;0.000000;0.000000;0.000000;0.000000;2.000000;15.194572;-567.040649;1856.842163;0.485013;0.000000;0.000000;0.000000;0.000000;2.000000;-33.894356;-319.084259;1778.282959;0.699718;0.000000;0.000000;0.000000;0.000000;2.000000;-223.035049;-433.275757;1755.009521;0.591651;0.000000;0.000000;0.000000;0.000000;2.000000;-280.745972;-504.146851;1767.416260;0.917807;0.000000;0.000000;0.000000;0.000000;2.000000;-365.885132;-562.915161;1770.564209;0.873404;0.000000;0.000000;0.000000;0.000000;2.000000;-290.105896;-530.790771;1742.119019;0.889114;0.000000;0.000000;0.000000;0.000000;2.000000;-94.645615;-599.777649;2019.487061;0.267258;0.000000;0.000000;0.000000;0.000000;2.000000;-177.172958;-559.841614;2105.871094;0.308456;0.000000;0.000000;0.000000;0.000000;2.000000;-302.387817;-322.038635;2083.271484;0.543766;0.000000;0.000000;0.000000;0.000000;2.000000;-357.815369;-431.157623;1894.502075;0.676364;0.000000;0.000000;0.000000;0.000000;2.000000;-418.266541;-509.765991;1889.116699;0.998234;0.000000;0.000000;0.000000;0.000000;2.000000;-427.945313;-554.663818;1798.340698;0.869521;0.000000;0.000000;0.000000;0.000000;2.000000;-356.952301;-535.746704;1803.502686;0.664400;0.000000;0.000000;0.000000;0.000000;2.000000;49.129322;-159.621033;1928.433105;0.107373;0.000000;0.000000;0.000000;0.000000;2.000000;-255.800583;-138.848862;1696.852417;0.103393;0.000000;0.000000;0.000000;0.000000;2.000000;-179.328964;206.911255;1791.210449;0.090725;0.000000;0.000000;0.000000;0.000000;2.000000;-244.335922;358.655945;1720.871338;0.086164;0.000000;0.000000;0.000000;0.000000;2.000000;-44.302082;-141.324265;2064.535156;0.096825;0.000000;0.000000;0.000000;0.000000;2.000000;-426.241943;-163.162933;2045.250244;0.111968;0.000000;0.000000;0.000000;0.000000;2.000000;-299.016113;183.038147;2078.420410;0.110673;0.000000;0.000000;0.000000;0.000000;2.000000;-382.371002;320.462219;2116.152100;0.086155;0.000000;0.000000;0.000000;0.000000;2.000000;-134.672348;-689.095825;1955.042847;0.442105;0.000000;0.000000;0.000000;0.000000;2.000000;-234.796143;-669.738281;1839.757080;0.636913;0.000000;0.000000;0.000000;0.000000;2.000000;-208.178818;-716.246094;1841.462280;0.672906;0.000000;0.000000;0.000000;0.000000;2.000000;-100.879120;-752.668457;1885.110474;0.647242;0.000000;0.000000;0.000000;0.000000;2.000000;-246.171173;-705.399109;1872.234741;0.631005;0.000000;0.000000;0.000000;0.000000;2.000000;-217.828506;-734.027649;1991.092163;0.450554;0.000000;0.000000;0.000000;0.000000;2.000000;8321366528.000000
0.000000;-150.000000;2000.000000;0.000000;0.000000;0.000000;0.000000;0.000000;2.000000;8.218849;-319.520538;2029.251587;0.098266;0.000000;0.000000;0.000000;0.000000;2.000000;-2.803291;-456.250061;2041.091797;0.149459;0.000000;0.000000;0.000000;0.000000;2.000000;-102.861282;-628.709717;1976.516724;0.400462;0.000000;0.000000;0.000000;0.000000;2.000000;-66.447914;-602.484985;1961.512207;0.355112;0.000000;0.000000;0.000000;0.000000;2.000000;1.487625;-562.298218;1848.317139;0.505529;0.000000;0.000000;0.000000;0.000000;2.000000;-46.287514;-311.018860;1772.559326;0.476431;0.000000;0.000000;0.000000;0.000000;2.000000;-229.207397;-438.660583;1753.118164;0.252603;0.000000;0.000000;0.000000;0.000000;2.000000;-277.804230;-516.817932;1766.174316;0.392645;0.000000;0.000000;0.000000;0.000000;2.000000;-359.388550;-581.723389;1762.757935;0.642279;0.000000;0.000000;0.000000;0.000000;2.000000;-287.982086;-545.610168;1743.577637;0.451974;0.000000;0.000000;0.000000;0.000000;2.000000;-104.835754;-599.095581;2013.811401;0.351084;0.000000;0.000000;0.000000;0.000000;2.000000;-188.823761;-557.875977;2099.624023;0.401601;0.000000;0.000000;0.000000;0.000000;2.000000;-321.440277;-322.127625;2072.852051;0.652513;0.000000;0.000000;0.000000;0.000000;2.000000;-358.813416;-443.280334;1884.882568;0.465979;0.000000;0.000000;0.000000;0.000000;2.000000;-413.264130;-527.137146;1889.414429;0.543255;0.000000;0.000000;0.000000;0.000000;2.000000;-419.197357;-583.017761;1803.656982;0.905807;0.000000;0.000000;0.000000;0.000000;2.000000;-344.934845;-545.417297;1793.350098;0.554885;0.000000;0.000000;0.000000;0.000000;2.000000;48.455276;-160.207794;1927.228638;0.045066;0.000000;0.000000;0.000000;0.000000;2.000000;-258.389893;-137.555832;1693.383301;0.135754;0.000000;0.000000;0.000000;0.000000;2.000000;-182.173187;211.197144;1788.099854;0.180624;0.000000;0.000000;0.000000;0.000000;2.000000;-247.145905;364.132019;1716.722656;0.223035;0.000000;0.000000;0.000000;0.000000;2.000000;-43.694244;-140.795166;2065.621094;0.040634;0.000000;0.000000;0.000000;0.000000;2.000000;-428.489807;-161.405594;2042.449463;0.120138;0.000000;0.000000;0.000000;0.000000;2.000000;-298.389557;186.926208;2074.585938;0.165163;0.000000;0.000000;0.000000;0.000000;2.000000;-385.102570;323.856201;2112.213379;0.176477;0.000000;0.000000;0.000000;0.000000;2.000000;-148.364807;-685.386475;1945.932739;0.506590;0.000000;0.000000;0.000000;0.000000;2.000000;-249.501007;-653.707458;1832.663330;0.687531;0.000000;0.000000;0.000000;0.000000;2.000000;-225.758270;-702.232422;1831.625732;0.737359;0.000000;0.000000;0.000000;0.000000;2.000000;-119.595673;-747.942505;1871.830566;0.704049;0.000000;0.000000;0.000000;0.000000;2.000000;-262.791290;-690.412964;1863.816284;0.718446;0.000000;0.000000;0.000000;0.000000;2.000000;-234.390350;-726.936340;1981.530029;0.612875;0.000000;0.000000;0.000000;0.000000;2.000000;8321399808.000000
0.000000;-150.000015;2000.000000;0.000000;0.000000;0.000000;0.000000;0.000000;2.000000;7.276161;-320.962280;2027.520874;0.072261;0.000000;0.000000;0.000000;0.000000;2.000000;-3.228462;-458.604523;2039.458130;0.085733;0.000000;0.000000;0.000000;0.000000;2.000000;-113.414536;-626.029907;1973.796631;0.332114;0.000000;0.000000;0.000000;0.000000;2.000000;-76.251915;-600.771851;1958.038940;0.311944;0.000000;0.000000;0.000000;0.000000;2.000000;-8.828506;-561.792114;1843.057617;0.342997;0.000000;0.000000;0.000000;0.000000;2.000000;-57.996170;-308.312836;1769.567383;0.366481;0.000000;0.000000;0.000000;0.000000;2.000000;-233.961975;-448.132813;1753.587646;0.313948;0.000000;0.000000;0.000000;0.000000;2.000000;-284.204956;-523.973999;1775.372314;0.393464;0.000000;0.000000;0.000000;0.000000;2.000000;-359.754974;-595.729492;1788.116211;0.857348;0.000000;0.000000;0.000000;0.000000;2.000000;-291.586426;-550.921692;1740.749634;0.207574;0.000000;0.000000;0.000000;0.000000;2.000000;-112.799484;-597.201599;2012.128052;0.247311;0.000000;0.000000;0.000000;0.000000;2.000000;-195.954071;-554.410095;2099.170898;0.234995;0.000000;0.000000;0.000000;0.000000;2.000000;-325.904449;-316.042328;2065.757324;0.306532;0.000000;0.000000;0.000000;0.000000;2.000000;-359.892853;-446.575684;1881.723999;0.138806;0.000000;0.000000;0.000000;0.000000;2.000000;-411.622375;-532.892029;1886.036255;0.203365;0.000000;0.000000;0.000000;0.000000;2.000000;-428.867157;-586.736023;1799.725220;0.327919;0.000000;0.000000;0.000000;0.000000;2.000000;-339.563507;-539.032776;1778.646973;0.500281;0.000000;0.000000;0.000000;0.000000;2.000000;46.623131;-160.032120;1925.353027;0.077765;0.000000;0.000000;0.000000;0.000000;2.000000;-263.177673;-134.049377;1691.681396;0.182697;0.000000;0.000000;0.000000;0.000000;2.000000;-185.508514;216.036804;1789.428467;0.178324;0.000000;0.000000;0.000000;0.000000;2.000000;-251.635010;368.827026;1715.913086;0.193715;0.000000;0.000000;0.000000;0.000000;2.000000;-42.042122;-140.953629;2067.312500;0.070126;0.000000;0.000000;0.000000;0.000000;2.000000;-429.243652;-157.689728;2040.413086;0.127362;0.000000;0.000000;0.000000;0.000000;2.000000;-299.311310;193.113708;2073.934570;0.186127;0.000000;0.000000;0.000000;0.000000;2.000000;-389.202728;328.528992;2114.182373;0.192974;0.000000;0.000000;0.000000;0.000000;2.000000;-162.644012;-680.272461;1943.273560;0.455691;0.000000;0.000000;0.000000;0.000000;2.000000;-277.582916;-651.061035;1841.762695;0.877064;0.000000;0.000000;0.000000;0.000000;2.000000;-248.304962;-696.175171;1833.750000;0.693733;0.000000;0.000000;0.000000;0.000000;2.000000;-133.510162;-731.866699;1860.498413;0.712973;0.000000;0.000000;0.000000;0.000000;2.000000;-283.553864;-692.143188;1870.096924;0.643958;0.000000;0.000000;0.000000;0.000000;2.000000;-239.998047;-735.831543;1981.430786;0.311190;0.000000;0.000000;0.000000;0.000000;2.000000;8321433600.000000
0.000000;-149.999985;2000.000000;0.000001;0.000000;0.000000;0.000000;0.000000;2.000000;3.557571;-321.783112;2024.552368;0.145085;0.000000;0.000000;0.000000;0.000000;2.000000;-8.608223;-459.563293;2035.603394;0.200941;0.000000;0.000000;0.000000;0.000000;2.000000;-124.963165;-621.946045;1967.009644;0.420793;0.000000;0.000000;0.000000;0.000000;2.000000;-87.125031;-597.461792;1951.432007;0.395030;0.000000;0.000000;0.000000;0.000000;2.000000;-18.547968;-560.572021;1836.202271;0.359263;0.000000;0.000000;0.000000;0.000000;2.000000;-74.132042;-307.389374;1764.883057;0.505632;0.000000;0.000000;0.000000;0.000000;2.000000;-239.748856;-460.346222;1755.376465;0.409642;0.000000;0.000000;0.000000;0.000000;2.000000;-287.003540;-536.355408;1783.045898;0.445700;0.000000;0.000000;0.000000;0.000000;2.000000;-360.328857;-609.402405;1801.439453;0.573900;0.000000;0.000000;0.000000;0.000000;2.000000;-295.719696;-562.812561;1742.190186;0.380736;0.000000;0.000000;0.000000;0.000000;2.000000;-123.014404;-594.076477;2006.084839;0.368786;0.000000;0.000000;0.000000;0.000000;2.000000;-203.876678;-553.315063;2096.467773;0.253677;0.000000;0.000000;0.000000;0.000000;2.000000;-331.451172;-313.095001;2063.952637;0.196372;0.000000;0.000000;0.000000;0.000000;2.000000;-366.949677;-453.695618;1887.363647;0.345615;0.000000;0.000000;0.000000;0.000000;2.000000;-408.998535;-545.320801;1890.677856;0.406376;0.000000;0.000000;0.000000;0.000000;2.000000;-365.653412;-587.757446;1807.028809;1.912334;0.000000;0.000000;0.000000;0.000000;2.000000;-402.498779;-563.520264;1856.332153;3.092978;0.000000;0.000000;0.000000;0.000000;2.000000;43.956150;-160.009048;1923.601196;0.095882;0.000000;0.000000;0.000000;0.000000;2.000000;-266.459503;-135.228287;1689.683105;0.120767;0.000000;0.000000;0.000000;0.000000;2.000000;-188.266525;215.717651;1785.953003;0.133663;0.000000;0.000000;0.000000;0.000000;2.000000;-254.983017;368.868652;1713.075684;0.131876;0.000000;0.000000;0.000000;0.000000;2.000000;-39.637199;-140.974365;2068.892090;0.086459;0.000000;0.000000;0.000000;0.000000;2.000000;-426.966248;-156.533875;2035.766968;0.159309;0.000000;0.000000;0.000000;0.000000;2.000000;-299.598572;195.483704;2072.323486;0.086542;0.000000;0.000000;0.000000;0.000000;2.000000;-392.200104;329.167908;2113.211914;0.096595;0.000000;0.000000;0.000000;0.000000;2.000000;-176.301346;-673.893311;1935.681396;0.507143;0.000000;0.000000;0.000000;0.000000;2.000000;-284.252930;-638.943481;1828.146118;0.583223;0.000000;0.000000;0.000000;0.000000;2.000000;-256.319000;-685.162842;1821.170654;0.557095;0.000000;0.000000;0.000000;0.000000;2.000000;-144.541748;-725.755859;1853.864990;0.428162;0.000000;0.000000;0.000000;0.000000;2.000000;-293.430573;-680.127563;1855.589355;0.639109;0.000000;0.000000;0.000000;0.000000;2.000000;-257.918793;-726.823120;1968.753296;0.712984;0.000000;0.000000;0.000000;0.000000;2.000000;8321466880.000000
0.000000;-150.000000;2000.000000;0.000000;0.000000;0.000000;0.000000;0.000000;2.000000;3.090614;-320.979248;2023.981934;0.032774;0.000000;0.000000;0.000000;0.000000;2.000000;-10.163464;-458.011963;2034.184814;0.078573;0.000000;0.000000;0.000000;0.000000;2.000000;-127.950729;-617.573547;1964.727173;0.173276;0.000000;0.000000;0.000000;0.000000;2.000000;-90.113083;-593.453064;1949.323975;0.163043;0.000000;0.000000;0.000000;0.000000;2.000000;-22.969755;-555.285278;1834.520264;0.213174;0.000000;0.000000;0.000000;0.000000;2.000000;-86.647049;-305.390900;1763.523682;0.383001;0.000000;0.000000;0.000000;0.000000;2.000000;-243.367355;-466.051453;1758.593628;0.224846;0.000000;0.000000;0.000000;0.000000;2.000000;-285.798370;-545.396606;1782.898438;0.274109;0.000000;0.000000;0.000000;0.000000;2.000000;-345.565399;-629.042725;1802.124512;0.738578;0.000000;0.000000;0.000000;0.000000;2.000000;-292.970612;-572.123962;1746.552002;0.319818;0.000000;0.000000;0.000000;0.000000;2.000000;-125.545456;-590.288757;2003.889282;0.151954;0.000000;0.000000;0.000000;0.000000;2.000000;-204.785507;-550.138489;2095.058105;0.107938;0.000000;0.000000;0.000000;0.000000;2.000000;-333.233551;-312.276062;2060.450439;0.120616;0.000000;0.000000;0.000000;0.000000;2.000000;-365.401154;-460.476349;1891.088989;0.237084;0.000000;0.000000;0.000000;0.000000;2.000000;-412.391815;-546.966980;1910.635254;0.610296;0.000000;0.000000;0.000000;0.000000;2.000000;-384.757629;-622.923889;1847.112549;1.701994;0.000000;0.000000;0.000000;0.000000;2.000000;-391.513855;-581.259644;1872.666748;0.796230;0.000000;0.000000;0.000000;0.000000;2.000000;43.615139;-159.883636;1923.913818;0.014403;0.000000;0.000000;0.000000;0.000000;2.000000;-265.316864;-134.917328;1691.352295;0.061496;0.000000;0.000000;0.000000;0.000000;2.000000;-187.355362;213.969666;1787.975952;0.084872;0.000000;0.000000;0.000000;0.000000;2.000000;-253.036377;366.931702;1716.085449;0.122425;0.000000;0.000000;0.000000;0.000000;2.000000;-39.329693;-141.087494;2068.610352;0.012985;0.000000;0.000000;0.000000;0.000000;2.000000;-424.631683;-157.820587;2035.649414;0.080176;0.000000;0.000000;0.000000;0.000000;2.000000;-300.228699;193.225159;2072.083984;0.070823;0.000000;0.000000;0.000000;0.000000;2.000000;-391.022919;326.898743;2113.559570;0.077520;0.000000;0.000000;0.000000;0.000000;2.000000;-179.714645;-668.367310;1933.233398;0.208569;0.000000;0.000000;0.000000;0.000000;2.000000;-287.909882;-626.776489;1829.530273;0.384010;0.000000;0.000000;0.000000;0.000000;2.000000;-261.784607;-673.392944;1820.618896;0.390287;0.000000;0.000000;0.000000;0.000000;2.000000;-151.374863;-718.362915;1849.663574;0.327784;0.000000;0.000000;0.000000;0.000000;2.000000;-297.869659;-668.276123;1855.727905;0.380297;0.000000;0.000000;0.000000;0.000000;2.000000;-261.972504;-719.386353;1966.098022;0.266715;0.000000;0.000000;0.000000;0.000000;2.000000;8321500160.000000
0.000000;-149.999985;2000.000000;0.000000;0.000000;0.000000;0.000000;0.000000;2.000000;-0.286171;-320.185638;2018.703735;0.189784;0.000000;0.000000;0.000000;0.000000;2.000000;-13.211208;-456.222961;2026.541504;0.253028;0.000000;0.000000;0.000000;0.000000;2.000000;-136.779510;-608.626343;1956.444946;0.452316;0.000000;0.000000;0.000000;0.000000;2.000000;-98.811172;-585.601318;1940.925903;0.433187;0.000000;0.000000;0.000000;0.000000;2.000000;-31.486855;-551.951355;1826.228760;0.370951;0.000000;0.000000;0.000000;0.000000;2.000000;-93.174240;-301.240265;1765.662476;0.241147;0.000000;0.000000;0.000000;0.000000;2.000000;-239.189850;-469.209229;1762.691406;0.199803;0.000000;0.000000;0.000000;0.000000;2.000000;-276.459290;-552.156677;1779.129517;0.364464;0.000000;0.000000;0.000000;0.000000;2.000000;-332.483337;-638.009705;1794.735107;0.525756;0.000000;0.000000;0.000000;0.000000;2.000000;-287.220001;-578.331909;1754.665161;0.352257;0.000000;0.000000;0.000000;0.000000;2.000000;-132.634201;-582.663269;1995.864746;0.394983;0.000000;0.000000;0.000000;0.000000;2.000000;-208.360687;-546.302002;2090.053223;0.217821;0.000000;0.000000;0.000000;0.000000;2.000000;-336.359924;-310.240173;2059.937256;0.113160;0.000000;0.000000;0.000000;0.000000;2.000000;-361.976379;-461.100952;1894.437866;0.145149;0.000000;0.000000;0.000000;0.000000;2.000000;-405.545197;-549.119324;1910.393799;0.215776;0.000000;0.000000;0.000000;0.000000;2.000000;-391.210083;-631.011169;1851.425049;0.336801;0.000000;0.000000;0.000000;0.000000;2.000000;-381.421875;-585.327087;1881.166382;0.414877;0.000000;0.000000;0.000000;0.000000;2.000000;42.570885;-158.422577;1924.014282;0.054047;0.000000;0.000000;0.000000;0.000000;2.000000;-263.238007;-132.916229;1692.860596;0.097834;0.000000;0.000000;0.000000;0.000000;2.000000;-186.854706;213.145996;1788.870117;0.039506;0.000000;0.000000;0.000000;0.000000;2.000000;-252.050903;365.137268;1718.369385;0.092162;0.000000;0.000000;0.000000;0.000000;2.000000;-38.388031;-142.404984;2068.519531;0.048737;0.000000;0.000000;0.000000;0.000000;2.000000;-420.401031;-156.828430;2034.724731;0.133495;0.000000;0.000000;0.000000;0.000000;2.000000;-299.674927;191.755676;2074.434570;0.084943;0.000000;0.000000;0.000000;0.000000;2.000000;-388.524384;325.579773;2113.899414;0.085507;0.000000;0.000000;0.000000;0.000000;2.000000;-190.452332;-656.431396;1925.151367;0.540100;0.000000;0.000000;0.000000;0.000000;2.000000;-289.486725;-618.765198;1813.108032;0.551083;0.000000;0.000000;0.000000;0.000000;2.000000;-265.251068;-666.552246;1809.324463;0.410215;0.000000;0.000000;0.000000;0.000000;2.000000;-159.822189;-713.289063;1848.071899;0.299931;0.000000;0.000000;0.000000;0.000000;2.000000;-302.746674;-657.369751;1841.375977;0.561113;0.000000;0.000000;0.000000;0.000000;2.000000;-276.016479;-700.980103;1956.238647;0.756132;0.000000;0.000000;0.000000;0.000000;2.000000;8321533440.000000
0.000000;-150.000015;2000.000000;0.000001;0.000000;0.000000;0.000000;0.000000;2.000000;-1.701515;-318.650757;2020.240234;0.077893;0.000000;0.000000;0.000000;0.000000;2.000000;-17.582346;-453.324799;2027.519897;0.160310;0.000000;0.000000;0.000000;0.000000;2.000000;-138.373047;-604.363464;1954.520020;0.148478;0.000000;0.000000;0.000000;0.000000;2.000000;-100.323288;-581.484009;1940.139160;0.133900;0.000000;0.000000;0.000000;0.000000;2.000000;-32.663357;-548.555420;1826.717529;0.108986;0.000000;0.000000;0.000000;0.000000;2.000000;-95.323067;-301.050659;1763.098877;0.100674;0.000000;0.000000;0.000000;0.000000;2.000000;-233.280136;-473.462891;1766.523926;0.247248;0.000000;0.000000;0.000000;0.000000;2.000000;-269.729401;-555.625916;1784.605225;0.280769;0.000000;0.000000;0.000000;0.000000;2.000000;-318.360474;-645.125183;1799.099243;0.492945;0.000000;0.000000;0.000000;0.000000;2.000000;-281.293488;-583.080261;1759.784424;0.275194;0.000000;0.000000;0.000000;0.000000;2.000000;-135.256027;-578.696838;1993.783936;0.155950;0.000000;0.000000;0.000000;0.000000;2.000000;-211.161682;-543.190063;2086.827881;0.158808;0.000000;0.000000;0.000000;0.000000;2.000000;-333.078888;-305.903229;2060.225586;0.163638;0.000000;0.000000;0.000000;0.000000;2.000000;-355.168518;-461.816528;1901.431763;0.294062;0.000000;0.000000;0.000000;0.000000;2.000000;-394.737061;-552.249084;1902.796997;0.407949;0.000000;0.000000;0.000000;0.000000;2.000000;-390.951080;-639.426270;1851.681885;0.253095;0.000000;0.000000;0.000000;0.000000;2.000000;-362.679260;-588.434448;1887.352295;0.600365;0.000000;0.000000;0.000000;0.000000;2.000000;45.042042;-159.291824;1926.362915;0.105718;0.000000;0.000000;0.000000;0.000000;2.000000;-256.114044;-133.103241;1694.161377;0.217673;0.000000;0.000000;0.000000;0.000000;2.000000;-181.639603;210.117859;1790.911011;0.191301;0.000000;0.000000;0.000000;0.000000;2.000000;-241.681641;361.744751;1718.647095;0.327934;0.000000;0.000000;0.000000;0.000000;2.000000;-40.616390;-141.621170;2066.401855;0.095326;0.000000;0.000000;0.000000;0.000000;2.000000;-420.480652;-162.337250;2050.286133;0.496031;0.000000;0.000000;0.000000;0.000000;2.000000;-302.228455;184.687683;2083.520020;0.354290;0.000000;0.000000;0.000000;0.000000;2.000000;-382.119415;323.917358;2117.669189;0.228836;0.000000;0.000000;0.000000;0.000000;2.000000;-190.818329;-651.717896;1922.015381;0.170469;0.000000;0.000000;0.000000;0.000000;2.000000;-286.707336;-609.664856;1810.453735;0.296833;0.000000;0.000000;0.000000;0.000000;2.000000;-266.154999;-658.754028;1807.604980;0.241482;0.000000;0.000000;0.000000;0.000000;2.000000;-164.961945;-711.737671;1846.626465;0.167066;0.000000;0.000000;0.000000;0.000000;2.000000;-302.439911;-646.333252;1839.344238;0.337324;0.000000;0.000000;0.000000;0.000000;2.000000;-278.511688;-689.041382;1954.089722;0.372132;0.000000;0.000000;0.000000;0.000000;2.000000;8321566720.000000
0.000000;-150.000015;2000.000000;0.000000;0.000000;0.000000;0.000000;0.000000;2.000000;-2.607304;-318.819580;2019.597778;0.033752;0.000000;0.000000;0.000000;0.000000;2.000000;-19.938831;-453.448608;2025.880371;0.086340;0.000000;0.000000;0.000000;0.000000;2.000000;-142.490982;-602.367249;1951.124023;0.171235;0.000000;0.000000;0.000000;0.000000;2.000000;-104.173416;-579.726929;1936.985352;0.158594;0.000000;0.000000;0.000000;0.000000;2.000000;-37.235626;-545.691772;1823.362183;0.190905;0.000000;0.000000;0.000000;0.000000;2.000000;-99.181114;-297.292847;1761.900391;0.165788;0.000000;0.000000;0.000000;0.000000;2.000000;-235.138489;-471.393890;1767.721680;0.090986;0.000000;0.000000;0.000000;0.000000;2.000000;-268.638977;-555.155762;1784.400879;0.036205;0.000000;0.000000;0.000000;0.000000;2.000000;-308.818054;-648.930603;1798.185913;0.309908;0.000000;0.000000;0.000000;0.000000;2.000000;-281.399261;-582.804626;1761.602539;0.055346;0.000000;0.000000;0.000000;0.000000;2.000000;-139.073792;-577.185425;1990.709961;0.154124;0.000000;0.000000;0.000000;0.000000;2.000000;-214.108673;-541.091919;2084.335693;0.132000;0.000000;0.000000;0.000000;0.000000;2.000000;-333.648254;-302.626617;2055.893066;0.164116;0.000000;0.000000;0.000000;0.000000;2.000000;-355.870941;-462.466949;1900.874390;0.033286;0.000000;0.000000;0.000000;0.000000;2.000000;-392.919983;-554.009277;1903.080078;0.076491;0.000000;0.000000;0.000000;0.000000;2.000000;-388.163544;-641.907227;1853.172241;0.120742;0.000000;0.000000;0.000000;0.000000;2.000000;-358.046753;-586.924622;1873.116333;0.452124;0.000000;0.000000;0.000000;0.000000;2.000000;45.130741;-159.246979;1926.348877;0.003016;0.000000;0.000000;0.000000;0.000000;2.000000;-255.898254;-131.701965;1693.757446;0.044297;0.000000;0.000000;0.000000;0.000000;2.000000;-180.071121;211.185059;1791.474487;0.059466;0.000000;0.000000;0.000000;0.000000;2.000000;-241.018982;362.687439;1719.438721;0.042008;0.000000;0.000000;0.000000;0.000000;2.000000;-40.696373;-141.661606;2066.414307;0.002719;0.000000;0.000000;0.000000;0.000000;2.000000;-420.615173;-157.117508;2042.212158;0.288920;0.000000;0.000000;0.000000;0.000000;2.000000;-298.901978;188.298462;2081.629150;0.158084;0.000000;0.000000;0.000000;0.000000;2.000000;-381.973022;325.467896;2116.988770;0.051069;0.000000;0.000000;0.000000;0.000000;2.000000;-195.500259;-648.782837;1918.071167;0.203999;0.000000;0.000000;0.000000;0.000000;2.000000;-290.612915;-602.673096;1807.322754;0.258381;0.000000;0.000000;0.000000;0.000000;2.000000;-268.966766;-651.134827;1802.161621;0.293778;0.000000;0.000000;0.000000;0.000000;2.000000;-167.212357;-704.114136;1839.937622;0.312158;0.000000;0.000000;0.000000;0.000000;2.000000;-306.008698;-641.193176;1833.947632;0.248292;0.000000;0.000000;0.000000;0.000000;2.000000;-282.910675;-689.600586;1946.665405;0.259849;0.000000;0.000000;0.000000;0.000000;2.000000;8321600000.000000
0.000000;-150.000015;2000.000000;0.000000;0.000000;0.000000;0.000000;0.000000;2.000000;-2.607586;-318.819672;2019.597778;0.000009;0.000000;0.000000;0.000000;0.000000;2.000000;-19.939638;-453.448761;2025.880127;0.000026;0.000000;0.000000;0.000000;0.000000;2.000000;-142.492798;-602.366638;1951.123413;0.000060;0.000000;0.000000;0.000000;0.000000;2.000000;-104.175064;-579.726440;1936.984741;0.000055;0.000000;0.000000;0.000000;0.000000;2.000000;-37.238014;-545.691162;1823.361084;0.000081;0.000000;0.000000;0.000000;0.000000;2.000000;-99.183472;-297.291962;1761.899902;0.000077;0.000000;0.000000;0.000000;0.000000;2.000000;-235.141235;-471.392822;1767.722900;0.000096;0.000000;0.000000;0.000000;0.000000;2.000000;-268.641663;-555.154480;1784.403320;0.000116;0.000000;0.000000;0.000000;0.000000;2.000000;-308.818848;-648.930054;1798.189819;0.000121;0.000000;0.000000;0.000000;0.000000;2.000000;-281.402435;-582.804016;1761.606689;0.000158;0.000000;0.000000;0.000000;0.000000;2.000000;-139.075409;-577.184937;1990.709473;0.000053;0.000000;0.000000;0.000000;0.000000;2.000000;-214.110443;-541.091064;2084.334961;0.000063;0.000000;0.000000;0.000000;0.000000;2.000000;-333.649414;-302.625427;2055.890869;0.000083;0.000000;0.000000;0.000000;0.000000;2.000000;-355.871674;-462.466675;1900.872925;0.000050;0.000000;0.000000;0.000000;0.000000;2.000000;-392.920380;-554.009216;1903.078735;0.000042;0.000000;0.000000;0.000000;0.000000;2.000000;-388.164246;-641.907654;1853.171875;0.000027;0.000000;0.000000;0.000000;0.000000;2.000000;-358.036530;-586.923889;1873.101318;0.000546;0.000000;0.000000;0.000000;0.000000;2.000000;45.130737;-159.247025;1926.348877;0.000001;0.000000;0.000000;0.000000;0.000000;2.000000;-255.898438;-131.701431;1693.757324;0.000017;0.000000;0.000000;0.000000;0.000000;2.000000;-180.070587;211.185669;1791.474609;0.000025;0.000000;0.000000;0.000000;0.000000;2.000000;-241.018005;362.688477;1719.439209;0.000045;0.000000;0.000000;0.000000;0.000000;2.000000;-40.696365;-141.661591;2066.414551;0.000007;0.000000;0.000000;0.000000;0.000000;2.000000;-420.615417;-157.116653;2042.211914;0.000028;0.000000;0.000000;0.000000;0.000000;2.000000;-298.900818;188.298950;2081.629395;0.000039;0.000000;0.000000;0.000000;0.000000;2.000000;-381.971130;325.468872;2116.989258;0.000066;0.000000;0.000000;0.000000;0.000000;2.000000;-195.502411;-648.781860;1918.070557;0.000073;0.000000;0.000000;0.000000;0.000000;2.000000;-290.615723;-602.669067;1807.323730;0.000150;0.000000;0.000000;0.000000;0.000000;2.000000;-268.970245;-651.130981;1802.161621;0.000156;0.000000;0.000000;0.000000;0.000000;2.000000;-167.216034;-704.112183;1839.935547;0.000140;0.000000;0.000000;0.000000;0.000000;2.000000;-306.011719;-641.189392;1833.948120;0.000146;0.000000;0.000000;0.000000;0.000000;2.000000;-282.913086;-689.599060;1946.664917;0.000087;0.000000;0.000000;0.000000;0.000000;2.000000;8321633280.000000
0.000000;-150.000000;2000.000000;0.000000;0.000000;0.000000;0.000000;0.000000;2.000000;-8.220886;-319.666687;2015.437378;0.211483;0.000000;0.000000;0.000000;0.000000;2.000000;-29.663965;-454.303070;2018.086060;0.375348;0.000000;0.000000;0.000000;0.000000;2.000000;-160.645325;-594.958923;1939.709351;0.681680;0.000000;0.000000;0.000000;0.000000;2.000000;-121.340179;-573.596008;1925.756348;0.643268;0.000000;0.000000;0.000000;0.000000;2.000000;-52.831936;-542.978638;1811.528442;0.593812;0.000000;0.000000;0.000000;0.000000;2.000000;-105.835823;-289.379333;1759.770752;0.317141;0.000000;0.000000;0.000000;0.000000;2.000000;-236.694885;-467.690887;1775.625488;0.266344;0.000000;0.000000;0.000000;0.000000;2.000000;-258.681946;-556.304749;1787.434326;0.314726;0.000000;0.000000;0.000000;0.000000;2.000000;-283.393463;-656.257568;1795.853516;0.798172;0.000000;0.000000;0.000000;0.000000;2.000000;-274.904846;-584.405701;1762.453979;0.202690;0.000000;0.000000;0.000000;0.000000;2.000000;-155.484406;-571.318115;1980.240601;0.610850;0.000000;0.000000;0.000000;0.000000;2.000000;-227.876953;-538.904419;2077.795898;0.462640;0.000000;0.000000;0.000000;0.000000;2.000000;-349.936859;-302.104797;2039.140259;0.702209;0.000000;0.000000;0.000000;0.000000;2.000000;-354.675476;-473.478943;1894.117188;0.389863;0.000000;0.000000;0.000000;0.000000;2.000000;-381.693054;-568.766296;1890.116577;0.679805;0.000000;0.000000;0.000000;0.000000;2.000000;-376.507202;-650.405579;1829.957642;0.821254;0.000000;0.000000;0.000000;0.000000;2.000000;-342.257202;-581.740234;1826.545410;1.485272;0.000000;0.000000;0.000000;0.000000;2.000000;46.929314;-158.908844;1927.077148;0.059185;0.000000;0.000000;0.000000;0.000000;2.000000;-252.435486;-133.448181;1689.960449;0.163091;0.000000;0.000000;0.000000;0.000000;2.000000;-176.050690;210.830811;1787.094971;0.178948;0.000000;0.000000;0.000000;0.000000;2.000000;-235.811554;363.317871;1714.599854;0.214423;0.000000;0.000000;0.000000;0.000000;2.000000;-42.318222;-141.966492;2065.757813;0.053370;0.000000;0.000000;0.000000;0.000000;2.000000;-423.102844;-158.757874;2035.794312;0.212613;0.000000;0.000000;0.000000;0.000000;2.000000;-297.071899;186.029480;2078.985352;0.118247;0.000000;0.000000;0.000000;0.000000;2.000000;-377.753876;325.222351;2114.631348;0.145371;0.000000;0.000000;0.000000;0.000000;2.000000;-216.444427;-637.743896;1905.722778;0.802274;0.000000;0.000000;0.000000;0.000000;2.000000;-301.154449;-590.329346;1786.653320;0.789641;0.000000;0.000000;0.000000;0.000000;2.000000;-276.176758;-637.386475;1781.620483;0.773575;0.000000;0.000000;0.000000;0.000000;2.000000;-176.114441;-687.189941;1828.490601;0.669560;0.000000;0.000000;0.000000;0.000000;2.000000;-317.257874;-631.186157;1809.414551;0.864861;0.000000;0.000000;0.000000;0.000000;2.000000;-304.308960;-684.792847;1921.884888;0.994284;0.000000;0.000000;0.000000;0.000000;2.000000;8321666560.000000
