posX0;posY0;posZ0;posVel0;rotX0;rotY0;rotZ0;rotVel0;confidence0;posX1;posY1;posZ1;posVel1;rotX1;rotY1;rotZ1;rotVel1;confidence1;posX2;posY2;posZ2;posVel2;rotX2;rotY2;rotZ2;rotVel2;confidence2;posX3;posY3;posZ3;posVel3;rotX3;rotY3;rotZ3;rotVel3;confidence3;posX4;posY4;posZ4;posVel4;rotX4;rotY4;rotZ4;rotVel4;confidence4;posX5;posY5;posZ5;posVel5;rotX5;rotY5;rotZ5;rotVel5;confidence5;posX6;posY6;posZ6;posVel6;rotX6;rotY6;rotZ6;rotVel6;confidence6;posX7;posY7;posZ7;posVel7;rotX7;rotY7;rotZ7;rotVel7;confidence7;posX8;posY8;posZ8;posVel8;rotX8;rotY8;rotZ8;rotVel8;confidence8;posX9;posY9;posZ9;posVel9;rotX9;rotY9;rotZ9;rotVel9;confidence9;posX10;posY10;posZ10;posVel10;rotX10;rotY10;rotZ10;rotVel10;confidence10;posX11;posY11;posZ11;posVel11;rotX11;rotY11;rotZ11;rotVel11;confidence11;posX12;posY12;posZ12;posVel12;rotX12;rotY12;rotZ12;rotVel12;confidence12;posX13;posY13;posZ13;posVel13;rotX13;rotY13;rotZ13;rotVel13;confidence13;posX14;posY14;posZ14;posVel14;rotX14;rotY14;rotZ14;rotVel14;confidence14;posX15;posY15;posZ15;posVel15;rotX15;rotY15;rotZ15;rotVel15;confidence15;posX16;posY16;posZ16;posVel16;rotX16;rotY16;rotZ16;rotVel16;confidence16;posX17;posY17;posZ17;posVel17;rotX17;rotY17;rotZ17;rotVel17;confidence17;posX18;posY18;posZ18;posVel18;rotX18;rotY18;rotZ18;rotVel18;confidence18;posX19;posY19;posZ19;posVel19;rotX19;rotY19;rotZ19;rotVel19;confidence19;posX20;posY20;posZ20;posVel20;rotX20;rotY20;rotZ20;rotVel20;confidence20;posX21;posY21;posZ21;posVel21;rotX21;rotY21;rotZ21;rotVel21;confidence21;posX22;posY22;posZ22;posVel22;rotX22;rotY22;rotZ22;rotVel22;confidence22;posX23;posY23;posZ23;posVel23;rotX23;rotY23;rotZ23;rotVel23;confidence23;posX24;posY24;posZ24;posVel24;rotX24;rotY24;rotZ24;rotVel24;confidence24;posX25;posY25;posZ25;posVel25;rotX25;rotY25;rotZ25;rotVel25;confidence25;posX26;posY26;posZ26;posVel26;rotX26;rotY26;rotZ26;rotVel26;confidence26;posX27;posY27;posZ27;posVel27;rotX27;rotY27;rotZ27;rotVel27;confidence27;posX28;posY28;posZ28;posVel28;rotX28;rotY28;rotZ28;rotVel28;confidence28;posX29;posY29;posZ29;posVel29;rotX29;rotY29;rotZ29;rotVel29;confidence29;posX30;posY30;posZ30;posVel30;rotX30;rotY30;rotZ30;rotVel30;confidence30;posX31;posY31;posZ31;posVel31;rotX31;rotY31;rotZ31;rotVel31;confidence31;TimeStamp
0.000000;-150.000000;2000.000000;0.000000;0.000000;0.000000;0.000000;0.000000;2.000000;-14.834721;-295.306274;2066.125488;0.000000;0.000000;0.000000;0.000000;0.000000;2.000000;-7.840816;-423.095001;2073.251953;0.000000;0.000000;0.000000;0.000000;0.000000;2.000000;-2.134846;-588.880249;1970.532104;0.000000;0.000000;0.000000;0.000000;0.000000;2.000000;27.034302;-562.730835;1990.674927;0.000000;0.000000;0.000000;0.000000;0.000000;2.000000;155.013840;-555.005249;1982.530029;0.000000;0.000000;0.000000;0.000000;0.000000;2.000000;112.112724;-325.136383;1898.884644;0.000000;0.000000;0.000000;0.000000;0.000000;2.000000;2.405952;-489.619568;1832.875244;0.000000;0.000000;0.000000;0.000000;0.000000;2.000000;-39.204914;-564.169067;1818.741699;0.000000;0.000000;0.000000;0.000000;0.000000;2.000000;-67.517166;-650.282715;1783.915649;0.000000;0.000000;0.000000;0.000000;0.000000;2.000000;-64.313065;-566.883850;1789.984985;0.000000;0.000000;0.000000;0.000000;0.000000;2.000000;-33.240841;-561.239746;1985.939087;0.000000;0.000000;0.000000;0.000000;0.000000;2.000000;-147.123352;-533.290344;1971.173218;0.000000;0.000000;0.000000;0.000000;0.000000;2.000000;-177.253067;-282.170288;1963.207764;0.000000;0.000000;0.000000;0.000000;0.000000;2.000000;-134.817612;-463.899170;1864.575684;0.000000;0.000000;0.000000;0.000000;0.000000;2.000000;-165.449173;-541.366760;1822.832275;0.000000;0.000000;0.000000;0.000000;0.000000;2.000000;-119.916626;-622.687012;1802.224854;0.000000;0.000000;0.000000;0.000000;0.000000;2.000000;-101.448196;-560.005127;1817.657471;0.000000;0.000000;0.000000;0.000000;0.000000;2.000000;76.080284;-144.169891;2029.879150;0.000000;0.000000;0.000000;0.000000;0.000000;2.000000;85.916069;-22.573242;1691.413208;0.000000;0.000000;0.000000;0.000000;0.000000;2.000000;88.769241;321.158966;1683.345947;0.000000;0.000000;0.000000;0.000000;0.000000;2.000000;119.378174;463.630463;1599.022217;0.000000;0.000000;0.000000;0.000000;0.000000;2.000000;-68.604950;-155.257278;1973.056519;0.000000;0.000000;0.000000;0.000000;0.000000;2.000000;127.796768;-123.355225;1673.770874;0.000000;0.000000;0.000000;0.000000;0.000000;2.000000;228.253006;204.991241;1620.642822;0.000000;0.000000;0.000000;0.000000;0.000000;2.000000;305.650574;324.493866;1559.625732;0.000000;0.000000;0.000000;0.000000;0.000000;2.000000;0.941406;-644.061279;1922.211304;0.000000;0.000000;0.000000;0.000000;0.000000;2.000000;129.914795;-631.090942;1858.555054;0.000000;0.000000;0.000000;0.000000;0.000000;2.000000;109.822395;-677.165649;1860.481079;0.000000;0.000000;0.000000;0.000000;0.000000;2.000000;36.844879;-730.805054;1929.597168;0.000000;0.000000;0.000000;0.000000;0.000000;2.000000;94.976013;-643.979126;1830.714600;0.000000;0.000000;0.000000;0.000000;0.000000;2.000000;-22.532230;-636.466919;1830.561279;0.000000;0.000000;0.000000;0.000000;0.000000;2.000000;20404299776.000000
0.000000;-150.000000;2000.000000;0.000000;0.000000;0.000000;0.000000;0.000000;2.000000;-26.779350;-302.222778;2052.864990;0.584117;0.000000;0.000000;0.000000;0.000000;2.000000;-20.764145;-432.181091;2041.517822;1.081815;0.000000;0.000000;0.000000;0.000000;2.000000;-11.023415;-598.559998;1933.172485;1.208606;0.000000;0.000000;0.000000;0.000000;2.000000;16.174515;-576.142822;1960.954834;1.048802;0.000000;0.000000;0.000000;0.000000;2.000000;145.798889;-571.533691;1978.514893;0.590360;0.000000;0.000000;0.000000;0.000000;2.000000;121.958420;-335.679688;1890.053467;0.516179;0.000000;0.000000;0.000000;0.000000;2.000000;-7.489204;-489.166962;1820.888306;0.474551;0.000000;0.000000;0.000000;0.000000;2.000000;-51.626053;-564.442261;1808.276978;0.495730;0.000000;0.000000;0.000000;0.000000;2.000000;-80.219040;-654.223022;1778.106567;0.442883;0.000000;0.000000;0.000000;0.000000;2.000000;-74.711761;-566.513123;1774.904663;0.559135;0.000000;0.000000;0.000000;0.000000;2.000000;-41.975922;-567.025879;1942.729126;1.356877;0.000000;0.000000;0.000000;0.000000;2.000000;-132.781021;-532.639282;1871.515869;3.072699;0.000000;0.000000;0.000000;0.000000;2.000000;-176.040680;-289.460907;1945.401611;0.588350;0.000000;0.000000;0.000000;0.000000;2.000000;-91.304306;-456.932190;1840.420898;1.533611;0.000000;0.000000;0.000000;0.000000;2.000000;-123.410278;-544.994019;1825.376953;1.290031;0.000000;0.000000;0.000000;0.000000;2.000000;-107.457184;-637.561768;1800.200439;0.595362;0.000000;0.000000;0.000000;0.000000;2.000000;-100.128662;-556.813843;1801.788208;0.495626;0.000000;0.000000;0.000000;0.000000;2.000000;74.334740;-149.877884;2038.006836;0.307740;0.000000;0.000000;0.000000;0.000000;2.000000;89.279953;-32.201996;1691.177979;0.311345;0.000000;0.000000;0.000000;0.000000;2.000000;93.572716;317.542389;1671.713135;0.399623;0.000000;0.000000;0.000000;0.000000;2.000000;119.411957;463.619781;1585.593750;0.409806;0.000000;0.000000;0.000000;0.000000;2.000000;-67.030907;-150.110123;1965.727661;0.277497;0.000000;0.000000;0.000000;0.000000;2.000000;135.475906;-132.167343;1661.192871;0.524004;0.000000;0.000000;0.000000;0.000000;2.000000;233.893051;204.750397;1615.210693;0.239084;0.000000;0.000000;0.000000;0.000000;2.000000;312.702087;322.616669;1545.907227;0.474198;0.000000;0.000000;0.000000;0.000000;2.000000;-3.378246;-653.818726;1883.351196;1.229815;0.000000;0.000000;0.000000;0.000000;2.000000;137.404449;-633.997437;1845.477173;0.468396;0.000000;0.000000;0.000000;0.000000;2.000000;117.740402;-680.826660;1838.635498;0.717862;0.000000;0.000000;0.000000;0.000000;2.000000;32.746429;-742.580444;1887.989014;1.325565;0.000000;0.000000;0.000000;0.000000;2.000000;107.818588;-643.900513;1809.830444;0.748201;0.000000;0.000000;0.000000;0.000000;2.000000;-9.976265;-635.982056;1788.540283;1.338484;0.000000;0.000000;0.000000;0.000000;2.000000;20404332544.000000
0.000000;-150.000000;2000.000000;0.000000;0.000000;0.000000;0.000000;0.000000;2.000000;-28.344875;-301.219940;2053.590332;0.057320;0.000000;0.000000;0.000000;0.000000;2.000000;-20.619884;-430.237335;2037.498535;0.128302;0.000000;0.000000;0.000000;0.000000;2.000000;-11.630764;-598.029175;1932.274414;0.034672;0.000000;0.000000;0.000000;0.000000;2.000000;15.135677;-575.935059;1960.539063;0.032688;0.000000;0.000000;0.000000;0.000000;2.000000;143.612976;-572.919434;1983.477661;0.160762;0.000000;0.000000;0.000000;0.000000;2.000000;119.810730;-338.237823;1893.805176;0.144277;0.000000;0.000000;0.000000;0.000000;2.000000;-3.484165;-495.051636;1822.610352;0.210352;0.000000;0.000000;0.000000;0.000000;2.000000;-48.502552;-569.479309;1809.713501;0.175164;0.000000;0.000000;0.000000;0.000000;2.000000;-78.473373;-658.301208;1778.904785;0.129462;0.000000;0.000000;0.000000;0.000000;2.000000;-71.873642;-571.150452;1776.861694;0.165969;0.000000;0.000000;0.000000;0.000000;2.000000;-41.978344;-565.664551;1940.309448;0.079743;0.000000;0.000000;0.000000;0.000000;2.000000;-125.769913;-529.935547;1862.045532;0.347236;0.000000;0.000000;0.000000;0.000000;2.000000;-170.064270;-292.533600;1950.328369;0.239332;0.000000;0.000000;0.000000;0.000000;2.000000;-81.839981;-453.779205;1839.783569;0.287111;0.000000;0.000000;0.000000;0.000000;2.000000;-115.581985;-539.374573;1817.437012;0.358631;0.000000;0.000000;0.000000;0.000000;2.000000;-107.263977;-634.770996;1802.023315;0.095903;0.000000;0.000000;0.000000;0.000000;2.000000;-88.156555;-544.207764;1795.591553;0.530116;0.000000;0.000000;0.000000;0.000000;2.000000;73.990181;-150.333527;2038.193604;0.017262;0.000000;0.000000;0.000000;0.000000;2.000000;87.733719;-31.166748;1692.849121;0.071836;0.000000;0.000000;0.000000;0.000000;2.000000;95.948441;317.557343;1672.975586;0.077274;0.000000;0.000000;0.000000;0.000000;2.000000;119.279198;463.481964;1586.782349;0.034579;0.000000;0.000000;0.000000;0.000000;2.000000;-66.720200;-149.699234;1965.559204;0.015567;0.000000;0.000000;0.000000;0.000000;2.000000;136.038651;-132.903564;1662.290771;0.041265;0.000000;0.000000;0.000000;0.000000;2.000000;234.552261;203.111847;1617.108887;0.074471;0.000000;0.000000;0.000000;0.000000;2.000000;312.438934;320.380829;1546.706299;0.068614;0.000000;0.000000;0.000000;0.000000;2.000000;-3.796665;-654.082764;1883.681763;0.017091;0.000000;0.000000;0.000000;0.000000;2.000000;135.870728;-633.868286;1843.466309;0.072734;0.000000;0.000000;0.000000;0.000000;2.000000;115.774895;-680.172607;1835.423828;0.109770;0.000000;0.000000;0.000000;0.000000;2.000000;31.689060;-742.947510;1884.322388;0.110112;0.000000;0.000000;0.000000;0.000000;2.000000;105.503098;-642.273926;1808.261230;0.092937;0.000000;0.000000;0.000000;0.000000;2.000000;-12.367199;-632.868713;1789.990967;0.120202;0.000000;0.000000;0.000000;0.000000;2.000000;20404367360.000000
0.000000;-150.000000;2000.000000;0.000000;0.000000;0.000000;0.000000;0.000000;2.000000;-31.157650;-299.566101;2054.972656;0.108145;0.000000;0.000000;0.000000;0.000000;2.000000;-23.987820;-428.275452;2039.755371;0.137449;0.000000;0.000000;0.000000;0.000000;2.000000;-12.647015;-593.007690;1931.241943;0.159494;0.000000;0.000000;0.000000;0.000000;2.000000;12.643181;-572.534363;1961.756714;0.133930;0.000000;0.000000;0.000000;0.000000;2.000000;139.208893;-579.879883;1990.967896;0.339757;0.000000;0.000000;0.000000;0.000000;2.000000;127.291397;-347.364380;1895.858521;0.365537;0.000000;0.000000;0.000000;0.000000;2.000000;-2.474094;-497.649719;1824.221191;0.098251;0.000000;0.000000;0.000000;0.000000;2.000000;-47.003735;-572.425720;1813.940430;0.163759;0.000000;0.000000;0.000000;0.000000;2.000000;-88.237610;-659.419556;1793.876465;0.546548;0.000000;0.000000;0.000000;0.000000;2.000000;-68.940277;-572.961731;1777.194580;0.105699;0.000000;0.000000;0.000000;0.000000;2.000000;-42.425556;-560.048645;1938.036255;0.185395;0.000000;0.000000;0.000000;0.000000;2.000000;-116.244812;-514.207642;1855.729858;0.593316;0.000000;0.000000;0.000000;0.000000;2.000000;-179.215027;-287.496521;1957.238403;0.382210;0.000000;0.000000;0.000000;0.000000;2.000000;-71.412048;-434.890717;1846.128906;0.686327;0.000000;0.000000;0.000000;0.000000;2.000000;-117.428589;-513.945740;1822.967285;0.796163;0.000000;0.000000;0.000000;0.000000;2.000000;-117.924164;-607.465454;1798.528442;0.900887;0.000000;0.000000;0.000000;0.000000;2.000000;-88.389755;-507.846558;1788.183228;1.132476;0.000000;0.000000;0.000000;0.000000;2.000000;72.909004;-150.623672;2039.626709;0.055496;0.000000;0.000000;0.000000;0.000000;2.000000;85.727188;-33.157623;1694.976807;0.107968;0.000000;0.000000;0.000000;0.000000;2.000000;96.185410;314.251984;1673.991943;0.105780;0.000000;0.000000;0.000000;0.000000;2.000000;118.306068;460.731903;1589.591553;0.123592;0.000000;0.000000;0.000000;0.000000;2.000000;-65.745255;-149.437592;1964.266846;0.050045;0.000000;0.000000;0.000000;0.000000;2.000000;137.130722;-134.840973;1662.457520;0.068062;0.000000;0.000000;0.000000;0.000000;2.000000;233.692490;200.546906;1617.756104;0.084886;0.000000;0.000000;0.000000;0.000000;2.000000;311.351013;317.531952;1547.823730;0.099116;0.000000;0.000000;0.000000;0.000000;2.000000;-3.130795;-647.850891;1881.961670;0.198337;0.000000;0.000000;0.000000;0.000000;2.000000;135.992218;-640.286194;1837.527100;0.266882;0.000000;0.000000;0.000000;0.000000;2.000000;112.956612;-685.592285;1834.120361;0.190618;0.000000;0.000000;0.000000;0.000000;2.000000;26.699013;-738.078247;1889.942871;0.273299;0.000000;0.000000;0.000000;0.000000;2.000000;104.397614;-649.814453;1803.939941;0.267365;0.000000;0.000000;0.000000;0.000000;2.000000;-12.688244;-634.628784;1787.240112;0.100143;0.000000;0.000000;0.000000;0.000000;2.000000;20404400128.000000
0.000000;-150.000015;2000.000000;0.000000;0.000000;0.000000;0.000000;0.000000;2.000000;-9.424267;-298.762970;2064.151367;0.720392;0.000000;0.000000;0.000000;0.000000;2.000000;-2.506287;-427.580475;2077.908203;1.336370;0.000000;0.000000;0.000000;0.000000;2.000000;3.270229;-596.038086;1975.013184;1.424378;0.000000;0.000000;0.000000;0.000000;2.000000;32.724220;-569.741760;1995.718994;1.207079;0.000000;0.000000;0.000000;0.000000;2.000000;161.577499;-560.926880;1980.647583;0.948542;0.000000;0.000000;0.000000;0.000000;2.000000;122.904312;-329.957458;1889.317871;0.583059;0.000000;0.000000;0.000000;0.000000;2.000000;-6.619469;-481.164612;1819.539551;0.538063;0.000000;0.000000;0.000000;0.000000;2.000000;-53.491047;-554.750183;1811.791748;0.578328;0.000000;0.000000;0.000000;0.000000;2.000000;-107.072037;-636.114380;1798.779175;0.926601;0.000000;0.000000;0.000000;0.000000;2.000000;-76.461624;-556.504517;1777.139404;0.552203;0.000000;0.000000;0.000000;0.000000;2.000000;-28.180462;-567.663269;1989.938965;1.658876;0.000000;0.000000;0.000000;0.000000;2.000000;-139.264694;-527.674866;1970.679810;3.601174;0.000000;0.000000;0.000000;0.000000;2.000000;-190.698303;-276.774719;1971.468018;0.646875;0.000000;0.000000;0.000000;0.000000;2.000000;-77.561462;-406.898346;1845.329590;0.874970;0.000000;0.000000;0.000000;0.000000;2.000000;-112.568420;-494.221283;1838.744751;0.784963;0.000000;0.000000;0.000000;0.000000;2.000000;-119.062698;-584.468872;1804.882568;0.728926;0.000000;0.000000;0.000000;0.000000;1.000000;-85.806396;-501.566467;1789.646484;0.211992;0.000000;0.000000;0.000000;0.000000;2.000000;77.725464;-142.831161;2028.042603;0.450703;0.000000;0.000000;0.000000;0.000000;2.000000;84.362640;-27.900452;1682.570557;0.413302;0.000000;0.000000;0.000000;0.000000;2.000000;88.184082;320.008240;1674.929199;0.302161;0.000000;0.000000;0.000000;0.000000;2.000000;116.970840;465.157898;1590.425293;0.143359;0.000000;0.000000;0.000000;0.000000;2.000000;-70.088455;-156.464478;1974.712891;0.406423;0.000000;0.000000;0.000000;0.000000;2.000000;123.366211;-124.815430;1668.293945;0.549348;0.000000;0.000000;0.000000;0.000000;2.000000;228.486542;205.771118;1610.525269;0.315203;0.000000;0.000000;0.000000;0.000000;2.000000;308.893097;324.314758;1546.785645;0.222434;0.000000;0.000000;0.000000;0.000000;2.000000;6.612682;-652.204651;1926.483643;1.397191;0.000000;0.000000;0.000000;0.000000;2.000000;128.921799;-635.813843;1848.152100;0.412703;0.000000;0.000000;0.000000;0.000000;2.000000;110.636169;-683.079712;1853.019775;0.586132;0.000000;0.000000;0.000000;0.000000;2.000000;46.740280;-738.521118;1931.381836;1.404815;0.000000;0.000000;0.000000;0.000000;2.000000;91.243919;-650.631348;1824.161621;0.736608;0.000000;0.000000;0.000000;0.000000;2.000000;-27.220585;-647.172668;1836.714600;1.619521;0.000000;0.000000;0.000000;0.000000;2.000000;20404432896.000000
0.000000;-150.000000;2000.000000;0.000000;0.000000;0.000000;0.000000;0.000000;2.000000;-9.988251;-298.223877;2066.173584;0.066147;0.000000;0.000000;0.000000;0.000000;2.000000;-2.131020;-426.744049;2084.201416;0.194081;0.000000;0.000000;0.000000;0.000000;2.000000;7.877750;-597.360229;1984.411133;0.321955;0.000000;0.000000;0.000000;0.000000;2.000000;36.787552;-569.590515;2004.146240;0.285551;0.000000;0.000000;0.000000;0.000000;2.000000;164.748749;-558.354858;1982.210815;0.133428;0.000000;0.000000;0.000000;0.000000;2.000000;120.542145;-328.194427;1889.852539;0.091420;0.000000;0.000000;0.000000;0.000000;2.000000;-2.454102;-484.932800;1819.089844;0.171963;0.000000;0.000000;0.000000;0.000000;2.000000;-49.904877;-558.335327;1810.987671;0.156685;0.000000;0.000000;0.000000;0.000000;2.000000;-84.496666;-647.454895;1787.250488;0.847469;0.000000;0.000000;0.000000;0.000000;2.000000;-73.985435;-559.218872;1776.905029;0.112353;0.000000;0.000000;0.000000;0.000000;2.000000;-24.367546;-569.716187;1999.306519;0.314944;0.000000;0.000000;0.000000;0.000000;2.000000;-139.182190;-537.438293;1987.157349;0.584506;0.000000;0.000000;0.000000;0.000000;2.000000;-189.938324;-286.552429;1968.130737;0.316146;0.000000;0.000000;0.000000;0.000000;2.000000;-81.853294;-418.084625;1838.291748;0.424056;0.000000;0.000000;0.000000;0.000000;2.000000;-92.433006;-509.406128;1816.354736;1.029183;0.000000;0.000000;0.000000;0.000000;2.000000;-129.559601;-597.568115;1801.418701;0.523066;0.000000;0.000000;0.000000;0.000000;2.000000;-52.603287;-523.038818;1795.568604;1.220161;0.000000;0.000000;0.000000;0.000000;2.000000;76.176201;-140.857437;2031.976685;0.142399;0.000000;0.000000;0.000000;0.000000;2.000000;83.166656;-30.009125;1684.350586;0.091783;0.000000;0.000000;0.000000;0.000000;2.000000;84.983994;318.595490;1673.808594;0.112096;0.000000;0.000000;0.000000;0.000000;2.000000;117.848938;462.684174;1588.236816;0.104296;0.000000;0.000000;0.000000;0.000000;2.000000;-68.691437;-158.244247;1971.165161;0.128412;0.000000;0.000000;0.000000;0.000000;2.000000;125.272110;-126.912781;1664.098145;0.154517;0.000000;0.000000;0.000000;0.000000;2.000000;226.294189;206.573456;1611.243164;0.074537;0.000000;0.000000;0.000000;0.000000;2.000000;309.042908;324.200836;1547.967651;0.036526;0.000000;0.000000;0.000000;0.000000;2.000000;12.411537;-654.491821;1936.867798;0.369614;0.000000;0.000000;0.000000;0.000000;2.000000;128.137680;-641.015747;1848.083496;0.160557;0.000000;0.000000;0.000000;0.000000;2.000000;111.619934;-688.313477;1857.750854;0.217390;0.000000;0.000000;0.000000;0.000000;2.000000;55.379070;-739.432983;1944.805908;0.487963;0.000000;0.000000;0.000000;0.000000;2.000000;89.107750;-658.475586;1828.179443;0.276749;0.000000;0.000000;0.000000;0.000000;2.000000;-28.365097;-656.878418;1849.688965;0.495707;0.000000;0.000000;0.000000;0.000000;2.000000;20404465664.000000
0.000000;-149.999985;2000.000000;0.000000;0.000000;0.000000;0.000000;0.000000;2.000000;-9.549538;-296.300690;2068.825195;0.094924;0.000000;0.000000;0.000000;0.000000;2.000000;-1.007599;-424.145691;2087.483398;0.124488;0.000000;0.000000;0.000000;0.000000;2.000000;7.482441;-592.915771;1986.037476;0.136407;0.000000;0.000000;0.000000;0.000000;2.000000;36.593861;-565.273132;2005.232056;0.127988;0.000000;0.000000;0.000000;0.000000;2.000000;164.197876;-556.440063;1983.293457;0.065131;0.000000;0.000000;0.000000;0.000000;2.000000;129.543457;-322.993042;1898.211914;0.383159;0.000000;0.000000;0.000000;0.000000;2.000000;5.946369;-472.684509;1816.653809;0.432292;0.000000;0.000000;0.000000;0.000000;2.000000;-29.528641;-551.622437;1804.315308;0.645312;0.000000;0.000000;0.000000;0.000000;2.000000;-64.974045;-640.110840;1781.160278;0.624116;0.000000;0.000000;0.000000;0.000000;2.000000;-59.618118;-552.551270;1775.742188;0.456161;0.000000;0.000000;0.000000;0.000000;2.000000;-24.412941;-565.768433;2002.003174;0.137324;0.000000;0.000000;0.000000;0.000000;2.000000;-139.950714;-537.223145;1992.510620;0.155458;0.000000;0.000000;0.000000;0.000000;2.000000;-188.711945;-286.393951;1985.562500;0.501941;0.000000;0.000000;0.000000;0.000000;2.000000;-86.451935;-396.909912;1834.584961;0.631408;0.000000;0.000000;0.000000;0.000000;2.000000;-87.945602;-489.227753;1816.291260;0.593733;0.000000;0.000000;0.000000;0.000000;2.000000;-110.299103;-582.806396;1809.932373;0.738651;0.000000;0.000000;0.000000;0.000000;2.000000;-34.807098;-503.259094;1797.140381;0.765555;0.000000;0.000000;0.000000;0.000000;2.000000;76.150681;-140.387909;2030.998291;0.031179;0.000000;0.000000;0.000000;0.000000;2.000000;86.033104;-28.411407;1685.381592;0.098799;0.000000;0.000000;0.000000;0.000000;2.000000;87.864807;318.813843;1676.862915;0.120756;0.000000;0.000000;0.000000;0.000000;2.000000;119.927277;462.256104;1591.299316;0.107014;0.000000;0.000000;0.000000;0.000000;2.000000;-68.668411;-158.667618;1972.047485;0.028117;0.000000;0.000000;0.000000;0.000000;2.000000;129.523956;-125.882401;1669.643799;0.202883;0.000000;0.000000;0.000000;0.000000;2.000000;228.253616;206.555054;1615.507813;0.134803;0.000000;0.000000;0.000000;0.000000;2.000000;310.333984;323.480042;1551.663452;0.114333;0.000000;0.000000;0.000000;0.000000;2.000000;11.133926;-649.270630;1937.972534;0.157617;0.000000;0.000000;0.000000;0.000000;2.000000;129.797821;-631.769104;1854.946533;0.334166;0.000000;0.000000;0.000000;0.000000;2.000000;113.494125;-679.327698;1862.321045;0.294518;0.000000;0.000000;0.000000;0.000000;2.000000;54.509933;-733.652161;1944.873657;0.167917;0.000000;0.000000;0.000000;0.000000;2.000000;91.983353;-648.869507;1832.952515;0.318972;0.000000;0.000000;0.000000;0.000000;2.000000;-25.805557;-649.150879;1849.496582;0.233877;0.000000;0.000000;0.000000;0.000000;2.000000;20404500480.000000
0.000000;-149.999985;2000.000000;0.000000;0.000000;0.000000;0.000000;0.000000;2.000000;-9.548794;-296.300537;2068.824219;0.000038;0.000000;0.000000;0.000000;0.000000;2.000000;-1.005577;-424.145294;2087.480957;0.000097;0.000000;0.000000;0.000000;0.000000;2.000000;7.487705;-592.911865;1986.030640;0.000289;0.000000;0.000000;0.000000;0.000000;2.000000;36.598484;-565.269470;2005.226318;0.000251;0.000000;0.000000;0.000000;0.000000;2.000000;164.202942;-556.435303;1983.292847;0.000213;0.000000;0.000000;0.000000;0.000000;2.000000;129.556732;-322.983124;1898.224365;0.000633;0.000000;0.000000;0.000000;0.000000;2.000000;5.964203;-472.666687;1816.646240;0.000803;0.000000;0.000000;0.000000;0.000000;2.000000;-29.494488;-551.608032;1804.284668;0.001468;0.000000;0.000000;0.000000;0.000000;2.000000;-64.909561;-640.098022;1781.090576;0.002924;0.000000;0.000000;0.000000;0.000000;2.000000;-59.587368;-552.536133;1775.718628;0.001269;0.000000;0.000000;0.000000;0.000000;2.000000;-24.408115;-565.765503;2001.996826;0.000259;0.000000;0.000000;0.000000;0.000000;2.000000;-139.946060;-537.222107;1992.504883;0.000228;0.000000;0.000000;0.000000;0.000000;2.000000;-188.725632;-286.396301;1985.589966;0.000939;0.000000;0.000000;0.000000;0.000000;2.000000;-86.451843;-396.880493;1834.599487;0.001001;0.000000;0.000000;0.000000;0.000000;2.000000;-87.928680;-489.196686;1816.297485;0.001096;0.000000;0.000000;0.000000;0.000000;2.000000;-110.251266;-582.780701;1809.913818;0.001751;0.000000;0.000000;0.000000;0.000000;2.000000;-34.785282;-503.222717;1797.162109;0.001454;0.000000;0.000000;0.000000;0.000000;2.000000;76.150337;-140.387573;2030.998291;0.000015;0.000000;0.000000;0.000000;0.000000;2.000000;86.031708;-28.409729;1685.383301;0.000085;0.000000;0.000000;0.000000;0.000000;2.000000;87.861473;318.814636;1676.865723;0.000135;0.000000;0.000000;0.000000;0.000000;2.000000;119.923256;462.257202;1591.303223;0.000174;0.000000;0.000000;0.000000;0.000000;2.000000;-68.668106;-158.667923;1972.047363;0.000014;0.000000;0.000000;0.000000;0.000000;2.000000;129.524887;-125.880005;1669.645630;0.000096;0.000000;0.000000;0.000000;0.000000;2.000000;228.252319;206.557312;1615.511963;0.000150;0.000000;0.000000;0.000000;0.000000;2.000000;310.333099;323.483459;1551.671265;0.000262;0.000000;0.000000;0.000000;0.000000;2.000000;11.140404;-649.265198;1937.964233;0.000362;0.000000;0.000000;0.000000;0.000000;2.000000;129.803879;-631.771973;1854.936768;0.000361;0.000000;0.000000;0.000000;0.000000;2.000000;113.499290;-679.329529;1862.314697;0.000256;0.000000;0.000000;0.000000;0.000000;2.000000;54.514587;-733.646851;1944.871216;0.000228;0.000000;0.000000;0.000000;0.000000;2.000000;91.989044;-648.873047;1832.944092;0.000328;0.000000;0.000000;0.000000;0.000000;2.000000;-25.799465;-649.150757;1849.488770;0.000302;0.000000;0.000000;0.000000;0.000000;2.000000;20404533248.000000
0.000000;-149.999985;2000.000000;0.000000;0.000000;0.000000;0.000000;0.000000;2.000000;-10.485577;-293.312744;2069.628418;0.098658;0.000000;0.000000;0.000000;0.000000;2.000000;-1.819599;-419.548920;2086.503906;0.145540;0.000000;0.000000;0.000000;0.000000;2.000000;6.000500;-587.860107;1989.715942;0.196153;0.000000;0.000000;0.000000;0.000000;2.000000;34.791542;-560.338745;2008.105225;0.182762;0.000000;0.000000;0.000000;0.000000;2.000000;160.723526;-554.433960;1986.282227;0.152735;0.000000;0.000000;0.000000;0.000000;2.000000;151.445679;-319.747131;1908.764526;0.747956;0.000000;0.000000;0.000000;0.000000;2.000000;-0.655895;-438.103668;1831.631592;1.167268;0.000000;0.000000;0.000000;0.000000;2.000000;-8.612957;-522.900513;1818.445557;1.166351;0.000000;0.000000;0.000000;0.000000;2.000000;-26.394909;-609.734192;1779.758545;1.497264;0.000000;0.000000;0.000000;0.000000;2.000000;-20.990597;-546.347412;1801.294922;1.425585;0.000000;0.000000;0.000000;0.000000;2.000000;-25.356106;-560.698059;2004.942993;0.181208;0.000000;0.000000;0.000000;0.000000;2.000000;-140.339203;-536.002808;2000.108032;0.235300;0.000000;0.000000;0.000000;0.000000;2.000000;-202.006470;-294.773346;2039.031128;1.699835;0.000000;0.000000;0.000000;0.000000;2.000000;-58.602306;-359.166046;1899.462524;2.442396;0.000000;0.000000;0.000000;0.000000;2.000000;-68.546356;-451.104553;1907.178833;3.064868;0.000000;0.000000;0.000000;0.000000;2.000000;-66.221817;-479.776062;1816.575317;3.424628;0.000000;0.000000;0.000000;0.000000;2.000000;-12.268459;-444.978729;1811.925781;1.958205;0.000000;0.000000;0.000000;0.000000;2.000000;75.218216;-140.787170;2030.289673;0.037756;0.000000;0.000000;0.000000;0.000000;2.000000;85.709518;-23.248230;1691.971924;0.255611;0.000000;0.000000;0.000000;0.000000;2.000000;88.382530;318.968323;1680.136353;0.101179;0.000000;0.000000;0.000000;0.000000;2.000000;119.242554;462.073914;1598.390259;0.217347;0.000000;0.000000;0.000000;0.000000;2.000000;-67.827576;-158.307602;1972.686401;0.034047;0.000000;0.000000;0.000000;0.000000;2.000000;127.643341;-125.554672;1674.648560;0.163420;0.000000;0.000000;0.000000;0.000000;2.000000;228.720215;201.141296;1621.803589;0.253749;0.000000;0.000000;0.000000;0.000000;2.000000;307.672119;319.147339;1561.475098;0.337075;0.000000;0.000000;0.000000;0.000000;2.000000;9.413338;-644.334106;1943.409302;0.230296;0.000000;0.000000;0.000000;0.000000;2.000000;128.039047;-634.847412;1862.649902;0.259068;0.000000;0.000000;0.000000;0.000000;2.000000;109.557854;-680.693237;1870.788574;0.288228;0.000000;0.000000;0.000000;0.000000;2.000000;47.880405;-729.367188;1952.645996;0.338147;0.000000;0.000000;0.000000;0.000000;2.000000;90.209503;-650.333984;1840.893311;0.252562;0.000000;0.000000;0.000000;0.000000;2.000000;-25.962399;-644.448975;1855.754517;0.239116;0.000000;0.000000;0.000000;0.000000;2.000000;20404566016.000000
0.000000;-150.000000;2000.000000;0.000000;0.000000;0.000000;0.000000;0.000000;2.000000;-12.449375;-293.598297;2068.601074;0.064183;0.000000;0.000000;0.000000;0.000000;2.000000;-5.110317;-420.001556;2084.544189;0.110774;0.000000;0.000000;0.000000;0.000000;2.000000;2.576481;-585.333252;1982.849854;0.232016;0.000000;0.000000;0.000000;0.000000;2.000000;31.356108;-558.559753;2002.299683;0.200382;0.000000;0.000000;0.000000;0.000000;2.000000;157.745880;-550.809998;1984.247925;0.146844;0.000000;0.000000;0.000000;0.000000;2.000000;148.180374;-314.934479;1910.708374;0.176128;0.000000;0.000000;0.000000;0.000000;2.000000;-20.005833;-420.617737;1850.611328;0.926452;0.000000;0.000000;0.000000;0.000000;2.000000;-6.678940;-501.249878;1823.332275;0.639918;0.000000;0.000000;0.000000;0.000000;2.000000;-12.442028;-585.938660;1777.050049;0.796107;0.000000;0.000000;0.000000;0.000000;2.000000;-21.487354;-528.550537;1816.834717;0.678762;0.000000;0.000000;0.000000;0.000000;2.000000;-28.744556;-558.456177;1998.608521;0.216151;0.000000;0.000000;0.000000;0.000000;2.000000;-144.115570;-535.362610;1997.072021;0.140382;0.000000;0.000000;0.000000;0.000000;2.000000;-212.566376;-299.671906;2053.960938;0.543762;0.000000;0.000000;0.000000;0.000000;2.000000;-47.171734;-336.287354;1929.589233;1.135067;0.000000;0.000000;0.000000;0.000000;2.000000;-53.727345;-428.482605;1921.646484;0.880926;0.000000;0.000000;0.000000;0.000000;2.000000;-41.927990;-444.844299;1828.780029;1.271393;0.000000;0.000000;0.000000;0.000000;2.000000;-23.688313;-423.578186;1844.209473;1.159843;0.000000;0.000000;0.000000;0.000000;2.000000;75.054535;-141.744797;2030.900757;0.032965;0.000000;0.000000;0.000000;0.000000;2.000000;84.136047;-21.963257;1693.442017;0.072025;0.000000;0.000000;0.000000;0.000000;2.000000;88.836868;320.198029;1683.765625;0.110834;0.000000;0.000000;0.000000;0.000000;2.000000;117.492996;462.191620;1599.420898;0.058420;0.000000;0.000000;0.000000;0.000000;2.000000;-67.679962;-157.444107;1972.135498;0.029723;0.000000;0.000000;0.000000;0.000000;2.000000;126.452026;-123.465927;1673.487183;0.076700;0.000000;0.000000;0.000000;0.000000;2.000000;228.236801;203.088287;1621.806885;0.057620;0.000000;0.000000;0.000000;0.000000;2.000000;305.596008;321.612091;1560.553711;0.096270;0.000000;0.000000;0.000000;0.000000;2.000000;6.066494;-640.398071;1934.914551;0.285574;0.000000;0.000000;0.000000;0.000000;2.000000;127.647842;-634.860229;1858.368896;0.123474;0.000000;0.000000;0.000000;0.000000;2.000000;108.091469;-680.166870;1866.913086;0.119972;0.000000;0.000000;0.000000;0.000000;2.000000;42.671005;-725.781860;1947.571167;0.232893;0.000000;0.000000;0.000000;0.000000;2.000000;90.376183;-650.238892;1835.624634;0.151430;0.000000;0.000000;0.000000;0.000000;2.000000;-26.102230;-642.066895;1846.078125;0.286255;0.000000;0.000000;0.000000;0.000000;2.000000;20404600832.000000
0.000000;-150.000000;2000.000000;0.000000;0.000000;0.000000;0.000000;0.000000;2.000000;-9.748611;-297.101257;2065.313965;0.168179;0.000000;0.000000;0.000000;0.000000;2.000000;-1.489975;-424.596558;2082.453613;0.189581;0.000000;0.000000;0.000000;0.000000;2.000000;4.504955;-588.804688;1975.203491;0.262942;0.000000;0.000000;0.000000;0.000000;2.000000;33.840256;-562.736023;1995.755005;0.248760;0.000000;0.000000;0.000000;0.000000;2.000000;161.252136;-553.756653;1976.297485;0.280008;0.000000;0.000000;0.000000;0.000000;2.000000;148.322876;-314.662872;1905.254272;0.166709;0.000000;0.000000;0.000000;0.000000;2.000000;-22.933128;-421.962402;1849.565430;0.103360;0.000000;0.000000;0.000000;0.000000;2.000000;-9.097649;-501.972748;1818.241699;0.173405;0.000000;0.000000;0.000000;0.000000;2.000000;-15.399323;-585.887756;1768.682617;0.270837;0.000000;0.000000;0.000000;0.000000;2.000000;-18.708237;-525.911926;1798.588257;0.568986;0.000000;0.000000;0.000000;0.000000;2.000000;-26.836823;-561.648071;1991.684570;0.239847;0.000000;0.000000;0.000000;0.000000;2.000000;-142.037323;-532.589478;1988.196411;0.290776;0.000000;0.000000;0.000000;0.000000;2.000000;-225.217041;-303.491516;2061.395020;0.462716;0.000000;0.000000;0.000000;0.000000;2.000000;-43.146027;-328.451935;1955.141846;0.824842;0.000000;0.000000;0.000000;0.000000;2.000000;-55.008408;-413.206970;1916.972412;0.489075;0.000000;0.000000;0.000000;0.000000;2.000000;-43.050903;-448.131653;1828.360596;0.106783;0.000000;0.000000;0.000000;0.000000;2.000000;-30.560135;-409.604126;1867.606201;0.857703;0.000000;0.000000;0.000000;0.000000;2.000000;75.419220;-140.822769;2031.925903;0.043524;0.000000;0.000000;0.000000;0.000000;2.000000;83.670288;-26.604828;1688.700073;0.202998;0.000000;0.000000;0.000000;0.000000;2.000000;86.764801;318.796906;1672.532227;0.351212;0.000000;0.000000;0.000000;0.000000;2.000000;117.142365;464.225800;1591.313965;0.255298;0.000000;0.000000;0.000000;0.000000;2.000000;-68.008835;-158.275528;1971.210938;0.039251;0.000000;0.000000;0.000000;0.000000;2.000000;124.460197;-125.997803;1666.990479;0.221300;0.000000;0.000000;0.000000;0.000000;2.000000;226.923462;203.871796;1614.173828;0.237572;0.000000;0.000000;0.000000;0.000000;2.000000;306.592560;321.816010;1550.849365;0.297776;0.000000;0.000000;0.000000;0.000000;2.000000;7.527466;-643.117798;1925.286499;0.308561;0.000000;0.000000;0.000000;0.000000;2.000000;128.931381;-639.436157;1845.663330;0.413981;0.000000;0.000000;0.000000;0.000000;2.000000;107.528389;-684.682190;1853.002563;0.446650;0.000000;0.000000;0.000000;0.000000;2.000000;41.253178;-731.177124;1934.081299;0.445489;0.000000;0.000000;0.000000;0.000000;2.000000;90.248077;-652.593506;1822.924561;0.394200;0.000000;0.000000;0.000000;0.000000;2.000000;-26.753983;-640.118652;1836.253418;0.306311;0.000000;0.000000;0.000000;0.000000;2.000000;20404633600.000000
0.000000;-150.000015;2000.000000;0.000000;0.000000;0.000000;0.000000;0.000000;2.000000;-8.618824;-298.439026;2063.624023;0.074265;0.000000;0.000000;0.000000;0.000000;2.000000;-0.362888;-426.303345;2080.937012;0.077706;0.000000;0.000000;0.000000;0.000000;2.000000;5.686157;-593.787964;1977.751831;0.174571;0.000000;0.000000;0.000000;0.000000;2.000000;35.096794;-567.137756;1997.729370;0.152136;0.000000;0.000000;0.000000;0.000000;2.000000;162.399811;-554.598877;1976.984741;0.048241;0.000000;0.000000;0.000000;0.000000;2.000000;150.471512;-316.276245;1900.721069;0.160818;0.000000;0.000000;0.000000;0.000000;2.000000;-19.804134;-432.831360;1860.360229;0.477142;0.000000;0.000000;0.000000;0.000000;2.000000;-5.835106;-508.540283;1819.214844;0.225755;0.000000;0.000000;0.000000;0.000000;2.000000;-14.301189;-588.151489;1762.775513;0.195942;0.000000;0.000000;0.000000;0.000000;2.000000;-16.801914;-531.175415;1798.467163;0.170879;0.000000;0.000000;0.000000;0.000000;2.000000;-25.753277;-566.090942;1993.495117;0.150100;0.000000;0.000000;0.000000;0.000000;2.000000;-140.251038;-533.367554;1987.809204;0.060623;0.000000;0.000000;0.000000;0.000000;2.000000;-229.100540;-307.576294;2067.038086;0.243398;0.000000;0.000000;0.000000;0.000000;2.000000;-50.182499;-333.991486;1954.677856;0.273663;0.000000;0.000000;0.000000;0.000000;2.000000;-65.868652;-417.661377;1914.837402;0.364100;0.000000;0.000000;0.000000;0.000000;2.000000;-49.379673;-471.584290;1836.794189;0.784726;0.000000;0.000000;0.000000;0.000000;2.000000;-19.421658;-398.861755;1857.147705;0.569988;0.000000;0.000000;0.000000;0.000000;2.000000;75.786110;-140.815140;2031.695190;0.013228;0.000000;0.000000;0.000000;0.000000;2.000000;84.394150;-28.885529;1686.579834;0.097566;0.000000;0.000000;0.000000;0.000000;2.000000;87.804443;317.581970;1671.002441;0.067534;0.000000;0.000000;0.000000;0.000000;2.000000;117.691986;463.506104;1589.427734;0.063853;0.000000;0.000000;0.000000;0.000000;2.000000;-68.339676;-158.282425;1971.418945;0.011928;0.000000;0.000000;0.000000;0.000000;2.000000;127.437607;-126.963150;1667.916016;0.099608;0.000000;0.000000;0.000000;0.000000;2.000000;229.612335;203.566956;1611.805542;0.109743;0.000000;0.000000;0.000000;0.000000;2.000000;307.755066;323.093994;1548.392090;0.091669;0.000000;0.000000;0.000000;0.000000;2.000000;8.758904;-649.567505;1929.143066;0.232391;0.000000;0.000000;0.000000;0.000000;2.000000;129.404617;-633.908936;1849.025146;0.197955;0.000000;0.000000;0.000000;0.000000;2.000000;109.164505;-680.370483;1851.523438;0.147799;0.000000;0.000000;0.000000;0.000000;2.000000;44.877693;-737.413818;1927.814697;0.291605;0.000000;0.000000;0.000000;0.000000;2.000000;90.666687;-645.514893;1825.267578;0.227907;0.000000;0.000000;0.000000;0.000000;2.000000;-26.788479;-637.618347;1841.054199;0.165191;0.000000;0.000000;0.000000;0.000000;2.000000;20404666368.000000
0.000000;-150.000015;2000.000000;0.000000;0.000000;0.000000;0.000000;0.000000;2.000000;-8.438152;-298.295685;2064.079590;0.015583;0.000000;0.000000;0.000000;0.000000;2.000000;-0.888065;-426.510071;2079.220703;0.055137;0.000000;0.000000;0.000000;0.000000;2.000000;4.509045;-593.151306;1974.554688;0.105772;0.000000;0.000000;0.000000;0.000000;2.000000;34.084969;-566.467773;1994.265503;0.112008;0.000000;0.000000;0.000000;0.000000;2.000000;161.621674;-553.173157;1975.309937;0.071199;0.000000;0.000000;0.000000;0.000000;2.000000;146.237091;-315.729401;1896.760742;0.177720;0.000000;0.000000;0.000000;0.000000;2.000000;-18.545048;-442.942139;1866.880249;0.369154;0.000000;0.000000;0.000000;0.000000;2.000000;-8.038769;-514.159485;1817.471069;0.191733;0.000000;0.000000;0.000000;0.000000;2.000000;-22.239460;-590.210327;1757.352661;0.300040;0.000000;0.000000;0.000000;0.000000;2.000000;-23.334843;-535.298462;1797.311768;0.238376;0.000000;0.000000;0.000000;0.000000;2.000000;-26.846989;-565.779785;1991.046143;0.082400;0.000000;0.000000;0.000000;0.000000;2.000000;-142.459015;-536.853271;1986.945923;0.128648;0.000000;0.000000;0.000000;0.000000;2.000000;-228.402069;-303.697144;2045.566528;0.666209;0.000000;0.000000;0.000000;0.000000;2.000000;-51.361141;-349.003143;1936.205566;0.727295;0.000000;0.000000;0.000000;0.000000;2.000000;-90.730316;-398.097046;1866.362549;1.766511;0.000000;0.000000;0.000000;0.000000;2.000000;-74.042221;-464.676331;1798.809204;1.398098;0.000000;0.000000;0.000000;0.000000;2.000000;-42.259571;-404.239838;1844.716797;0.810310;0.000000;0.000000;0.000000;0.000000;2.000000;77.217300;-142.090576;2028.472534;0.114433;0.000000;0.000000;0.000000;0.000000;2.000000;81.961227;-26.723541;1684.324219;0.120848;0.000000;0.000000;0.000000;0.000000;2.000000;87.923843;319.887512;1671.023804;0.070457;0.000000;0.000000;0.000000;0.000000;2.000000;115.269012;465.326050;1587.625488;0.107598;0.000000;0.000000;0.000000;0.000000;2.000000;-69.630234;-157.132309;1974.325073;0.103192;0.000000;0.000000;0.000000;0.000000;2.000000;123.457031;-124.625427;1669.124756;0.145627;0.000000;0.000000;0.000000;0.000000;2.000000;226.876556;205.096924;1610.093750;0.108993;0.000000;0.000000;0.000000;0.000000;2.000000;304.969299;324.105530;1545.561523;0.125069;0.000000;0.000000;0.000000;0.000000;2.000000;7.128345;-648.527710;1925.434082;0.127651;0.000000;0.000000;0.000000;0.000000;2.000000;124.068924;-636.762207;1839.317383;0.349092;0.000000;0.000000;0.000000;0.000000;2.000000;103.593613;-682.927307;1844.352539;0.287892;0.000000;0.000000;0.000000;0.000000;2.000000;42.456200;-736.729553;1925.475708;0.104843;0.000000;0.000000;0.000000;0.000000;2.000000;84.168282;-648.805786;1817.783936;0.318707;0.000000;0.000000;0.000000;0.000000;2.000000;-32.387852;-639.253174;1838.699585;0.191969;0.000000;0.000000;0.000000;0.000000;2.000000;20404699136.000000
0.000000;-150.000000;2000.000000;0.000000;0.000000;0.000000;0.000000;0.000000;2.000000;-9.510113;-297.144592;2065.044922;0.053008;0.000000;0.000000;0.000000;0.000000;2.000000;-3.010605;-424.751404;2081.599365;0.104575;0.000000;0.000000;0.000000;0.000000;2.000000;1.888489;-591.865479;1979.072144;0.154483;0.000000;0.000000;0.000000;0.000000;2.000000;31.399845;-565.338623;1998.715576;0.152764;0.000000;0.000000;0.000000;0.000000;2.000000;158.514282;-553.078979;1979.549683;0.151005;0.000000;0.000000;0.000000;0.000000;2.000000;144.121643;-315.668060;1903.757690;0.209961;0.000000;0.000000;0.000000;0.000000;2.000000;-18.623783;-441.139099;1862.911133;0.125235;0.000000;0.000000;0.000000;0.000000;2.000000;-10.778076;-515.225891;1818.011230;0.085845;0.000000;0.000000;0.000000;0.000000;2.000000;-27.954296;-592.955688;1761.524780;0.217993;0.000000;0.000000;0.000000;0.000000;2.000000;-24.866535;-538.101440;1800.192627;0.123547;0.000000;0.000000;0.000000;0.000000;2.000000;-29.262295;-564.160767;1994.928589;0.139321;0.000000;0.000000;0.000000;0.000000;2.000000;-143.245880;-530.955933;1990.654419;0.201366;0.000000;0.000000;0.000000;0.000000;2.000000;-239.267365;-304.001007;2053.638672;0.388875;0.000000;0.000000;0.000000;0.000000;2.000000;-58.550312;-351.675446;1953.217773;0.535995;0.000000;0.000000;0.000000;0.000000;2.000000;-94.802139;-404.182831;1884.655762;0.565954;0.000000;0.000000;0.000000;0.000000;2.000000;-81.966736;-474.639221;1820.809326;0.730060;0.000000;0.000000;0.000000;0.000000;2.000000;-48.492634;-416.122467;1867.148438;0.750764;0.000000;0.000000;0.000000;0.000000;2.000000;76.918839;-142.389801;2028.462036;0.012143;0.000000;0.000000;0.000000;0.000000;2.000000;79.958824;-25.359558;1686.297119;0.089743;0.000000;0.000000;0.000000;0.000000;2.000000;85.017548;319.981995;1673.528198;0.110226;0.000000;0.000000;0.000000;0.000000;2.000000;113.784790;465.789856;1592.586548;0.149329;0.000000;0.000000;0.000000;0.000000;2.000000;-69.361099;-156.862457;1974.334595;0.010950;0.000000;0.000000;0.000000;0.000000;2.000000;123.864212;-125.223160;1670.749634;0.051085;0.000000;0.000000;0.000000;0.000000;2.000000;225.804001;204.060425;1614.568604;0.135480;0.000000;0.000000;0.000000;0.000000;2.000000;303.353607;322.640564;1550.011230;0.142333;0.000000;0.000000;0.000000;0.000000;2.000000;4.472755;-647.552368;1930.725464;0.172340;0.000000;0.000000;0.000000;0.000000;2.000000;122.804642;-630.467285;1848.408081;0.319666;0.000000;0.000000;0.000000;0.000000;2.000000;102.895721;-676.882935;1850.801514;0.254661;0.000000;0.000000;0.000000;0.000000;2.000000;40.801502;-734.903137;1927.562988;0.092763;0.000000;0.000000;0.000000;0.000000;2.000000;83.731583;-641.930420;1825.469238;0.296447;0.000000;0.000000;0.000000;0.000000;2.000000;-32.960842;-634.780151;1843.907837;0.197877;0.000000;0.000000;0.000000;0.000000;2.000000;20404733952.000000
0.000000;-150.000000;2000.000000;0.000000;0.000000;0.000000;0.000000;0.000000;2.000000;-12.376205;-298.488464;2064.606445;0.097526;0.000000;0.000000;0.000000;0.000000;2.000000;-6.382431;-427.395203;2078.911621;0.154356;0.000000;0.000000;0.000000;0.000000;2.000000;-5.756275;-591.043213;1968.101196;0.408845;0.000000;0.000000;0.000000;0.000000;2.000000;24.559799;-566.450867;1989.712402;0.346721;0.000000;0.000000;0.000000;0.000000;2.000000;153.572800;-558.246094;1974.782104;0.262251;0.000000;0.000000;0.000000;0.000000;2.000000;145.926117;-318.250488;1899.771973;0.155043;0.000000;0.000000;0.000000;0.000000;2.000000;-14.871918;-445.945221;1850.609009;0.419012;0.000000;0.000000;0.000000;0.000000;2.000000;-10.032963;-523.485229;1810.013428;0.351597;0.000000;0.000000;0.000000;0.000000;2.000000;-29.567749;-603.929016;1756.883789;0.366917;0.000000;0.000000;0.000000;0.000000;2.000000;-24.736366;-546.556946;1792.475342;0.349382;0.000000;0.000000;0.000000;0.000000;2.000000;-36.375954;-562.627686;1984.691040;0.383311;0.000000;0.000000;0.000000;0.000000;2.000000;-149.139496;-522.554138;1981.424072;0.421236;0.000000;0.000000;0.000000;0.000000;2.000000;-196.553009;-282.033875;2056.270508;1.468018;0.000000;0.000000;0.000000;0.000000;2.000000;-79.138206;-425.272827;1949.447632;2.335073;0.000000;0.000000;0.000000;0.000000;2.000000;-102.074883;-487.756195;1882.530884;2.560917;0.000000;0.000000;0.000000;0.000000;2.000000;-85.089684;-550.297424;1810.779785;2.331053;0.000000;0.000000;0.000000;0.000000;2.000000;-64.707672;-495.045166;1862.224487;2.463425;0.000000;0.000000;0.000000;0.000000;2.000000;76.779022;-143.016769;2030.757935;0.072756;0.000000;0.000000;0.000000;0.000000;2.000000;82.426254;-30.524963;1684.165771;0.186413;0.000000;0.000000;0.000000;0.000000;2.000000;85.937889;317.562042;1672.904419;0.081272;0.000000;0.000000;0.000000;0.000000;2.000000;115.914581;461.750214;1586.911377;0.222302;0.000000;0.000000;0.000000;0.000000;2.000000;-69.235023;-156.297104;1972.264160;0.065611;0.000000;0.000000;0.000000;0.000000;2.000000;124.235512;-130.742111;1664.948608;0.244614;0.000000;0.000000;0.000000;0.000000;2.000000;225.578369;201.822662;1610.180542;0.150478;0.000000;0.000000;0.000000;0.000000;2.000000;306.046692;319.887543;1545.336914;0.184829;0.000000;0.000000;0.000000;0.000000;2.000000;-4.268021;-644.970703;1916.922485;0.504776;0.000000;0.000000;0.000000;0.000000;2.000000;125.557198;-632.395874;1850.704224;0.124219;0.000000;0.000000;0.000000;0.000000;2.000000;104.635101;-678.831604;1852.179565;0.090127;0.000000;0.000000;0.000000;0.000000;2.000000;31.069519;-733.404419;1922.378296;0.339608;0.000000;0.000000;0.000000;0.000000;2.000000;89.584389;-644.521362;1822.826904;0.211322;0.000000;0.000000;0.000000;0.000000;2.000000;-29.324944;-635.403748;1824.598999;0.599917;0.000000;0.000000;0.000000;0.000000;2.000000;20404766720.000000
0.000000;-150.000000;2000.000000;0.000000;0.000000;0.000000;0.000000;0.000000;2.000000;-13.066654;-297.841461;2065.597168;0.041809;0.000000;0.000000;0.000000;0.000000;2.000000;-7.317146;-426.635864;2080.004883;0.049637;0.000000;0.000000;0.000000;0.000000;2.000000;-5.238300;-590.331421;1969.585083;0.052654;0.000000;0.000000;0.000000;0.000000;2.000000;24.774464;-565.689209;1991.481934;0.059156;0.000000;0.000000;0.000000;0.000000;2.000000;153.855270;-556.813782;1978.638428;0.125837;0.000000;0.000000;0.000000;0.000000;2.000000;148.470261;-316.837585;1904.093384;0.158995;0.000000;0.000000;0.000000;0.000000;2.000000;-11.963871;-443.456604;1851.833008;0.122634;0.000000;0.000000;0.000000;0.000000;2.000000;-7.450401;-522.334351;1814.035767;0.150044;0.000000;0.000000;0.000000;0.000000;2.000000;-25.496670;-602.834534;1760.621826;0.171943;0.000000;0.000000;0.000000;0.000000;2.000000;-22.296993;-545.761902;1797.829834;0.181196;0.000000;0.000000;0.000000;0.000000;2.000000;-36.051624;-561.946594;1985.759399;0.039912;0.000000;0.000000;0.000000;0.000000;2.000000;-148.726593;-522.357544;1979.073486;0.073079;0.000000;0.000000;0.000000;0.000000;2.000000;-188.989426;-278.373596;2045.693481;0.412246;0.000000;0.000000;0.000000;0.000000;2.000000;-83.998535;-436.383881;1947.479004;0.374949;0.000000;0.000000;0.000000;0.000000;2.000000;-117.048431;-498.778046;1884.968628;0.572260;0.000000;0.000000;0.000000;0.000000;2.000000;-136.148483;-548.136780;1804.153809;1.572640;0.000000;0.000000;0.000000;0.000000;2.000000;-92.388901;-500.554077;1848.926514;0.952146;0.000000;0.000000;0.000000;0.000000;2.000000;76.714836;-143.135208;2030.752930;0.004114;0.000000;0.000000;0.000000;0.000000;2.000000;84.999496;-29.494812;1684.917236;0.087642;0.000000;0.000000;0.000000;0.000000;2.000000;87.908127;318.337311;1674.897705;0.088743;0.000000;0.000000;0.000000;0.000000;2.000000;118.146210;462.567719;1589.357544;0.104083;0.000000;0.000000;0.000000;0.000000;2.000000;-69.177139;-156.190292;1972.268677;0.003710;0.000000;0.000000;0.000000;0.000000;2.000000;128.059387;-130.081879;1667.775635;0.146516;0.000000;0.000000;0.000000;0.000000;2.000000;227.626846;202.878448;1614.101563;0.138797;0.000000;0.000000;0.000000;0.000000;2.000000;308.234253;320.327728;1548.640625;0.121664;0.000000;0.000000;0.000000;0.000000;2.000000;-3.104198;-644.298096;1918.563354;0.064733;0.000000;0.000000;0.000000;0.000000;2.000000;126.484207;-629.510376;1852.615723;0.109350;0.000000;0.000000;0.000000;0.000000;2.000000;106.651810;-676.356689;1854.574951;0.121804;0.000000;0.000000;0.000000;0.000000;2.000000;34.215889;-731.747192;1925.144653;0.137494;0.000000;0.000000;0.000000;0.000000;2.000000;90.915436;-642.775879;1824.807373;0.090224;0.000000;0.000000;0.000000;0.000000;2.000000;-28.075397;-636.393921;1826.145142;0.067776;0.000000;0.000000;0.000000;0.000000;2.000000;20404799488.000000
0.000000;-150.000000;2000.000000;0.000000;0.000000;0.000000;0.000000;0.000000;2.000000;-13.643284;-297.937378;2064.823730;0.027846;0.000000;0.000000;0.000000;0.000000;2.000000;-8.267490;-426.690735;2078.454834;0.052247;0.000000;0.000000;0.000000;0.000000;2.000000;-6.441086;-589.351685;1966.890381;0.089308;0.000000;0.000000;0.000000;0.000000;2.000000;23.517597;-565.173645;1989.275024;0.074435;0.000000;0.000000;0.000000;0.000000;2.000000;152.624100;-556.502502;1978.084229;0.039797;0.000000;0.000000;0.000000;0.000000;2.000000;147.981323;-316.158813;1905.621460;0.050036;0.000000;0.000000;0.000000;0.000000;2.000000;-12.072758;-442.501953;1852.459473;0.032945;0.000000;0.000000;0.000000;0.000000;2.000000;-8.020397;-521.525208;1815.136963;0.042527;0.000000;0.000000;0.000000;0.000000;2.000000;-26.527721;-602.202881;1762.348389;0.060543;0.000000;0.000000;0.000000;0.000000;2.000000;-23.543873;-545.801331;1801.443359;0.109800;0.000000;0.000000;0.000000;0.000000;2.000000;-37.142971;-560.854736;1982.943848;0.092228;0.000000;0.000000;0.000000;0.000000;2.000000;-148.541809;-520.979370;1966.304810;0.368916;0.000000;0.000000;0.000000;0.000000;2.000000;-182.792740;-271.033539;2008.721680;1.097178;0.000000;0.000000;0.000000;0.000000;2.000000;-85.354767;-446.831177;1937.038574;0.426011;0.000000;0.000000;0.000000;0.000000;2.000000;-112.765121;-507.404785;1870.307129;0.503853;0.000000;0.000000;0.000000;0.000000;2.000000;-122.980743;-558.670837;1789.194214;0.647463;0.000000;0.000000;0.000000;0.000000;2.000000;-94.881027;-509.251007;1843.850098;0.297963;0.000000;0.000000;0.000000;0.000000;2.000000;76.600082;-143.532242;2030.882202;0.012438;0.000000;0.000000;0.000000;0.000000;2.000000;86.269188;-27.952057;1686.143066;0.067329;0.000000;0.000000;0.000000;0.000000;2.000000;90.257690;319.537262;1677.861206;0.113962;0.000000;0.000000;0.000000;0.000000;2.000000;118.582855;463.829803;1592.139404;0.088632;0.000000;0.000000;0.000000;0.000000;2.000000;-69.073669;-155.832260;1972.152100;0.011216;0.000000;0.000000;0.000000;0.000000;2.000000;128.053452;-128.375061;1668.178711;0.050373;0.000000;0.000000;0.000000;0.000000;2.000000;228.338165;203.990570;1614.653198;0.041095;0.000000;0.000000;0.000000;0.000000;2.000000;309.234253;320.666290;1548.575195;0.030382;0.000000;0.000000;0.000000;0.000000;2.000000;-4.235905;-642.875610;1915.523926;0.101721;0.000000;0.000000;0.000000;0.000000;2.000000;128.221390;-630.322693;1855.423462;0.097661;0.000000;0.000000;0.000000;0.000000;2.000000;107.986763;-676.935364;1857.408447;0.091487;0.000000;0.000000;0.000000;0.000000;2.000000;32.036694;-730.321960;1925.583130;0.075843;0.000000;0.000000;0.000000;0.000000;2.000000;93.910980;-643.906006;1826.304688;0.101518;0.000000;0.000000;0.000000;0.000000;2.000000;-24.834011;-636.715088;1822.009766;0.151199;0.000000;0.000000;0.000000;0.000000;2.000000;20404834304.000000
0.000000;-150.000000;2000.000000;0.000000;0.000000;0.000000;0.000000;0.000000;2.000000;-23.107616;-297.526855;2061.629395;0.305093;0.000000;0.000000;0.000000;0.000000;2.000000;-22.173336;-426.497559;2068.294434;0.525615;0.000000;0.000000;0.000000;0.000000;2.000000;-13.794842;-586.897888;1954.948486;0.434495;0.000000;0.000000;0.000000;0.000000;2.000000;13.890423;-564.962769;1981.821533;0.371615;0.000000;0.000000;0.000000;0.000000;2.000000;143.179138;-558.684021;1981.725220;0.316005;0.000000;0.000000;0.000000;0.000000;2.000000;146.199814;-319.712280;1907.595581;0.135445;0.000000;0.000000;0.000000;0.000000;2.000000;-10.584782;-448.477844;1853.334595;0.189826;0.000000;0.000000;0.000000;0.000000;2.000000;-14.642239;-530.320801;1823.541016;0.422687;0.000000;0.000000;0.000000;0.000000;2.000000;-35.576496;-610.925293;1772.182983;0.487021;0.000000;0.000000;0.000000;0.000000;2.000000;-30.177044;-552.087402;1806.220459;0.314693;0.000000;0.000000;0.000000;0.000000;2.000000;-44.674053;-556.912048;1967.036865;0.550412;0.000000;0.000000;0.000000;0.000000;2.000000;-139.894562;-518.913452;1906.461670;1.846312;0.000000;0.000000;0.000000;0.000000;2.000000;-181.340958;-278.698181;1981.175415;0.873704;0.000000;0.000000;0.000000;0.000000;2.000000;-61.205723;-440.649963;1913.580322;1.044608;0.000000;0.000000;0.000000;0.000000;2.000000;-125.583252;-508.198730;1903.267578;1.079532;0.000000;0.000000;0.000000;0.000000;2.000000;-109.891769;-578.045166;1839.047241;1.680411;0.000000;0.000000;0.000000;0.000000;2.000000;-121.545990;-531.532471;1886.114746;1.669784;0.000000;0.000000;0.000000;0.000000;2.000000;75.328354;-147.711578;2033.722046;0.159011;0.000000;0.000000;0.000000;0.000000;2.000000;85.411125;-30.348572;1690.897949;0.164593;0.000000;0.000000;0.000000;0.000000;2.000000;93.377914;315.908295;1683.145508;0.217574;0.000000;0.000000;0.000000;0.000000;2.000000;115.935318;459.827972;1596.234497;0.192512;0.000000;0.000000;0.000000;0.000000;2.000000;-67.926895;-152.063568;1969.591431;0.143384;0.000000;0.000000;0.000000;0.000000;2.000000;131.447998;-130.033081;1668.118896;0.115305;0.000000;0.000000;0.000000;0.000000;2.000000;229.214081;202.657806;1620.011719;0.170618;0.000000;0.000000;0.000000;0.000000;2.000000;308.694702;318.050751;1551.270142;0.115786;0.000000;0.000000;0.000000;0.000000;2.000000;-7.356319;-639.577026;1903.427002;0.394319;0.000000;0.000000;0.000000;0.000000;2.000000;129.029175;-627.065552;1854.303467;0.107964;0.000000;0.000000;0.000000;0.000000;2.000000;108.878189;-673.564758;1854.949219;0.130205;0.000000;0.000000;0.000000;0.000000;2.000000;28.070486;-726.558838;1916.904663;0.313021;0.000000;0.000000;0.000000;0.000000;2.000000;97.321884;-640.883118;1822.705933;0.177221;0.000000;0.000000;0.000000;0.000000;2.000000;-20.305828;-634.082703;1808.838013;0.432585;0.000000;0.000000;0.000000;0.000000;2.000000;20404867072.000000
0.000000;-150.000015;2000.000000;0.000000;0.000000;0.000000;0.000000;0.000000;2.000000;-23.320190;-297.492096;2061.114746;0.017026;0.000000;0.000000;0.000000;0.000000;2.000000;-21.959763;-426.345337;2066.870605;0.044183;0.000000;0.000000;0.000000;0.000000;2.000000;-11.592216;-585.781616;1952.746460;0.100969;0.000000;0.000000;0.000000;0.000000;2.000000;15.519009;-564.167480;1980.365234;0.070953;0.000000;0.000000;0.000000;0.000000;2.000000;144.634262;-558.097107;1982.937744;0.060515;0.000000;0.000000;0.000000;0.000000;2.000000;146.951233;-319.146027;1909.750366;0.071754;0.000000;0.000000;0.000000;0.000000;2.000000;-9.665161;-447.975708;1856.149292;0.091656;0.000000;0.000000;0.000000;0.000000;2.000000;-14.019012;-529.965759;1827.122559;0.111470;0.000000;0.000000;0.000000;0.000000;2.000000;-35.100517;-610.781128;1776.386963;0.129190;0.000000;0.000000;0.000000;0.000000;2.000000;-30.038216;-552.911377;1812.438965;0.191479;0.000000;0.000000;0.000000;0.000000;2.000000;-42.592316;-555.801086;1964.326660;0.109664;0.000000;0.000000;0.000000;0.000000;2.000000;-130.847351;-515.204956;1895.706787;0.443580;0.000000;0.000000;0.000000;0.000000;2.000000;-173.005524;-275.436127;1970.397217;0.427562;0.000000;0.000000;0.000000;0.000000;2.000000;-59.243874;-444.172882;1909.520142;0.174631;0.000000;0.000000;0.000000;0.000000;2.000000;-115.005943;-507.829529;1869.139038;1.090453;0.000000;0.000000;0.000000;0.000000;2.000000;-99.913643;-575.334045;1802.491943;1.159348;0.000000;0.000000;0.000000;0.000000;2.000000;-88.971397;-522.233154;1835.070557;1.869582;0.000000;0.000000;0.000000;0.000000;2.000000;74.993996;-147.679901;2034.215454;0.018215;0.000000;0.000000;0.000000;0.000000;2.000000;85.826241;-30.221619;1691.913818;0.033714;0.000000;0.000000;0.000000;0.000000;2.000000;94.177643;315.588806;1683.510498;0.028544;0.000000;0.000000;0.000000;0.000000;2.000000;115.936356;460.193726;1597.946777;0.053433;0.000000;0.000000;0.000000;0.000000;2.000000;-67.625381;-152.092163;1969.146484;0.016426;0.000000;0.000000;0.000000;0.000000;2.000000;133.104279;-129.875153;1669.119385;0.059248;0.000000;0.000000;0.000000;0.000000;2.000000;230.205750;202.564148;1621.028198;0.043432;0.000000;0.000000;0.000000;0.000000;2.000000;308.380951;318.677307;1552.433838;0.041455;0.000000;0.000000;0.000000;0.000000;2.000000;-4.180077;-638.057861;1901.074951;0.129218;0.000000;0.000000;0.000000;0.000000;2.000000;132.750397;-631.467163;1852.849243;0.181410;0.000000;0.000000;0.000000;0.000000;2.000000;110.238205;-676.802246;1852.273193;0.134735;0.000000;0.000000;0.000000;0.000000;2.000000;26.579517;-726.958862;1912.524170;0.141740;0.000000;0.000000;0.000000;0.000000;2.000000;100.568161;-642.827759;1820.840088;0.128759;0.000000;0.000000;0.000000;0.000000;2.000000;-16.334091;-629.599731;1806.717041;0.193901;0.000000;0.000000;0.000000;0.000000;2.000000;20404899840.000000
0.000000;-150.000000;2000.000000;0.000000;0.000000;0.000000;0.000000;0.000000;2.000000;-31.343403;-299.755127;2052.988525;0.355276;0.000000;0.000000;0.000000;0.000000;2.000000;-27.960598;-428.761292;2042.903687;0.757586;0.000000;0.000000;0.000000;0.000000;2.000000;-15.546978;-591.003418;1931.783813;0.670234;0.000000;0.000000;0.000000;0.000000;2.000000;9.970646;-570.445435;1961.868652;0.619680;0.000000;0.000000;0.000000;0.000000;2.000000;138.465332;-565.862915;1979.203003;0.323417;0.000000;0.000000;0.000000;0.000000;2.000000;146.022507;-326.438263;1904.908813;0.268624;0.000000;0.000000;0.000000;0.000000;2.000000;-2.295654;-462.685913;1843.686523;0.629891;0.000000;0.000000;0.000000;0.000000;2.000000;-16.210117;-546.182190;1821.955322;0.523689;0.000000;0.000000;0.000000;0.000000;2.000000;-34.974560;-629.027283;1772.947632;0.566647;0.000000;0.000000;0.000000;0.000000;2.000000;-34.472477;-566.632446;1805.618896;0.486795;0.000000;0.000000;0.000000;0.000000;2.000000;-45.842083;-558.989502;1939.867676;0.759249;0.000000;0.000000;0.000000;0.000000;2.000000;-123.268951;-518.509705;1858.552734;1.161585;0.000000;0.000000;0.000000;0.000000;2.000000;-179.772156;-287.918945;1953.097412;0.683002;0.000000;0.000000;0.000000;0.000000;2.000000;-65.108032;-453.922852;1884.296143;0.844461;0.000000;0.000000;0.000000;0.000000;2.000000;-115.366150;-511.554688;1829.459717;1.216291;0.000000;0.000000;0.000000;0.000000;2.000000;-108.179520;-603.168152;1800.356201;0.888488;0.000000;0.000000;0.000000;0.000000;2.000000;-73.757050;-525.886353;1813.649414;0.809543;0.000000;0.000000;0.000000;0.000000;2.000000;72.650513;-151.191177;2039.607178;0.208977;0.000000;0.000000;0.000000;0.000000;2.000000;83.959160;-36.816406;1694.931641;0.228545;0.000000;0.000000;0.000000;0.000000;2.000000;95.180008;309.601379;1673.947754;0.345671;0.000000;0.000000;0.000000;0.000000;2.000000;112.856140;457.172363;1591.373779;0.239948;0.000000;0.000000;0.000000;0.000000;2.000000;-65.512161;-148.925842;1964.284424;0.188447;0.000000;0.000000;0.000000;0.000000;2.000000;132.827591;-134.606552;1660.667725;0.295711;0.000000;0.000000;0.000000;0.000000;2.000000;231.959518;199.126770;1616.889648;0.172684;0.000000;0.000000;0.000000;0.000000;2.000000;307.917114;316.660034;1546.982910;0.177939;0.000000;0.000000;0.000000;0.000000;2.000000;-6.042477;-644.671997;1881.528320;0.632300;0.000000;0.000000;0.000000;0.000000;2.000000;133.528412;-638.816895;1839.646484;0.461751;0.000000;0.000000;0.000000;0.000000;2.000000;110.245560;-683.848999;1836.400391;0.529990;0.000000;0.000000;0.000000;0.000000;2.000000;22.804874;-734.779297;1891.152466;0.703996;0.000000;0.000000;0.000000;0.000000;2.000000;102.551712;-648.487061;1805.708984;0.496708;0.000000;0.000000;0.000000;0.000000;2.000000;-13.760067;-632.609131;1786.754395;0.621083;0.000000;0.000000;0.000000;0.000000;2.000000;20404932608.000000
0.000000;-150.000015;2000.000000;0.000000;0.000000;0.000000;0.000000;0.000000;2.000000;-27.654148;-299.208710;2056.578125;0.148677;0.000000;0.000000;0.000000;0.000000;2.000000;-23.416737;-428.542419;2052.285156;0.299467;0.000000;0.000000;0.000000;0.000000;2.000000;-10.443493;-589.003662;1938.591187;0.251030;0.000000;0.000000;0.000000;0.000000;2.000000;15.453609;-568.241089;1968.223389;0.249248;0.000000;0.000000;0.000000;0.000000;2.000000;144.069183;-564.436890;1985.070435;0.236613;0.000000;0.000000;0.000000;0.000000;2.000000;147.082214;-325.861969;1907.589233;0.084425;0.000000;0.000000;0.000000;0.000000;2.000000;-2.363022;-463.229034;1851.669189;0.229820;0.000000;0.000000;0.000000;0.000000;2.000000;-14.461491;-547.341675;1831.180908;0.271747;0.000000;0.000000;0.000000;0.000000;2.000000;-33.298679;-631.048340;1783.641113;0.316265;0.000000;0.000000;0.000000;0.000000;2.000000;-20.382839;-569.559937;1807.404297;0.416501;0.000000;0.000000;0.000000;0.000000;2.000000;-41.236561;-557.817871;1947.983032;0.270117;0.000000;0.000000;0.000000;0.000000;2.000000;-124.040375;-512.522217;1874.879150;0.499966;0.000000;0.000000;0.000000;0.000000;2.000000;-179.421463;-281.254150;1968.591919;0.484569;0.000000;0.000000;0.000000;0.000000;2.000000;-71.196884;-438.543396;1873.683472;0.564475;0.000000;0.000000;0.000000;0.000000;2.000000;-104.662155;-514.462036;1829.243042;0.318644;0.000000;0.000000;0.000000;0.000000;2.000000;-97.924881;-608.242493;1807.891602;0.393496;0.000000;0.000000;0.000000;0.000000;2.000000;-74.034927;-517.332458;1815.131348;0.249476;0.000000;0.000000;0.000000;0.000000;2.000000;73.163635;-148.887360;2038.694946;0.072680;0.000000;0.000000;0.000000;0.000000;2.000000;85.320641;-32.520966;1694.625610;0.129723;0.000000;0.000000;0.000000;0.000000;2.000000;95.542061;314.161377;1676.323364;0.148048;0.000000;0.000000;0.000000;0.000000;2.000000;115.297211;460.873108;1592.615356;0.132235;0.000000;0.000000;0.000000;0.000000;2.000000;-65.974869;-151.003342;1965.107056;0.065540;0.000000;0.000000;0.000000;0.000000;2.000000;135.904984;-133.090530;1663.922363;0.135822;0.000000;0.000000;0.000000;0.000000;2.000000;232.976822;201.031860;1617.893799;0.068409;0.000000;0.000000;0.000000;0.000000;2.000000;309.390137;320.165955;1551.184570;0.162771;0.000000;0.000000;0.000000;0.000000;2.000000;-1.146553;-641.777466;1887.333618;0.233430;0.000000;0.000000;0.000000;0.000000;2.000000;137.238846;-639.093872;1841.283081;0.116751;0.000000;0.000000;0.000000;0.000000;2.000000;113.875397;-684.211426;1841.818848;0.187614;0.000000;0.000000;0.000000;0.000000;2.000000;27.975948;-731.071655;1902.392456;0.370980;0.000000;0.000000;0.000000;0.000000;2.000000;105.325256;-651.043945;1808.963135;0.143093;0.000000;0.000000;0.000000;0.000000;2.000000;-11.497692;-636.308105;1792.178833;0.199461;0.000000;0.000000;0.000000;0.000000;2.000000;20404967424.000000
0.000000;-149.999985;2000.000000;0.000001;0.000000;0.000000;0.000000;0.000000;2.000000;-11.538059;-294.408173;2069.329102;0.644030;0.000000;0.000000;0.000000;0.000000;2.000000;-3.544006;-421.578278;2085.108643;1.190110;0.000000;0.000000;0.000000;0.000000;2.000000;6.249401;-591.667664;1989.343872;1.632501;0.000000;0.000000;0.000000;0.000000;2.000000;34.820847;-563.905212;2008.313232;1.365158;0.000000;0.000000;0.000000;0.000000;2.000000;161.748260;-555.369751;1988.894409;0.617471;0.000000;0.000000;0.000000;0.000000;2.000000;142.988235;-319.686249;1911.522705;0.256007;0.000000;0.000000;0.000000;0.000000;2.000000;-0.931458;-457.161224;1848.419434;0.214555;0.000000;0.000000;0.000000;0.000000;2.000000;-20.695255;-539.039795;1827.939209;0.331912;0.000000;0.000000;0.000000;0.000000;2.000000;-45.385212;-620.272827;1780.468872;0.503548;0.000000;0.000000;0.000000;0.000000;2.000000;-21.068172;-561.552429;1801.421875;0.305754;0.000000;0.000000;0.000000;0.000000;2.000000;-25.581738;-564.151245;2003.669556;1.775844;0.000000;0.000000;0.000000;0.000000;2.000000;-140.108231;-539.431091;1986.693237;3.543806;0.000000;0.000000;0.000000;0.000000;2.000000;-194.179825;-292.417084;1969.112305;0.564939;0.000000;0.000000;0.000000;0.000000;2.000000;-85.750793;-425.744263;1845.937988;1.032850;0.000000;0.000000;0.000000;0.000000;2.000000;-79.361511;-518.191589;1834.801758;0.798681;0.000000;0.000000;0.000000;0.000000;2.000000;-99.395920;-610.173584;1818.081299;0.319668;0.000000;0.000000;0.000000;0.000000;2.000000;-65.276871;-515.047729;1810.338989;0.312549;0.000000;0.000000;0.000000;0.000000;2.000000;75.773132;-141.466553;2030.385132;0.349197;0.000000;0.000000;0.000000;0.000000;2.000000;84.072266;-20.612793;1690.967651;0.382072;0.000000;0.000000;0.000000;0.000000;2.000000;85.098236;323.697205;1682.375854;0.469453;0.000000;0.000000;0.000000;0.000000;2.000000;114.379539;465.994751;1596.729980;0.202439;0.000000;0.000000;0.000000;0.000000;2.000000;-68.327957;-157.694962;1972.600464;0.314888;0.000000;0.000000;0.000000;0.000000;2.000000;129.312149;-126.878616;1673.287720;0.397623;0.000000;0.000000;0.000000;0.000000;2.000000;227.044922;202.806763;1619.538818;0.195512;0.000000;0.000000;0.000000;0.000000;2.000000;305.675262;322.044495;1558.916870;0.267995;0.000000;0.000000;0.000000;0.000000;2.000000;10.665730;-648.852905;1943.323975;1.759600;0.000000;0.000000;0.000000;0.000000;2.000000;127.767609;-633.378540;1859.821899;0.658824;0.000000;0.000000;0.000000;0.000000;2.000000;112.168732;-680.397827;1869.025635;0.840018;0.000000;0.000000;0.000000;0.000000;2.000000;54.653145;-731.713989;1953.182251;1.750892;0.000000;0.000000;0.000000;0.000000;2.000000;90.370193;-651.582520;1838.863281;1.020384;0.000000;0.000000;0.000000;0.000000;2.000000;-26.346264;-652.531372;1855.828857;2.055127;0.000000;0.000000;0.000000;0.000000;2.000000;20405000192.000000
0.000000;-150.000015;2000.000000;0.000001;0.000000;0.000000;0.000000;0.000000;2.000000;-11.594238;-295.568024;2067.905762;0.056059;0.000000;0.000000;0.000000;0.000000;2.000000;-3.652542;-423.048004;2084.086914;0.054726;0.000000;0.000000;0.000000;0.000000;2.000000;6.645119;-593.159302;1987.319214;0.077690;0.000000;0.000000;0.000000;0.000000;2.000000;35.239403;-565.201233;2006.249756;0.075452;0.000000;0.000000;0.000000;0.000000;2.000000;162.741333;-555.267395;1989.032593;0.030757;0.000000;0.000000;0.000000;0.000000;2.000000;142.435638;-319.420624;1910.354004;0.040276;0.000000;0.000000;0.000000;0.000000;2.000000;-1.919930;-455.006714;1842.438110;0.196347;0.000000;0.000000;0.000000;0.000000;2.000000;-19.589836;-537.437256;1821.258789;0.212351;0.000000;0.000000;0.000000;0.000000;2.000000;-42.587486;-619.124634;1773.172363;0.241040;0.000000;0.000000;0.000000;0.000000;2.000000;-21.476219;-559.641724;1795.292725;0.196320;0.000000;0.000000;0.000000;0.000000;2.000000;-25.357674;-565.840393;2002.015991;0.072460;0.000000;0.000000;0.000000;0.000000;2.000000;-141.269348;-541.129578;1995.177856;0.266434;0.000000;0.000000;0.000000;0.000000;2.000000;-188.672180;-292.783875;1969.091553;0.168453;0.000000;0.000000;0.000000;0.000000;2.000000;-70.953606;-414.595764;1841.593750;0.580731;0.000000;0.000000;0.000000;0.000000;2.000000;-60.366943;-507.129395;1832.382813;0.674857;0.000000;0.000000;0.000000;0.000000;2.000000;-75.449638;-600.030762;1814.110107;0.802834;0.000000;0.000000;0.000000;0.000000;2.000000;-51.382187;-509.025024;1815.954102;0.492899;0.000000;0.000000;0.000000;0.000000;2.000000;75.514343;-141.288788;2031.567383;0.037330;0.000000;0.000000;0.000000;0.000000;2.000000;84.357979;-21.151855;1690.856445;0.018926;0.000000;0.000000;0.000000;0.000000;2.000000;85.479797;324.090210;1681.629150;0.028261;0.000000;0.000000;0.000000;0.000000;2.000000;114.647995;466.468018;1595.166016;0.050534;0.000000;0.000000;0.000000;0.000000;2.000000;-68.094604;-157.855316;1971.534180;0.033668;0.000000;0.000000;0.000000;0.000000;2.000000;129.744293;-126.063187;1671.262207;0.067927;0.000000;0.000000;0.000000;0.000000;2.000000;227.020599;204.974548;1618.797363;0.069922;0.000000;0.000000;0.000000;0.000000;2.000000;306.713501;323.701904;1557.470337;0.074236;0.000000;0.000000;0.000000;0.000000;2.000000;11.136738;-650.290283;1940.916626;0.086765;0.000000;0.000000;0.000000;0.000000;2.000000;129.045685;-636.658813;1857.538086;0.128063;0.000000;0.000000;0.000000;0.000000;2.000000;111.784340;-683.464172;1865.547363;0.141992;0.000000;0.000000;0.000000;0.000000;2.000000;52.350021;-735.080811;1948.606812;0.187067;0.000000;0.000000;0.000000;0.000000;2.000000;90.942619;-653.055176;1836.078979;0.097698;0.000000;0.000000;0.000000;0.000000;2.000000;-26.062302;-650.411255;1853.139160;0.104876;0.000000;0.000000;0.000000;0.000000;2.000000;20405032960.000000
0.000000;-149.999985;2000.000000;0.000001;0.000000;0.000000;0.000000;0.000000;2.000000;-11.596123;-295.533630;2067.956299;0.001866;0.000000;0.000000;0.000000;0.000000;2.000000;-3.686157;-422.997467;2084.219727;0.004456;0.000000;0.000000;0.000000;0.000000;2.000000;6.394058;-593.148987;1987.523315;0.009879;0.000000;0.000000;0.000000;0.000000;2.000000;35.024979;-565.206116;2006.414917;0.008261;0.000000;0.000000;0.000000;0.000000;2.000000;162.516602;-555.421265;1989.093750;0.008519;0.000000;0.000000;0.000000;0.000000;2.000000;142.528625;-319.547821;1910.460449;0.005803;0.000000;0.000000;0.000000;0.000000;2.000000;-2.081295;-454.838989;1842.535767;0.007703;0.000000;0.000000;0.000000;0.000000;2.000000;-19.820175;-537.222900;1821.254150;0.009603;0.000000;0.000000;0.000000;0.000000;2.000000;-42.897476;-618.822632;1773.068848;0.013580;0.000000;0.000000;0.000000;0.000000;2.000000;-21.548592;-559.404419;1795.175903;0.008369;0.000000;0.000000;0.000000;0.000000;2.000000;-25.572746;-565.800781;2002.236084;0.009469;0.000000;0.000000;0.000000;0.000000;2.000000;-141.469177;-540.958374;1995.747803;0.019158;0.000000;0.000000;0.000000;0.000000;2.000000;-188.980560;-292.528992;1970.828125;0.054384;0.000000;0.000000;0.000000;0.000000;2.000000;-71.657646;-414.006744;1842.669434;0.043155;0.000000;0.000000;0.000000;0.000000;2.000000;-60.765968;-506.502441;1833.489502;0.040682;0.000000;0.000000;0.000000;0.000000;2.000000;-75.574821;-599.472473;1815.372192;0.042289;0.000000;0.000000;0.000000;0.000000;2.000000;-51.608948;-508.644440;1817.336670;0.044306;0.000000;0.000000;0.000000;0.000000;2.000000;75.519661;-141.288986;2031.542114;0.000788;0.000000;0.000000;0.000000;0.000000;2.000000;84.206108;-21.314117;1690.792725;0.007056;0.000000;0.000000;0.000000;0.000000;2.000000;85.383583;323.899170;1681.262939;0.012943;0.000000;0.000000;0.000000;0.000000;2.000000;114.577118;466.171692;1594.655029;0.018156;0.000000;0.000000;0.000000;0.000000;2.000000;-68.099403;-157.855072;1971.557129;0.000716;0.000000;0.000000;0.000000;0.000000;2.000000;129.669037;-126.177338;1671.252563;0.004183;0.000000;0.000000;0.000000;0.000000;2.000000;226.972626;204.810303;1618.659790;0.006700;0.000000;0.000000;0.000000;0.000000;2.000000;306.681091;323.477417;1557.259766;0.009445;0.000000;0.000000;0.000000;0.000000;2.000000;10.800110;-650.300293;1941.144653;0.012412;0.000000;0.000000;0.000000;0.000000;2.000000;128.335114;-637.336792;1857.148804;0.032241;0.000000;0.000000;0.000000;0.000000;2.000000;110.964127;-684.055664;1865.403564;0.031171;0.000000;0.000000;0.000000;0.000000;2.000000;51.775806;-735.191528;1948.925537;0.020325;0.000000;0.000000;0.000000;0.000000;2.000000;90.077141;-653.682800;1835.934326;0.032924;0.000000;0.000000;0.000000;0.000000;2.000000;-26.826744;-650.602905;1853.556152;0.027210;0.000000;0.000000;0.000000;0.000000;2.000000;20405065728.000000
0.000000;-149.999985;2000.000000;0.000000;0.000000;0.000000;0.000000;0.000000;2.000000;-11.001133;-292.862549;2071.776855;0.134981;0.000000;0.000000;0.000000;0.000000;2.000000;-3.896145;-419.330231;2091.007568;0.221680;0.000000;0.000000;0.000000;0.000000;2.000000;6.694374;-585.180054;1988.954102;0.232707;0.000000;0.000000;0.000000;0.000000;2.000000;35.120907;-557.775879;2008.435059;0.221179;0.000000;0.000000;0.000000;0.000000;2.000000;161.910110;-552.455139;1988.797729;0.087372;0.000000;0.000000;0.000000;0.000000;2.000000;147.189072;-318.055603;1908.426392;0.152212;0.000000;0.000000;0.000000;0.000000;2.000000;-0.273628;-450.258942;1843.741333;0.145603;0.000000;0.000000;0.000000;0.000000;2.000000;-14.841442;-533.306458;1824.433960;0.203580;0.000000;0.000000;0.000000;0.000000;2.000000;-37.087193;-616.005005;1778.747070;0.246981;0.000000;0.000000;0.000000;0.000000;2.000000;-17.118610;-555.582886;1798.469727;0.192843;0.000000;0.000000;0.000000;0.000000;2.000000;-25.213169;-558.765625;2004.806885;0.215383;0.000000;0.000000;0.000000;0.000000;2.000000;-141.250519;-536.744934;2002.385376;0.225902;0.000000;0.000000;0.000000;0.000000;2.000000;-194.967270;-289.695190;1995.042847;0.721055;0.000000;0.000000;0.000000;0.000000;2.000000;-61.433102;-383.542725;1861.347900;1.067564;0.000000;0.000000;0.000000;0.000000;2.000000;-58.191570;-475.420105;1846.448486;0.970068;0.000000;0.000000;0.000000;0.000000;2.000000;-70.585144;-567.610107;1825.240234;0.968711;0.000000;0.000000;0.000000;0.000000;2.000000;-43.845707;-480.888977;1832.753418;0.938793;0.000000;0.000000;0.000000;0.000000;2.000000;76.130730;-141.322327;2028.940186;0.076773;0.000000;0.000000;0.000000;0.000000;2.000000;84.595268;-19.466034;1690.708496;0.054299;0.000000;0.000000;0.000000;0.000000;2.000000;86.311760;323.998962;1678.710815;0.078053;0.000000;0.000000;0.000000;0.000000;2.000000;115.046974;467.617432;1595.842407;0.055404;0.000000;0.000000;0.000000;0.000000;2.000000;-68.650421;-157.825027;1973.903442;0.069231;0.000000;0.000000;0.000000;0.000000;2.000000;127.985153;-123.281784;1675.265869;0.150145;0.000000;0.000000;0.000000;0.000000;2.000000;227.991623;204.368103;1618.191772;0.034621;0.000000;0.000000;0.000000;0.000000;2.000000;306.587097;322.850159;1556.899170;0.020956;0.000000;0.000000;0.000000;0.000000;2.000000;11.136913;-640.405273;1940.842529;0.284506;0.000000;0.000000;0.000000;0.000000;2.000000;132.730408;-637.776855;1863.104492;0.212977;0.000000;0.000000;0.000000;0.000000;2.000000;112.856682;-682.876587;1873.054077;0.228884;0.000000;0.000000;0.000000;0.000000;2.000000;47.407181;-725.988159;1955.671265;0.350945;0.000000;0.000000;0.000000;0.000000;2.000000;95.064873;-653.586670;1840.940186;0.202987;0.000000;0.000000;0.000000;0.000000;2.000000;-21.745876;-644.314087;1851.941162;0.236804;0.000000;0.000000;0.000000;0.000000;2.000000;20405100544.000000
0.000000;-149.999985;2000.000000;0.000000;0.000000;0.000000;0.000000;0.000000;2.000000;-11.147549;-292.844788;2069.656494;0.064865;0.000000;0.000000;0.000000;0.000000;2.000000;-3.653454;-418.987488;2085.574707;0.166292;0.000000;0.000000;0.000000;0.000000;2.000000;5.604191;-584.351318;1984.800049;0.133482;0.000000;0.000000;0.000000;0.000000;2.000000;34.055576;-557.355530;2004.230225;0.132996;0.000000;0.000000;0.000000;0.000000;2.000000;160.433197;-551.454834;1987.213135;0.072814;0.000000;0.000000;0.000000;0.000000;2.000000;151.380981;-316.987610;1910.802124;0.150612;0.000000;0.000000;0.000000;0.000000;2.000000;2.036148;-443.257751;1842.617676;0.227585;0.000000;0.000000;0.000000;0.000000;2.000000;-13.895580;-525.666260;1823.936035;0.235431;0.000000;0.000000;0.000000;0.000000;2.000000;-29.611622;-609.108093;1778.099121;0.311027;0.000000;0.000000;0.000000;0.000000;2.000000;-22.474995;-556.415649;1816.887451;0.585903;0.000000;0.000000;0.000000;0.000000;2.000000;-25.908268;-557.677368;2000.275146;0.143803;0.000000;0.000000;0.000000;0.000000;2.000000;-140.903870;-534.018860;1997.487915;0.171379;0.000000;0.000000;0.000000;0.000000;2.000000;-205.649094;-293.892853;2034.487427;1.253673;0.000000;0.000000;0.000000;0.000000;2.000000;-53.619892;-351.201782;1901.849243;1.599582;0.000000;0.000000;0.000000;0.000000;2.000000;-51.834789;-437.102142;1867.353027;1.346124;0.000000;0.000000;0.000000;0.000000;2.000000;-56.528996;-522.568848;1826.501343;1.440443;0.000000;0.000000;0.000000;0.000000;2.000000;-32.756184;-446.024536;1859.016113;1.374388;0.000000;0.000000;0.000000;0.000000;2.000000;75.726440;-141.867126;2028.796997;0.021160;0.000000;0.000000;0.000000;0.000000;2.000000;83.362389;-21.827789;1692.145752;0.092381;0.000000;0.000000;0.000000;0.000000;2.000000;85.944443;319.554871;1678.780396;0.136102;0.000000;0.000000;0.000000;0.000000;2.000000;112.621597;463.588928;1597.978271;0.157611;0.000000;0.000000;0.000000;0.000000;2.000000;-68.285858;-157.333740;1974.032471;0.019081;0.000000;0.000000;0.000000;0.000000;2.000000;124.470062;-121.662857;1675.536621;0.118391;0.000000;0.000000;0.000000;0.000000;2.000000;228.369690;202.747070;1619.329590;0.061531;0.000000;0.000000;0.000000;0.000000;2.000000;304.831818;322.021301;1559.183228;0.091476;0.000000;0.000000;0.000000;0.000000;2.000000;9.679314;-639.478088;1937.203247;0.122939;0.000000;0.000000;0.000000;0.000000;2.000000;131.604004;-637.284058;1861.573486;0.059923;0.000000;0.000000;0.000000;0.000000;2.000000;111.825378;-682.073547;1871.620605;0.059202;0.000000;0.000000;0.000000;0.000000;2.000000;45.742485;-724.316528;1953.254517;0.103067;0.000000;0.000000;0.000000;0.000000;2.000000;94.507446;-653.309204;1839.177856;0.057040;0.000000;0.000000;0.000000;0.000000;2.000000;-21.777660;-644.293945;1848.425171;0.107306;0.000000;0.000000;0.000000;0.000000;2.000000;20405133312.000000
0.000000;-150.000000;2000.000000;0.000000;0.000000;0.000000;0.000000;0.000000;2.000000;-11.084568;-295.959442;2066.020996;0.146108;0.000000;0.000000;0.000000;0.000000;2.000000;-4.339314;-423.217102;2081.521973;0.179988;0.000000;0.000000;0.000000;0.000000;2.000000;2.582413;-586.871216;1974.960327;0.323402;0.000000;0.000000;0.000000;0.000000;2.000000;31.628042;-560.806763;1995.535645;0.294933;0.000000;0.000000;0.000000;0.000000;2.000000;159.276657;-550.795349;1982.837280;0.139584;0.000000;0.000000;0.000000;0.000000;2.000000;155.560852;-312.929230;1910.223633;0.178668;0.000000;0.000000;0.000000;0.000000;2.000000;-0.227276;-436.008636;1845.702637;0.250151;0.000000;0.000000;0.000000;0.000000;2.000000;-10.957455;-519.448486;1824.856201;0.211740;0.000000;0.000000;0.000000;0.000000;2.000000;-31.745548;-602.352539;1778.446777;0.216464;0.000000;0.000000;0.000000;0.000000;2.000000;-22.897831;-550.376465;1822.922363;0.260869;0.000000;0.000000;0.000000;0.000000;2.000000;-28.780903;-559.887268;1991.184570;0.298658;0.000000;0.000000;0.000000;0.000000;2.000000;-143.467545;-530.652832;1989.233765;0.283064;0.000000;0.000000;0.000000;0.000000;2.000000;-201.854431;-291.882202;2050.954346;0.519339;0.000000;0.000000;0.000000;0.000000;2.000000;-50.597599;-351.593597;1915.870117;0.437874;0.000000;0.000000;0.000000;0.000000;2.000000;-41.859196;-435.745453;1876.488770;0.414876;0.000000;0.000000;0.000000;0.000000;2.000000;-57.706272;-515.912109;1826.879028;0.206622;0.000000;0.000000;0.000000;0.000000;2.000000;-32.199047;-436.335785;1863.567383;0.327117;0.000000;0.000000;0.000000;0.000000;2.000000;76.125183;-142.347382;2029.699463;0.033487;0.000000;0.000000;0.000000;0.000000;2.000000;82.716148;-20.009491;1690.832764;0.071229;0.000000;0.000000;0.000000;0.000000;2.000000;85.310043;324.048157;1676.445435;0.155742;0.000000;0.000000;0.000000;0.000000;2.000000;112.135712;468.009399;1592.848633;0.207182;0.000000;0.000000;0.000000;0.000000;2.000000;-68.645416;-156.900696;1973.218628;0.030198;0.000000;0.000000;0.000000;0.000000;2.000000;123.757797;-120.563614;1671.188965;0.138571;0.000000;0.000000;0.000000;0.000000;2.000000;230.437271;206.236938;1617.166016;0.140298;0.000000;0.000000;0.000000;0.000000;2.000000;309.459442;323.504089;1553.352173;0.231642;0.000000;0.000000;0.000000;0.000000;2.000000;5.977661;-641.017212;1925.335693;0.382275;0.000000;0.000000;0.000000;0.000000;2.000000;131.404373;-633.990967;1853.659180;0.261670;0.000000;0.000000;0.000000;0.000000;2.000000;110.459076;-679.510559;1858.889160;0.398515;0.000000;0.000000;0.000000;0.000000;2.000000;40.465904;-728.305176;1934.651855;0.602527;0.000000;0.000000;0.000000;0.000000;2.000000;94.560982;-647.304199;1828.481812;0.374345;0.000000;0.000000;0.000000;0.000000;2.000000;-22.746418;-636.993774;1834.810059;0.472384;0.000000;0.000000;0.000000;0.000000;2.000000;20405166080.000000
0.000000;-150.000000;2000.000000;0.000000;0.000000;0.000000;0.000000;0.000000;2.000000;-10.573471;-295.979095;2066.246826;0.016059;0.000000;0.000000;0.000000;0.000000;2.000000;-3.550804;-423.348816;2081.200195;0.024752;0.000000;0.000000;0.000000;0.000000;2.000000;3.422371;-587.098877;1974.618774;0.026852;0.000000;0.000000;0.000000;0.000000;2.000000;32.486320;-560.941223;1995.094727;0.027982;0.000000;0.000000;0.000000;0.000000;2.000000;160.251282;-554.328613;1980.819092;0.120178;0.000000;0.000000;0.000000;0.000000;2.000000;158.770447;-315.845642;1909.760010;0.125270;0.000000;0.000000;0.000000;0.000000;2.000000;0.113529;-437.233887;1848.802734;0.096244;0.000000;0.000000;0.000000;0.000000;2.000000;-10.131428;-519.741211;1824.171997;0.031934;0.000000;0.000000;0.000000;0.000000;2.000000;-33.448105;-600.656433;1775.416260;0.111091;0.000000;0.000000;0.000000;0.000000;2.000000;-22.013916;-548.232544;1816.074463;0.207660;0.000000;0.000000;0.000000;0.000000;2.000000;-27.968178;-560.176331;1990.950195;0.025674;0.000000;0.000000;0.000000;0.000000;2.000000;-143.250122;-533.124084;1989.200562;0.071261;0.000000;0.000000;0.000000;0.000000;2.000000;-208.787369;-296.737122;2053.365234;0.252771;0.000000;0.000000;0.000000;0.000000;2.000000;-54.209465;-355.192322;1921.368896;0.215386;0.000000;0.000000;0.000000;0.000000;2.000000;-41.811646;-435.903931;1876.103027;0.012056;0.000000;0.000000;0.000000;0.000000;2.000000;-52.813377;-511.258270;1818.238281;0.314981;0.000000;0.000000;0.000000;0.000000;2.000000;-33.798424;-450.398376;1874.599121;0.515417;0.000000;0.000000;0.000000;0.000000;2.000000;76.444328;-142.381897;2028.988037;0.022418;0.000000;0.000000;0.000000;0.000000;2.000000;81.567131;-24.541595;1688.324707;0.152393;0.000000;0.000000;0.000000;0.000000;2.000000;84.570847;319.679138;1673.994751;0.145440;0.000000;0.000000;0.000000;0.000000;2.000000;110.859818;464.203552;1591.040039;0.126455;0.000000;0.000000;0.000000;0.000000;2.000000;-68.933212;-156.869583;1973.860229;0.020217;0.000000;0.000000;0.000000;0.000000;2.000000;121.741272;-123.584930;1670.182861;0.108261;0.000000;0.000000;0.000000;0.000000;2.000000;229.660294;202.699890;1614.464600;0.129767;0.000000;0.000000;0.000000;0.000000;2.000000;306.544952;322.483215;1552.562256;0.091554;0.000000;0.000000;0.000000;0.000000;2.000000;6.785511;-641.278564;1924.977051;0.026474;0.000000;0.000000;0.000000;0.000000;2.000000;131.536240;-636.546814;1851.809326;0.090700;0.000000;0.000000;0.000000;0.000000;2.000000;110.479797;-681.861572;1858.420654;0.068857;0.000000;0.000000;0.000000;0.000000;2.000000;41.084087;-728.469849;1936.165161;0.047190;0.000000;0.000000;0.000000;0.000000;2.000000;94.367310;-650.367065;1827.353027;0.093922;0.000000;0.000000;0.000000;0.000000;2.000000;-22.886681;-639.457031;1834.638916;0.071036;0.000000;0.000000;0.000000;0.000000;2.000000;20405200896.000000
0.000000;-150.000015;2000.000000;0.000000;0.000000;0.000000;0.000000;0.000000;2.000000;-8.237862;-294.935638;2067.142578;0.082715;0.000000;0.000000;0.000000;0.000000;2.000000;2.041145;-421.369843;2083.235352;0.191382;0.000000;0.000000;0.000000;0.000000;2.000000;10.497204;-588.072510;1983.118652;0.338799;0.000000;0.000000;0.000000;0.000000;2.000000;39.223488;-560.828430;2002.185669;0.298517;0.000000;0.000000;0.000000;0.000000;2.000000;165.793304;-550.970154;1984.638428;0.229553;0.000000;0.000000;0.000000;0.000000;2.000000;153.226364;-315.255280;1909.410400;0.170483;0.000000;0.000000;0.000000;0.000000;2.000000;7.784584;-449.061737;1844.756958;0.447591;0.000000;0.000000;0.000000;0.000000;2.000000;-5.151756;-531.538208;1822.781006;0.393074;0.000000;0.000000;0.000000;0.000000;2.000000;-23.879604;-613.200012;1774.149414;0.483010;0.000000;0.000000;0.000000;0.000000;2.000000;-17.652485;-553.598145;1804.404907;0.413950;0.000000;0.000000;0.000000;0.000000;2.000000;-21.010601;-561.197327;1998.752563;0.320547;0.000000;0.000000;0.000000;0.000000;2.000000;-136.319977;-536.743164;1996.172607;0.319684;0.000000;0.000000;0.000000;0.000000;2.000000;-202.356705;-296.617493;2037.426636;0.524518;0.000000;0.000000;0.000000;0.000000;2.000000;-84.337814;-403.750732;1899.828857;1.863725;0.000000;0.000000;0.000000;0.000000;2.000000;-66.485641;-480.660431;1850.775146;1.740693;0.000000;0.000000;0.000000;0.000000;2.000000;-74.462128;-563.971619;1805.360962;1.782914;0.000000;0.000000;0.000000;0.000000;2.000000;-42.187389;-482.315308;1835.016846;1.572713;0.000000;0.000000;0.000000;0.000000;2.000000;75.034729;-139.973022;2030.850586;0.102399;0.000000;0.000000;0.000000;0.000000;2.000000;81.968330;-23.784637;1691.338867;0.095628;0.000000;0.000000;0.000000;0.000000;2.000000;84.132332;318.856812;1675.661865;0.058286;0.000000;0.000000;0.000000;0.000000;2.000000;111.553314;462.886475;1593.734741;0.093948;0.000000;0.000000;0.000000;0.000000;2.000000;-67.662125;-159.041809;1972.180542;0.092341;0.000000;0.000000;0.000000;0.000000;2.000000;124.760849;-125.405914;1671.546265;0.115374;0.000000;0.000000;0.000000;0.000000;2.000000;225.541489;202.066528;1619.134277;0.191001;0.000000;0.000000;0.000000;0.000000;2.000000;303.801941;320.101501;1557.316772;0.182601;0.000000;0.000000;0.000000;0.000000;2.000000;14.183998;-643.741333;1935.677734;0.404064;0.000000;0.000000;0.000000;0.000000;2.000000;133.955429;-641.961487;1855.644409;0.215531;0.000000;0.000000;0.000000;0.000000;2.000000;111.909050;-686.461548;1862.839600;0.199487;0.000000;0.000000;0.000000;0.000000;2.000000;45.984409;-731.785278;1943.566895;0.289179;0.000000;0.000000;0.000000;0.000000;2.000000;95.136154;-654.113403;1833.354004;0.217164;0.000000;0.000000;0.000000;0.000000;2.000000;-20.534924;-639.542236;1847.690063;0.404712;0.000000;0.000000;0.000000;0.000000;2.000000;20405233664.000000
0.000000;-150.000000;2000.000000;0.000000;0.000000;0.000000;0.000000;0.000000;2.000000;-9.280888;-293.819153;2067.562500;0.048356;0.000000;0.000000;0.000000;0.000000;2.000000;1.229145;-419.874512;2081.405273;0.076261;0.000000;0.000000;0.000000;0.000000;2.000000;8.965858;-584.618286;1979.829102;0.152886;0.000000;0.000000;0.000000;0.000000;2.000000;37.642876;-557.978882;1999.329712;0.132232;0.000000;0.000000;0.000000;0.000000;2.000000;164.248352;-549.643311;1986.381958;0.081815;0.000000;0.000000;0.000000;0.000000;2.000000;147.893829;-315.603363;1910.602173;0.167089;0.000000;0.000000;0.000000;0.000000;2.000000;12.345627;-458.079712;1846.210205;0.311577;0.000000;0.000000;0.000000;0.000000;2.000000;-13.169292;-537.386963;1825.236816;0.311996;0.000000;0.000000;0.000000;0.000000;2.000000;-46.494663;-614.730469;1778.322021;0.703358;0.000000;0.000000;0.000000;0.000000;2.000000;-26.129726;-556.836426;1803.537109;0.278201;0.000000;0.000000;0.000000;0.000000;2.000000;-22.274418;-557.800415;1995.492065;0.148778;0.000000;0.000000;0.000000;0.000000;2.000000;-136.508652;-531.169983;1992.706421;0.200374;0.000000;0.000000;0.000000;0.000000;2.000000;-213.707611;-293.391968;2017.370728;0.710140;0.000000;0.000000;0.000000;0.000000;2.000000;-114.384827;-370.472382;1849.729126;2.051784;0.000000;0.000000;0.000000;0.000000;2.000000;-99.885956;-461.211121;1839.112061;1.232050;0.000000;0.000000;0.000000;0.000000;2.000000;-104.939407;-555.302185;1829.091309;1.208108;0.000000;0.000000;0.000000;0.000000;2.000000;-65.897614;-472.191467;1834.211914;0.787161;0.000000;0.000000;0.000000;0.000000;2.000000;74.719681;-140.398636;2030.702271;0.016782;0.000000;0.000000;0.000000;0.000000;2.000000;81.733604;-21.775360;1693.880615;0.099136;0.000000;0.000000;0.000000;0.000000;2.000000;84.300201;319.168854;1677.585693;0.059698;0.000000;0.000000;0.000000;0.000000;2.000000;111.257095;463.152069;1597.101563;0.103462;0.000000;0.000000;0.000000;0.000000;2.000000;-67.378021;-158.657990;1972.314331;0.015134;0.000000;0.000000;0.000000;0.000000;2.000000;125.176865;-123.191452;1674.052979;0.102861;0.000000;0.000000;0.000000;0.000000;2.000000;227.230301;201.671844;1619.022705;0.053037;0.000000;0.000000;0.000000;0.000000;2.000000;302.563965;321.739410;1559.391113;0.089069;0.000000;0.000000;0.000000;0.000000;2.000000;12.506653;-639.471802;1931.976196;0.179882;0.000000;0.000000;0.000000;0.000000;2.000000;131.771683;-639.141602;1852.423584;0.146657;0.000000;0.000000;0.000000;0.000000;2.000000;109.809021;-683.285400;1860.339600;0.139008;0.000000;0.000000;0.000000;0.000000;2.000000;44.112736;-726.948669;1941.393433;0.171605;0.000000;0.000000;0.000000;0.000000;2.000000;93.156754;-651.608154;1830.421021;0.132309;0.000000;0.000000;0.000000;0.000000;2.000000;-21.961056;-636.818359;1844.323242;0.139144;0.000000;0.000000;0.000000;0.000000;2.000000;20405266432.000000
