posX0;posY0;posZ0;posVel0;rotX0;rotY0;rotZ0;rotVel0;confidence0;posX1;posY1;posZ1;posVel1;rotX1;rotY1;rotZ1;rotVel1;confidence1;posX2;posY2;posZ2;posVel2;rotX2;rotY2;rotZ2;rotVel2;confidence2;posX3;posY3;posZ3;posVel3;rotX3;rotY3;rotZ3;rotVel3;confidence3;posX4;posY4;posZ4;posVel4;rotX4;rotY4;rotZ4;rotVel4;confidence4;posX5;posY5;posZ5;posVel5;rotX5;rotY5;rotZ5;rotVel5;confidence5;posX6;posY6;posZ6;posVel6;rotX6;rotY6;rotZ6;rotVel6;confidence6;posX7;posY7;posZ7;posVel7;rotX7;rotY7;rotZ7;rotVel7;confidence7;posX8;posY8;posZ8;posVel8;rotX8;rotY8;rotZ8;rotVel8;confidence8;posX9;posY9;posZ9;posVel9;rotX9;rotY9;rotZ9;rotVel9;confidence9;posX10;posY10;posZ10;posVel10;rotX10;rotY10;rotZ10;rotVel10;confidence10;posX11;posY11;posZ11;posVel11;rotX11;rotY11;rotZ11;rotVel11;confidence11;posX12;posY12;posZ12;posVel12;rotX12;rotY12;rotZ12;rotVel12;confidence12;posX13;posY13;posZ13;posVel13;rotX13;rotY13;rotZ13;rotVel13;confidence13;posX14;posY14;posZ14;posVel14;rotX14;rotY14;rotZ14;rotVel14;confidence14;posX15;posY15;posZ15;posVel15;rotX15;rotY15;rotZ15;rotVel15;confidence15;posX16;posY16;posZ16;posVel16;rotX16;rotY16;rotZ16;rotVel16;confidence16;posX17;posY17;posZ17;posVel17;rotX17;rotY17;rotZ17;rotVel17;confidence17;posX18;posY18;posZ18;posVel18;rotX18;rotY18;rotZ18;rotVel18;confidence18;posX19;posY19;posZ19;posVel19;rotX19;rotY19;rotZ19;rotVel19;confidence19;posX20;posY20;posZ20;posVel20;rotX20;rotY20;rotZ20;rotVel20;confidence20;posX21;posY21;posZ21;posVel21;rotX21;rotY21;rotZ21;rotVel21;confidence21;posX22;posY22;posZ22;posVel22;rotX22;rotY22;rotZ22;rotVel22;confidence22;posX23;posY23;posZ23;posVel23;rotX23;rotY23;rotZ23;rotVel23;confidence23;posX24;posY24;posZ24;posVel24;rotX24;rotY24;rotZ24;rotVel24;confidence24;posX25;posY25;posZ25;posVel25;rotX25;rotY25;rotZ25;rotVel25;confidence25;posX26;posY26;posZ26;posVel26;rotX26;rotY26;rotZ26;rotVel26;confidence26;posX27;posY27;posZ27;posVel27;rotX27;rotY27;rotZ27;rotVel27;confidence27;posX28;posY28;posZ28;posVel28;rotX28;rotY28;rotZ28;rotVel28;confidence28;posX29;posY29;posZ29;posVel29;rotX29;rotY29;rotZ29;rotVel29;confidence29;posX30;posY30;posZ30;posVel30;rotX30;rotY30;rotZ30;rotVel30;confidence30;posX31;posY31;posZ31;posVel31;rotX31;rotY31;rotZ31;rotVel31;confidence31;TimeStamp
0.000000;-150.000000;2000.000000;0.000000;0.000000;0.000000;0.000000;0.000000;2.000000;10.519897;-318.221802;1980.845947;0.000000;0.000000;0.000000;0.000000;0.000000;2.000000;23.809219;-453.106323;1976.259644;0.000000;0.000000;0.000000;0.000000;0.000000;2.000000;44.865494;-658.329407;1983.636841;0.000000;0.000000;0.000000;0.000000;0.000000;2.000000;68.905258;-622.469238;1966.081299;0.000000;0.000000;0.000000;0.000000;0.000000;2.000000;174.653488;-579.915405;1892.040405;0.000000;0.000000;0.000000;0.000000;0.000000;2.000000;92.072304;-345.945923;1805.553101;0.000000;0.000000;0.000000;0.000000;0.000000;2.000000;-90.737495;-461.131348;1761.412720;0.000000;0.000000;0.000000;0.000000;0.000000;2.000000;-59.356167;-512.598938;1692.497070;0.000000;0.000000;0.000000;0.000000;0.000000;1.000000;-68.190582;-550.289734;1597.326904;0.000000;0.000000;0.000000;0.000000;0.000000;1.000000;-38.759789;-484.630676;1661.620972;0.000000;0.000000;0.000000;0.000000;0.000000;2.000000;15.015265;-626.194641;2000.381348;0.000000;0.000000;0.000000;0.000000;0.000000;2.000000;-102.113907;-598.489014;2034.285889;0.000000;0.000000;0.000000;0.000000;0.000000;2.000000;-180.703171;-342.699280;2025.695557;0.000000;0.000000;0.000000;0.000000;0.000000;2.000000;-258.093811;-453.980469;1848.208130;0.000000;0.000000;0.000000;0.000000;0.000000;2.000000;-313.767365;-463.914673;1767.458618;0.000000;0.000000;0.000000;0.000000;0.000000;2.000000;-389.176971;-508.732849;1817.493530;0.000000;0.000000;0.000000;0.000000;0.000000;2.000000;-328.744598;-532.722473;1845.566284;0.000000;0.000000;0.000000;0.000000;0.000000;2.000000;78.621941;-141.049225;1964.570435;0.000000;0.000000;0.000000;0.000000;0.000000;2.000000;68.657852;239.104202;1981.363281;0.000000;0.000000;0.000000;0.000000;0.000000;2.000000;75.110336;598.038757;2040.238281;0.000000;0.000000;0.000000;0.000000;0.000000;2.000000;28.355619;727.814636;1927.533447;0.000000;0.000000;0.000000;0.000000;0.000000;2.000000;-70.896858;-158.071320;2031.948486;0.000000;0.000000;0.000000;0.000000;0.000000;2.000000;-84.198006;220.935654;2059.570801;0.000000;0.000000;0.000000;0.000000;0.000000;2.000000;-70.157700;584.450806;2112.490723;0.000000;0.000000;0.000000;0.000000;0.000000;2.000000;-109.985115;710.200989;2015.227783;0.000000;0.000000;0.000000;0.000000;0.000000;2.000000;45.912930;-735.579102;1975.624146;0.000000;0.000000;0.000000;0.000000;0.000000;2.000000;37.218410;-770.060974;1827.030518;0.000000;0.000000;0.000000;0.000000;0.000000;2.000000;74.975616;-794.539795;1855.449097;0.000000;0.000000;0.000000;0.000000;0.000000;2.000000;137.708115;-768.368042;1954.995605;0.000000;0.000000;0.000000;0.000000;0.000000;2.000000;26.875916;-806.836609;1858.024780;0.000000;0.000000;0.000000;0.000000;0.000000;2.000000;-10.229682;-818.835083;1976.343872;0.000000;0.000000;0.000000;0.000000;0.000000;2.000000;11619300352.000000
0.000000;-150.000000;2000.000000;0.000000;0.000000;0.000000;0.000000;0.000000;2.000000;10.500640;-318.232086;1980.757568;0.002778;0.000000;0.000000;0.000000;0.000000;2.000000;23.794605;-453.130707;1976.149780;0.003463;0.000000;0.000000;0.000000;0.000000;2.000000;44.862648;-658.373169;1983.604370;0.001665;0.000000;0.000000;0.000000;0.000000;2.000000;68.912460;-622.512939;1966.048706;0.001678;0.000000;0.000000;0.000000;0.000000;2.000000;174.611465;-579.923340;1891.930176;0.003608;0.000000;0.000000;0.000000;0.000000;2.000000;91.742050;-346.182312;1805.012207;0.020642;0.000000;0.000000;0.000000;0.000000;2.000000;-91.072235;-461.920471;1762.233765;0.036223;0.000000;0.000000;0.000000;0.000000;2.000000;-59.702667;-514.078613;1693.820068;0.061490;0.000000;0.000000;0.000000;0.000000;2.000000;-68.608521;-552.795593;1599.056885;0.093798;0.000000;0.000000;0.000000;0.000000;2.000000;-38.913067;-487.478210;1662.786499;0.094014;0.000000;0.000000;0.000000;0.000000;2.000000;14.997707;-626.231384;2000.324097;0.002144;0.000000;0.000000;0.000000;0.000000;2.000000;-102.213226;-598.404358;2033.896729;0.012526;0.000000;0.000000;0.000000;0.000000;2.000000;-180.309433;-342.468384;2024.286011;0.045215;0.000000;0.000000;0.000000;0.000000;2.000000;-257.196014;-454.223053;1846.845581;0.050344;0.000000;0.000000;0.000000;0.000000;2.000000;-311.326874;-464.060730;1765.028687;0.105194;0.000000;0.000000;0.000000;0.000000;2.000000;-388.179901;-509.014130;1812.713745;0.149254;0.000000;0.000000;0.000000;0.000000;2.000000;-327.805450;-532.945740;1842.758911;0.090598;0.000000;0.000000;0.000000;0.000000;2.000000;78.637688;-141.040710;1964.583740;0.000681;0.000000;0.000000;0.000000;0.000000;2.000000;68.820778;239.139191;1981.825928;0.015007;0.000000;0.000000;0.000000;0.000000;2.000000;75.370415;598.020386;2041.264404;0.032310;0.000000;0.000000;0.000000;0.000000;2.000000;28.849451;727.726135;1928.350830;0.029269;0.000000;0.000000;0.000000;0.000000;2.000000;-70.911072;-158.078979;2031.936401;0.000615;0.000000;0.000000;0.000000;0.000000;2.000000;-83.824158;220.948883;2060.039551;0.018302;0.000000;0.000000;0.000000;0.000000;2.000000;-69.230797;584.341675;2113.927734;0.052292;0.000000;0.000000;0.000000;0.000000;2.000000;-107.835922;710.445435;2016.598877;0.078155;0.000000;0.000000;0.000000;0.000000;2.000000;45.919708;-735.633972;1975.615723;0.001707;0.000000;0.000000;0.000000;0.000000;2.000000;37.701199;-770.870667;1827.154541;0.029017;0.000000;0.000000;0.000000;0.000000;2.000000;75.333366;-795.251404;1855.833252;0.026986;0.000000;0.000000;0.000000;0.000000;2.000000;137.756714;-768.641846;1955.474365;0.016896;0.000000;0.000000;0.000000;0.000000;2.000000;27.204660;-807.478638;1858.303955;0.023604;0.000000;0.000000;0.000000;0.000000;2.000000;-10.332584;-818.827148;1976.565674;0.007466;0.000000;0.000000;0.000000;0.000000;2.000000;11619333120.000000
0.000000;-150.000000;2000.000000;0.000000;0.000000;0.000000;0.000000;0.000000;2.000000;11.526711;-321.235901;1979.810059;0.098030;0.000000;0.000000;0.000000;0.000000;2.000000;25.599888;-458.586975;1975.091553;0.172934;0.000000;0.000000;0.000000;0.000000;2.000000;43.322823;-667.729614;1988.052124;0.309944;0.000000;0.000000;0.000000;0.000000;2.000000;68.818901;-632.049133;1969.861694;0.303938;0.000000;0.000000;0.000000;0.000000;2.000000;177.694778;-589.807373;1895.466797;0.323779;0.000000;0.000000;0.000000;0.000000;2.000000;72.209686;-351.382568;1834.855103;1.066637;0.000000;0.000000;0.000000;0.000000;2.000000;-130.456757;-447.098328;1819.493652;2.102866;0.000000;0.000000;0.000000;0.000000;2.000000;-140.086243;-473.047974;1730.424194;2.882056;0.000000;0.000000;0.000000;0.000000;2.000000;-145.373093;-483.339661;1626.402344;3.168600;0.000000;0.000000;0.000000;0.000000;2.000000;-92.760017;-473.289856;1700.679199;1.993215;0.000000;0.000000;0.000000;0.000000;2.000000;13.105226;-634.095886;2003.638062;0.258686;0.000000;0.000000;0.000000;0.000000;2.000000;-102.430344;-602.525024;2047.012451;0.406887;0.000000;0.000000;0.000000;0.000000;2.000000;-145.578995;-337.190979;2000.969482;1.247720;0.000000;0.000000;0.000000;0.000000;2.000000;-222.968887;-456.228394;1823.211304;1.232318;0.000000;0.000000;0.000000;0.000000;2.000000;-314.857849;-483.591736;1793.324585;1.022810;0.000000;0.000000;0.000000;0.000000;2.000000;-361.779297;-539.200256;1866.055542;1.974872;0.000000;0.000000;0.000000;0.000000;2.000000;-289.034851;-528.976685;1803.977661;1.627039;0.000000;0.000000;0.000000;0.000000;2.000000;80.942284;-140.536835;1965.951782;0.080700;0.000000;0.000000;0.000000;0.000000;2.000000;75.773705;246.005142;1996.373169;0.518598;0.000000;0.000000;0.000000;0.000000;2.000000;77.853218;612.209717;2053.178223;0.553188;0.000000;0.000000;0.000000;0.000000;2.000000;27.741739;727.061890;1921.931885;0.193762;0.000000;0.000000;0.000000;0.000000;2.000000;-72.989227;-158.533340;2030.702881;0.072769;0.000000;0.000000;0.000000;0.000000;2.000000;-74.486923;226.064545;2076.807373;0.587783;0.000000;0.000000;0.000000;0.000000;2.000000;-61.814423;594.930847;2140.200439;0.866513;0.000000;0.000000;0.000000;0.000000;2.000000;-111.577103;702.245850;2022.385376;0.316951;0.000000;0.000000;0.000000;0.000000;2.000000;43.232800;-746.604614;1981.787476;0.380892;0.000000;0.000000;0.000000;0.000000;2.000000;48.588810;-765.830200;1827.426025;0.355138;0.000000;0.000000;0.000000;0.000000;2.000000;83.627090;-794.609924;1857.147827;0.249222;0.000000;0.000000;0.000000;0.000000;2.000000;137.778763;-780.162598;1966.404907;0.469962;0.000000;0.000000;0.000000;0.000000;2.000000;34.404095;-806.029968;1853.773315;0.255352;0.000000;0.000000;0.000000;0.000000;2.000000;-15.161229;-829.494995;1968.222534;0.425485;0.000000;0.000000;0.000000;0.000000;2.000000;11619366912.000000
0.000000;-150.000000;2000.000000;0.000000;0.000000;0.000000;0.000000;0.000000;2.000000;11.572451;-320.577515;1978.705688;0.039262;0.000000;0.000000;0.000000;0.000000;2.000000;25.641903;-457.465881;1972.756592;0.079056;0.000000;0.000000;0.000000;0.000000;2.000000;42.586708;-666.027954;1985.933350;0.085920;0.000000;0.000000;0.000000;0.000000;2.000000;68.641357;-630.463379;1968.702271;0.060193;0.000000;0.000000;0.000000;0.000000;2.000000;177.238419;-594.900269;1891.239624;0.202465;0.000000;0.000000;0.000000;0.000000;2.000000;102.816338;-342.378723;1847.490356;1.047196;0.000000;0.000000;0.000000;0.000000;2.000000;-115.989983;-383.701172;1823.277100;1.987817;0.000000;0.000000;0.000000;0.000000;1.000000;-134.077515;-434.181519;1747.302368;1.306059;0.000000;0.000000;0.000000;0.000000;1.000000;-137.848312;-471.252991;1649.831665;0.836673;0.000000;0.000000;0.000000;0.000000;1.000000;-97.864014;-461.758789;1722.117554;0.759035;0.000000;0.000000;0.000000;0.000000;1.000000;12.008636;-632.474854;2000.520386;0.112337;0.000000;0.000000;0.000000;0.000000;2.000000;-108.508453;-605.428223;2030.080933;0.556097;0.000000;0.000000;0.000000;0.000000;2.000000;-163.535461;-343.775696;1980.583008;0.853075;0.000000;0.000000;0.000000;0.000000;2.000000;-209.320435;-471.390930;1798.741455;0.972241;0.000000;0.000000;0.000000;0.000000;2.000000;-284.468872;-492.404053;1735.999756;1.998210;0.000000;0.000000;0.000000;0.000000;2.000000;-320.946564;-550.381775;1812.344482;2.087102;0.000000;0.000000;0.000000;0.000000;1.000000;-298.267700;-551.968445;1789.323608;0.878465;0.000000;0.000000;0.000000;0.000000;1.000000;80.415443;-140.234451;1965.475464;0.023557;0.000000;0.000000;0.000000;0.000000;2.000000;76.272858;244.918991;1998.783813;0.082115;0.000000;0.000000;0.000000;0.000000;2.000000;78.521919;609.778381;2057.009521;0.139974;0.000000;0.000000;0.000000;0.000000;2.000000;26.327612;719.876953;1923.273315;0.227192;0.000000;0.000000;0.000000;0.000000;2.000000;-72.514145;-158.806015;2031.132324;0.021242;0.000000;0.000000;0.000000;0.000000;2.000000;-75.419106;224.108658;2081.293457;0.152036;0.000000;0.000000;0.000000;0.000000;2.000000;-65.019936;591.775635;2145.463623;0.211282;0.000000;0.000000;0.000000;0.000000;2.000000;-111.599991;702.697449;2030.426392;0.245780;0.000000;0.000000;0.000000;0.000000;2.000000;42.594688;-744.657593;1979.566284;0.092221;0.000000;0.000000;0.000000;0.000000;2.000000;46.085720;-761.323120;1825.322021;0.169931;0.000000;0.000000;0.000000;0.000000;2.000000;79.534050;-792.424133;1854.231079;0.167258;0.000000;0.000000;0.000000;0.000000;2.000000;134.790115;-782.973022;1963.069214;0.161361;0.000000;0.000000;0.000000;0.000000;2.000000;29.888365;-801.028748;1850.964355;0.222787;0.000000;0.000000;0.000000;0.000000;2.000000;-20.162298;-823.713501;1964.938843;0.253900;0.000000;0.000000;0.000000;0.000000;2.000000;11619399680.000000
0.000000;-150.000000;2000.000000;0.000000;0.000000;0.000000;0.000000;0.000000;2.000000;11.574493;-320.565521;1978.689209;0.000606;0.000000;0.000000;0.000000;0.000000;2.000000;25.644352;-457.445404;1972.726685;0.001075;0.000000;0.000000;0.000000;0.000000;2.000000;42.541042;-666.002625;1985.853638;0.002820;0.000000;0.000000;0.000000;0.000000;2.000000;68.620682;-630.438171;1968.667603;0.001408;0.000000;0.000000;0.000000;0.000000;2.000000;177.337448;-594.877502;1891.385864;0.005270;0.000000;0.000000;0.000000;0.000000;2.000000;103.181168;-342.276306;1847.736938;0.013379;0.000000;0.000000;0.000000;0.000000;2.000000;-115.631195;-383.229858;1823.072754;0.018543;0.000000;0.000000;0.000000;0.000000;1.000000;-133.657303;-433.607788;1747.021973;0.022622;0.000000;0.000000;0.000000;0.000000;1.000000;-137.306778;-470.580170;1649.515259;0.027220;0.000000;0.000000;0.000000;0.000000;1.000000;-97.447693;-461.223328;1721.880615;0.021261;0.000000;0.000000;0.000000;0.000000;1.000000;11.951740;-632.451782;2000.413452;0.003649;0.000000;0.000000;0.000000;0.000000;2.000000;-108.623917;-605.257874;2029.566406;0.016399;0.000000;0.000000;0.000000;0.000000;2.000000;-162.378799;-343.288727;1980.430786;0.037411;0.000000;0.000000;0.000000;0.000000;2.000000;-208.239731;-469.460205;1797.619507;0.073414;0.000000;0.000000;0.000000;0.000000;2.000000;-282.699219;-488.516449;1733.456543;0.147112;0.000000;0.000000;0.000000;0.000000;2.000000;-318.697662;-545.095459;1811.060059;0.174202;0.000000;0.000000;0.000000;0.000000;2.000000;-295.253052;-549.835632;1786.126343;0.144550;0.000000;0.000000;0.000000;0.000000;2.000000;80.413681;-140.230804;1965.485107;0.000310;0.000000;0.000000;0.000000;0.000000;2.000000;76.302559;244.893982;1998.874634;0.002923;0.000000;0.000000;0.000000;0.000000;2.000000;78.580994;609.710388;2057.235840;0.007208;0.000000;0.000000;0.000000;0.000000;2.000000;26.473700;719.906982;1923.560303;0.009571;0.000000;0.000000;0.000000;0.000000;2.000000;-72.512558;-158.809311;2031.123657;0.000278;0.000000;0.000000;0.000000;0.000000;2.000000;-75.416527;224.073502;2081.359863;0.002225;0.000000;0.000000;0.000000;0.000000;2.000000;-65.009117;591.701172;2145.630371;0.005414;0.000000;0.000000;0.000000;0.000000;2.000000;-111.468513;702.668335;2030.601685;0.006541;0.000000;0.000000;0.000000;0.000000;2.000000;42.545204;-744.625732;1979.460693;0.003577;0.000000;0.000000;0.000000;0.000000;2.000000;46.288349;-761.259949;1825.227661;0.006874;0.000000;0.000000;0.000000;0.000000;2.000000;79.702866;-792.349548;1854.182495;0.005648;0.000000;0.000000;0.000000;0.000000;2.000000;134.778748;-782.894470;1963.103760;0.002562;0.000000;0.000000;0.000000;0.000000;2.000000;30.069118;-800.975403;1850.835449;0.006757;0.000000;0.000000;0.000000;0.000000;2.000000;-20.149326;-823.702698;1964.719727;0.006503;0.000000;0.000000;0.000000;0.000000;2.000000;11619433472.000000
0.000000;-150.000000;2000.000000;0.000000;0.000000;0.000000;0.000000;0.000000;2.000000;11.643428;-320.414307;1978.201660;0.015719;0.000000;0.000000;0.000000;0.000000;2.000000;25.812407;-457.205872;1972.003784;0.023800;0.000000;0.000000;0.000000;0.000000;2.000000;42.290291;-665.710266;1984.867676;0.032304;0.000000;0.000000;0.000000;0.000000;2.000000;68.718292;-630.134766;1968.311646;0.014581;0.000000;0.000000;0.000000;0.000000;2.000000;179.415451;-595.019409;1893.807861;0.097486;0.000000;0.000000;0.000000;0.000000;2.000000;111.672379;-340.376831;1852.451416;0.302008;0.000000;0.000000;0.000000;0.000000;2.000000;-107.547691;-372.058899;1819.982300;0.431243;0.000000;0.000000;0.000000;0.000000;1.000000;-126.594170;-422.644196;1744.374512;0.406122;0.000000;0.000000;0.000000;0.000000;1.000000;-130.259415;-460.862976;1647.404907;0.371942;0.000000;0.000000;0.000000;0.000000;1.000000;-93.166969;-454.536499;1720.869507;0.244256;0.000000;0.000000;0.000000;0.000000;1.000000;11.456450;-632.193604;1998.904785;0.049095;0.000000;0.000000;0.000000;0.000000;2.000000;-110.474701;-604.926941;2021.298706;0.258752;0.000000;0.000000;0.000000;0.000000;2.000000;-154.442368;-341.692261;1969.976440;0.403512;0.000000;0.000000;0.000000;0.000000;2.000000;-193.245148;-460.083832;1780.582520;0.749399;0.000000;0.000000;0.000000;0.000000;2.000000;-251.510529;-461.331390;1699.231201;1.638636;0.000000;0.000000;0.000000;0.000000;2.000000;-265.202087;-496.268311;1794.630615;2.266491;0.000000;0.000000;0.000000;0.000000;2.000000;-264.985748;-539.846436;1767.346802;1.128971;0.000000;0.000000;0.000000;0.000000;2.000000;80.432007;-140.113419;1965.671143;0.006736;0.000000;0.000000;0.000000;0.000000;2.000000;76.473312;244.601868;2001.526855;0.081595;0.000000;0.000000;0.000000;0.000000;2.000000;78.805473;608.713745;2063.058594;0.180411;0.000000;0.000000;0.000000;0.000000;2.000000;27.835617;720.031921;1929.994751;0.200750;0.000000;0.000000;0.000000;0.000000;2.000000;-72.529076;-158.915161;2030.955811;0.006077;0.000000;0.000000;0.000000;0.000000;2.000000;-75.028824;223.464661;2083.541992;0.070142;0.000000;0.000000;0.000000;0.000000;2.000000;-64.371429;590.381042;2150.713379;0.161444;0.000000;0.000000;0.000000;0.000000;2.000000;-105.465286;699.459045;2032.011841;0.212151;0.000000;0.000000;0.000000;0.000000;2.000000;42.366116;-744.276672;1978.256958;0.038637;0.000000;0.000000;0.000000;0.000000;2.000000;47.832203;-761.039856;1824.165405;0.057583;0.000000;0.000000;0.000000;0.000000;2.000000;80.493073;-792.493225;1853.535034;0.031483;0.000000;0.000000;0.000000;0.000000;2.000000;134.288055;-783.634521;1963.077637;0.027110;0.000000;0.000000;0.000000;0.000000;2.000000;30.829708;-800.524109;1849.574341;0.047007;0.000000;0.000000;0.000000;0.000000;2.000000;-21.048708;-822.570374;1962.777832;0.073888;0.000000;0.000000;0.000000;0.000000;2.000000;11619466240.000000
0.000000;-150.000000;2000.000000;0.000000;0.000000;0.000000;0.000000;0.000000;2.000000;9.090433;-321.722656;1980.001099;0.100212;0.000000;0.000000;0.000000;0.000000;2.000000;21.390141;-459.506104;1975.557007;0.181153;0.000000;0.000000;0.000000;0.000000;2.000000;34.128044;-669.500732;1986.702026;0.271795;0.000000;0.000000;0.000000;0.000000;2.000000;62.238403;-633.925598;1972.332275;0.252017;0.000000;0.000000;0.000000;0.000000;2.000000;174.546753;-600.847778;1897.930664;0.255719;0.000000;0.000000;0.000000;0.000000;2.000000;125.229034;-340.758270;1855.151855;0.409217;0.000000;0.000000;0.000000;0.000000;2.000000;-93.252441;-337.245087;1801.217285;1.244475;0.000000;0.000000;0.000000;0.000000;1.000000;-122.029900;-399.963287;1738.213013;0.708511;0.000000;0.000000;0.000000;0.000000;1.000000;-132.449478;-459.670319;1652.650635;0.171884;0.000000;0.000000;0.000000;0.000000;1.000000;-98.496040;-444.678741;1726.281372;0.368264;0.000000;0.000000;0.000000;0.000000;1.000000;2.738521;-635.527893;1999.197754;0.276349;0.000000;0.000000;0.000000;0.000000;2.000000;-120.069298;-612.462036;2025.120361;0.378324;0.000000;0.000000;0.000000;0.000000;2.000000;-213.624008;-361.326630;1971.885376;1.846083;0.000000;0.000000;0.000000;0.000000;2.000000;-151.854645;-447.232513;1770.017334;1.320102;0.000000;0.000000;0.000000;0.000000;2.000000;-228.160507;-463.795532;1706.570801;0.727986;0.000000;0.000000;0.000000;0.000000;2.000000;-271.118988;-495.678070;1794.664063;0.175969;0.000000;0.000000;0.000000;0.000000;1.000000;-250.322235;-512.374390;1766.710327;0.921728;0.000000;0.000000;0.000000;0.000000;1.000000;80.879997;-141.654419;1965.103760;0.050371;0.000000;0.000000;0.000000;0.000000;2.000000;77.097473;244.757843;2004.943481;0.102884;0.000000;0.000000;0.000000;0.000000;2.000000;79.027199;611.096741;2065.197754;0.094992;0.000000;0.000000;0.000000;0.000000;2.000000;20.417330;713.412415;1926.834595;0.308725;0.000000;0.000000;0.000000;0.000000;2.000000;-72.933052;-157.525558;2031.467651;0.045424;0.000000;0.000000;0.000000;0.000000;2.000000;-72.079918;226.796906;2085.196045;0.140483;0.000000;0.000000;0.000000;0.000000;2.000000;-60.289848;595.716797;2152.373535;0.204781;0.000000;0.000000;0.000000;0.000000;2.000000;-107.980652;694.890503;2026.416382;0.226357;0.000000;0.000000;0.000000;0.000000;2.000000;33.537128;-748.391357;1979.001831;0.289097;0.000000;0.000000;0.000000;0.000000;2.000000;41.251781;-760.358215;1823.723022;0.196212;0.000000;0.000000;0.000000;0.000000;2.000000;75.280197;-791.257996;1852.659790;0.160637;0.000000;0.000000;0.000000;0.000000;2.000000;127.864746;-783.082886;1963.571167;0.191342;0.000000;0.000000;0.000000;0.000000;2.000000;25.828623;-801.558472;1847.914795;0.158908;0.000000;0.000000;0.000000;0.000000;2.000000;-26.261505;-829.530945;1960.471069;0.266243;0.000000;0.000000;0.000000;0.000000;2.000000;11619500032.000000
0.000000;-150.000000;2000.000000;0.000000;0.000000;0.000000;0.000000;0.000000;2.000000;9.164941;-321.724548;1979.841553;0.005211;0.000000;0.000000;0.000000;0.000000;2.000000;21.613560;-459.517151;1975.494263;0.006875;0.000000;0.000000;0.000000;0.000000;2.000000;35.003441;-669.436829;1987.786865;0.041295;0.000000;0.000000;0.000000;0.000000;2.000000;63.026321;-633.844910;1973.266602;0.036247;0.000000;0.000000;0.000000;0.000000;2.000000;175.773712;-603.164001;1898.466797;0.079173;0.000000;0.000000;0.000000;0.000000;2.000000;132.156570;-343.420715;1847.870483;0.307677;0.000000;0.000000;0.000000;0.000000;2.000000;-86.418564;-320.109741;1799.381592;0.548619;0.000000;0.000000;0.000000;0.000000;1.000000;-121.001724;-382.393555;1738.896729;0.521220;0.000000;0.000000;0.000000;0.000000;1.000000;-137.180908;-444.140259;1655.691650;0.488789;0.000000;0.000000;0.000000;0.000000;1.000000;-99.457176;-432.283569;1731.759766;0.402045;0.000000;0.000000;0.000000;0.000000;1.000000;3.482846;-635.492798;2000.054810;0.033608;0.000000;0.000000;0.000000;0.000000;2.000000;-120.152672;-613.032349;2022.418457;0.081756;0.000000;0.000000;0.000000;0.000000;2.000000;-246.278717;-408.088196;1892.932861;2.882296;0.000000;0.000000;0.000000;0.000000;2.000000;-183.479141;-477.598572;1685.122681;2.827516;0.000000;0.000000;0.000000;0.000000;1.000000;-258.771515;-508.817810;1626.117310;2.874740;0.000000;0.000000;0.000000;0.000000;1.000000;-260.024628;-533.272949;1726.245728;2.333431;0.000000;0.000000;0.000000;0.000000;1.000000;-260.235626;-558.546692;1732.459351;1.726376;0.000000;0.000000;0.000000;0.000000;1.000000;80.907349;-141.591095;1965.150879;0.002472;0.000000;0.000000;0.000000;0.000000;2.000000;77.023338;244.759995;2006.090088;0.034002;0.000000;0.000000;0.000000;0.000000;2.000000;78.791130;610.862915;2068.079102;0.085832;0.000000;0.000000;0.000000;0.000000;2.000000;23.089127;713.904907;1929.022095;0.103220;0.000000;0.000000;0.000000;0.000000;2.000000;-72.957718;-157.582687;2031.425049;0.002232;0.000000;0.000000;0.000000;0.000000;2.000000;-72.112473;226.782257;2085.242676;0.001738;0.000000;0.000000;0.000000;0.000000;2.000000;-59.860722;595.641479;2152.961914;0.021666;0.000000;0.000000;0.000000;0.000000;2.000000;-108.534729;696.646240;2028.817993;0.089551;0.000000;0.000000;0.000000;0.000000;2.000000;34.674744;-748.380127;1980.508301;0.055865;0.000000;0.000000;0.000000;0.000000;2.000000;41.650280;-760.845825;1825.211914;0.047839;0.000000;0.000000;0.000000;0.000000;2.000000;75.278694;-792.228882;1854.110596;0.051660;0.000000;0.000000;0.000000;0.000000;2.000000;128.385269;-784.641052;1964.833984;0.061319;0.000000;0.000000;0.000000;0.000000;2.000000;25.643139;-801.737549;1849.561768;0.049332;0.000000;0.000000;0.000000;0.000000;2.000000;-26.506256;-828.593323;1962.382568;0.063420;0.000000;0.000000;0.000000;0.000000;2.000000;11619533824.000000
0.000000;-150.000000;2000.000000;0.000000;0.000000;0.000000;0.000000;0.000000;2.000000;6.314344;-321.897278;1979.110229;0.089965;0.000000;0.000000;0.000000;0.000000;2.000000;17.511311;-459.941437;1976.273682;0.128086;0.000000;0.000000;0.000000;0.000000;2.000000;35.748413;-669.433533;1991.897827;0.127500;0.000000;0.000000;0.000000;0.000000;2.000000;62.667465;-633.491089;1976.092041;0.087586;0.000000;0.000000;0.000000;0.000000;2.000000;175.425827;-607.593506;1899.331299;0.138137;0.000000;0.000000;0.000000;0.000000;2.000000;119.003929;-354.132599;1831.421387;0.721087;0.000000;0.000000;0.000000;0.000000;2.000000;-97.652969;-304.191620;1795.202271;0.608108;0.000000;0.000000;0.000000;0.000000;1.000000;-120.197914;-371.445282;1734.246948;0.363827;0.000000;0.000000;0.000000;0.000000;1.000000;-137.131348;-442.348236;1658.747681;0.108125;0.000000;0.000000;0.000000;0.000000;1.000000;-101.782806;-422.970001;1735.394409;0.313250;0.000000;0.000000;0.000000;0.000000;1.000000;3.768596;-635.929260;2004.326172;0.131320;0.000000;0.000000;0.000000;0.000000;2.000000;-118.792831;-621.784363;2037.395020;0.530992;0.000000;0.000000;0.000000;0.000000;2.000000;-263.680054;-414.176666;1933.974121;1.373040;0.000000;0.000000;0.000000;0.000000;2.000000;-197.611954;-443.118073;1717.557007;1.507651;0.000000;0.000000;0.000000;0.000000;2.000000;-261.485565;-478.710785;1648.319580;1.144608;0.000000;0.000000;0.000000;0.000000;2.000000;-270.853149;-501.443756;1748.503540;1.230492;0.000000;0.000000;0.000000;0.000000;2.000000;-263.703400;-531.193359;1757.696899;1.140706;0.000000;0.000000;0.000000;0.000000;2.000000;80.801346;-142.716370;1964.488281;0.039983;0.000000;0.000000;0.000000;0.000000;2.000000;76.053810;243.656830;2007.839355;0.069704;0.000000;0.000000;0.000000;0.000000;2.000000;77.539909;609.596558;2072.423828;0.143289;0.000000;0.000000;0.000000;0.000000;2.000000;21.035118;715.190552;1935.441040;0.209384;0.000000;0.000000;0.000000;0.000000;2.000000;-72.862114;-156.567978;2032.022461;0.036053;0.000000;0.000000;0.000000;0.000000;2.000000;-73.526474;228.571289;2082.303711;0.113522;0.000000;0.000000;0.000000;0.000000;2.000000;-61.691559;598.037415;2148.337402;0.168480;0.000000;0.000000;0.000000;0.000000;2.000000;-109.793846;703.921387;2027.922241;0.226973;0.000000;0.000000;0.000000;0.000000;2.000000;36.964211;-748.542969;1985.995239;0.181508;0.000000;0.000000;0.000000;0.000000;2.000000;34.703362;-755.103394;1830.079834;0.312611;0.000000;0.000000;0.000000;0.000000;2.000000;69.492813;-788.044373;1855.769043;0.223711;0.000000;0.000000;0.000000;0.000000;2.000000;129.103195;-785.434509;1963.473267;0.052828;0.000000;0.000000;0.000000;0.000000;2.000000;19.498178;-796.720581;1853.784180;0.274250;0.000000;0.000000;0.000000;0.000000;2.000000;-26.446194;-827.241455;1968.463501;0.190115;0.000000;0.000000;0.000000;0.000000;2.000000;11619566592.000000
0.000000;-150.000000;2000.000000;0.000000;0.000000;0.000000;0.000000;0.000000;2.000000;4.752198;-321.841309;1978.544434;0.049195;0.000000;0.000000;0.000000;0.000000;2.000000;14.698013;-459.952271;1975.709717;0.084910;0.000000;0.000000;0.000000;0.000000;2.000000;36.311749;-669.278687;1988.373901;0.105706;0.000000;0.000000;0.000000;0.000000;2.000000;61.881248;-632.870911;1971.460815;0.140218;0.000000;0.000000;0.000000;0.000000;2.000000;175.758743;-595.867920;1901.232666;0.351663;0.000000;0.000000;0.000000;0.000000;2.000000;87.526505;-355.138062;1822.038818;0.972461;0.000000;0.000000;0.000000;0.000000;2.000000;-105.711128;-455.324219;1764.187012;4.571867;0.000000;0.000000;0.000000;0.000000;2.000000;-122.625633;-484.843201;1677.090820;3.758613;0.000000;0.000000;0.000000;0.000000;2.000000;-142.149368;-506.753296;1576.352173;3.098384;0.000000;0.000000;0.000000;0.000000;2.000000;-93.706306;-541.550659;1653.318115;4.274405;0.000000;0.000000;0.000000;0.000000;2.000000;4.658777;-636.297546;2002.833740;0.052567;0.000000;0.000000;0.000000;0.000000;2.000000;-113.616501;-624.298706;2049.471680;0.395883;0.000000;0.000000;0.000000;0.000000;2.000000;-246.229034;-400.099060;1966.367310;1.165835;0.000000;0.000000;0.000000;0.000000;2.000000;-212.134140;-441.659912;1744.720093;0.912521;0.000000;0.000000;0.000000;0.000000;2.000000;-280.751068;-461.718079;1673.828247;1.071326;0.000000;0.000000;0.000000;0.000000;2.000000;-316.437500;-503.444031;1761.134277;1.401046;0.000000;0.000000;0.000000;0.000000;2.000000;-296.757294;-516.257324;1788.332153;1.405008;0.000000;0.000000;0.000000;0.000000;2.000000;81.258980;-143.439117;1965.450928;0.038110;0.000000;0.000000;0.000000;0.000000;2.000000;76.507904;242.886215;2008.497192;0.032857;0.000000;0.000000;0.000000;0.000000;2.000000;77.901566;608.755493;2073.034668;0.032570;0.000000;0.000000;0.000000;0.000000;2.000000;22.292385;715.993103;1937.016235;0.064197;0.000000;0.000000;0.000000;0.000000;2.000000;-73.274796;-155.916214;2031.154541;0.034363;0.000000;0.000000;0.000000;0.000000;2.000000;-73.264137;229.282700;2080.344238;0.062176;0.000000;0.000000;0.000000;0.000000;2.000000;-60.917397;598.396179;2147.794434;0.029929;0.000000;0.000000;0.000000;0.000000;2.000000;-109.119186;700.134583;2023.942993;0.163778;0.000000;0.000000;0.000000;0.000000;2.000000;38.168102;-748.296265;1981.682983;0.132693;0.000000;0.000000;0.000000;0.000000;2.000000;33.307133;-767.075500;1826.856323;0.369225;0.000000;0.000000;0.000000;0.000000;2.000000;68.647629;-797.800415;1854.445068;0.292427;0.000000;0.000000;0.000000;0.000000;2.000000;130.040939;-786.590698;1960.554688;0.096955;0.000000;0.000000;0.000000;0.000000;2.000000;18.671925;-806.735474;1854.002686;0.297446;0.000000;0.000000;0.000000;0.000000;2.000000;-25.202658;-828.277954;1971.467163;0.100975;0.000000;0.000000;0.000000;0.000000;2.000000;11619600384.000000
0.000000;-150.000000;2000.000000;0.000000;0.000000;0.000000;0.000000;0.000000;2.000000;7.046968;-321.557922;1982.155884;0.130866;0.000000;0.000000;0.000000;0.000000;2.000000;18.357250;-459.097992;1981.267822;0.204746;0.000000;0.000000;0.000000;0.000000;2.000000;38.463066;-668.108032;1987.703491;0.077493;0.000000;0.000000;0.000000;0.000000;2.000000;63.914444;-631.565002;1971.388306;0.073778;0.000000;0.000000;0.000000;0.000000;2.000000;169.590347;-588.563904;1893.179810;0.381465;0.000000;0.000000;0.000000;0.000000;2.000000;80.453453;-347.431488;1819.639282;0.327516;0.000000;0.000000;0.000000;0.000000;2.000000;-74.829628;-485.603394;1735.010864;1.592112;0.000000;0.000000;0.000000;0.000000;2.000000;-80.589455;-492.563232;1642.275757;1.682271;0.000000;0.000000;0.000000;0.000000;2.000000;-101.130173;-516.024292;1542.479370;1.647919;0.000000;0.000000;0.000000;0.000000;2.000000;-102.958557;-546.852600;1615.204224;1.207811;0.000000;0.000000;0.000000;0.000000;2.000000;7.456129;-635.423523;2003.603149;0.092469;0.000000;0.000000;0.000000;0.000000;2.000000;-111.719498;-610.823975;2040.816650;0.492154;0.000000;0.000000;0.000000;0.000000;2.000000;-196.683258;-359.554199;1978.575073;1.988964;0.000000;0.000000;0.000000;0.000000;2.000000;-208.996689;-446.883118;1769.119751;0.767485;0.000000;0.000000;0.000000;0.000000;2.000000;-301.812073;-463.711029;1734.962402;1.974212;0.000000;0.000000;0.000000;0.000000;2.000000;-350.204163;-504.123077;1816.121582;1.969330;0.000000;0.000000;0.000000;0.000000;2.000000;-283.474304;-518.203369;1820.982056;1.077336;0.000000;0.000000;0.000000;0.000000;2.000000;81.042694;-143.114868;1965.809937;0.016172;0.000000;0.000000;0.000000;0.000000;2.000000;74.902306;242.115570;2005.989502;0.093865;0.000000;0.000000;0.000000;0.000000;2.000000;75.546288;606.571472;2070.975586;0.116436;0.000000;0.000000;0.000000;0.000000;2.000000;30.584255;708.324097;1927.852783;0.443858;0.000000;0.000000;0.000000;0.000000;2.000000;-73.079765;-156.208618;2030.830688;0.014585;0.000000;0.000000;0.000000;0.000000;2.000000;-74.047493;227.136261;2083.532471;0.119704;0.000000;0.000000;0.000000;0.000000;2.000000;-61.007835;594.700684;2151.918457;0.169015;0.000000;0.000000;0.000000;0.000000;2.000000;-109.527824;694.419373;2027.350220;0.203440;0.000000;0.000000;0.000000;0.000000;2.000000;39.562752;-746.641418;1978.825928;0.109380;0.000000;0.000000;0.000000;0.000000;2.000000;30.496387;-773.453125;1825.939209;0.214527;0.000000;0.000000;0.000000;0.000000;2.000000;67.493576;-801.546448;1853.781616;0.121323;0.000000;0.000000;0.000000;0.000000;2.000000;131.558685;-783.106445;1956.750122;0.164111;0.000000;0.000000;0.000000;0.000000;2.000000;18.008495;-811.934143;1855.425415;0.165726;0.000000;0.000000;0.000000;0.000000;2.000000;-21.344215;-828.598267;1974.782837;0.155561;0.000000;0.000000;0.000000;0.000000;2.000000;11619633152.000000
0.000000;-150.000000;2000.000000;0.000000;0.000000;0.000000;0.000000;0.000000;2.000000;6.982388;-322.518524;1988.518188;0.190422;0.000000;0.000000;0.000000;0.000000;2.000000;18.242811;-460.341522;1992.444336;0.332803;0.000000;0.000000;0.000000;0.000000;2.000000;34.705559;-670.214478;1997.444946;0.315204;0.000000;0.000000;0.000000;0.000000;2.000000;60.786804;-633.935242;1981.204834;0.312851;0.000000;0.000000;0.000000;0.000000;2.000000;162.981644;-594.338074;1896.274414;0.275376;0.000000;0.000000;0.000000;0.000000;2.000000;100.571190;-347.466339;1812.603149;0.630703;0.000000;0.000000;0.000000;0.000000;2.000000;-36.756611;-494.596832;1712.095825;1.341679;0.000000;0.000000;0.000000;0.000000;2.000000;-32.290237;-489.339752;1618.953369;1.590084;0.000000;0.000000;0.000000;0.000000;2.000000;-70.156418;-503.732208;1522.293457;1.152958;0.000000;0.000000;0.000000;0.000000;2.000000;-82.558929;-509.500641;1586.065308;1.526366;0.000000;0.000000;0.000000;0.000000;2.000000;4.285945;-637.011169;2013.743286;0.317889;0.000000;0.000000;0.000000;0.000000;2.000000;-116.205284;-609.310364;2045.129272;0.189514;0.000000;0.000000;0.000000;0.000000;2.000000;-187.238007;-346.419891;2024.427856;1.438892;0.000000;0.000000;0.000000;0.000000;2.000000;-255.991959;-440.237854;1828.549072;2.250719;0.000000;0.000000;0.000000;0.000000;2.000000;-348.378754;-479.946075;1827.631592;3.106485;0.000000;0.000000;0.000000;0.000000;2.000000;-404.647675;-540.846497;1888.765625;2.897959;0.000000;0.000000;0.000000;0.000000;2.000000;-317.273346;-524.536255;1845.206299;1.244762;0.000000;0.000000;0.000000;0.000000;2.000000;80.971184;-144.385086;1964.874634;0.046728;0.000000;0.000000;0.000000;0.000000;2.000000;75.809998;241.704254;2005.900513;0.029608;0.000000;0.000000;0.000000;0.000000;2.000000;76.854080;606.925964;2071.639404;0.044651;0.000000;0.000000;0.000000;0.000000;2.000000;30.350382;712.098633;1930.951050;0.144675;0.000000;0.000000;0.000000;0.000000;2.000000;-73.015282;-155.063232;2031.674194;0.042138;0.000000;0.000000;0.000000;0.000000;2.000000;-74.544861;229.708618;2080.651367;0.115242;0.000000;0.000000;0.000000;0.000000;2.000000;-58.468796;598.794739;2144.987305;0.249790;0.000000;0.000000;0.000000;0.000000;2.000000;-110.091072;700.593750;2022.836182;0.226953;0.000000;0.000000;0.000000;0.000000;2.000000;34.368759;-748.883301;1988.032349;0.319769;0.000000;0.000000;0.000000;0.000000;2.000000;34.320778;-769.887817;1833.597046;0.274400;0.000000;0.000000;0.000000;0.000000;2.000000;70.155724;-798.679932;1862.479126;0.282221;0.000000;0.000000;0.000000;0.000000;2.000000;128.182388;-783.477173;1969.814697;0.399470;0.000000;0.000000;0.000000;0.000000;2.000000;20.686279;-809.722900;1860.900513;0.191867;0.000000;0.000000;0.000000;0.000000;2.000000;-25.220510;-831.519043;1977.378540;0.162879;0.000000;0.000000;0.000000;0.000000;2.000000;11619666944.000000
0.000000;-150.000000;2000.000000;0.000000;0.000000;0.000000;0.000000;0.000000;2.000000;6.376100;-321.144409;1988.158936;0.047128;0.000000;0.000000;0.000000;0.000000;2.000000;17.461216;-457.894714;1991.656128;0.081995;0.000000;0.000000;0.000000;0.000000;2.000000;33.634247;-666.142944;1995.514771;0.141342;0.000000;0.000000;0.000000;0.000000;2.000000;58.967659;-630.148987;1978.568115;0.151354;0.000000;0.000000;0.000000;0.000000;2.000000;161.498596;-589.831482;1896.204468;0.144802;0.000000;0.000000;0.000000;0.000000;2.000000;114.748863;-344.395264;1805.183838;0.497244;0.000000;0.000000;0.000000;0.000000;2.000000;-1.955073;-525.173706;1745.941162;1.750869;0.000000;0.000000;0.000000;0.000000;2.000000;-6.867958;-505.571411;1655.513306;1.446414;0.000000;0.000000;0.000000;0.000000;2.000000;-13.825309;-519.981506;1552.776001;2.016568;0.000000;0.000000;0.000000;0.000000;2.000000;-45.644806;-505.645996;1638.060425;1.949546;0.000000;0.000000;0.000000;0.000000;2.000000;4.110220;-633.198120;2012.843384;0.119682;0.000000;0.000000;0.000000;0.000000;2.000000;-112.331947;-605.008789;2053.594727;0.312965;0.000000;0.000000;0.000000;0.000000;2.000000;-180.608185;-344.238464;2026.259033;0.220206;0.000000;0.000000;0.000000;0.000000;2.000000;-276.529541;-453.539429;1853.250977;1.061077;0.000000;0.000000;0.000000;0.000000;2.000000;-361.975342;-500.343750;1874.742188;1.620693;0.000000;0.000000;0.000000;0.000000;2.000000;-445.822144;-553.878296;1898.171143;1.348873;0.000000;0.000000;0.000000;0.000000;2.000000;-339.112213;-531.661133;1872.688232;1.093090;0.000000;0.000000;0.000000;0.000000;2.000000;79.485634;-144.496490;1963.256104;0.067131;0.000000;0.000000;0.000000;0.000000;2.000000;74.493256;238.738632;2002.040161;0.153898;0.000000;0.000000;0.000000;0.000000;2.000000;76.745522;601.025452;2067.479004;0.220355;0.000000;0.000000;0.000000;0.000000;2.000000;30.911646;709.479126;1930.973511;0.081758;0.000000;0.000000;0.000000;0.000000;2.000000;-71.675697;-154.962738;2033.133423;0.060529;0.000000;0.000000;0.000000;0.000000;2.000000;-74.758743;227.230392;2077.831055;0.114762;0.000000;0.000000;0.000000;0.000000;2.000000;-57.872269;593.861572;2138.674316;0.245179;0.000000;0.000000;0.000000;0.000000;2.000000;-116.213882;699.494751;2024.893188;0.199949;0.000000;0.000000;0.000000;0.000000;2.000000;32.840576;-744.165100;1986.003784;0.163524;0.000000;0.000000;0.000000;0.000000;2.000000;34.275879;-777.526611;1835.028442;0.237179;0.000000;0.000000;0.000000;0.000000;2.000000;68.485794;-804.719849;1866.509521;0.227378;0.000000;0.000000;0.000000;0.000000;2.000000;125.006599;-782.710754;1972.348145;0.126165;0.000000;0.000000;0.000000;0.000000;2.000000;19.108131;-814.247803;1865.028564;0.193025;0.000000;0.000000;0.000000;0.000000;2.000000;-28.724850;-824.875793;1981.192993;0.257079;0.000000;0.000000;0.000000;0.000000;2.000000;11619699712.000000
0.000000;-150.000000;2000.000000;0.000000;0.000000;0.000000;0.000000;0.000000;2.000000;6.288906;-320.835571;1989.187378;0.031882;0.000000;0.000000;0.000000;0.000000;2.000000;17.326706;-457.262817;1993.481079;0.057290;0.000000;0.000000;0.000000;0.000000;2.000000;32.856647;-665.088379;1997.791626;0.077739;0.000000;0.000000;0.000000;0.000000;2.000000;58.163219;-629.293823;1980.672974;0.071323;0.000000;0.000000;0.000000;0.000000;2.000000;161.226654;-588.288208;1899.834351;0.117001;0.000000;0.000000;0.000000;0.000000;2.000000;116.467133;-339.380707;1819.591187;0.454295;0.000000;0.000000;0.000000;0.000000;2.000000;11.393870;-526.705139;1760.771240;0.592204;0.000000;0.000000;0.000000;0.000000;2.000000;9.202037;-509.964020;1669.872070;0.650849;0.000000;0.000000;0.000000;0.000000;2.000000;7.875472;-532.392639;1568.587769;0.875353;0.000000;0.000000;0.000000;0.000000;2.000000;-29.212574;-513.503174;1651.053467;0.662094;0.000000;0.000000;0.000000;0.000000;2.000000;3.577440;-632.083374;2015.133423;0.077003;0.000000;0.000000;0.000000;0.000000;2.000000;-111.430840;-602.689514;2058.174561;0.154240;0.000000;0.000000;0.000000;0.000000;2.000000;-180.555634;-342.348724;2035.139282;0.268680;0.000000;0.000000;0.000000;0.000000;2.000000;-279.742615;-454.624146;1866.585938;0.407180;0.000000;0.000000;0.000000;0.000000;2.000000;-363.959045;-501.643707;1891.210083;0.492359;0.000000;0.000000;0.000000;0.000000;2.000000;-450.690247;-552.265869;1908.934814;0.352831;0.000000;0.000000;0.000000;0.000000;2.000000;-344.388000;-530.928711;1888.791016;0.501919;0.000000;0.000000;0.000000;0.000000;2.000000;79.232269;-144.749924;1963.134155;0.011202;0.000000;0.000000;0.000000;0.000000;2.000000;74.008972;238.056427;1997.421875;0.138892;0.000000;0.000000;0.000000;0.000000;2.000000;77.247955;599.785095;2061.319824;0.186520;0.000000;0.000000;0.000000;0.000000;2.000000;30.321262;712.136475;1928.924927;0.100819;0.000000;0.000000;0.000000;0.000000;2.000000;-71.447212;-154.734238;2033.243530;0.010102;0.000000;0.000000;0.000000;0.000000;2.000000;-74.888420;226.972748;2074.640137;0.094813;0.000000;0.000000;0.000000;0.000000;2.000000;-57.791004;593.110413;2133.342285;0.159366;0.000000;0.000000;0.000000;0.000000;2.000000;-115.085747;700.798035;2021.504761;0.112502;0.000000;0.000000;0.000000;0.000000;2.000000;31.786495;-742.959595;1988.505981;0.087913;0.000000;0.000000;0.000000;0.000000;2.000000;34.898327;-781.760254;1839.214478;0.177147;0.000000;0.000000;0.000000;0.000000;2.000000;68.052719;-808.322876;1872.127563;0.197922;0.000000;0.000000;0.000000;0.000000;2.000000;123.230057;-783.508667;1977.744385;0.169771;0.000000;0.000000;0.000000;0.000000;2.000000;18.647327;-817.007385;1870.216675;0.174432;0.000000;0.000000;0.000000;0.000000;2.000000;-31.018421;-822.518188;1985.663330;0.164241;0.000000;0.000000;0.000000;0.000000;2.000000;11619733504.000000
0.000000;-150.000000;2000.000000;0.000000;0.000000;0.000000;0.000000;0.000000;2.000000;6.237695;-320.811035;1989.691284;0.015475;0.000000;0.000000;0.000000;0.000000;2.000000;17.157194;-457.195496;1994.177856;0.021980;0.000000;0.000000;0.000000;0.000000;2.000000;32.228848;-664.988403;1998.308472;0.025003;0.000000;0.000000;0.000000;0.000000;2.000000;57.533169;-629.254089;1981.104370;0.023334;0.000000;0.000000;0.000000;0.000000;2.000000;160.906067;-589.231934;1900.246094;0.032910;0.000000;0.000000;0.000000;0.000000;2.000000;121.636108;-339.230774;1820.826904;0.162254;0.000000;0.000000;0.000000;0.000000;2.000000;13.410437;-525.146606;1763.556641;0.115218;0.000000;0.000000;0.000000;0.000000;2.000000;11.028593;-508.529480;1672.671021;0.110995;0.000000;0.000000;0.000000;0.000000;2.000000;8.836596;-531.519287;1571.563354;0.099079;0.000000;0.000000;0.000000;0.000000;1.000000;-21.487684;-505.214355;1651.655151;0.346264;0.000000;0.000000;0.000000;0.000000;2.000000;3.110400;-631.937500;2015.789795;0.024984;0.000000;0.000000;0.000000;0.000000;2.000000;-111.310730;-602.608948;2060.291504;0.064755;0.000000;0.000000;0.000000;0.000000;2.000000;-182.741547;-342.712036;2040.582886;0.179362;0.000000;0.000000;0.000000;0.000000;2.000000;-284.411652;-454.217102;1873.102173;0.244954;0.000000;0.000000;0.000000;0.000000;2.000000;-367.831879;-501.842529;1899.099243;0.268272;0.000000;0.000000;0.000000;0.000000;2.000000;-454.238342;-552.734070;1917.431519;0.281362;0.000000;0.000000;0.000000;0.000000;2.000000;-350.376007;-529.749634;1896.089844;0.290349;0.000000;0.000000;0.000000;0.000000;2.000000;79.160927;-144.878143;1963.032715;0.005444;0.000000;0.000000;0.000000;0.000000;2.000000;73.779427;238.007004;1994.884033;0.077780;0.000000;0.000000;0.000000;0.000000;2.000000;77.409210;599.862366;2057.318115;0.122244;0.000000;0.000000;0.000000;0.000000;2.000000;29.418489;712.878052;1925.956299;0.097359;0.000000;0.000000;0.000000;0.000000;2.000000;-71.382889;-154.618607;2033.335083;0.004910;0.000000;0.000000;0.000000;0.000000;2.000000;-75.061798;227.200058;2072.424072;0.068189;0.000000;0.000000;0.000000;0.000000;2.000000;-57.755936;593.501404;2129.226318;0.126179;0.000000;0.000000;0.000000;0.000000;2.000000;-115.800537;701.238525;2017.906494;0.112760;0.000000;0.000000;0.000000;0.000000;2.000000;30.941797;-742.825867;1988.989380;0.029980;0.000000;0.000000;0.000000;0.000000;2.000000;33.636723;-781.693298;1839.760498;0.042002;0.000000;0.000000;0.000000;0.000000;2.000000;67.098785;-808.008911;1872.530884;0.033027;0.000000;0.000000;0.000000;0.000000;2.000000;122.567169;-782.773987;1977.848145;0.030364;0.000000;0.000000;0.000000;0.000000;2.000000;17.759388;-817.012512;1870.847412;0.033239;0.000000;0.000000;0.000000;0.000000;2.000000;-31.335892;-822.765930;1986.480225;0.027794;0.000000;0.000000;0.000000;0.000000;2.000000;11619766272.000000
0.000000;-150.000000;2000.000000;0.000000;0.000000;0.000000;0.000000;0.000000;2.000000;6.283919;-320.586731;1990.663330;0.029553;0.000000;0.000000;0.000000;0.000000;2.000000;17.275572;-456.714111;1995.936157;0.054061;0.000000;0.000000;0.000000;0.000000;2.000000;32.585564;-664.108582;2001.801758;0.107126;0.000000;0.000000;0.000000;0.000000;2.000000;57.703835;-628.557861;1984.158936;0.092849;0.000000;0.000000;0.000000;0.000000;2.000000;161.817963;-590.930664;1903.479614;0.111408;0.000000;0.000000;0.000000;0.000000;2.000000;129.734741;-341.345703;1821.017944;0.247763;0.000000;0.000000;0.000000;0.000000;2.000000;-14.969225;-482.882446;1729.231689;1.816976;0.000000;0.000000;0.000000;0.000000;1.000000;14.479670;-474.056763;1642.230835;1.364765;0.000000;0.000000;0.000000;0.000000;1.000000;21.120359;-536.839966;1560.161377;0.520367;0.000000;0.000000;0.000000;0.000000;1.000000;-39.533566;-476.505493;1619.223877;1.388543;0.000000;0.000000;0.000000;0.000000;1.000000;3.582248;-630.990112;2019.137817;0.103910;0.000000;0.000000;0.000000;0.000000;2.000000;-110.046288;-601.811157;2065.161865;0.150766;0.000000;0.000000;0.000000;0.000000;2.000000;-188.439133;-344.334595;2046.171021;0.241000;0.000000;0.000000;0.000000;0.000000;2.000000;-292.661499;-458.592285;1882.653320;0.395290;0.000000;0.000000;0.000000;0.000000;2.000000;-375.490997;-505.674194;1910.820557;0.429588;0.000000;0.000000;0.000000;0.000000;2.000000;-457.857300;-558.622253;1938.581665;0.658462;0.000000;0.000000;0.000000;0.000000;2.000000;-356.523041;-534.487061;1908.032837;0.421492;0.000000;0.000000;0.000000;0.000000;2.000000;78.957207;-145.061310;1962.908447;0.008902;0.000000;0.000000;0.000000;0.000000;2.000000;72.939522;237.507217;1990.671143;0.127982;0.000000;0.000000;0.000000;0.000000;2.000000;77.982300;598.687439;2053.413330;0.121857;0.000000;0.000000;0.000000;0.000000;2.000000;28.721512;717.234253;1927.927246;0.142988;0.000000;0.000000;0.000000;0.000000;2.000000;-71.199188;-154.453430;2033.447144;0.008028;0.000000;0.000000;0.000000;0.000000;2.000000;-75.415146;227.222000;2067.433594;0.148053;0.000000;0.000000;0.000000;0.000000;2.000000;-57.818737;593.455688;2120.529541;0.257372;0.000000;0.000000;0.000000;0.000000;2.000000;-114.701767;704.305603;2012.102661;0.196962;0.000000;0.000000;0.000000;0.000000;2.000000;31.333786;-741.900269;1993.192627;0.127893;0.000000;0.000000;0.000000;0.000000;2.000000;34.325607;-777.076660;1843.313721;0.173600;0.000000;0.000000;0.000000;0.000000;2.000000;68.747627;-803.041504;1875.215210;0.174069;0.000000;0.000000;0.000000;0.000000;2.000000;123.952896;-778.590759;1980.627686;0.154182;0.000000;0.000000;0.000000;0.000000;2.000000;19.787046;-813.545105;1873.589478;0.143923;0.000000;0.000000;0.000000;0.000000;2.000000;-28.307581;-823.559937;1989.130249;0.121380;0.000000;0.000000;0.000000;0.000000;2.000000;11619800064.000000
0.000000;-150.000000;2000.000000;0.000000;0.000000;0.000000;0.000000;0.000000;2.000000;6.244621;-320.468506;1991.930298;0.037674;0.000000;0.000000;0.000000;0.000000;2.000000;17.251343;-456.401459;1998.272095;0.069747;0.000000;0.000000;0.000000;0.000000;2.000000;32.703632;-663.461487;2006.964355;0.154011;0.000000;0.000000;0.000000;0.000000;2.000000;57.967762;-628.145081;1989.194092;0.149708;0.000000;0.000000;0.000000;0.000000;2.000000;167.028656;-593.084167;1914.355469;0.362525;0.000000;0.000000;0.000000;0.000000;2.000000;130.202728;-345.113678;1829.942261;0.287005;0.000000;0.000000;0.000000;0.000000;2.000000;-10.671825;-461.320587;1703.685791;0.997402;0.000000;0.000000;0.000000;0.000000;2.000000;36.689098;-458.190247;1624.672485;0.960423;0.000000;0.000000;0.000000;0.000000;1.000000;29.382915;-542.880127;1565.745483;0.345027;0.000000;0.000000;0.000000;0.000000;1.000000;-14.205733;-453.332764;1591.823730;1.299809;0.000000;0.000000;0.000000;0.000000;1.000000;3.486108;-630.197144;2023.504272;0.131360;0.000000;0.000000;0.000000;0.000000;2.000000;-110.242462;-600.532776;2068.590332;0.108437;0.000000;0.000000;0.000000;0.000000;2.000000;-186.969452;-342.973907;2048.094482;0.082176;0.000000;0.000000;0.000000;0.000000;2.000000;-290.952057;-458.041504;1885.326904;0.095313;0.000000;0.000000;0.000000;0.000000;2.000000;-376.244202;-501.016418;1912.308594;0.146406;0.000000;0.000000;0.000000;0.000000;2.000000;-443.127350;-555.926819;1965.671387;0.915987;0.000000;0.000000;0.000000;0.000000;2.000000;-359.707733;-529.723206;1910.869751;0.189220;0.000000;0.000000;0.000000;0.000000;2.000000;78.826691;-145.352112;1962.814575;0.009833;0.000000;0.000000;0.000000;0.000000;2.000000;71.535835;237.285645;1982.417969;0.247829;0.000000;0.000000;0.000000;0.000000;2.000000;81.198837;597.580872;2047.364014;0.205377;0.000000;0.000000;0.000000;0.000000;2.000000;22.584835;720.009399;1930.175903;0.210123;0.000000;0.000000;0.000000;0.000000;2.000000;-71.081512;-154.191193;2033.531616;0.008866;0.000000;0.000000;0.000000;0.000000;2.000000;-76.259743;227.357330;2063.981201;0.105255;0.000000;0.000000;0.000000;0.000000;2.000000;-58.033943;593.049744;2117.811035;0.081589;0.000000;0.000000;0.000000;0.000000;2.000000;-112.895775;706.705566;2011.539429;0.090433;0.000000;0.000000;0.000000;0.000000;2.000000;31.644619;-741.274414;1999.343872;0.183203;0.000000;0.000000;0.000000;0.000000;2.000000;36.122242;-771.218079;1848.538086;0.238300;0.000000;0.000000;0.000000;0.000000;2.000000;70.276115;-798.160400;1879.814209;0.203551;0.000000;0.000000;0.000000;0.000000;2.000000;124.372810;-777.258118;1986.407593;0.175970;0.000000;0.000000;0.000000;0.000000;2.000000;21.413139;-808.702576;1877.368774;0.188042;0.000000;0.000000;0.000000;0.000000;2.000000;-27.678383;-822.794067;1991.914063;0.087447;0.000000;0.000000;0.000000;0.000000;2.000000;11619833856.000000
0.000000;-150.000000;2000.000000;0.000000;0.000000;0.000000;0.000000;0.000000;2.000000;7.275779;-318.583954;1992.091187;0.065742;0.000000;0.000000;0.000000;0.000000;2.000000;19.604570;-452.874481;1999.307373;0.133195;0.000000;0.000000;0.000000;0.000000;2.000000;36.410061;-657.655334;2005.719727;0.213619;0.000000;0.000000;0.000000;0.000000;2.000000;61.047886;-622.363342;1988.359131;0.201538;0.000000;0.000000;0.000000;0.000000;2.000000;162.268753;-589.437744;1904.742920;0.345744;0.000000;0.000000;0.000000;0.000000;2.000000;103.923889;-346.867035;1825.871826;0.813292;0.000000;0.000000;0.000000;0.000000;2.000000;-26.409090;-466.931702;1696.151245;0.559326;0.000000;0.000000;0.000000;0.000000;2.000000;22.530720;-474.773193;1619.623169;0.683041;0.000000;0.000000;0.000000;0.000000;2.000000;28.665316;-553.193054;1554.196655;0.473019;0.000000;0.000000;0.000000;0.000000;1.000000;-26.652950;-471.624390;1585.312256;0.703836;0.000000;0.000000;0.000000;0.000000;2.000000;7.367367;-625.129700;2022.580444;0.196824;0.000000;0.000000;0.000000;0.000000;2.000000;-107.074097;-600.684875;2065.142090;0.142984;0.000000;0.000000;0.000000;0.000000;2.000000;-180.739639;-345.474091;2042.311279;0.270398;0.000000;0.000000;0.000000;0.000000;2.000000;-285.022644;-443.362610;1872.013428;0.631262;0.000000;0.000000;0.000000;0.000000;2.000000;-369.526764;-487.631531;1895.185791;0.694213;0.000000;0.000000;0.000000;0.000000;2.000000;-444.440521;-543.248230;1932.714355;1.078371;0.000000;0.000000;0.000000;0.000000;2.000000;-353.190948;-515.978210;1891.036255;0.762794;0.000000;0.000000;0.000000;0.000000;2.000000;77.596527;-144.891510;1962.493408;0.041268;0.000000;0.000000;0.000000;0.000000;2.000000;53.699581;232.828491;1941.387207;1.372111;0.000000;0.000000;0.000000;0.000000;2.000000;75.946747;581.744080;2036.259277;0.611650;0.000000;0.000000;0.000000;0.000000;2.000000;18.237442;721.617493;1943.682373;0.435783;0.000000;0.000000;0.000000;0.000000;2.000000;-69.972206;-154.606552;2033.821533;0.037216;0.000000;0.000000;0.000000;0.000000;2.000000;-95.055031;223.195618;2037.853760;0.990400;0.000000;0.000000;0.000000;0.000000;2.000000;-65.235573;583.540955;2095.085938;0.783245;0.000000;0.000000;0.000000;0.000000;2.000000;-121.319283;710.800415;2009.674927;0.291438;0.000000;0.000000;0.000000;0.000000;2.000000;35.872307;-734.551086;1997.399414;0.249531;0.000000;0.000000;0.000000;0.000000;2.000000;27.302809;-760.270569;1847.683105;0.429812;0.000000;0.000000;0.000000;0.000000;2.000000;63.813931;-787.462769;1874.818359;0.410751;0.000000;0.000000;0.000000;0.000000;2.000000;126.293907;-769.126099;1975.657959;0.415504;0.000000;0.000000;0.000000;0.000000;2.000000;15.507673;-798.180664;1876.380981;0.369453;0.000000;0.000000;0.000000;0.000000;2.000000;-22.819017;-815.401855;1993.107910;0.272417;0.000000;0.000000;0.000000;0.000000;2.000000;11619866624.000000
0.000000;-150.000000;2000.000000;0.000000;0.000000;0.000000;0.000000;0.000000;2.000000;5.629405;-317.419708;1985.073975;0.216062;0.000000;0.000000;0.000000;0.000000;2.000000;15.367752;-451.509094;1983.647583;0.481776;0.000000;0.000000;0.000000;0.000000;2.000000;37.866100;-654.319885;1999.361816;0.216793;0.000000;0.000000;0.000000;0.000000;2.000000;61.655167;-619.270142;1980.909180;0.239388;0.000000;0.000000;0.000000;0.000000;2.000000;167.799973;-592.087036;1902.462769;0.193629;0.000000;0.000000;0.000000;0.000000;2.000000;107.150925;-343.841095;1851.906494;0.781482;0.000000;0.000000;0.000000;0.000000;2.000000;-7.736567;-421.357788;1682.804565;1.510039;0.000000;0.000000;0.000000;0.000000;1.000000;14.848587;-486.851135;1624.151489;0.444284;0.000000;0.000000;0.000000;0.000000;1.000000;28.675947;-562.187317;1557.004639;0.278835;0.000000;0.000000;0.000000;0.000000;1.000000;-25.400291;-469.887756;1583.547729;0.082109;0.000000;0.000000;0.000000;0.000000;1.000000;7.754141;-622.098999;2014.242798;0.262779;0.000000;0.000000;0.000000;0.000000;2.000000;-103.164551;-602.730896;2066.115479;0.133720;0.000000;0.000000;0.000000;0.000000;2.000000;-171.444366;-348.048126;2035.672119;0.346509;0.000000;0.000000;0.000000;0.000000;2.000000;-272.511108;-437.184753;1859.997681;0.544928;0.000000;0.000000;0.000000;0.000000;2.000000;-358.558075;-479.523956;1878.859619;0.629561;0.000000;0.000000;0.000000;0.000000;2.000000;-412.453979;-540.509705;1937.171509;0.959147;0.000000;0.000000;0.000000;0.000000;2.000000;-343.953033;-507.354614;1874.344238;0.619564;0.000000;0.000000;0.000000;0.000000;2.000000;76.794014;-144.017029;1961.854614;0.039888;0.000000;0.000000;0.000000;0.000000;2.000000;50.638500;231.383881;1933.408813;0.256472;0.000000;0.000000;0.000000;0.000000;2.000000;74.035088;577.041748;2033.663940;0.168710;0.000000;0.000000;0.000000;0.000000;2.000000;15.501324;719.134521;1946.653809;0.140311;0.000000;0.000000;0.000000;0.000000;2.000000;-69.248543;-155.395111;2034.397339;0.035965;0.000000;0.000000;0.000000;0.000000;2.000000;-98.093552;220.453796;2038.667480;0.123485;0.000000;0.000000;0.000000;0.000000;2.000000;-68.824974;578.046936;2102.694092;0.297333;0.000000;0.000000;0.000000;0.000000;2.000000;-121.027000;704.612061;2015.194580;0.245545;0.000000;0.000000;0.000000;0.000000;2.000000;39.678020;-731.148071;1994.489014;0.173905;0.000000;0.000000;0.000000;0.000000;2.000000;29.370375;-763.282288;1846.818970;0.111089;0.000000;0.000000;0.000000;0.000000;2.000000;63.857811;-791.374573;1875.198730;0.116314;0.000000;0.000000;0.000000;0.000000;2.000000;127.199623;-772.473572;1974.756836;0.106031;0.000000;0.000000;0.000000;0.000000;2.000000;15.163816;-798.741089;1877.142212;0.029767;0.000000;0.000000;0.000000;0.000000;2.000000;-23.974844;-807.695984;1993.943970;0.231913;0.000000;0.000000;0.000000;0.000000;2.000000;11619900416.000000
0.000000;-150.000000;2000.000000;0.000000;0.000000;0.000000;0.000000;0.000000;2.000000;1.466657;-317.068909;1978.639771;0.234113;0.000000;0.000000;0.000000;0.000000;2.000000;11.199442;-451.372131;1978.969849;0.191252;0.000000;0.000000;0.000000;0.000000;2.000000;37.523792;-653.998535;1995.190674;0.128097;0.000000;0.000000;0.000000;0.000000;2.000000;61.478008;-618.278809;1978.110229;0.090778;0.000000;0.000000;0.000000;0.000000;2.000000;154.206421;-593.920898;1883.119507;0.723665;0.000000;0.000000;0.000000;0.000000;2.000000;91.999390;-340.628204;1889.531494;1.241706;0.000000;0.000000;0.000000;0.000000;2.000000;-41.583176;-423.997162;1737.363403;1.961030;0.000000;0.000000;0.000000;0.000000;2.000000;-94.095993;-456.016235;1670.415161;3.732643;0.000000;0.000000;0.000000;0.000000;2.000000;-128.899414;-491.951965;1581.507813;5.317718;0.000000;0.000000;0.000000;0.000000;1.000000;-99.414322;-459.755981;1637.987671;2.820926;0.000000;0.000000;0.000000;0.000000;2.000000;5.890994;-622.490356;2008.591919;0.181975;0.000000;0.000000;0.000000;0.000000;2.000000;-107.127319;-612.462158;2059.012207;0.387053;0.000000;0.000000;0.000000;0.000000;2.000000;-157.329483;-353.096893;2029.392456;0.495997;0.000000;0.000000;0.000000;0.000000;2.000000;-243.493317;-437.786530;1843.449219;1.019600;0.000000;0.000000;0.000000;0.000000;2.000000;-338.350464;-461.424438;1848.458862;1.243435;0.000000;0.000000;0.000000;0.000000;2.000000;-387.158020;-508.871704;1922.090210;1.319085;0.000000;0.000000;0.000000;0.000000;2.000000;-324.126801;-496.704712;1849.763428;1.017072;0.000000;0.000000;0.000000;0.000000;2.000000;77.184448;-144.499268;1962.275879;0.022887;0.000000;0.000000;0.000000;0.000000;2.000000;48.288128;230.429901;1924.219849;0.290913;0.000000;0.000000;0.000000;0.000000;2.000000;70.528732;576.087524;2026.700562;0.239701;0.000000;0.000000;0.000000;0.000000;2.000000;16.253668;720.987671;1941.021240;0.182407;0.000000;0.000000;0.000000;0.000000;2.000000;-69.600616;-154.960266;2034.017578;0.020636;0.000000;0.000000;0.000000;0.000000;2.000000;-99.431717;221.411407;2032.513794;0.194394;0.000000;0.000000;0.000000;0.000000;2.000000;-72.509995;577.558960;2107.811768;0.193030;0.000000;0.000000;0.000000;0.000000;2.000000;-116.644821;702.407837;2013.230225;0.161255;0.000000;0.000000;0.000000;0.000000;2.000000;41.356693;-730.860107;1990.154053;0.142137;0.000000;0.000000;0.000000;0.000000;2.000000;25.194637;-765.297852;1843.292236;0.177782;0.000000;0.000000;0.000000;0.000000;2.000000;62.732311;-791.086914;1870.094238;0.159760;0.000000;0.000000;0.000000;0.000000;2.000000;130.095963;-767.414429;1966.150146;0.317234;0.000000;0.000000;0.000000;0.000000;2.000000;14.637037;-801.208130;1874.675903;0.107665;0.000000;0.000000;0.000000;0.000000;2.000000;-17.820549;-811.033936;1993.635132;0.213868;0.000000;0.000000;0.000000;0.000000;2.000000;11619933184.000000
0.000000;-150.000000;2000.000000;0.000000;0.000000;0.000000;0.000000;0.000000;2.000000;0.058668;-316.825714;1975.261230;0.108554;0.000000;0.000000;0.000000;0.000000;2.000000;6.780728;-451.407684;1970.683105;0.277915;0.000000;0.000000;0.000000;0.000000;2.000000;31.587894;-654.230713;1989.870850;0.235982;0.000000;0.000000;0.000000;0.000000;2.000000;56.917969;-618.544189;1974.647095;0.169631;0.000000;0.000000;0.000000;0.000000;2.000000;171.763458;-604.028198;1904.923462;0.880762;0.000000;0.000000;0.000000;0.000000;2.000000;115.721916;-348.926544;1900.003784;0.805712;0.000000;0.000000;0.000000;0.000000;2.000000;5.245866;-373.935059;1712.275879;2.160185;0.000000;0.000000;0.000000;0.000000;1.000000;-53.740631;-439.449280;1689.594116;1.410199;0.000000;0.000000;0.000000;0.000000;1.000000;-130.295746;-492.813538;1648.057373;1.969987;0.000000;0.000000;0.000000;0.000000;1.000000;-73.840988;-450.877594;1659.029785;1.014646;0.000000;0.000000;0.000000;0.000000;1.000000;-1.059505;-622.617432;2000.514038;0.315379;0.000000;0.000000;0.000000;0.000000;2.000000;-117.181480;-618.138184;2044.682861;0.544567;0.000000;0.000000;0.000000;0.000000;2.000000;-167.680618;-359.076721;2010.255127;0.667737;0.000000;0.000000;0.000000;0.000000;2.000000;-236.288666;-444.469330;1817.128296;0.831425;0.000000;0.000000;0.000000;0.000000;2.000000;-313.326355;-504.720581;1823.542847;1.653380;0.000000;0.000000;0.000000;0.000000;2.000000;-345.330231;-580.790527;1880.724854;2.749580;0.000000;0.000000;0.000000;0.000000;1.000000;-330.404785;-512.100586;1849.164429;0.492349;0.000000;0.000000;0.000000;0.000000;1.000000;78.931030;-144.892258;1965.743164;0.115477;0.000000;0.000000;0.000000;0.000000;2.000000;51.194080;230.056458;1922.570435;0.099498;0.000000;0.000000;0.000000;0.000000;2.000000;73.149796;573.266846;2034.524536;0.258053;0.000000;0.000000;0.000000;0.000000;2.000000;17.772404;710.249512;1936.893921;0.343390;0.000000;0.000000;0.000000;0.000000;2.000000;-71.175583;-154.605865;2030.890869;0.104133;0.000000;0.000000;0.000000;0.000000;2.000000;-104.535881;221.933197;2026.764893;0.228027;0.000000;0.000000;0.000000;0.000000;2.000000;-68.244370;573.972778;2118.015625;0.344060;0.000000;0.000000;0.000000;0.000000;2.000000;-116.236549;692.279053;2016.779785;0.317841;0.000000;0.000000;0.000000;0.000000;2.000000;35.777664;-731.211792;1985.477539;0.215681;0.000000;0.000000;0.000000;0.000000;2.000000;26.480518;-771.601074;1839.338745;0.223449;0.000000;0.000000;0.000000;0.000000;2.000000;62.404884;-796.633911;1869.044434;0.167346;0.000000;0.000000;0.000000;0.000000;2.000000;125.291046;-769.590332;1967.408691;0.160473;0.000000;0.000000;0.000000;0.000000;2.000000;13.970004;-806.126953;1871.641724;0.172163;0.000000;0.000000;0.000000;0.000000;2.000000;-24.471619;-810.727539;1989.291748;0.235250;0.000000;0.000000;0.000000;0.000000;2.000000;11619966976.000000
0.000000;-150.000000;2000.000000;0.000000;0.000000;0.000000;0.000000;0.000000;2.000000;1.618801;-317.892670;1977.611938;0.092051;0.000000;0.000000;0.000000;0.000000;2.000000;10.798096;-452.997223;1977.335938;0.242084;0.000000;0.000000;0.000000;0.000000;2.000000;33.201588;-657.145935;1994.966187;0.185794;0.000000;0.000000;0.000000;0.000000;2.000000;59.024189;-621.516663;1979.818726;0.193052;0.000000;0.000000;0.000000;0.000000;2.000000;178.021683;-615.008118;1914.867432;0.490761;0.000000;0.000000;0.000000;0.000000;2.000000;127.916428;-357.465668;1915.533936;0.656524;0.000000;0.000000;0.000000;0.000000;2.000000;23.524406;-362.946228;1721.716431;0.711775;0.000000;0.000000;0.000000;0.000000;1.000000;-41.725803;-417.761658;1688.607544;0.757231;0.000000;0.000000;0.000000;0.000000;1.000000;-116.582214;-480.875336;1657.976685;0.632071;0.000000;0.000000;0.000000;0.000000;1.000000;-59.191357;-444.890259;1666.040405;0.528235;0.000000;0.000000;0.000000;0.000000;1.000000;0.871796;-625.060669;2006.053101;0.193926;0.000000;0.000000;0.000000;0.000000;2.000000;-114.674393;-630.330017;2053.083496;0.458269;0.000000;0.000000;0.000000;0.000000;2.000000;-141.041565;-369.596741;2000.250122;0.925850;0.000000;0.000000;0.000000;0.000000;2.000000;-221.797211;-420.126343;1798.622314;1.032674;0.000000;0.000000;0.000000;0.000000;2.000000;-259.686615;-510.636047;1790.708374;1.927764;0.000000;0.000000;0.000000;0.000000;2.000000;-281.648041;-609.020691;1788.054077;3.537965;0.000000;0.000000;0.000000;0.000000;1.000000;-155.961960;-502.510223;1804.300171;5.504602;0.000000;0.000000;0.000000;0.000000;2.000000;78.967453;-144.563171;1964.937988;0.026568;0.000000;0.000000;0.000000;0.000000;2.000000;48.858757;231.774261;1920.926636;0.101705;0.000000;0.000000;0.000000;0.000000;2.000000;70.104568;575.680725;2035.953491;0.126352;0.000000;0.000000;0.000000;0.000000;2.000000;24.094282;705.215210;1923.077271;0.488482;0.000000;0.000000;0.000000;0.000000;2.000000;-71.208420;-154.902649;2031.616943;0.023959;0.000000;0.000000;0.000000;0.000000;2.000000;-106.570724;223.018616;2022.260742;0.154426;0.000000;0.000000;0.000000;0.000000;2.000000;-73.765335;576.161865;2116.910156;0.184361;0.000000;0.000000;0.000000;0.000000;2.000000;-113.866028;691.674561;2008.146606;0.273837;0.000000;0.000000;0.000000;0.000000;2.000000;36.400246;-734.475220;1989.956909;0.170195;0.000000;0.000000;0.000000;0.000000;2.000000;29.403564;-765.800415;1840.805908;0.203221;0.000000;0.000000;0.000000;0.000000;2.000000;66.126617;-791.583923;1869.279663;0.191579;0.000000;0.000000;0.000000;0.000000;2.000000;127.682266;-768.730225;1970.155151;0.114189;0.000000;0.000000;0.000000;0.000000;2.000000;17.817629;-802.896057;1870.850098;0.155219;0.000000;0.000000;0.000000;0.000000;2.000000;-21.377899;-816.407471;1988.135498;0.200512;0.000000;0.000000;0.000000;0.000000;2.000000;11619999744.000000
0.000000;-150.000000;2000.000000;0.000000;0.000000;0.000000;0.000000;0.000000;2.000000;-0.353403;-319.397552;1982.508911;0.162450;0.000000;0.000000;0.000000;0.000000;2.000000;7.448306;-455.269348;1986.190796;0.288119;0.000000;0.000000;0.000000;0.000000;2.000000;31.538589;-660.786499;1997.617432;0.142071;0.000000;0.000000;0.000000;0.000000;2.000000;57.160503;-624.334778;1983.339355;0.144399;0.000000;0.000000;0.000000;0.000000;2.000000;176.022949;-613.431641;1917.209351;0.102362;0.000000;0.000000;0.000000;0.000000;2.000000;131.817505;-354.539337;1941.765625;0.789570;0.000000;0.000000;0.000000;0.000000;2.000000;20.425104;-327.632904;1752.334106;1.386156;0.000000;0.000000;0.000000;0.000000;1.000000;-33.480549;-390.337921;1712.196655;1.097926;0.000000;0.000000;0.000000;0.000000;1.000000;-95.918526;-462.034363;1672.198730;0.928402;0.000000;0.000000;0.000000;0.000000;1.000000;-36.082375;-425.686462;1682.680542;1.016419;0.000000;0.000000;0.000000;0.000000;1.000000;-1.135434;-629.117004;2009.896729;0.175713;0.000000;0.000000;0.000000;0.000000;2.000000;-118.653595;-639.829224;2052.717285;0.304968;0.000000;0.000000;0.000000;0.000000;2.000000;-120.671196;-378.393341;1990.369263;0.718784;0.000000;0.000000;0.000000;0.000000;2.000000;-190.125229;-377.393463;1777.201416;1.696901;0.000000;0.000000;0.000000;0.000000;2.000000;-242.951569;-451.824280;1738.935181;2.371000;0.000000;0.000000;0.000000;0.000000;2.000000;-178.583282;-463.002594;1816.462158;5.355451;0.000000;0.000000;0.000000;0.000000;2.000000;-149.498291;-474.939972;1783.252319;1.044131;0.000000;0.000000;0.000000;0.000000;2.000000;79.112053;-146.436035;1963.885498;0.063719;0.000000;0.000000;0.000000;0.000000;2.000000;45.803623;231.205658;1915.817505;0.176965;0.000000;0.000000;0.000000;0.000000;2.000000;72.447830;573.851929;2039.359131;0.133770;0.000000;0.000000;0.000000;0.000000;2.000000;24.690620;701.467834;1923.548096;0.113152;0.000000;0.000000;0.000000;0.000000;2.000000;-71.338806;-153.213776;2032.566040;0.057459;0.000000;0.000000;0.000000;0.000000;2.000000;-114.174477;225.551575;2012.049805;0.384133;0.000000;0.000000;0.000000;0.000000;2.000000;-71.855545;577.985046;2113.042480;0.138582;0.000000;0.000000;0.000000;0.000000;2.000000;-113.610954;693.708374;2003.797485;0.142281;0.000000;0.000000;0.000000;0.000000;2.000000;35.284824;-738.320007;1990.228271;0.118741;0.000000;0.000000;0.000000;0.000000;2.000000;30.827579;-767.845886;1839.775879;0.079806;0.000000;0.000000;0.000000;0.000000;2.000000;67.111328;-794.304016;1868.725464;0.087164;0.000000;0.000000;0.000000;0.000000;2.000000;127.252792;-772.920166;1971.533081;0.131142;0.000000;0.000000;0.000000;0.000000;2.000000;18.472643;-805.473755;1869.280518;0.091389;0.000000;0.000000;0.000000;0.000000;2.000000;-23.119415;-820.395935;1986.281372;0.139992;0.000000;0.000000;0.000000;0.000000;2.000000;11620033536.000000
0.000000;-150.000000;2000.000000;0.000000;0.000000;0.000000;0.000000;0.000000;2.000000;1.297559;-319.583313;1980.396118;0.082024;0.000000;0.000000;0.000000;0.000000;2.000000;9.532229;-455.814972;1980.541260;0.184518;0.000000;0.000000;0.000000;0.000000;2.000000;35.656643;-661.471191;1994.064209;0.167298;0.000000;0.000000;0.000000;0.000000;2.000000;61.077965;-624.805298;1979.599121;0.165914;0.000000;0.000000;0.000000;0.000000;2.000000;176.018036;-606.474060;1907.732422;0.358786;0.000000;0.000000;0.000000;0.000000;2.000000;135.655167;-348.527374;1949.679443;0.325123;0.000000;0.000000;0.000000;0.000000;2.000000;11.879671;-291.332581;1774.561035;1.324890;0.000000;0.000000;0.000000;0.000000;1.000000;-30.815849;-352.009399;1719.918457;1.195963;0.000000;0.000000;0.000000;0.000000;1.000000;-75.004349;-437.267212;1681.583008;1.029885;0.000000;0.000000;0.000000;0.000000;1.000000;-18.765341;-402.525635;1701.400757;1.051307;0.000000;0.000000;0.000000;0.000000;1.000000;2.498213;-629.943848;2005.846558;0.167960;0.000000;0.000000;0.000000;0.000000;2.000000;-111.489159;-636.322937;2058.787109;0.305886;0.000000;0.000000;0.000000;0.000000;2.000000;-191.899292;-414.381104;1928.894653;3.074211;0.000000;0.000000;0.000000;0.000000;2.000000;-284.947845;-443.444672;1726.384644;3.852527;0.000000;0.000000;0.000000;0.000000;1.000000;-252.775116;-523.507385;1677.415161;2.898316;0.000000;0.000000;0.000000;0.000000;1.000000;-198.018448;-458.359955;1732.974609;2.619797;0.000000;0.000000;0.000000;0.000000;1.000000;-165.864609;-459.733917;1778.447876;0.697354;0.000000;0.000000;0.000000;0.000000;1.000000;79.373634;-145.240417;1964.080933;0.037824;0.000000;0.000000;0.000000;0.000000;2.000000;49.616947;233.932465;1918.307495;0.161993;0.000000;0.000000;0.000000;0.000000;2.000000;76.876335;576.993225;2043.216553;0.203255;0.000000;0.000000;0.000000;0.000000;2.000000;29.721851;699.433533;1921.064453;0.182137;0.000000;0.000000;0.000000;0.000000;2.000000;-71.574684;-154.291931;2032.389893;0.034107;0.000000;0.000000;0.000000;0.000000;2.000000;-110.242615;225.865601;2011.844238;0.120536;0.000000;0.000000;0.000000;0.000000;2.000000;-69.838036;578.164795;2117.312988;0.144242;0.000000;0.000000;0.000000;0.000000;2.000000;-105.304207;690.632935;2002.003418;0.275807;0.000000;0.000000;0.000000;0.000000;2.000000;40.242451;-739.218201;1987.399780;0.176330;0.000000;0.000000;0.000000;0.000000;2.000000;35.373363;-767.848022;1836.402710;0.172748;0.000000;0.000000;0.000000;0.000000;2.000000;72.217194;-794.115906;1865.059692;0.191905;0.000000;0.000000;0.000000;0.000000;2.000000;132.760590;-772.634583;1967.961914;0.200514;0.000000;0.000000;0.000000;0.000000;2.000000;23.603880;-805.917847;1865.782959;0.189994;0.000000;0.000000;0.000000;0.000000;2.000000;-17.307047;-822.184204;1983.173584;0.208415;0.000000;0.000000;0.000000;0.000000;2.000000;11620066304.000000
0.000000;-150.000000;2000.000000;0.000000;0.000000;0.000000;0.000000;0.000000;2.000000;1.049137;-319.789398;1979.214722;0.036242;0.000000;0.000000;0.000000;0.000000;2.000000;10.474268;-456.204987;1981.135620;0.034925;0.000000;0.000000;0.000000;0.000000;2.000000;35.194061;-662.559753;1992.961914;0.047845;0.000000;0.000000;0.000000;0.000000;2.000000;61.339970;-625.769348;1979.863770;0.030584;0.000000;0.000000;0.000000;0.000000;2.000000;177.399857;-608.673584;1908.975830;0.085222;0.000000;0.000000;0.000000;0.000000;2.000000;138.114716;-349.516571;1947.711304;0.097708;0.000000;0.000000;0.000000;0.000000;2.000000;17.845907;-268.526398;1779.093506;0.710388;0.000000;0.000000;0.000000;0.000000;1.000000;-19.724443;-330.198456;1721.565063;0.725747;0.000000;0.000000;0.000000;0.000000;1.000000;-71.072479;-415.994720;1694.427124;0.744510;0.000000;0.000000;0.000000;0.000000;1.000000;-11.561722;-387.532501;1716.596924;0.666732;0.000000;0.000000;0.000000;0.000000;1.000000;1.713268;-630.953064;2003.975464;0.067063;0.000000;0.000000;0.000000;0.000000;2.000000;-116.788719;-631.215210;2047.072510;0.409415;0.000000;0.000000;0.000000;0.000000;2.000000;-199.208755;-421.245422;1898.723999;0.940854;0.000000;0.000000;0.000000;0.000000;2.000000;-274.522919;-459.751587;1690.011353;1.219285;0.000000;0.000000;0.000000;0.000000;1.000000;-239.325348;-542.028381;1646.717773;1.133158;0.000000;0.000000;0.000000;0.000000;1.000000;-203.794556;-468.840088;1707.970093;0.820325;0.000000;0.000000;0.000000;0.000000;1.000000;-168.631119;-481.400513;1767.848267;0.718470;0.000000;0.000000;0.000000;0.000000;1.000000;79.272095;-145.037460;1963.463745;0.019460;0.000000;0.000000;0.000000;0.000000;2.000000;49.763638;235.247009;1920.390991;0.073032;0.000000;0.000000;0.000000;0.000000;2.000000;79.460258;579.524353;2043.540283;0.107467;0.000000;0.000000;0.000000;0.000000;2.000000;27.858809;701.252441;1921.946777;0.081355;0.000000;0.000000;0.000000;0.000000;2.000000;-71.483124;-154.474945;2032.946411;0.017547;0.000000;0.000000;0.000000;0.000000;2.000000;-109.662224;226.579041;2013.828003;0.064707;0.000000;0.000000;0.000000;0.000000;2.000000;-68.625114;579.808899;2118.543457;0.070579;0.000000;0.000000;0.000000;0.000000;2.000000;-104.567459;690.846008;2001.532959;0.026626;0.000000;0.000000;0.000000;0.000000;2.000000;39.665283;-740.394165;1985.451050;0.069487;0.000000;0.000000;0.000000;0.000000;2.000000;35.749645;-774.110352;1835.163452;0.189242;0.000000;0.000000;0.000000;0.000000;2.000000;72.668419;-799.242676;1864.922119;0.152356;0.000000;0.000000;0.000000;0.000000;2.000000;132.663635;-773.948608;1967.565796;0.040715;0.000000;0.000000;0.000000;0.000000;2.000000;24.024097;-811.329712;1865.792236;0.160635;0.000000;0.000000;0.000000;0.000000;2.000000;-17.491650;-823.965454;1983.685303;0.055116;0.000000;0.000000;0.000000;0.000000;2.000000;11620100096.000000
0.000000;-150.000000;2000.000000;0.000000;0.000000;0.000000;0.000000;0.000000;2.000000;0.362259;-320.311066;1979.247437;0.026341;0.000000;0.000000;0.000000;0.000000;2.000000;8.752678;-457.211670;1980.458008;0.064279;0.000000;0.000000;0.000000;0.000000;2.000000;31.091057;-664.263062;1995.399292;0.154639;0.000000;0.000000;0.000000;0.000000;2.000000;57.991726;-627.799622;1982.411133;0.142559;0.000000;0.000000;0.000000;0.000000;2.000000;177.565094;-614.419128;1915.906616;0.274784;0.000000;0.000000;0.000000;0.000000;2.000000;138.407867;-354.115234;1952.442261;0.201545;0.000000;0.000000;0.000000;0.000000;2.000000;26.307716;-258.820770;1784.798584;0.429799;0.000000;0.000000;0.000000;0.000000;1.000000;-12.414839;-316.760834;1723.814819;0.471851;0.000000;0.000000;0.000000;0.000000;1.000000;-68.302727;-400.594452;1698.382813;0.492542;0.000000;0.000000;0.000000;0.000000;1.000000;-7.535716;-378.321442;1722.687378;0.358690;0.000000;0.000000;0.000000;0.000000;1.000000;-2.394350;-632.084473;2005.294678;0.136113;0.000000;0.000000;0.000000;0.000000;2.000000;-121.312073;-633.016846;2048.341064;0.153549;0.000000;0.000000;0.000000;0.000000;2.000000;-216.141815;-433.637177;1891.564331;0.676600;0.000000;0.000000;0.000000;0.000000;2.000000;-289.744446;-477.123810;1682.492554;0.741283;0.000000;0.000000;0.000000;0.000000;1.000000;-238.662048;-547.059631;1633.082153;0.444011;0.000000;0.000000;0.000000;0.000000;1.000000;-205.909546;-473.667847;1696.120239;0.395788;0.000000;0.000000;0.000000;0.000000;1.000000;-177.779572;-486.054565;1758.433960;0.425043;0.000000;0.000000;0.000000;0.000000;1.000000;79.776672;-145.429947;1963.887329;0.023403;0.000000;0.000000;0.000000;0.000000;2.000000;50.569229;236.359009;1923.785278;0.111741;0.000000;0.000000;0.000000;0.000000;2.000000;79.761948;582.165833;2046.036133;0.111285;0.000000;0.000000;0.000000;0.000000;2.000000;28.562069;701.800598;1921.438477;0.031322;0.000000;0.000000;0.000000;0.000000;2.000000;-71.938126;-154.121017;2032.564331;0.021105;0.000000;0.000000;0.000000;0.000000;2.000000;-108.013527;228.420776;2016.271606;0.106074;0.000000;0.000000;0.000000;0.000000;2.000000;-62.346783;584.242859;2113.986328;0.272693;0.000000;0.000000;0.000000;0.000000;2.000000;-108.101593;692.496338;1997.094849;0.180313;0.000000;0.000000;0.000000;0.000000;2.000000;34.921646;-742.459351;1988.921265;0.190116;0.000000;0.000000;0.000000;0.000000;2.000000;28.071066;-769.028687;1836.843506;0.285639;0.000000;0.000000;0.000000;0.000000;2.000000;66.103432;-795.095337;1864.619751;0.237157;0.000000;0.000000;0.000000;0.000000;2.000000;128.223343;-773.829468;1967.343750;0.135725;0.000000;0.000000;0.000000;0.000000;2.000000;17.516354;-807.965515;1865.966064;0.223631;0.000000;0.000000;0.000000;0.000000;2.000000;-21.277819;-826.935059;1984.336670;0.148184;0.000000;0.000000;0.000000;0.000000;2.000000;11620132864.000000
0.000000;-150.000000;2000.000000;0.000000;0.000000;0.000000;0.000000;0.000000;2.000000;-2.192487;-320.660828;1980.161621;0.080961;0.000000;0.000000;0.000000;0.000000;2.000000;4.028256;-457.866486;1982.406860;0.152473;0.000000;0.000000;0.000000;0.000000;2.000000;33.669571;-664.126343;1999.708862;0.148672;0.000000;0.000000;0.000000;0.000000;2.000000;58.609962;-627.095703;1984.373291;0.064345;0.000000;0.000000;0.000000;0.000000;2.000000;164.977936;-615.271851;1897.762207;0.653983;0.000000;0.000000;0.000000;0.000000;2.000000;97.006973;-358.165924;1908.299072;1.794960;0.000000;0.000000;0.000000;0.000000;2.000000;-48.728691;-378.537140;1740.237427;4.384149;0.000000;0.000000;0.000000;0.000000;2.000000;-110.221939;-446.878113;1728.035400;4.818682;0.000000;0.000000;0.000000;0.000000;2.000000;-179.175247;-513.653015;1687.827026;4.696442;0.000000;0.000000;0.000000;0.000000;2.000000;-122.609718;-476.607117;1707.347046;4.501359;0.000000;0.000000;0.000000;0.000000;2.000000;-0.161517;-632.715576;2011.116089;0.185452;0.000000;0.000000;0.000000;0.000000;2.000000;-114.616280;-638.834106;2065.015381;0.558910;0.000000;0.000000;0.000000;0.000000;2.000000;-198.349060;-393.132996;1986.530762;3.100302;0.000000;0.000000;0.000000;0.000000;2.000000;-281.947357;-473.321991;1792.234741;3.257709;0.000000;0.000000;0.000000;0.000000;2.000000;-242.385712;-445.998932;1704.716431;3.667431;0.000000;0.000000;0.000000;0.000000;2.000000;-256.336884;-483.704590;1798.776489;3.397630;0.000000;0.000000;0.000000;0.000000;2.000000;-157.699249;-476.244019;1756.656006;0.663451;0.000000;0.000000;0.000000;0.000000;1.000000;80.368332;-146.933289;1964.736328;0.054009;0.000000;0.000000;0.000000;0.000000;2.000000;53.427826;236.164337;1930.506836;0.216228;0.000000;0.000000;0.000000;0.000000;2.000000;80.234245;585.506592;2044.614380;0.108348;0.000000;0.000000;0.000000;0.000000;2.000000;28.359701;706.078003;1920.816895;0.128050;0.000000;0.000000;0.000000;0.000000;2.000000;-72.471664;-152.765411;2031.798828;0.048701;0.000000;0.000000;0.000000;0.000000;2.000000;-102.357536;231.168549;2025.244019;0.324233;0.000000;0.000000;0.000000;0.000000;2.000000;-67.066597;589.274536;2120.980469;0.290722;0.000000;0.000000;0.000000;0.000000;2.000000;-106.433929;694.626831;1998.881592;0.095949;0.000000;0.000000;0.000000;0.000000;2.000000;39.507576;-742.404297;1994.419922;0.211892;0.000000;0.000000;0.000000;0.000000;2.000000;29.300060;-764.370483;1841.566406;0.199647;0.000000;0.000000;0.000000;0.000000;2.000000;66.897339;-792.554565;1867.987793;0.127041;0.000000;0.000000;0.000000;0.000000;2.000000;131.442871;-776.369385;1970.355347;0.150564;0.000000;0.000000;0.000000;0.000000;2.000000;17.848042;-803.802368;1869.795654;0.167683;0.000000;0.000000;0.000000;0.000000;2.000000;-19.745152;-824.859253;1988.398315;0.142400;0.000000;0.000000;0.000000;0.000000;2.000000;11620166656.000000
0.000000;-150.000000;2000.000000;0.000000;0.000000;0.000000;0.000000;0.000000;2.000000;1.569260;-321.783722;1982.500488;0.135229;0.000000;0.000000;0.000000;0.000000;2.000000;10.925438;-459.454529;1986.597290;0.243405;0.000000;0.000000;0.000000;0.000000;2.000000;36.596874;-667.263184;2004.324951;0.186498;0.000000;0.000000;0.000000;0.000000;2.000000;61.898903;-630.737427;1987.699707;0.175434;0.000000;0.000000;0.000000;0.000000;2.000000;167.945450;-611.258850;1900.985107;0.175816;0.000000;0.000000;0.000000;0.000000;2.000000;84.170692;-357.862885;1883.258301;0.832764;0.000000;0.000000;0.000000;0.000000;2.000000;-44.092552;-427.528656;1712.693970;1.668862;0.000000;0.000000;0.000000;0.000000;2.000000;-123.451584;-458.042084;1674.513184;1.664654;0.000000;0.000000;0.000000;0.000000;2.000000;-203.276596;-476.759827;1609.583008;2.657445;0.000000;0.000000;0.000000;0.000000;2.000000;-133.251129;-472.713013;1636.110596;2.134590;0.000000;0.000000;0.000000;0.000000;2.000000;3.795094;-634.844116;2016.852417;0.215624;0.000000;0.000000;0.000000;0.000000;2.000000;-105.602257;-634.953491;2081.928467;0.578662;0.000000;0.000000;0.000000;0.000000;2.000000;-186.911163;-388.991547;1997.275513;0.480304;0.000000;0.000000;0.000000;0.000000;2.000000;-297.095398;-452.674683;1808.901367;0.904180;0.000000;0.000000;0.000000;0.000000;2.000000;-285.934967;-448.350342;1709.264893;1.297622;0.000000;0.000000;0.000000;0.000000;2.000000;-312.413635;-480.498199;1803.251831;1.667447;0.000000;0.000000;0.000000;0.000000;2.000000;-255.235855;-488.660370;1725.774658;3.049813;0.000000;0.000000;0.000000;0.000000;2.000000;80.474762;-145.601105;1964.034912;0.044665;0.000000;0.000000;0.000000;0.000000;2.000000;54.634266;240.140381;1937.926758;0.251660;0.000000;0.000000;0.000000;0.000000;2.000000;82.483040;593.470825;2045.244629;0.245608;0.000000;0.000000;0.000000;0.000000;2.000000;23.043629;713.184692;1922.709473;0.268541;0.000000;0.000000;0.000000;0.000000;2.000000;-72.567642;-153.966675;2032.431152;0.040273;0.000000;0.000000;0.000000;0.000000;2.000000;-101.069565;232.038452;2029.189087;0.125479;0.000000;0.000000;0.000000;0.000000;2.000000;-66.755135;592.940369;2121.967285;0.112722;0.000000;0.000000;0.000000;0.000000;2.000000;-105.543503;699.151367;1999.301270;0.137026;0.000000;0.000000;0.000000;0.000000;2.000000;40.449726;-746.078003;1999.355469;0.184198;0.000000;0.000000;0.000000;0.000000;2.000000;28.405014;-764.998108;1845.449341;0.119374;0.000000;0.000000;0.000000;0.000000;2.000000;66.602333;-793.732178;1870.950928;0.094762;0.000000;0.000000;0.000000;0.000000;2.000000;132.656204;-779.372559;1973.355835;0.130659;0.000000;0.000000;0.000000;0.000000;2.000000;17.372183;-805.247375;1873.125610;0.108340;0.000000;0.000000;0.000000;0.000000;2.000000;-18.891312;-829.012573;1992.299805;0.170514;0.000000;0.000000;0.000000;0.000000;2.000000;11620200448.000000
0.000000;-150.000000;2000.000000;0.000000;0.000000;0.000000;0.000000;0.000000;2.000000;1.160181;-321.895142;1979.679321;0.087062;0.000000;0.000000;0.000000;0.000000;2.000000;10.218384;-459.966919;1981.589233;0.155139;0.000000;0.000000;0.000000;0.000000;2.000000;32.741673;-668.495178;2001.069702;0.158507;0.000000;0.000000;0.000000;0.000000;2.000000;58.581482;-632.440125;1983.925415;0.161915;0.000000;0.000000;0.000000;0.000000;2.000000;168.772903;-608.777283;1903.085938;0.102388;0.000000;0.000000;0.000000;0.000000;2.000000;79.557472;-359.219910;1862.479858;0.650867;0.000000;0.000000;0.000000;0.000000;2.000000;-28.048613;-451.574829;1687.746948;1.165268;0.000000;0.000000;0.000000;0.000000;2.000000;-96.486916;-481.979309;1631.886475;1.703832;0.000000;0.000000;0.000000;0.000000;2.000000;-152.878571;-513.540039;1549.333496;2.646905;0.000000;0.000000;0.000000;0.000000;2.000000;-104.024597;-499.440186;1599.943481;1.636776;0.000000;0.000000;0.000000;0.000000;2.000000;0.459844;-635.367065;2013.532471;0.144498;0.000000;0.000000;0.000000;0.000000;2.000000;-107.815559;-630.242676;2080.845215;0.162243;0.000000;0.000000;0.000000;0.000000;2.000000;-159.213562;-369.198486;2018.820557;1.229488;0.000000;0.000000;0.000000;0.000000;2.000000;-271.656036;-448.658264;1837.235596;1.168517;0.000000;0.000000;0.000000;0.000000;2.000000;-312.368103;-456.719238;1745.601318;1.394852;0.000000;0.000000;0.000000;0.000000;2.000000;-371.578217;-489.357239;1823.370605;1.926163;0.000000;0.000000;0.000000;0.000000;2.000000;-309.579803;-506.695496;1765.214233;2.121797;0.000000;0.000000;0.000000;0.000000;2.000000;80.686378;-145.204056;1964.037354;0.013731;0.000000;0.000000;0.000000;0.000000;2.000000;58.373867;242.147141;1945.828857;0.273732;0.000000;0.000000;0.000000;0.000000;2.000000;91.774628;598.645569;2043.757690;0.327723;0.000000;0.000000;0.000000;0.000000;2.000000;20.489527;723.094849;1932.093750;0.423743;0.000000;0.000000;0.000000;0.000000;2.000000;-72.758461;-154.324722;2032.429077;0.012382;0.000000;0.000000;0.000000;0.000000;2.000000;-91.445442;233.133835;2040.938354;0.464699;0.000000;0.000000;0.000000;0.000000;2.000000;-57.658638;597.623840;2122.893555;0.313514;0.000000;0.000000;0.000000;0.000000;2.000000;-108.595665;704.110657;2004.434692;0.236904;0.000000;0.000000;0.000000;0.000000;2.000000;35.315338;-747.592468;1996.772705;0.181384;0.000000;0.000000;0.000000;0.000000;2.000000;33.071381;-765.807007;1841.949951;0.179704;0.000000;0.000000;0.000000;0.000000;2.000000;71.339920;-792.750122;1869.495605;0.154188;0.000000;0.000000;0.000000;0.000000;2.000000;130.738403;-775.751465;1975.851563;0.146417;0.000000;0.000000;0.000000;0.000000;2.000000;22.639902;-806.930725;1868.779663;0.214645;0.000000;0.000000;0.000000;0.000000;2.000000;-19.109694;-833.718750;1985.823608;0.244402;0.000000;0.000000;0.000000;0.000000;2.000000;11620233216.000000
0.000000;-150.000000;2000.000000;0.000000;0.000000;0.000000;0.000000;0.000000;2.000000;0.196980;-320.249451;1979.849976;0.056654;0.000000;0.000000;0.000000;0.000000;2.000000;8.516501;-457.041290;1981.634033;0.100169;0.000000;0.000000;0.000000;0.000000;2.000000;30.872131;-663.648499;2000.031738;0.156766;0.000000;0.000000;0.000000;0.000000;2.000000;56.293949;-627.907837;1982.861816;0.153500;0.000000;0.000000;0.000000;0.000000;2.000000;165.386658;-613.251404;1900.677368;0.180699;0.000000;0.000000;0.000000;0.000000;2.000000;89.540527;-362.958710;1854.661865;0.391209;0.000000;0.000000;0.000000;0.000000;2.000000;-13.229641;-480.116516;1695.329224;0.977782;0.000000;0.000000;0.000000;0.000000;2.000000;-53.574207;-474.749481;1612.228760;1.413098;0.000000;0.000000;0.000000;0.000000;2.000000;-83.475822;-458.570313;1514.118286;2.819640;0.000000;0.000000;0.000000;0.000000;2.000000;-81.234421;-489.407257;1581.084229;0.924378;0.000000;0.000000;0.000000;0.000000;2.000000;-0.925325;-630.849670;2012.849854;0.141277;0.000000;0.000000;0.000000;0.000000;2.000000;-109.073906;-620.288940;2077.369629;0.314214;0.000000;0.000000;0.000000;0.000000;2.000000;-156.240738;-355.727325;2045.867676;0.898499;0.000000;0.000000;0.000000;0.000000;2.000000;-266.673889;-442.879730;1869.376465;0.977570;0.000000;0.000000;0.000000;0.000000;2.000000;-325.514069;-478.108093;1797.105103;1.695577;0.000000;0.000000;0.000000;0.000000;2.000000;-422.448547;-500.723511;1819.664551;1.546409;0.000000;0.000000;0.000000;0.000000;2.000000;-336.337036;-513.406860;1838.816650;2.326060;0.000000;0.000000;0.000000;0.000000;2.000000;79.682091;-145.625671;1963.819702;0.032870;0.000000;0.000000;0.000000;0.000000;2.000000;59.571083;238.406250;1953.392334;0.252206;0.000000;0.000000;0.000000;0.000000;2.000000;85.497475;592.656616;2048.281250;0.289545;0.000000;0.000000;0.000000;0.000000;2.000000;24.435406;720.457214;1937.166504;0.205579;0.000000;0.000000;0.000000;0.000000;2.000000;-71.852852;-153.944519;2032.625244;0.029640;0.000000;0.000000;0.000000;0.000000;2.000000;-88.490273;229.582916;2050.096436;0.303543;0.000000;0.000000;0.000000;0.000000;2.000000;-65.142960;593.799622;2119.589844;0.267245;0.000000;0.000000;0.000000;0.000000;2.000000;-101.712219;707.345276;2004.684082;0.225191;0.000000;0.000000;0.000000;0.000000;2.000000;33.303974;-741.976746;1995.506104;0.180458;0.000000;0.000000;0.000000;0.000000;2.000000;25.366425;-775.581177;1845.003052;0.379229;0.000000;0.000000;0.000000;0.000000;2.000000;62.097115;-801.968811;1874.114868;0.409784;0.000000;0.000000;0.000000;0.000000;2.000000;124.998512;-778.618286;1975.792847;0.189875;0.000000;0.000000;0.000000;0.000000;2.000000;13.002743;-812.488403;1875.934692;0.391428;0.000000;0.000000;0.000000;0.000000;2.000000;-26.700132;-823.821899;1994.875977;0.456063;0.000000;0.000000;0.000000;0.000000;2.000000;11620267008.000000
