posX0;posY0;posZ0;posVel0;rotX0;rotY0;rotZ0;rotVel0;confidence0;posX1;posY1;posZ1;posVel1;rotX1;rotY1;rotZ1;rotVel1;confidence1;posX2;posY2;posZ2;posVel2;rotX2;rotY2;rotZ2;rotVel2;confidence2;posX3;posY3;posZ3;posVel3;rotX3;rotY3;rotZ3;rotVel3;confidence3;posX4;posY4;posZ4;posVel4;rotX4;rotY4;rotZ4;rotVel4;confidence4;posX5;posY5;posZ5;posVel5;rotX5;rotY5;rotZ5;rotVel5;confidence5;posX6;posY6;posZ6;posVel6;rotX6;rotY6;rotZ6;rotVel6;confidence6;posX7;posY7;posZ7;posVel7;rotX7;rotY7;rotZ7;rotVel7;confidence7;posX8;posY8;posZ8;posVel8;rotX8;rotY8;rotZ8;rotVel8;confidence8;posX9;posY9;posZ9;posVel9;rotX9;rotY9;rotZ9;rotVel9;confidence9;posX10;posY10;posZ10;posVel10;rotX10;rotY10;rotZ10;rotVel10;confidence10;posX11;posY11;posZ11;posVel11;rotX11;rotY11;rotZ11;rotVel11;confidence11;posX12;posY12;posZ12;posVel12;rotX12;rotY12;rotZ12;rotVel12;confidence12;posX13;posY13;posZ13;posVel13;rotX13;rotY13;rotZ13;rotVel13;confidence13;posX14;posY14;posZ14;posVel14;rotX14;rotY14;rotZ14;rotVel14;confidence14;posX15;posY15;posZ15;posVel15;rotX15;rotY15;rotZ15;rotVel15;confidence15;posX16;posY16;posZ16;posVel16;rotX16;rotY16;rotZ16;rotVel16;confidence16;posX17;posY17;posZ17;posVel17;rotX17;rotY17;rotZ17;rotVel17;confidence17;posX18;posY18;posZ18;posVel18;rotX18;rotY18;rotZ18;rotVel18;confidence18;posX19;posY19;posZ19;posVel19;rotX19;rotY19;rotZ19;rotVel19;confidence19;posX20;posY20;posZ20;posVel20;rotX20;rotY20;rotZ20;rotVel20;confidence20;posX21;posY21;posZ21;posVel21;rotX21;rotY21;rotZ21;rotVel21;confidence21;posX22;posY22;posZ22;posVel22;rotX22;rotY22;rotZ22;rotVel22;confidence22;posX23;posY23;posZ23;posVel23;rotX23;rotY23;rotZ23;rotVel23;confidence23;posX24;posY24;posZ24;posVel24;rotX24;rotY24;rotZ24;rotVel24;confidence24;posX25;posY25;posZ25;posVel25;rotX25;rotY25;rotZ25;rotVel25;confidence25;posX26;posY26;posZ26;posVel26;rotX26;rotY26;rotZ26;rotVel26;confidence26;posX27;posY27;posZ27;posVel27;rotX27;rotY27;rotZ27;rotVel27;confidence27;posX28;posY28;posZ28;posVel28;rotX28;rotY28;rotZ28;rotVel28;confidence28;posX29;posY29;posZ29;posVel29;rotX29;rotY29;rotZ29;rotVel29;confidence29;posX30;posY30;posZ30;posVel30;rotX30;rotY30;rotZ30;rotVel30;confidence30;posX31;posY31;posZ31;posVel31;rotX31;rotY31;rotZ31;rotVel31;confidence31;TimeStamp
0.000000;-150.000000;2000.000000;0.000000;0.000000;0.000000;0.000000;0.000000;2.000000;0.742424;-335.330933;1979.675049;0.000000;0.000000;0.000000;0.000000;0.000000;2.000000;-1.058929;-483.683594;1965.359863;0.000000;0.000000;0.000000;0.000000;0.000000;2.000000;25.992943;-708.911194;1961.081055;0.000000;0.000000;0.000000;0.000000;0.000000;2.000000;43.877129;-669.842102;1988.966064;0.000000;0.000000;0.000000;0.000000;0.000000;2.000000;157.500824;-613.742554;2068.091064;0.000000;0.000000;0.000000;0.000000;0.000000;2.000000;142.128052;-346.708435;1959.197998;0.000000;0.000000;0.000000;0.000000;0.000000;2.000000;272.473816;-308.347229;1758.475708;0.000000;0.000000;0.000000;0.000000;0.000000;2.000000;266.149841;-297.838318;1658.594727;0.000000;0.000000;0.000000;0.000000;0.000000;2.000000;298.853485;-293.190613;1766.578003;0.000000;0.000000;0.000000;0.000000;0.000000;2.000000;259.766052;-287.365967;1620.125854;0.000000;0.000000;0.000000;0.000000;0.000000;2.000000;-2.388664;-673.767212;1936.143921;0.000000;0.000000;0.000000;0.000000;0.000000;2.000000;-68.332222;-642.049011;1819.808472;0.000000;0.000000;0.000000;0.000000;0.000000;2.000000;-153.078217;-361.540894;1792.974243;0.000000;0.000000;0.000000;0.000000;0.000000;2.000000;-49.211937;-139.473053;1780.907471;0.000000;0.000000;0.000000;0.000000;0.000000;2.000000;-18.539459;-54.757347;1841.095215;0.000000;0.000000;0.000000;0.000000;0.000000;2.000000;4.540306;34.321915;1903.161377;0.000000;0.000000;0.000000;0.000000;0.000000;0.000000;13.984215;-47.608589;1853.285034;0.000000;0.000000;0.000000;0.000000;0.000000;2.000000;60.029850;-157.829834;2073.588623;0.000000;0.000000;0.000000;0.000000;0.000000;2.000000;138.293060;251.621384;2109.078613;0.000000;0.000000;0.000000;0.000000;0.000000;2.000000;89.882385;648.241943;2123.775879;0.000000;0.000000;0.000000;0.000000;0.000000;2.000000;223.027191;754.111023;2026.854248;0.000000;0.000000;0.000000;0.000000;0.000000;2.000000;-54.131554;-142.939484;1933.641968;0.000000;0.000000;0.000000;0.000000;0.000000;2.000000;-123.600288;265.341919;1989.666992;0.000000;0.000000;0.000000;0.000000;0.000000;2.000000;-254.315887;632.382019;2096.641846;0.000000;0.000000;0.000000;0.000000;0.000000;2.000000;-202.514282;750.511536;1970.912842;0.000000;0.000000;0.000000;0.000000;0.000000;2.000000;46.466816;-791.076050;1950.248779;0.000000;0.000000;0.000000;0.000000;0.000000;2.000000;180.249222;-804.822205;1849.683472;0.000000;0.000000;0.000000;0.000000;0.000000;2.000000;175.588623;-843.517273;1893.301392;0.000000;0.000000;0.000000;0.000000;0.000000;2.000000;118.924644;-843.962769;2013.054688;0.000000;0.000000;0.000000;0.000000;0.000000;2.000000;145.329987;-846.062805;1847.876587;0.000000;0.000000;0.000000;0.000000;0.000000;2.000000;13.326256;-867.173279;1877.500244;0.000000;0.000000;0.000000;0.000000;0.000000;2.000000;16549966848.000000
0.000000;-150.000000;2000.000000;0.000000;0.000000;0.000000;0.000000;0.000000;2.000000;2.263336;-335.099243;1979.960449;0.047751;0.000000;0.000000;0.000000;0.000000;2.000000;1.771339;-483.274963;1965.779785;0.088204;0.000000;0.000000;0.000000;0.000000;2.000000;30.587997;-707.807251;1956.031494;0.211060;0.000000;0.000000;0.000000;0.000000;2.000000;47.686478;-669.412292;1985.190918;0.164194;0.000000;0.000000;0.000000;0.000000;2.000000;159.202362;-618.949951;2070.493164;0.182551;0.000000;0.000000;0.000000;0.000000;2.000000;146.762924;-349.400208;1968.675781;0.332286;0.000000;0.000000;0.000000;0.000000;2.000000;285.869202;-313.842041;1773.792969;0.643225;0.000000;0.000000;0.000000;0.000000;2.000000;276.429749;-307.975708;1673.912354;0.642374;0.000000;0.000000;0.000000;0.000000;2.000000;313.616577;-299.110413;1780.006836;0.635269;0.000000;0.000000;0.000000;0.000000;2.000000;274.692047;-290.036743;1633.133667;0.609681;0.000000;0.000000;0.000000;0.000000;2.000000;2.387703;-672.270264;1931.593018;0.206452;0.000000;0.000000;0.000000;0.000000;2.000000;-62.975998;-636.256836;1816.403076;0.262230;0.000000;0.000000;0.000000;0.000000;2.000000;-143.357285;-354.676331;1791.768555;0.365030;0.000000;0.000000;0.000000;0.000000;2.000000;-39.512497;-132.650177;1788.990845;0.437980;0.000000;0.000000;0.000000;0.000000;2.000000;-11.026337;-47.623230;1849.552490;0.408147;0.000000;0.000000;0.000000;0.000000;2.000000;14.851791;35.676041;1917.953125;0.551817;0.000000;0.000000;0.000000;0.000000;0.000000;18.729187;-44.291618;1869.823853;0.534754;0.000000;0.000000;0.000000;0.000000;2.000000;59.630619;-157.261429;2073.806641;0.022217;0.000000;0.000000;0.000000;0.000000;2.000000;144.821808;250.258560;2108.987549;0.203555;0.000000;0.000000;0.000000;0.000000;2.000000;97.424370;646.612366;2118.881592;0.278850;0.000000;0.000000;0.000000;0.000000;2.000000;234.668365;752.553040;2028.504639;0.361949;0.000000;0.000000;0.000000;0.000000;2.000000;-53.771530;-143.452026;1933.445557;0.020033;0.000000;0.000000;0.000000;0.000000;2.000000;-125.104446;263.329956;1993.713867;0.145360;0.000000;0.000000;0.000000;0.000000;2.000000;-245.974991;634.446899;2096.063965;0.262820;0.000000;0.000000;0.000000;0.000000;2.000000;-187.430222;750.275391;1971.502686;0.460737;0.000000;0.000000;0.000000;0.000000;2.000000;51.842014;-789.396179;1943.396973;0.270665;0.000000;0.000000;0.000000;0.000000;2.000000;191.896042;-803.968994;1852.307495;0.365271;0.000000;0.000000;0.000000;0.000000;2.000000;181.571381;-845.468689;1892.101807;0.195504;0.000000;0.000000;0.000000;0.000000;2.000000;115.822655;-851.456177;2006.758789;0.313325;0.000000;0.000000;0.000000;0.000000;2.000000;154.918259;-842.549866;1844.577271;0.327494;0.000000;0.000000;0.000000;0.000000;2.000000;20.163391;-857.271362;1862.536987;0.585980;0.000000;0.000000;0.000000;0.000000;2.000000;16549999616.000000
0.000000;-150.000000;2000.000000;0.000000;0.000000;0.000000;0.000000;0.000000;2.000000;9.125420;-335.417603;1980.983398;0.205528;0.000000;0.000000;0.000000;0.000000;2.000000;13.687027;-483.962463;1967.915527;0.358815;0.000000;0.000000;0.000000;0.000000;2.000000;47.479683;-708.064758;1953.504395;0.505493;0.000000;0.000000;0.000000;0.000000;2.000000;62.324387;-670.119873;1984.624023;0.434007;0.000000;0.000000;0.000000;0.000000;2.000000;164.337494;-624.141724;2083.812256;0.449501;0.000000;0.000000;0.000000;0.000000;2.000000;156.179184;-358.426331;1970.313232;0.389028;0.000000;0.000000;0.000000;0.000000;2.000000;311.131897;-311.645264;1789.594238;0.884181;0.000000;0.000000;0.000000;0.000000;2.000000;294.318787;-303.823975;1690.592896;0.734173;0.000000;0.000000;0.000000;0.000000;2.000000;343.812988;-300.861633;1792.162231;0.964673;0.000000;0.000000;0.000000;0.000000;2.000000;291.362946;-283.704834;1650.033203;0.727048;0.000000;0.000000;0.000000;0.000000;2.000000;19.815559;-672.291870;1928.557983;0.523502;0.000000;0.000000;0.000000;0.000000;2.000000;-44.925430;-633.652710;1813.499023;0.546497;0.000000;0.000000;0.000000;0.000000;2.000000;-129.198959;-352.362000;1790.737549;0.425640;0.000000;0.000000;0.000000;0.000000;2.000000;-36.037399;-125.121902;1784.364258;0.280986;0.000000;0.000000;0.000000;0.000000;2.000000;-16.365387;-47.747803;1857.765747;0.289917;0.000000;0.000000;0.000000;0.000000;2.000000;6.871346;49.178810;1906.834229;0.568954;0.000000;0.000000;0.000000;0.000000;0.000000;22.612846;-41.033783;1859.984741;0.327538;0.000000;0.000000;0.000000;0.000000;2.000000;58.967583;-154.770630;2074.811523;0.081868;0.000000;0.000000;0.000000;0.000000;2.000000;155.474625;251.370361;2107.826416;0.318816;0.000000;0.000000;0.000000;0.000000;2.000000;113.406830;649.233887;2117.516357;0.480986;0.000000;0.000000;0.000000;0.000000;2.000000;250.701462;753.665283;2024.544434;0.489831;0.000000;0.000000;0.000000;0.000000;2.000000;-53.173660;-145.698135;1932.538940;0.073830;0.000000;0.000000;0.000000;0.000000;2.000000;-120.892853;262.509430;1993.837158;0.127029;0.000000;0.000000;0.000000;0.000000;2.000000;-234.744583;637.559265;2093.444824;0.353468;0.000000;0.000000;0.000000;0.000000;2.000000;-171.781815;749.598389;1967.001465;0.482274;0.000000;0.000000;0.000000;0.000000;2.000000;71.018867;-789.040771;1939.733154;0.577857;0.000000;0.000000;0.000000;0.000000;2.000000;207.830353;-798.414246;1842.541382;0.576972;0.000000;0.000000;0.000000;0.000000;2.000000;207.688477;-830.392151;1891.583984;0.892542;0.000000;0.000000;0.000000;0.000000;2.000000;148.831116;-820.927979;2010.032471;1.334057;0.000000;0.000000;0.000000;0.000000;2.000000;179.137604;-844.083008;1846.993652;0.721704;0.000000;0.000000;0.000000;0.000000;2.000000;50.690201;-879.270935;1879.326904;1.219342;0.000000;0.000000;0.000000;0.000000;2.000000;16550033408.000000
0.000000;-150.000000;2000.000000;0.000000;0.000000;0.000000;0.000000;0.000000;2.000000;8.176392;-335.592163;1984.278320;0.104776;0.000000;0.000000;0.000000;0.000000;2.000000;11.891647;-484.231201;1973.907715;0.191075;0.000000;0.000000;0.000000;0.000000;2.000000;48.482208;-707.756958;1960.837158;0.226055;0.000000;0.000000;0.000000;0.000000;2.000000;63.422920;-669.357483;1991.265137;0.206738;0.000000;0.000000;0.000000;0.000000;2.000000;167.535416;-611.243103;2081.264160;0.412940;0.000000;0.000000;0.000000;0.000000;2.000000;173.391968;-361.612976;1936.195068;1.170254;0.000000;0.000000;0.000000;0.000000;2.000000;312.503204;-303.223083;1746.497803;1.340732;0.000000;0.000000;0.000000;0.000000;2.000000;298.657928;-315.083801;1647.535767;1.364627;0.000000;0.000000;0.000000;0.000000;2.000000;344.235809;-308.383789;1750.629395;1.288167;0.000000;0.000000;0.000000;0.000000;2.000000;283.875183;-294.945313;1610.768921;1.267159;0.000000;0.000000;0.000000;0.000000;2.000000;19.833633;-672.638489;1936.175049;0.232696;0.000000;0.000000;0.000000;0.000000;2.000000;-40.456818;-634.273010;1818.786133;0.212107;0.000000;0.000000;0.000000;0.000000;2.000000;-122.391205;-352.422791;1798.119751;0.306464;0.000000;0.000000;0.000000;0.000000;2.000000;-29.120865;-125.392853;1797.043579;0.440847;0.000000;0.000000;0.000000;0.000000;2.000000;-5.925522;-52.165443;1873.456299;0.590734;0.000000;0.000000;0.000000;0.000000;2.000000;8.076538;42.254086;1930.094604;0.741552;0.000000;0.000000;0.000000;0.000000;0.000000;34.306320;-62.994675;1904.502808;1.556360;0.000000;0.000000;0.000000;0.000000;0.000000;58.733818;-153.760406;2074.937744;0.031878;0.000000;0.000000;0.000000;0.000000;2.000000;160.244919;249.757385;2118.412109;0.357739;0.000000;0.000000;0.000000;0.000000;2.000000;118.898293;647.376099;2125.090820;0.291087;0.000000;0.000000;0.000000;0.000000;2.000000;259.322296;747.403748;2032.342773;0.402947;0.000000;0.000000;0.000000;0.000000;2.000000;-52.962845;-146.609085;1932.425171;0.028745;0.000000;0.000000;0.000000;0.000000;2.000000;-119.966858;259.947693;2002.186035;0.268006;0.000000;0.000000;0.000000;0.000000;2.000000;-229.461426;635.620361;2102.767334;0.332320;0.000000;0.000000;0.000000;0.000000;2.000000;-168.819641;747.207947;1975.041016;0.271457;0.000000;0.000000;0.000000;0.000000;2.000000;72.840164;-788.448181;1947.323730;0.238906;0.000000;0.000000;0.000000;0.000000;2.000000;209.104675;-790.443665;1849.212524;0.319573;0.000000;0.000000;0.000000;0.000000;2.000000;211.112762;-822.208374;1898.286255;0.339309;0.000000;0.000000;0.000000;0.000000;2.000000;152.757568;-815.712158;2017.041992;0.292325;0.000000;0.000000;0.000000;0.000000;2.000000;183.066818;-837.585815;1853.989746;0.315082;0.000000;0.000000;0.000000;0.000000;2.000000;57.149864;-879.759094;1887.352051;0.314743;0.000000;0.000000;0.000000;0.000000;2.000000;16550066176.000000
0.000000;-150.000000;2000.000000;0.000000;0.000000;0.000000;0.000000;0.000000;2.000000;8.175858;-335.585419;1984.270752;0.000300;0.000000;0.000000;0.000000;0.000000;2.000000;11.905151;-484.218018;1973.882568;0.000930;0.000000;0.000000;0.000000;0.000000;2.000000;48.540009;-707.724792;1960.739014;0.003502;0.000000;0.000000;0.000000;0.000000;2.000000;63.479820;-669.331970;1991.173340;0.003284;0.000000;0.000000;0.000000;0.000000;2.000000;167.582886;-611.198608;2081.162598;0.003569;0.000000;0.000000;0.000000;0.000000;2.000000;173.265457;-361.514099;1936.198975;0.004753;0.000000;0.000000;0.000000;0.000000;2.000000;312.258972;-302.909302;1746.491699;0.011768;0.000000;0.000000;0.000000;0.000000;2.000000;298.463013;-314.485535;1647.492432;0.018664;0.000000;0.000000;0.000000;0.000000;2.000000;343.933075;-308.012085;1750.644043;0.014193;0.000000;0.000000;0.000000;0.000000;2.000000;283.742462;-294.630646;1610.744385;0.010132;0.000000;0.000000;0.000000;0.000000;2.000000;19.878181;-672.606689;1936.095459;0.002858;0.000000;0.000000;0.000000;0.000000;2.000000;-40.474197;-634.223694;1818.749146;0.001895;0.000000;0.000000;0.000000;0.000000;2.000000;-122.561462;-352.415009;1798.260986;0.006550;0.000000;0.000000;0.000000;0.000000;2.000000;-29.465012;-125.322083;1797.227783;0.011740;0.000000;0.000000;0.000000;0.000000;2.000000;-6.355377;-52.108688;1873.674805;0.014368;0.000000;0.000000;0.000000;0.000000;2.000000;7.548935;42.240891;1930.446533;0.018772;0.000000;0.000000;0.000000;0.000000;0.000000;33.834961;-62.898659;1904.722656;0.015652;0.000000;0.000000;0.000000;0.000000;0.000000;58.732368;-153.763626;2074.934570;0.000140;0.000000;0.000000;0.000000;0.000000;2.000000;160.232529;249.737854;2118.454834;0.001438;0.000000;0.000000;0.000000;0.000000;2.000000;118.905617;647.345032;2125.167725;0.002464;0.000000;0.000000;0.000000;0.000000;2.000000;259.346497;747.362915;2032.448486;0.003429;0.000000;0.000000;0.000000;0.000000;2.000000;-52.961578;-146.606186;1932.428101;0.000128;0.000000;0.000000;0.000000;0.000000;2.000000;-119.968536;259.934418;2002.199463;0.000561;0.000000;0.000000;0.000000;0.000000;2.000000;-229.454437;635.597107;2102.774902;0.000753;0.000000;0.000000;0.000000;0.000000;2.000000;-168.757996;747.135376;1975.039795;0.002818;0.000000;0.000000;0.000000;0.000000;2.000000;72.911270;-788.404236;1947.196777;0.004498;0.000000;0.000000;0.000000;0.000000;2.000000;209.096863;-790.266296;1848.982544;0.008598;0.000000;0.000000;0.000000;0.000000;2.000000;211.151642;-822.076233;1898.022705;0.008800;0.000000;0.000000;0.000000;0.000000;2.000000;152.887299;-815.710571;2016.825684;0.007464;0.000000;0.000000;0.000000;0.000000;2.000000;183.077209;-837.418945;1853.734619;0.009027;0.000000;0.000000;0.000000;0.000000;2.000000;57.202148;-879.659424;1887.151855;0.006796;0.000000;0.000000;0.000000;0.000000;2.000000;16550099968.000000
0.000000;-150.000000;2000.000000;0.000000;0.000000;0.000000;0.000000;0.000000;2.000000;8.175659;-335.585144;1984.270264;0.000018;0.000000;0.000000;0.000000;0.000000;2.000000;11.905380;-484.217468;1973.881348;0.000040;0.000000;0.000000;0.000000;0.000000;2.000000;48.542664;-707.723389;1960.734619;0.000158;0.000000;0.000000;0.000000;0.000000;2.000000;63.482658;-669.330811;1991.168701;0.000165;0.000000;0.000000;0.000000;0.000000;2.000000;167.586395;-611.195313;2081.155762;0.000247;0.000000;0.000000;0.000000;0.000000;2.000000;173.257324;-361.510559;1936.192627;0.000323;0.000000;0.000000;0.000000;0.000000;2.000000;312.242920;-302.899231;1746.482056;0.000629;0.000000;0.000000;0.000000;0.000000;2.000000;298.443817;-314.470398;1647.482788;0.000778;0.000000;0.000000;0.000000;0.000000;2.000000;343.914795;-307.999878;1750.634033;0.000715;0.000000;0.000000;0.000000;0.000000;2.000000;283.722168;-294.615356;1610.735962;0.000792;0.000000;0.000000;0.000000;0.000000;2.000000;19.879898;-672.605347;1936.091797;0.000126;0.000000;0.000000;0.000000;0.000000;2.000000;-40.477493;-634.222595;1818.748291;0.000106;0.000000;0.000000;0.000000;0.000000;2.000000;-122.576279;-352.417053;1798.268066;0.000490;0.000000;0.000000;0.000000;0.000000;2.000000;-29.492477;-125.319321;1797.234375;0.000840;0.000000;0.000000;0.000000;0.000000;2.000000;-6.391815;-52.104156;1873.682373;0.001109;0.000000;0.000000;0.000000;0.000000;2.000000;7.499847;42.251400;1930.447021;0.001486;0.000000;0.000000;0.000000;0.000000;0.000000;33.796181;-62.891006;1904.732178;0.001203;0.000000;0.000000;0.000000;0.000000;0.000000;58.732391;-153.763855;2074.934326;0.000010;0.000000;0.000000;0.000000;0.000000;2.000000;160.232788;249.736786;2118.456787;0.000066;0.000000;0.000000;0.000000;0.000000;2.000000;118.907356;647.343628;2125.171631;0.000133;0.000000;0.000000;0.000000;0.000000;2.000000;259.349396;747.361755;2032.454590;0.000203;0.000000;0.000000;0.000000;0.000000;2.000000;-52.961563;-146.605972;1932.428101;0.000006;0.000000;0.000000;0.000000;0.000000;2.000000;-119.967697;259.933960;2002.201172;0.000058;0.000000;0.000000;0.000000;0.000000;2.000000;-229.452652;635.595886;2102.779053;0.000138;0.000000;0.000000;0.000000;0.000000;2.000000;-168.756393;747.134399;1975.044434;0.000148;0.000000;0.000000;0.000000;0.000000;2.000000;72.914589;-788.402222;1947.190674;0.000214;0.000000;0.000000;0.000000;0.000000;2.000000;209.092529;-790.254028;1848.966187;0.000619;0.000000;0.000000;0.000000;0.000000;2.000000;211.152206;-822.066589;1898.004517;0.000609;0.000000;0.000000;0.000000;0.000000;2.000000;152.896851;-815.709473;2016.811768;0.000501;0.000000;0.000000;0.000000;0.000000;2.000000;183.074951;-837.407837;1853.717651;0.000604;0.000000;0.000000;0.000000;0.000000;2.000000;57.204109;-879.654541;1887.142090;0.000328;0.000000;0.000000;0.000000;0.000000;2.000000;16550133760.000000
0.000000;-150.000000;2000.000000;0.000000;0.000000;0.000000;0.000000;0.000000;2.000000;7.647629;-333.848450;1983.643066;0.058609;0.000000;0.000000;0.000000;0.000000;2.000000;13.754883;-480.827087;1970.571533;0.155221;0.000000;0.000000;0.000000;0.000000;2.000000;58.953583;-700.405273;1953.844482;0.441626;0.000000;0.000000;0.000000;0.000000;2.000000;72.441132;-662.249451;1984.472900;0.403979;0.000000;0.000000;0.000000;0.000000;2.000000;175.375549;-596.795776;2068.323730;0.634794;0.000000;0.000000;0.000000;0.000000;2.000000;181.490540;-356.945740;1912.399292;0.780884;0.000000;0.000000;0.000000;0.000000;2.000000;320.648499;-313.758240;1721.486084;0.870351;0.000000;0.000000;0.000000;0.000000;2.000000;306.018982;-308.596069;1622.992432;0.802600;0.000000;0.000000;0.000000;0.000000;2.000000;361.924866;-317.766418;1719.475952;1.138013;0.000000;0.000000;0.000000;0.000000;2.000000;293.775513;-292.301758;1587.479492;0.776423;0.000000;0.000000;0.000000;0.000000;2.000000;28.956055;-666.432190;1930.183960;0.380415;0.000000;0.000000;0.000000;0.000000;2.000000;-33.614151;-631.187805;1814.484619;0.263397;0.000000;0.000000;0.000000;0.000000;2.000000;-126.924896;-355.703857;1794.314453;0.205501;0.000000;0.000000;0.000000;0.000000;2.000000;-64.015747;-120.824478;1789.676025;1.087209;0.000000;0.000000;0.000000;0.000000;2.000000;-40.941315;-45.024330;1862.116089;1.132679;0.000000;0.000000;0.000000;0.000000;2.000000;-28.520813;51.298866;1913.715820;1.243110;0.000000;0.000000;0.000000;0.000000;0.000000;-1.625839;-39.053001;1874.835938;1.590652;0.000000;0.000000;0.000000;0.000000;2.000000;58.145363;-154.189041;2074.269043;0.030025;0.000000;0.000000;0.000000;0.000000;2.000000;162.513443;244.669388;2117.363281;0.172837;0.000000;0.000000;0.000000;0.000000;2.000000;138.264526;639.957520;2127.693359;0.636943;0.000000;0.000000;0.000000;0.000000;2.000000;277.642456;736.713928;2033.664307;0.646998;0.000000;0.000000;0.000000;0.000000;2.000000;-52.432220;-146.222580;1933.028198;0.027078;0.000000;0.000000;0.000000;0.000000;2.000000;-117.042114;257.632385;1997.796387;0.175995;0.000000;0.000000;0.000000;0.000000;2.000000;-220.174805;632.135986;2094.633789;0.391286;0.000000;0.000000;0.000000;0.000000;2.000000;-160.023804;735.270874;1961.975586;0.600969;0.000000;0.000000;0.000000;0.000000;2.000000;86.233170;-779.082458;1939.005859;0.555415;0.000000;0.000000;0.000000;0.000000;2.000000;224.294983;-775.342651;1846.216187;0.655259;0.000000;0.000000;0.000000;0.000000;2.000000;222.394592;-814.170898;1889.202271;0.497926;0.000000;0.000000;0.000000;0.000000;2.000000;160.853394;-822.291077;2004.865723;0.481880;0.000000;0.000000;0.000000;0.000000;2.000000;195.278839;-820.242371;1842.739502;0.724822;0.000000;0.000000;0.000000;0.000000;2.000000;66.873016;-857.672913;1865.469238;0.987182;0.000000;0.000000;0.000000;0.000000;2.000000;16550166528.000000
0.000000;-150.000000;2000.000000;0.000000;0.000000;0.000000;0.000000;0.000000;2.000000;7.662857;-333.842010;1983.647217;0.000504;0.000000;0.000000;0.000000;0.000000;2.000000;13.795242;-480.814056;1970.569336;0.001257;0.000000;0.000000;0.000000;0.000000;2.000000;59.071121;-700.366821;1953.817871;0.003743;0.000000;0.000000;0.000000;0.000000;2.000000;72.545837;-662.210571;1984.448730;0.003382;0.000000;0.000000;0.000000;0.000000;2.000000;175.420547;-596.747803;2068.356934;0.002180;0.000000;0.000000;0.000000;0.000000;2.000000;181.310577;-356.710388;1912.730103;0.013142;0.000000;0.000000;0.000000;0.000000;2.000000;320.316345;-312.939423;1721.848999;0.028268;0.000000;0.000000;0.000000;0.000000;2.000000;305.914459;-307.310760;1623.350586;0.039606;0.000000;0.000000;0.000000;0.000000;2.000000;361.045929;-316.704651;1720.252930;0.046824;0.000000;0.000000;0.000000;0.000000;2.000000;294.105896;-291.201630;1587.695557;0.034588;0.000000;0.000000;0.000000;0.000000;2.000000;29.061188;-666.403198;1930.163086;0.003286;0.000000;0.000000;0.000000;0.000000;2.000000;-33.539917;-631.171875;1814.481934;0.002248;0.000000;0.000000;0.000000;0.000000;2.000000;-126.979340;-355.734863;1794.405762;0.003277;0.000000;0.000000;0.000000;0.000000;2.000000;-64.138260;-120.844788;1789.806641;0.005333;0.000000;0.000000;0.000000;0.000000;2.000000;-41.035416;-45.147179;1862.339600;0.008045;0.000000;0.000000;0.000000;0.000000;2.000000;-28.583176;51.101013;1914.063843;0.011990;0.000000;0.000000;0.000000;0.000000;0.000000;-1.707886;-39.396484;1875.355469;0.018590;0.000000;0.000000;0.000000;0.000000;2.000000;58.141762;-154.182678;2074.268311;0.000217;0.000000;0.000000;0.000000;0.000000;2.000000;162.437286;244.679565;2117.370605;0.002284;0.000000;0.000000;0.000000;0.000000;2.000000;138.071625;639.947510;2127.695068;0.005716;0.000000;0.000000;0.000000;0.000000;2.000000;277.378113;736.810425;2033.682861;0.008346;0.000000;0.000000;0.000000;0.000000;2.000000;-52.429001;-146.228287;1933.028809;0.000195;0.000000;0.000000;0.000000;0.000000;2.000000;-117.110870;257.605408;1997.770020;0.002321;0.000000;0.000000;0.000000;0.000000;2.000000;-220.354065;632.070557;2094.583984;0.005836;0.000000;0.000000;0.000000;0.000000;2.000000;-160.063721;735.291870;1962.063965;0.002936;0.000000;0.000000;0.000000;0.000000;2.000000;86.377594;-779.030029;1938.969971;0.004669;0.000000;0.000000;0.000000;0.000000;2.000000;224.522446;-775.016113;1846.325317;0.012211;0.000000;0.000000;0.000000;0.000000;2.000000;222.662048;-813.835083;1889.318970;0.013165;0.000000;0.000000;0.000000;0.000000;2.000000;161.020889;-822.056152;2004.916992;0.008672;0.000000;0.000000;0.000000;0.000000;2.000000;195.608597;-819.978271;1842.831421;0.012795;0.000000;0.000000;0.000000;0.000000;2.000000;67.265244;-857.680420;1865.437988;0.011646;0.000000;0.000000;0.000000;0.000000;2.000000;16550200320.000000
0.000000;-150.000000;2000.000000;0.000000;0.000000;0.000000;0.000000;0.000000;2.000000;7.571182;-335.098297;1983.175781;0.041045;0.000000;0.000000;0.000000;0.000000;2.000000;15.071320;-482.902832;1968.604004;0.095797;0.000000;0.000000;0.000000;0.000000;2.000000;64.411758;-702.941650;1948.859131;0.235878;0.000000;0.000000;0.000000;0.000000;2.000000;77.751671;-664.575195;1979.872803;0.223491;0.000000;0.000000;0.000000;0.000000;2.000000;182.237869;-597.653625;2062.456055;0.276545;0.000000;0.000000;0.000000;0.000000;2.000000;186.357727;-357.042419;1904.001465;0.307869;0.000000;0.000000;0.000000;0.000000;2.000000;320.423035;-306.790894;1709.109619;0.431700;0.000000;0.000000;0.000000;0.000000;2.000000;311.558655;-286.000702;1611.286255;0.766911;0.000000;0.000000;0.000000;0.000000;2.000000;364.137665;-304.550446;1709.186157;0.510435;0.000000;0.000000;0.000000;0.000000;2.000000;313.721863;-291.116272;1572.785522;0.751936;0.000000;0.000000;0.000000;0.000000;2.000000;33.213165;-669.073547;1925.840332;0.200247;0.000000;0.000000;0.000000;0.000000;2.000000;-32.150574;-633.541382;1810.658203;0.143678;0.000000;0.000000;0.000000;0.000000;2.000000;-125.716812;-355.982483;1790.760498;0.117970;0.000000;0.000000;0.000000;0.000000;2.000000;-56.483261;-121.135376;1785.756836;0.264439;0.000000;0.000000;0.000000;0.000000;2.000000;-32.788528;-44.477676;1858.202637;0.282306;0.000000;0.000000;0.000000;0.000000;2.000000;-17.889557;50.926872;1912.419556;0.330222;0.000000;0.000000;0.000000;0.000000;0.000000;0.545700;-43.029556;1878.934570;0.170155;0.000000;0.000000;0.000000;0.000000;2.000000;58.503250;-154.406677;2074.809570;0.021006;0.000000;0.000000;0.000000;0.000000;2.000000;164.109406;247.313660;2116.042969;0.103477;0.000000;0.000000;0.000000;0.000000;2.000000;141.598175;645.486633;2125.303711;0.213268;0.000000;0.000000;0.000000;0.000000;2.000000;282.011475;741.971497;2029.760010;0.243173;0.000000;0.000000;0.000000;0.000000;2.000000;-52.754959;-146.026321;1932.540894;0.018938;0.000000;0.000000;0.000000;0.000000;2.000000;-115.809128;261.128296;1996.623047;0.119841;0.000000;0.000000;0.000000;0.000000;2.000000;-216.363480;639.098755;2094.229004;0.246884;0.000000;0.000000;0.000000;0.000000;2.000000;-147.250778;740.257874;1962.747803;0.419881;0.000000;0.000000;0.000000;0.000000;2.000000;93.111839;-781.488586;1932.709229;0.290465;0.000000;0.000000;0.000000;0.000000;2.000000;228.731873;-766.600159;1835.466064;0.438510;0.000000;0.000000;0.000000;0.000000;2.000000;236.276642;-790.507874;1888.166382;0.825016;0.000000;0.000000;0.000000;0.000000;2.000000;175.057007;-781.544800;2004.970459;1.308413;0.000000;0.000000;0.000000;0.000000;2.000000;213.375092;-817.128235;1846.469482;0.560234;0.000000;0.000000;0.000000;0.000000;2.000000;98.947586;-880.769348;1885.435303;1.343038;0.000000;0.000000;0.000000;0.000000;2.000000;16550233088.000000
0.000000;-150.000000;2000.000000;0.000000;0.000000;0.000000;0.000000;0.000000;2.000000;7.587082;-335.101379;1983.187988;0.000600;0.000000;0.000000;0.000000;0.000000;2.000000;15.112473;-482.906677;1968.616211;0.001275;0.000000;0.000000;0.000000;0.000000;2.000000;64.523392;-702.933105;1948.872559;0.003337;0.000000;0.000000;0.000000;0.000000;2.000000;77.851852;-664.561523;1979.885986;0.003017;0.000000;0.000000;0.000000;0.000000;2.000000;182.325790;-597.484619;2062.362549;0.006280;0.000000;0.000000;0.000000;0.000000;2.000000;186.036041;-357.096008;1903.552979;0.016410;0.000000;0.000000;0.000000;0.000000;2.000000;319.927246;-306.967163;1708.505737;0.023703;0.000000;0.000000;0.000000;0.000000;2.000000;311.068298;-286.466492;1610.619385;0.028107;0.000000;0.000000;0.000000;0.000000;2.000000;363.547028;-304.660706;1708.641602;0.023997;0.000000;0.000000;0.000000;0.000000;2.000000;313.443756;-291.715027;1572.089844;0.028382;0.000000;0.000000;0.000000;0.000000;2.000000;33.313126;-669.074707;1925.853516;0.002984;0.000000;0.000000;0.000000;0.000000;2.000000;-32.078751;-633.569336;1810.676636;0.002345;0.000000;0.000000;0.000000;0.000000;2.000000;-125.776230;-356.048889;1790.799805;0.002882;0.000000;0.000000;0.000000;0.000000;2.000000;-56.657074;-121.164612;1785.788940;0.005302;0.000000;0.000000;0.000000;0.000000;2.000000;-32.996109;-44.509071;1858.250488;0.006372;0.000000;0.000000;0.000000;0.000000;2.000000;-18.136734;50.876812;1912.514160;0.007971;0.000000;0.000000;0.000000;0.000000;0.000000;0.336609;-43.097198;1879.046631;0.007300;0.000000;0.000000;0.000000;0.000000;2.000000;58.502998;-154.396912;2074.812256;0.000300;0.000000;0.000000;0.000000;0.000000;2.000000;164.051697;247.347900;2116.013184;0.002173;0.000000;0.000000;0.000000;0.000000;2.000000;141.440948;645.521606;2125.235840;0.005172;0.000000;0.000000;0.000000;0.000000;2.000000;281.823792;742.043457;2029.679199;0.006411;0.000000;0.000000;0.000000;0.000000;2.000000;-52.754730;-146.035110;1932.538696;0.000268;0.000000;0.000000;0.000000;0.000000;2.000000;-115.864304;261.125854;1996.563965;0.002393;0.000000;0.000000;0.000000;0.000000;2.000000;-216.468399;639.107117;2094.099854;0.004930;0.000000;0.000000;0.000000;0.000000;2.000000;-147.416885;740.222107;1962.549316;0.007732;0.000000;0.000000;0.000000;0.000000;2.000000;93.248619;-781.472168;1932.722778;0.004096;0.000000;0.000000;0.000000;0.000000;2.000000;229.027267;-766.448853;1835.717773;0.012327;0.000000;0.000000;0.000000;0.000000;2.000000;236.513336;-790.294861;1888.455444;0.012727;0.000000;0.000000;0.000000;0.000000;2.000000;175.059601;-781.324097;2005.137939;0.008199;0.000000;0.000000;0.000000;0.000000;2.000000;213.733826;-816.992737;1846.740234;0.013891;0.000000;0.000000;0.000000;0.000000;2.000000;99.338104;-880.788757;1885.552612;0.012080;0.000000;0.000000;0.000000;0.000000;2.000000;16550266880.000000
0.000000;-150.000000;2000.000000;0.000000;0.000000;0.000000;0.000000;0.000000;2.000000;8.221863;-335.555542;1983.661865;0.027866;0.000000;0.000000;0.000000;0.000000;2.000000;17.227493;-483.594116;1968.734863;0.067966;0.000000;0.000000;0.000000;0.000000;2.000000;73.849701;-702.690979;1952.174316;0.302017;0.000000;0.000000;0.000000;0.000000;2.000000;85.471016;-663.519592;1983.072510;0.254032;0.000000;0.000000;0.000000;0.000000;2.000000;188.959488;-592.448059;2064.065674;0.259442;0.000000;0.000000;0.000000;0.000000;2.000000;194.949982;-360.136810;1892.581665;0.441266;0.000000;0.000000;0.000000;0.000000;2.000000;328.607147;-313.334595;1695.849854;0.507048;0.000000;0.000000;0.000000;0.000000;2.000000;329.612427;-283.889160;1599.621826;0.662642;0.000000;0.000000;0.000000;0.000000;2.000000;367.107056;-313.182037;1702.038452;0.346463;0.000000;0.000000;0.000000;0.000000;2.000000;324.744354;-293.290466;1563.576294;0.434451;0.000000;0.000000;0.000000;0.000000;2.000000;41.949661;-669.973572;1928.200195;0.274496;0.000000;0.000000;0.000000;0.000000;2.000000;-23.581711;-635.914246;1812.284668;0.273442;0.000000;0.000000;0.000000;0.000000;2.000000;-118.783600;-358.183441;1792.302734;0.227785;0.000000;0.000000;0.000000;0.000000;2.000000;-48.598694;-123.024384;1786.879395;0.254571;0.000000;0.000000;0.000000;0.000000;2.000000;-26.743439;-46.604172;1860.526001;0.212888;0.000000;0.000000;0.000000;0.000000;2.000000;-12.961395;48.716171;1915.712646;0.197028;0.000000;0.000000;0.000000;0.000000;0.000000;2.981842;-47.142952;1885.120972;0.236906;0.000000;0.000000;0.000000;0.000000;0.000000;58.256088;-154.049393;2075.306641;0.019922;0.000000;0.000000;0.000000;0.000000;2.000000;163.595398;248.626709;2117.868408;0.070160;0.000000;0.000000;0.000000;0.000000;2.000000;147.096893;648.004822;2128.428955;0.212206;0.000000;0.000000;0.000000;0.000000;2.000000;290.871674;741.693054;2034.165527;0.308385;0.000000;0.000000;0.000000;0.000000;2.000000;-52.532074;-146.348480;1932.092651;0.017970;0.000000;0.000000;0.000000;0.000000;2.000000;-115.465454;262.333374;1992.903564;0.118256;0.000000;0.000000;0.000000;0.000000;2.000000;-215.821991;641.865051;2088.572510;0.189542;0.000000;0.000000;0.000000;0.000000;2.000000;-139.519897;739.399963;1957.749268;0.283138;0.000000;0.000000;0.000000;0.000000;2.000000;105.328918;-780.647705;1937.333862;0.395406;0.000000;0.000000;0.000000;0.000000;2.000000;251.214661;-751.148987;1859.547974;1.097889;0.000000;0.000000;0.000000;0.000000;2.000000;253.838745;-772.357788;1914.002197;1.089501;0.000000;0.000000;0.000000;0.000000;2.000000;175.299515;-767.927551;2020.613525;0.624693;0.000000;0.000000;0.000000;0.000000;2.000000;240.755386;-803.013611;1870.702515;1.181851;0.000000;0.000000;0.000000;0.000000;2.000000;130.349030;-879.928284;1896.099854;0.999963;0.000000;0.000000;0.000000;0.000000;2.000000;16550299648.000000
0.000000;-150.000000;2000.000000;0.000000;0.000000;0.000000;0.000000;0.000000;2.000000;10.000900;-335.275208;1984.064453;0.054612;0.000000;0.000000;0.000000;0.000000;2.000000;21.237091;-482.964600;1969.000488;0.120366;0.000000;0.000000;0.000000;0.000000;2.000000;73.398720;-703.296875;1959.437500;0.216097;0.000000;0.000000;0.000000;0.000000;2.000000;82.563919;-664.314880;1991.283203;0.258830;0.000000;0.000000;0.000000;0.000000;2.000000;185.588593;-617.452576;2088.527832;1.039961;0.000000;0.000000;0.000000;0.000000;2.000000;196.230499;-396.478638;1903.418091;1.122889;0.000000;0.000000;0.000000;0.000000;2.000000;311.095551;-312.482971;1707.545654;0.623681;0.000000;0.000000;0.000000;0.000000;2.000000;339.099792;-293.736938;1612.848267;0.562985;0.000000;0.000000;0.000000;0.000000;2.000000;375.938354;-313.839417;1717.542480;0.528378;0.000000;0.000000;0.000000;0.000000;2.000000;335.481995;-300.987793;1577.245972;0.562579;0.000000;0.000000;0.000000;0.000000;2.000000;45.266861;-669.931519;1932.020508;0.149730;0.000000;0.000000;0.000000;0.000000;2.000000;-19.833878;-638.866516;1815.222656;0.165809;0.000000;0.000000;0.000000;0.000000;2.000000;-112.275711;-360.283081;1799.977539;0.304193;0.000000;0.000000;0.000000;0.000000;2.000000;-44.664154;-124.910843;1788.263062;0.135462;0.000000;0.000000;0.000000;0.000000;2.000000;-24.363663;-48.193993;1861.852417;0.093348;0.000000;0.000000;0.000000;0.000000;2.000000;-7.286636;46.006142;1917.765137;0.195760;0.000000;0.000000;0.000000;0.000000;0.000000;6.656326;-42.748322;1876.723999;0.300806;0.000000;0.000000;0.000000;0.000000;2.000000;55.737808;-153.620010;2077.067383;0.091816;0.000000;0.000000;0.000000;0.000000;2.000000;164.822586;247.405701;2120.762695;0.099802;0.000000;0.000000;0.000000;0.000000;2.000000;155.689484;646.403564;2135.436035;0.331513;0.000000;0.000000;0.000000;0.000000;2.000000;301.310852;731.972717;2036.879883;0.429686;0.000000;0.000000;0.000000;0.000000;2.000000;-50.261230;-146.735672;1930.505005;0.082793;0.000000;0.000000;0.000000;0.000000;2.000000;-110.091782;260.876678;1997.789307;0.219204;0.000000;0.000000;0.000000;0.000000;2.000000;-200.814285;641.352478;2097.182373;0.512241;0.000000;0.000000;0.000000;0.000000;2.000000;-127.882339;740.506775;1965.956787;0.422692;0.000000;0.000000;0.000000;0.000000;2.000000;104.192009;-782.041992;1948.405273;0.331931;0.000000;0.000000;0.000000;0.000000;2.000000;256.548645;-749.034363;1886.495483;0.815329;0.000000;0.000000;0.000000;0.000000;2.000000;253.978180;-771.394775;1940.412598;0.782088;0.000000;0.000000;0.000000;0.000000;2.000000;165.133423;-770.331848;2038.477783;0.612408;0.000000;0.000000;0.000000;0.000000;1.000000;245.791809;-801.198364;1895.431396;0.748749;0.000000;0.000000;0.000000;0.000000;2.000000;134.661118;-879.936279;1907.888184;0.371456;0.000000;0.000000;0.000000;0.000000;2.000000;16550333440.000000
0.000000;-150.000000;2000.000000;0.000000;0.000000;0.000000;0.000000;0.000000;2.000000;14.214310;-334.050629;1983.536377;0.134870;0.000000;0.000000;0.000000;0.000000;2.000000;31.851624;-480.116302;1966.039307;0.347351;0.000000;0.000000;0.000000;0.000000;2.000000;86.060257;-698.971802;1960.658203;0.410017;0.000000;0.000000;0.000000;0.000000;2.000000;92.773636;-660.015137;1992.750488;0.341032;0.000000;0.000000;0.000000;0.000000;2.000000;197.655273;-616.699585;2088.543945;0.368962;0.000000;0.000000;0.000000;0.000000;2.000000;224.944809;-392.382599;1911.494995;0.918840;0.000000;0.000000;0.000000;0.000000;2.000000;349.855103;-315.574799;1720.313965;1.248945;0.000000;0.000000;0.000000;0.000000;2.000000;347.390137;-299.081451;1621.682861;0.404106;0.000000;0.000000;0.000000;0.000000;2.000000;396.556091;-315.576447;1721.234253;0.641405;0.000000;0.000000;0.000000;0.000000;2.000000;345.849915;-303.767853;1584.698486;0.398792;0.000000;0.000000;0.000000;0.000000;2.000000;59.637070;-666.077637;1931.493164;0.454326;0.000000;0.000000;0.000000;0.000000;2.000000;-0.238449;-635.486938;1812.568848;0.612214;0.000000;0.000000;0.000000;0.000000;2.000000;-102.024887;-361.800812;1795.475098;0.344801;0.000000;0.000000;0.000000;0.000000;2.000000;-36.133331;-126.909332;1791.534912;0.285423;0.000000;0.000000;0.000000;0.000000;2.000000;-13.154785;-49.264915;1862.554565;0.344293;0.000000;0.000000;0.000000;0.000000;2.000000;6.450989;40.583714;1923.515869;0.483678;0.000000;0.000000;0.000000;0.000000;0.000000;18.622833;-48.380486;1883.683472;0.456085;0.000000;0.000000;0.000000;0.000000;2.000000;54.145569;-152.766144;2077.671143;0.058135;0.000000;0.000000;0.000000;0.000000;2.000000;161.624268;246.805984;2119.425537;0.107363;0.000000;0.000000;0.000000;0.000000;2.000000;172.922699;643.251831;2145.289795;0.613406;0.000000;0.000000;0.000000;0.000000;2.000000;313.986145;724.620483;2038.734619;0.450750;0.000000;0.000000;0.000000;0.000000;2.000000;-48.825439;-147.505646;1929.960815;0.052420;0.000000;0.000000;0.000000;0.000000;2.000000;-111.770523;256.459320;2003.656982;0.229919;0.000000;0.000000;0.000000;0.000000;2.000000;-192.718643;638.694702;2096.664307;0.260513;0.000000;0.000000;0.000000;0.000000;2.000000;-117.563736;734.711304;1965.544189;0.361387;0.000000;0.000000;0.000000;0.000000;2.000000;117.995636;-777.109009;1951.963623;0.460336;0.000000;0.000000;0.000000;0.000000;2.000000;272.394958;-738.887329;1901.321899;0.731080;0.000000;0.000000;0.000000;0.000000;2.000000;266.830383;-761.693481;1954.517334;0.653274;0.000000;0.000000;0.000000;0.000000;2.000000;171.845215;-764.336304;2045.697998;0.352113;0.000000;0.000000;0.000000;0.000000;1.000000;262.786499;-791.193237;1909.093262;0.732148;0.000000;0.000000;0.000000;0.000000;2.000000;154.196548;-873.147705;1913.200195;0.651631;0.000000;0.000000;0.000000;0.000000;2.000000;16550366208.000000
0.000000;-150.000000;2000.000000;0.000000;0.000000;0.000000;0.000000;0.000000;2.000000;15.687027;-333.936707;1984.356445;0.049997;0.000000;0.000000;0.000000;0.000000;2.000000;35.289383;-479.715515;1967.000488;0.106298;0.000000;0.000000;0.000000;0.000000;2.000000;92.564507;-697.720581;1962.230469;0.201455;0.000000;0.000000;0.000000;0.000000;2.000000;98.921288;-658.543335;1994.097656;0.191268;0.000000;0.000000;0.000000;0.000000;2.000000;201.866959;-608.414185;2088.577881;0.275050;0.000000;0.000000;0.000000;0.000000;2.000000;227.067215;-383.274994;1912.429199;0.278119;0.000000;0.000000;0.000000;0.000000;2.000000;353.240021;-306.900879;1722.011963;0.280083;0.000000;0.000000;0.000000;0.000000;2.000000;352.780029;-294.779938;1622.754639;0.206520;0.000000;0.000000;0.000000;0.000000;2.000000;394.222717;-306.690094;1726.348145;0.311166;0.000000;0.000000;0.000000;0.000000;2.000000;350.443970;-301.899414;1586.500854;0.156156;0.000000;0.000000;0.000000;0.000000;2.000000;65.499451;-665.348450;1933.101563;0.181185;0.000000;0.000000;0.000000;0.000000;2.000000;4.730240;-635.569519;1814.480225;0.157561;0.000000;0.000000;0.000000;0.000000;2.000000;-99.838013;-363.060913;1797.130615;0.089324;0.000000;0.000000;0.000000;0.000000;2.000000;-35.909256;-127.728516;1792.542480;0.038996;0.000000;0.000000;0.000000;0.000000;2.000000;-12.430084;-48.957146;1862.084473;0.027137;0.000000;0.000000;0.000000;0.000000;2.000000;7.244568;39.621040;1924.787476;0.052717;0.000000;0.000000;0.000000;0.000000;0.000000;18.064850;-50.592140;1887.999023;0.144450;0.000000;0.000000;0.000000;0.000000;2.000000;53.845337;-152.029694;2077.861572;0.024200;0.000000;0.000000;0.000000;0.000000;2.000000;156.142792;248.873032;2118.398926;0.176004;0.000000;0.000000;0.000000;0.000000;2.000000;169.076675;645.181213;2143.440186;0.138599;0.000000;0.000000;0.000000;0.000000;2.000000;311.457214;723.989258;2036.837646;0.095399;0.000000;0.000000;0.000000;0.000000;2.000000;-48.554703;-148.169754;1929.788696;0.021826;0.000000;0.000000;0.000000;0.000000;2.000000;-113.614807;255.615036;2001.790283;0.081575;0.000000;0.000000;0.000000;0.000000;2.000000;-196.205872;637.571838;2093.881348;0.136148;0.000000;0.000000;0.000000;0.000000;2.000000;-124.699921;731.011780;1958.999268;0.306750;0.000000;0.000000;0.000000;0.000000;2.000000;125.545868;-775.405029;1953.676270;0.234592;0.000000;0.000000;0.000000;0.000000;2.000000;282.270233;-760.979919;1898.229248;0.721948;0.000000;0.000000;0.000000;0.000000;2.000000;275.108063;-778.718811;1953.115723;0.561754;0.000000;0.000000;0.000000;0.000000;2.000000;182.644394;-762.323486;2045.378906;0.325219;0.000000;0.000000;0.000000;0.000000;1.000000;266.399780;-810.882324;1910.248901;0.593372;0.000000;0.000000;0.000000;0.000000;2.000000;148.602875;-877.909363;1922.223511;0.344324;0.000000;0.000000;0.000000;0.000000;2.000000;16550400000.000000
0.000000;-150.000000;2000.000000;0.000000;0.000000;0.000000;0.000000;0.000000;2.000000;16.080399;-333.380859;1983.189941;0.039972;0.000000;0.000000;0.000000;0.000000;2.000000;35.975281;-478.672791;1964.939697;0.071297;0.000000;0.000000;0.000000;0.000000;2.000000;92.163605;-696.321228;1956.358398;0.179031;0.000000;0.000000;0.000000;0.000000;2.000000;99.087265;-657.710083;1988.613770;0.164220;0.000000;0.000000;0.000000;0.000000;2.000000;204.266266;-607.779541;2080.171631;0.259380;0.000000;0.000000;0.000000;0.000000;2.000000;225.928833;-384.340027;1902.442871;0.299103;0.000000;0.000000;0.000000;0.000000;2.000000;348.110382;-310.765198;1709.026978;0.428693;0.000000;0.000000;0.000000;0.000000;2.000000;351.160278;-292.725769;1610.947388;0.357883;0.000000;0.000000;0.000000;0.000000;2.000000;388.887115;-307.150146;1715.365601;0.361586;0.000000;0.000000;0.000000;0.000000;2.000000;348.958984;-303.735291;1575.753906;0.325618;0.000000;0.000000;0.000000;0.000000;2.000000;64.908325;-663.509216;1928.114868;0.158257;0.000000;0.000000;0.000000;0.000000;2.000000;4.266403;-636.681213;1809.077393;0.163811;0.000000;0.000000;0.000000;0.000000;2.000000;-100.943604;-364.879761;1796.109863;0.069857;0.000000;0.000000;0.000000;0.000000;2.000000;-36.369415;-130.306656;1790.787720;0.093289;0.000000;0.000000;0.000000;0.000000;2.000000;-19.815140;-52.636948;1863.132080;0.246132;0.000000;0.000000;0.000000;0.000000;2.000000;-4.780151;45.028645;1911.564819;0.552581;0.000000;0.000000;0.000000;0.000000;0.000000;15.668030;-54.376175;1889.654907;0.141321;0.000000;0.000000;0.000000;0.000000;2.000000;53.603180;-152.427490;2077.759033;0.014112;0.000000;0.000000;0.000000;0.000000;2.000000;152.602188;248.080292;2120.761230;0.128123;0.000000;0.000000;0.000000;0.000000;2.000000;169.123001;643.105408;2149.558594;0.191203;0.000000;0.000000;0.000000;0.000000;2.000000;311.565765;720.500183;2042.799316;0.204441;0.000000;0.000000;0.000000;0.000000;2.000000;-48.336349;-147.811020;1929.881104;0.012725;0.000000;0.000000;0.000000;0.000000;2.000000;-113.984406;254.769836;2002.718506;0.038727;0.000000;0.000000;0.000000;0.000000;2.000000;-195.860626;635.693542;2095.799561;0.080102;0.000000;0.000000;0.000000;0.000000;2.000000;-131.781769;731.290710;1959.239014;0.209854;0.000000;0.000000;0.000000;0.000000;2.000000;124.637535;-773.830872;1946.295654;0.224937;0.000000;0.000000;0.000000;0.000000;2.000000;286.437286;-777.870911;1907.247925;0.579903;0.000000;0.000000;0.000000;0.000000;2.000000;271.791504;-794.086060;1960.968506;0.520041;0.000000;0.000000;0.000000;0.000000;2.000000;173.133041;-766.411987;2043.150146;0.313389;0.000000;0.000000;0.000000;0.000000;1.000000;263.887573;-825.414063;1917.485962;0.486131;0.000000;0.000000;0.000000;0.000000;2.000000;138.888748;-878.370789;1917.270630;0.322966;0.000000;0.000000;0.000000;0.000000;2.000000;16550433792.000000
0.000000;-150.000000;2000.000000;0.000000;0.000000;0.000000;0.000000;0.000000;2.000000;17.490204;-333.315002;1983.068359;0.043230;0.000000;0.000000;0.000000;0.000000;2.000000;40.039459;-478.133362;1963.697754;0.130731;0.000000;0.000000;0.000000;0.000000;2.000000;96.400223;-695.897949;1957.059814;0.131686;0.000000;0.000000;0.000000;0.000000;2.000000;103.350510;-656.965637;1988.953613;0.132479;0.000000;0.000000;0.000000;0.000000;2.000000;212.164902;-609.339722;2077.538086;0.258515;0.000000;0.000000;0.000000;0.000000;2.000000;234.910034;-385.697632;1900.015381;0.286927;0.000000;0.000000;0.000000;0.000000;2.000000;344.344421;-298.277039;1704.620483;0.420162;0.000000;0.000000;0.000000;0.000000;2.000000;345.553772;-294.997986;1604.870483;0.261678;0.000000;0.000000;0.000000;0.000000;2.000000;396.393372;-299.464355;1704.569702;0.464797;0.000000;0.000000;0.000000;0.000000;2.000000;347.477356;-305.637329;1568.687256;0.227863;0.000000;0.000000;0.000000;0.000000;2.000000;69.062943;-663.359131;1928.544067;0.127546;0.000000;0.000000;0.000000;0.000000;2.000000;12.032135;-640.811340;1806.802368;0.277257;0.000000;0.000000;0.000000;0.000000;2.000000;-102.313675;-372.888977;1788.805054;0.333445;0.000000;0.000000;0.000000;0.000000;2.000000;-43.773972;-136.644577;1783.181396;0.377300;0.000000;0.000000;0.000000;0.000000;2.000000;-20.352844;-59.295547;1854.020142;0.344799;0.000000;0.000000;0.000000;0.000000;2.000000;0.134338;37.825890;1901.640625;0.403157;0.000000;0.000000;0.000000;0.000000;0.000000;9.193207;-52.562843;1865.323486;0.770368;0.000000;0.000000;0.000000;0.000000;2.000000;53.478409;-152.092789;2077.900391;0.011723;0.000000;0.000000;0.000000;0.000000;2.000000;150.961868;248.992371;2120.579590;0.057544;0.000000;0.000000;0.000000;0.000000;2.000000;170.999893;643.874023;2151.230957;0.080223;0.000000;0.000000;0.000000;0.000000;2.000000;312.232666;721.032959;2042.569824;0.026974;0.000000;0.000000;0.000000;0.000000;2.000000;-48.223816;-148.112823;1929.753784;0.010570;0.000000;0.000000;0.000000;0.000000;2.000000;-114.767654;254.791199;2000.912842;0.060069;0.000000;0.000000;0.000000;0.000000;2.000000;-197.534561;635.298706;2095.583008;0.052901;0.000000;0.000000;0.000000;0.000000;2.000000;-133.102737;733.919617;1961.263672;0.108992;0.000000;0.000000;0.000000;0.000000;2.000000;128.929001;-773.505371;1947.666382;0.137842;0.000000;0.000000;0.000000;0.000000;2.000000;291.833160;-790.796875;1917.574219;0.531066;0.000000;0.000000;0.000000;0.000000;2.000000;273.244141;-803.999329;1970.923340;0.431024;0.000000;0.000000;0.000000;0.000000;2.000000;172.790344;-766.266052;2046.766602;0.110949;0.000000;0.000000;0.000000;0.000000;1.000000;265.261597;-836.183899;1928.058350;0.462472;0.000000;0.000000;0.000000;0.000000;2.000000;136.761108;-879.807617;1922.722778;0.183911;0.000000;0.000000;0.000000;0.000000;2.000000;16550466560.000000
0.000000;-150.000000;2000.000000;0.000000;0.000000;0.000000;0.000000;0.000000;2.000000;18.143097;-333.519440;1982.027832;0.036852;0.000000;0.000000;0.000000;0.000000;2.000000;41.936127;-478.237610;1961.228760;0.092186;0.000000;0.000000;0.000000;0.000000;2.000000;102.960114;-694.894470;1947.918457;0.334285;0.000000;0.000000;0.000000;0.000000;2.000000;109.617134;-656.586914;1980.775635;0.305098;0.000000;0.000000;0.000000;0.000000;2.000000;209.880875;-606.366455;2078.076660;0.112091;0.000000;0.000000;0.000000;0.000000;2.000000;236.758179;-376.854034;1907.865112;0.354179;0.000000;0.000000;0.000000;0.000000;2.000000;376.785706;-313.069885;1722.530884;1.180767;0.000000;0.000000;0.000000;0.000000;2.000000;351.753571;-300.806122;1626.486694;0.687313;0.000000;0.000000;0.000000;0.000000;2.000000;395.224854;-310.238831;1729.516846;0.804910;0.000000;0.000000;0.000000;0.000000;2.000000;347.195374;-301.863159;1587.793091;0.576382;0.000000;0.000000;0.000000;0.000000;2.000000;74.402649;-662.167236;1920.661011;0.283961;0.000000;0.000000;0.000000;0.000000;2.000000;14.486710;-639.205688;1800.087769;0.216835;0.000000;0.000000;0.000000;0.000000;2.000000;-102.758820;-371.822571;1783.467773;0.161605;0.000000;0.000000;0.000000;0.000000;2.000000;-43.496887;-135.218796;1780.324829;0.094834;0.000000;0.000000;0.000000;0.000000;2.000000;-18.425583;-60.361488;1853.556152;0.066606;0.000000;0.000000;0.000000;0.000000;2.000000;2.751587;36.541962;1901.815308;0.086424;0.000000;0.000000;0.000000;0.000000;0.000000;15.698669;-46.596436;1843.870605;0.686493;0.000000;0.000000;0.000000;0.000000;2.000000;54.218582;-152.240204;2077.609863;0.023932;0.000000;0.000000;0.000000;0.000000;2.000000;148.960907;250.542984;2118.365723;0.099519;0.000000;0.000000;0.000000;0.000000;2.000000;167.661362;646.418213;2147.081543;0.174664;0.000000;0.000000;0.000000;0.000000;2.000000;309.814789;721.773743;2037.674805;0.163046;0.000000;0.000000;0.000000;0.000000;2.000000;-48.891266;-147.979919;1930.015869;0.021581;0.000000;0.000000;0.000000;0.000000;2.000000;-115.821014;256.100403;1998.856934;0.078576;0.000000;0.000000;0.000000;0.000000;2.000000;-199.160278;638.327271;2089.344482;0.210784;0.000000;0.000000;0.000000;0.000000;2.000000;-130.378571;735.490784;1955.654297;0.190304;0.000000;0.000000;0.000000;0.000000;2.000000;137.053162;-771.651001;1935.935547;0.425821;0.000000;0.000000;0.000000;0.000000;2.000000;299.799988;-805.354431;1920.801270;0.500290;0.000000;0.000000;0.000000;0.000000;2.000000;275.050446;-816.704163;1972.161621;0.381516;0.000000;0.000000;0.000000;0.000000;2.000000;172.085709;-769.014893;2038.936523;0.246462;0.000000;0.000000;0.000000;0.000000;1.000000;267.876862;-847.919128;1928.312866;0.355877;0.000000;0.000000;0.000000;0.000000;2.000000;136.437958;-878.375427;1910.630005;0.360487;0.000000;0.000000;0.000000;0.000000;2.000000;16550500352.000000
0.000000;-150.000000;2000.000000;0.000000;0.000000;0.000000;0.000000;0.000000;2.000000;18.150513;-333.520691;1982.030762;0.000246;0.000000;0.000000;0.000000;0.000000;2.000000;41.961319;-478.236511;1961.226074;0.000774;0.000000;0.000000;0.000000;0.000000;2.000000;103.022018;-694.884949;1947.913574;0.001917;0.000000;0.000000;0.000000;0.000000;2.000000;109.668205;-656.577637;1980.774170;0.001585;0.000000;0.000000;0.000000;0.000000;2.000000;209.907104;-606.331787;2078.089600;0.001384;0.000000;0.000000;0.000000;0.000000;2.000000;236.722717;-376.811096;1907.875244;0.001727;0.000000;0.000000;0.000000;0.000000;2.000000;376.736389;-312.957886;1722.551636;0.003788;0.000000;0.000000;0.000000;0.000000;2.000000;351.739716;-300.705322;1626.495850;0.003118;0.000000;0.000000;0.000000;0.000000;2.000000;395.248627;-310.118530;1729.512939;0.003744;0.000000;0.000000;0.000000;0.000000;2.000000;347.257263;-301.810059;1587.780762;0.002517;0.000000;0.000000;0.000000;0.000000;2.000000;74.463142;-662.160522;1920.653198;0.001873;0.000000;0.000000;0.000000;0.000000;2.000000;14.581619;-639.189819;1800.063232;0.003031;0.000000;0.000000;0.000000;0.000000;2.000000;-102.638962;-371.794250;1783.421387;0.004016;0.000000;0.000000;0.000000;0.000000;2.000000;-43.327347;-135.200226;1780.317139;0.005210;0.000000;0.000000;0.000000;0.000000;2.000000;-18.226715;-60.358040;1853.555176;0.006070;0.000000;0.000000;0.000000;0.000000;2.000000;2.990204;36.528008;1901.833984;0.007317;0.000000;0.000000;0.000000;0.000000;0.000000;15.954346;-46.612816;1843.851807;0.007840;0.000000;0.000000;0.000000;0.000000;2.000000;54.217560;-152.236954;2077.611572;0.000116;0.000000;0.000000;0.000000;0.000000;2.000000;148.944122;250.554901;2118.356934;0.000683;0.000000;0.000000;0.000000;0.000000;2.000000;167.626877;646.435242;2147.062012;0.001316;0.000000;0.000000;0.000000;0.000000;2.000000;309.775970;721.800720;2037.653320;0.001585;0.000000;0.000000;0.000000;0.000000;2.000000;-48.890350;-147.982834;1930.014038;0.000109;0.000000;0.000000;0.000000;0.000000;2.000000;-115.837418;256.100983;1998.839844;0.000723;0.000000;0.000000;0.000000;0.000000;2.000000;-199.190506;638.333496;2089.306396;0.001496;0.000000;0.000000;0.000000;0.000000;2.000000;-130.417618;735.512817;1955.620850;0.001707;0.000000;0.000000;0.000000;0.000000;2.000000;137.129257;-771.636169;1935.931641;0.002369;0.000000;0.000000;0.000000;0.000000;2.000000;299.896332;-805.180298;1920.644897;0.007724;0.000000;0.000000;0.000000;0.000000;2.000000;275.205933;-816.553772;1972.029297;0.007739;0.000000;0.000000;0.000000;0.000000;2.000000;172.256226;-768.964294;2038.901123;0.005534;0.000000;0.000000;0.000000;0.000000;2.000000;268.021790;-847.776672;1928.187012;0.007295;0.000000;0.000000;0.000000;0.000000;2.000000;136.595093;-878.362549;1910.627808;0.004812;0.000000;0.000000;0.000000;0.000000;2.000000;16550533120.000000
0.000000;-150.000000;2000.000000;0.000000;0.000000;0.000000;0.000000;0.000000;2.000000;18.795074;-333.600769;1981.858154;0.019888;0.000000;0.000000;0.000000;0.000000;2.000000;44.305359;-478.020142;1960.115723;0.077022;0.000000;0.000000;0.000000;0.000000;2.000000;108.206322;-693.917847;1944.781372;0.181515;0.000000;0.000000;0.000000;0.000000;2.000000;114.101501;-655.890869;1978.174805;0.153434;0.000000;0.000000;0.000000;0.000000;2.000000;215.110077;-604.521301;2074.296631;0.197930;0.000000;0.000000;0.000000;0.000000;2.000000;229.430649;-376.518188;1900.158691;0.314305;0.000000;0.000000;0.000000;0.000000;2.000000;361.226868;-306.311584;1710.877930;0.607189;0.000000;0.000000;0.000000;0.000000;2.000000;345.605927;-296.487488;1612.498657;0.469151;0.000000;0.000000;0.000000;0.000000;2.000000;390.617950;-301.567261;1715.280396;0.510107;0.000000;0.000000;0.000000;0.000000;2.000000;347.800964;-299.793823;1573.082642;0.439327;0.000000;0.000000;0.000000;0.000000;2.000000;79.455200;-661.197021;1917.635498;0.174962;0.000000;0.000000;0.000000;0.000000;2.000000;22.802933;-636.281799;1795.744385;0.287978;0.000000;0.000000;0.000000;0.000000;2.000000;-91.165863;-367.260010;1778.294067;0.395350;0.000000;0.000000;0.000000;0.000000;2.000000;-27.570618;-131.552017;1780.471802;0.478643;0.000000;0.000000;0.000000;0.000000;2.000000;-8.840042;-57.919556;1856.909424;0.303679;0.000000;0.000000;0.000000;0.000000;2.000000;7.869370;37.261597;1910.298096;0.289927;0.000000;0.000000;0.000000;0.000000;0.000000;29.674042;-44.808968;1850.469238;0.453914;0.000000;0.000000;0.000000;0.000000;2.000000;54.164001;-152.138031;2077.751709;0.005318;0.000000;0.000000;0.000000;0.000000;2.000000;147.214859;251.416428;2118.486084;0.057301;0.000000;0.000000;0.000000;0.000000;2.000000;164.219620;647.720825;2147.146240;0.107798;0.000000;0.000000;0.000000;0.000000;2.000000;307.105652;722.680786;2038.120117;0.084342;0.000000;0.000000;0.000000;0.000000;2.000000;-48.842056;-148.072037;1929.887817;0.004792;0.000000;0.000000;0.000000;0.000000;2.000000;-116.948364;256.394196;1997.489990;0.052458;0.000000;0.000000;0.000000;0.000000;2.000000;-201.045258;639.295410;2085.962646;0.116680;0.000000;0.000000;0.000000;0.000000;2.000000;-134.632111;741.072266;1954.312744;0.210048;0.000000;0.000000;0.000000;0.000000;2.000000;143.391541;-770.163940;1932.186646;0.220280;0.000000;0.000000;0.000000;0.000000;2.000000;306.706696;-800.951538;1915.437744;0.282883;0.000000;0.000000;0.000000;0.000000;2.000000;282.594116;-813.005310;1966.997803;0.284603;0.000000;0.000000;0.000000;0.000000;2.000000;179.313614;-767.432190;2034.979492;0.243190;0.000000;0.000000;0.000000;0.000000;2.000000;275.575104;-844.146057;1923.012817;0.291465;0.000000;0.000000;0.000000;0.000000;2.000000;144.424423;-876.846313;1906.307983;0.268396;0.000000;0.000000;0.000000;0.000000;2.000000;16550566912.000000
0.000000;-150.000000;2000.000000;0.000000;0.000000;0.000000;0.000000;0.000000;2.000000;18.831848;-333.584534;1981.914063;0.002101;0.000000;0.000000;0.000000;0.000000;2.000000;44.360046;-477.994019;1960.224609;0.003803;0.000000;0.000000;0.000000;0.000000;2.000000;108.096878;-693.933960;1945.123657;0.010978;0.000000;0.000000;0.000000;0.000000;2.000000;113.963432;-655.897888;1978.504150;0.010900;0.000000;0.000000;0.000000;0.000000;2.000000;215.020294;-604.805603;2074.701172;0.015336;0.000000;0.000000;0.000000;0.000000;2.000000;229.608627;-376.745361;1900.705933;0.018880;0.000000;0.000000;0.000000;0.000000;2.000000;361.373230;-306.370972;1711.495117;0.019442;0.000000;0.000000;0.000000;0.000000;2.000000;346.395050;-296.202271;1613.060791;0.030822;0.000000;0.000000;0.000000;0.000000;2.000000;390.972656;-301.686646;1715.999023;0.024727;0.000000;0.000000;0.000000;0.000000;2.000000;348.835815;-299.644409;1573.698120;0.037026;0.000000;0.000000;0.000000;0.000000;2.000000;79.426140;-661.206238;1917.910889;0.008456;0.000000;0.000000;0.000000;0.000000;2.000000;23.385590;-636.160645;1795.778564;0.018192;0.000000;0.000000;0.000000;0.000000;2.000000;-89.023941;-366.591797;1777.166870;0.076628;0.000000;0.000000;0.000000;0.000000;2.000000;-23.765472;-131.364838;1779.510132;0.119911;0.000000;0.000000;0.000000;0.000000;2.000000;-5.427261;-57.338158;1855.646973;0.112456;0.000000;0.000000;0.000000;0.000000;2.000000;11.165894;38.082676;1908.620361;0.115629;0.000000;0.000000;0.000000;0.000000;0.000000;33.833466;-44.188843;1848.228027;0.145426;0.000000;0.000000;0.000000;0.000000;2.000000;54.151627;-152.104813;2077.750244;0.001083;0.000000;0.000000;0.000000;0.000000;2.000000;147.057526;251.477341;2118.131104;0.011994;0.000000;0.000000;0.000000;0.000000;2.000000;163.901291;647.772217;2146.486084;0.022421;0.000000;0.000000;0.000000;0.000000;2.000000;306.714478;722.601196;2037.308105;0.027613;0.000000;0.000000;0.000000;0.000000;2.000000;-48.830917;-148.102020;1929.889282;0.000977;0.000000;0.000000;0.000000;0.000000;2.000000;-116.856796;256.374451;1997.264404;0.007454;0.000000;0.000000;0.000000;0.000000;2.000000;-200.721542;639.346130;2085.476074;0.017902;0.000000;0.000000;0.000000;0.000000;2.000000;-135.076248;740.657776;1953.107910;0.041178;0.000000;0.000000;0.000000;0.000000;2.000000;143.235962;-770.209656;1932.635132;0.014554;0.000000;0.000000;0.000000;0.000000;2.000000;306.445038;-801.263123;1915.507568;0.012598;0.000000;0.000000;0.000000;0.000000;2.000000;282.453003;-813.196777;1967.145508;0.008544;0.000000;0.000000;0.000000;0.000000;2.000000;179.429367;-767.365723;2035.318604;0.011122;0.000000;0.000000;0.000000;0.000000;2.000000;275.272797;-844.395081;1923.233521;0.013720;0.000000;0.000000;0.000000;0.000000;2.000000;144.043030;-876.924805;1906.928589;0.022359;0.000000;0.000000;0.000000;0.000000;2.000000;16550599680.000000
0.000000;-150.000000;2000.000000;0.000000;0.000000;0.000000;0.000000;0.000000;2.000000;19.088654;-333.645630;1981.947266;0.007873;0.000000;0.000000;0.000000;0.000000;2.000000;45.202637;-477.984070;1960.027100;0.025612;0.000000;0.000000;0.000000;0.000000;2.000000;109.911201;-693.719299;1944.616577;0.056109;0.000000;0.000000;0.000000;0.000000;2.000000;115.493210;-655.728699;1978.132813;0.046853;0.000000;0.000000;0.000000;0.000000;2.000000;216.382431;-604.930908;2074.763916;0.040522;0.000000;0.000000;0.000000;0.000000;2.000000;231.061859;-376.044983;1901.649292;0.055302;0.000000;0.000000;0.000000;0.000000;2.000000;363.300598;-304.972595;1712.892212;0.081700;0.000000;0.000000;0.000000;0.000000;2.000000;349.754822;-295.518372;1614.133911;0.106318;0.000000;0.000000;0.000000;0.000000;2.000000;393.111206;-300.176331;1717.687866;0.092198;0.000000;0.000000;0.000000;0.000000;2.000000;351.781281;-299.695068;1575.171875;0.097478;0.000000;0.000000;0.000000;0.000000;2.000000;81.200951;-661.023987;1917.362671;0.055234;0.000000;0.000000;0.000000;0.000000;2.000000;26.147354;-635.482483;1794.816040;0.088846;0.000000;0.000000;0.000000;0.000000;2.000000;-85.303314;-365.374512;1776.180908;0.119465;0.000000;0.000000;0.000000;0.000000;2.000000;-18.496323;-130.489517;1780.109009;0.159056;0.000000;0.000000;0.000000;0.000000;2.000000;-0.055634;-56.711845;1856.530884;0.162162;0.000000;0.000000;0.000000;0.000000;2.000000;16.918640;38.515892;1909.833740;0.174457;0.000000;0.000000;0.000000;0.000000;0.000000;40.764404;-43.788437;1848.004272;0.205555;0.000000;0.000000;0.000000;0.000000;2.000000;54.142960;-152.021133;2077.810547;0.003063;0.000000;0.000000;0.000000;0.000000;2.000000;146.511627;251.923233;2117.730713;0.023989;0.000000;0.000000;0.000000;0.000000;2.000000;162.763092;648.451782;2145.672607;0.046027;0.000000;0.000000;0.000000;0.000000;2.000000;305.843018;723.569885;2036.886719;0.040526;0.000000;0.000000;0.000000;0.000000;2.000000;-48.823074;-148.177460;1929.834839;0.002763;0.000000;0.000000;0.000000;0.000000;2.000000;-117.318298;256.434021;1997.078857;0.014825;0.000000;0.000000;0.000000;0.000000;2.000000;-201.481354;639.553894;2085.187744;0.024823;0.000000;0.000000;0.000000;0.000000;2.000000;-137.259155;740.567932;1951.788818;0.075523;0.000000;0.000000;0.000000;0.000000;2.000000;145.427139;-769.852600;1932.065308;0.067828;0.000000;0.000000;0.000000;0.000000;2.000000;308.551544;-798.340027;1909.729004;0.201522;0.000000;0.000000;0.000000;0.000000;2.000000;286.482880;-810.257935;1962.250488;0.206807;0.000000;0.000000;0.000000;0.000000;2.000000;184.976059;-765.574890;2033.505859;0.180635;0.000000;0.000000;0.000000;0.000000;2.000000;278.371948;-841.939758;1918.819214;0.175372;0.000000;0.000000;0.000000;0.000000;2.000000;147.181656;-876.792358;1907.140015;0.093174;0.000000;0.000000;0.000000;0.000000;2.000000;16550633472.000000
0.000000;-150.000000;2000.000000;0.000000;0.000000;0.000000;0.000000;0.000000;2.000000;25.745804;-329.607666;1965.966064;0.542511;0.000000;0.000000;0.000000;0.000000;2.000000;46.186478;-473.238708;1938.880371;0.662077;0.000000;0.000000;0.000000;0.000000;2.000000;105.087898;-689.633911;1925.742554;0.607433;0.000000;0.000000;0.000000;0.000000;2.000000;112.295738;-651.434143;1958.319092;0.626355;0.000000;0.000000;0.000000;0.000000;2.000000;213.922821;-604.710632;2055.116943;0.604296;0.000000;0.000000;0.000000;0.000000;2.000000;216.477081;-379.413025;1879.044800;0.827371;0.000000;0.000000;0.000000;0.000000;2.000000;343.229797;-311.406189;1686.928467;1.020558;0.000000;0.000000;0.000000;0.000000;2.000000;333.964355;-288.644958;1590.365967;0.895730;0.000000;0.000000;0.000000;0.000000;2.000000;372.357056;-296.557678;1695.080078;0.943058;0.000000;0.000000;0.000000;0.000000;2.000000;333.733093;-288.007690;1553.188354;0.938438;0.000000;0.000000;0.000000;0.000000;2.000000;76.692368;-656.865540;1898.719727;0.598938;0.000000;0.000000;0.000000;0.000000;2.000000;21.421890;-633.909546;1776.504395;0.579127;0.000000;0.000000;0.000000;0.000000;2.000000;-86.558502;-363.859680;1759.087891;0.525081;0.000000;0.000000;0.000000;0.000000;2.000000;-9.360001;-133.497086;1765.474365;0.534442;0.000000;0.000000;0.000000;0.000000;2.000000;-2.222488;-54.441292;1837.649902;0.584108;0.000000;0.000000;0.000000;0.000000;2.000000;2.024872;44.282696;1885.755127;0.881773;0.000000;0.000000;0.000000;0.000000;0.000000;39.810760;-37.977371;1829.534790;0.591600;0.000000;0.000000;0.000000;0.000000;2.000000;62.538338;-154.396790;2070.511475;0.347153;0.000000;0.000000;0.000000;0.000000;2.000000;121.925522;254.767349;2096.261475;0.999884;0.000000;0.000000;0.000000;0.000000;2.000000;149.302887;648.618958;2125.694824;0.735161;0.000000;0.000000;0.000000;0.000000;2.000000;286.035736;734.112549;2018.114502;0.892801;0.000000;0.000000;0.000000;0.000000;2.000000;-56.393570;-146.035233;1936.416626;0.313042;0.000000;0.000000;0.000000;0.000000;2.000000;-132.447693;257.684204;1986.038818;0.572840;0.000000;0.000000;0.000000;0.000000;2.000000;-224.751068;639.126404;2063.703369;0.966613;0.000000;0.000000;0.000000;0.000000;2.000000;-155.242371;747.781006;1940.525391;0.683954;0.000000;0.000000;0.000000;0.000000;2.000000;138.325043;-766.420898;1913.749634;0.608579;0.000000;0.000000;0.000000;0.000000;2.000000;300.390015;-799.217896;1896.234253;0.482032;0.000000;0.000000;0.000000;0.000000;2.000000;276.523376;-810.788696;1947.722168;0.537790;0.000000;0.000000;0.000000;0.000000;2.000000;174.693924;-763.937744;2015.866699;0.625084;0.000000;0.000000;0.000000;0.000000;2.000000;268.886780;-841.792603;1904.048462;0.535725;0.000000;0.000000;0.000000;0.000000;2.000000;137.827713;-872.680786;1888.228882;0.655973;0.000000;0.000000;0.000000;0.000000;2.000000;16550666240.000000
0.000000;-150.000000;2000.000000;0.000000;0.000000;0.000000;0.000000;0.000000;2.000000;25.740952;-329.695557;1965.937256;0.002741;0.000000;0.000000;0.000000;0.000000;2.000000;46.197052;-473.391113;1938.812256;0.004950;0.000000;0.000000;0.000000;0.000000;2.000000;104.613815;-690.017212;1925.440674;0.020132;0.000000;0.000000;0.000000;0.000000;2.000000;111.825188;-651.877869;1958.125732;0.019977;0.000000;0.000000;0.000000;0.000000;2.000000;213.696442;-606.124146;2055.239746;0.042518;0.000000;0.000000;0.000000;0.000000;2.000000;216.516006;-379.505432;1880.646484;0.047491;0.000000;0.000000;0.000000;0.000000;2.000000;342.961182;-309.947388;1688.736694;0.069211;0.000000;0.000000;0.000000;0.000000;2.000000;333.828308;-288.425049;1591.828003;0.043937;0.000000;0.000000;0.000000;0.000000;2.000000;371.842072;-295.245972;1696.815186;0.066148;0.000000;0.000000;0.000000;0.000000;2.000000;334.545990;-291.704834;1554.939087;0.123423;0.000000;0.000000;0.000000;0.000000;2.000000;76.369080;-657.110291;1898.380859;0.015638;0.000000;0.000000;0.000000;0.000000;2.000000;21.913208;-633.451355;1775.860229;0.027543;0.000000;0.000000;0.000000;0.000000;2.000000;-84.015869;-362.403931;1758.968628;0.086775;0.000000;0.000000;0.000000;0.000000;2.000000;-4.352966;-132.797501;1766.696899;0.153924;0.000000;0.000000;0.000000;0.000000;2.000000;4.298233;-54.633949;1839.751099;0.202817;0.000000;0.000000;0.000000;0.000000;2.000000;10.342712;43.518833;1888.943237;0.264577;0.000000;0.000000;0.000000;0.000000;0.000000;46.770355;-38.903374;1832.031250;0.220513;0.000000;0.000000;0.000000;0.000000;2.000000;62.561028;-154.411957;2070.552002;0.001446;0.000000;0.000000;0.000000;0.000000;2.000000;122.368851;254.902771;2096.188721;0.013886;0.000000;0.000000;0.000000;0.000000;2.000000;150.502747;648.908325;2125.447021;0.037254;0.000000;0.000000;0.000000;0.000000;2.000000;288.035034;734.049133;2018.436768;0.059958;0.000000;0.000000;0.000000;0.000000;2.000000;-56.414017;-146.021561;1936.379883;0.001308;0.000000;0.000000;0.000000;0.000000;2.000000;-132.723907;257.871521;1985.881592;0.010917;0.000000;0.000000;0.000000;0.000000;2.000000;-225.237335;639.471619;2063.526611;0.018406;0.000000;0.000000;0.000000;0.000000;2.000000;-156.466400;747.795227;1939.519531;0.046886;0.000000;0.000000;0.000000;0.000000;2.000000;137.706833;-766.903992;1913.398193;0.025441;0.000000;0.000000;0.000000;0.000000;2.000000;299.642151;-802.673889;1900.284424;0.159107;0.000000;0.000000;0.000000;0.000000;2.000000;274.083893;-814.121033;1951.014160;0.156290;0.000000;0.000000;0.000000;0.000000;2.000000;171.189926;-765.755981;2016.576416;0.118695;0.000000;0.000000;0.000000;0.000000;2.000000;267.118408;-844.712769;1906.906982;0.131765;0.000000;0.000000;0.000000;0.000000;2.000000;135.945953;-873.023682;1887.131836;0.065253;0.000000;0.000000;0.000000;0.000000;2.000000;16550700032.000000
0.000000;-150.000000;2000.000000;0.000000;0.000000;0.000000;0.000000;0.000000;2.000000;25.745071;-329.786835;1965.846924;0.003802;0.000000;0.000000;0.000000;0.000000;2.000000;46.341507;-473.513184;1938.530762;0.010036;0.000000;0.000000;0.000000;0.000000;2.000000;104.636490;-690.250549;1924.290161;0.034747;0.000000;0.000000;0.000000;0.000000;2.000000;111.902260;-652.217651;1957.132080;0.031160;0.000000;0.000000;0.000000;0.000000;2.000000;214.208664;-607.220642;2054.271973;0.045857;0.000000;0.000000;0.000000;0.000000;2.000000;216.225220;-379.408813;1880.955688;0.012882;0.000000;0.000000;0.000000;0.000000;2.000000;341.809875;-308.364777;1688.852661;0.058017;0.000000;0.000000;0.000000;0.000000;2.000000;332.274628;-285.891541;1592.139771;0.088431;0.000000;0.000000;0.000000;0.000000;2.000000;370.450928;-294.006531;1697.044312;0.055553;0.000000;0.000000;0.000000;0.000000;2.000000;332.250366;-288.680359;1555.270142;0.112791;0.000000;0.000000;0.000000;0.000000;2.000000;76.377144;-657.203979;1897.360474;0.030324;0.000000;0.000000;0.000000;0.000000;2.000000;22.132339;-632.645935;1774.836304;0.039093;0.000000;0.000000;0.000000;0.000000;2.000000;-82.142914;-360.660980;1759.955933;0.081154;0.000000;0.000000;0.000000;0.000000;2.000000;-0.154510;-131.781281;1769.171021;0.147315;0.000000;0.000000;0.000000;0.000000;2.000000;11.355347;-54.319702;1842.667725;0.226164;0.000000;0.000000;0.000000;0.000000;2.000000;20.295456;43.388561;1892.441528;0.312218;0.000000;0.000000;0.000000;0.000000;0.000000;54.323112;-39.274818;1833.503418;0.227979;0.000000;0.000000;0.000000;0.000000;2.000000;62.604103;-154.443756;2070.584473;0.001853;0.000000;0.000000;0.000000;0.000000;2.000000;122.786346;255.057831;2096.209717;0.013194;0.000000;0.000000;0.000000;0.000000;2.000000;151.600418;649.247803;2125.403564;0.034025;0.000000;0.000000;0.000000;0.000000;2.000000;289.829773;734.064392;2018.833008;0.054392;0.000000;0.000000;0.000000;0.000000;2.000000;-56.452866;-145.992874;1936.350830;0.001668;0.000000;0.000000;0.000000;0.000000;2.000000;-132.994781;258.097961;1985.869629;0.010454;0.000000;0.000000;0.000000;0.000000;2.000000;-225.918213;639.768372;2063.863770;0.024138;0.000000;0.000000;0.000000;0.000000;2.000000;-157.218781;748.325500;1939.873779;0.029187;0.000000;0.000000;0.000000;0.000000;2.000000;137.687866;-767.157532;1911.925537;0.044225;0.000000;0.000000;0.000000;0.000000;2.000000;299.368378;-801.680969;1892.590698;0.229710;0.000000;0.000000;0.000000;0.000000;2.000000;275.784302;-813.594666;1944.199707;0.208425;0.000000;0.000000;0.000000;0.000000;2.000000;174.998642;-766.314636;2013.851563;0.139568;0.000000;0.000000;0.000000;0.000000;2.000000;267.397491;-844.017700;1900.185059;0.200152;0.000000;0.000000;0.000000;0.000000;2.000000;135.710999;-873.205994;1885.130737;0.059868;0.000000;0.000000;0.000000;0.000000;2.000000;16550733824.000000
0.000000;-150.000000;2000.000000;0.000000;0.000000;0.000000;0.000000;0.000000;2.000000;25.745407;-329.787292;1965.846436;0.000023;0.000000;0.000000;0.000000;0.000000;2.000000;46.341904;-473.514038;1938.530029;0.000036;0.000000;0.000000;0.000000;0.000000;2.000000;104.632523;-690.253235;1924.287354;0.000169;0.000000;0.000000;0.000000;0.000000;2.000000;111.898933;-652.220825;1957.129639;0.000159;0.000000;0.000000;0.000000;0.000000;2.000000;214.207047;-607.227539;2054.270264;0.000222;0.000000;0.000000;0.000000;0.000000;2.000000;216.225037;-379.413269;1880.955688;0.000136;0.000000;0.000000;0.000000;0.000000;2.000000;341.809143;-308.367920;1688.851807;0.000102;0.000000;0.000000;0.000000;0.000000;2.000000;332.274384;-285.894287;1592.138672;0.000091;0.000000;0.000000;0.000000;0.000000;2.000000;370.453003;-294.008789;1697.042847;0.000104;0.000000;0.000000;0.000000;0.000000;2.000000;332.245178;-288.685425;1555.270020;0.000221;0.000000;0.000000;0.000000;0.000000;2.000000;76.373955;-657.205688;1897.357666;0.000140;0.000000;0.000000;0.000000;0.000000;2.000000;22.132629;-632.642700;1774.832397;0.000155;0.000000;0.000000;0.000000;0.000000;2.000000;-82.124374;-360.649414;1759.956543;0.000667;0.000000;0.000000;0.000000;0.000000;2.000000;-0.112946;-131.777344;1769.178711;0.001296;0.000000;0.000000;0.000000;0.000000;2.000000;11.421722;-54.321465;1842.678101;0.002051;0.000000;0.000000;0.000000;0.000000;2.000000;20.387558;43.382877;1892.455811;0.002850;0.000000;0.000000;0.000000;0.000000;0.000000;54.402313;-39.285995;1833.505127;0.002442;0.000000;0.000000;0.000000;0.000000;2.000000;62.604301;-154.443832;2070.584717;0.000010;0.000000;0.000000;0.000000;0.000000;2.000000;122.787331;255.058914;2096.210449;0.000050;0.000000;0.000000;0.000000;0.000000;2.000000;151.602890;649.249939;2125.404541;0.000104;0.000000;0.000000;0.000000;0.000000;2.000000;289.834534;734.067688;2018.836914;0.000213;0.000000;0.000000;0.000000;0.000000;2.000000;-56.453049;-145.992798;1936.350586;0.000010;0.000000;0.000000;0.000000;0.000000;2.000000;-133.000839;258.098083;1985.871094;0.000190;0.000000;0.000000;0.000000;0.000000;2.000000;-225.932144;639.766113;2063.874023;0.000532;0.000000;0.000000;0.000000;0.000000;2.000000;-157.250656;748.329224;1939.878662;0.000991;0.000000;0.000000;0.000000;0.000000;2.000000;137.682434;-767.161011;1911.921997;0.000225;0.000000;0.000000;0.000000;0.000000;2.000000;299.357483;-801.692322;1892.550903;0.001306;0.000000;0.000000;0.000000;0.000000;2.000000;275.783508;-813.608337;1944.164063;0.001165;0.000000;0.000000;0.000000;0.000000;2.000000;175.014679;-766.327332;2013.840332;0.000712;0.000000;0.000000;0.000000;0.000000;2.000000;267.385742;-844.027954;1900.149048;0.001198;0.000000;0.000000;0.000000;0.000000;2.000000;135.694061;-873.207886;1885.120239;0.000611;0.000000;0.000000;0.000000;0.000000;2.000000;16550766592.000000
0.000000;-150.000000;2000.000000;0.000000;0.000000;0.000000;0.000000;0.000000;2.000000;26.208008;-330.503845;1966.853027;0.039043;0.000000;0.000000;0.000000;0.000000;2.000000;44.628181;-475.544922;1942.591064;0.143619;0.000000;0.000000;0.000000;0.000000;2.000000;89.454407;-695.794067;1923.223755;0.479191;0.000000;0.000000;0.000000;0.000000;2.000000;100.630295;-658.548523;1956.116943;0.383621;0.000000;0.000000;0.000000;0.000000;2.000000;203.664780;-613.991455;2053.399414;0.371562;0.000000;0.000000;0.000000;0.000000;2.000000;190.829285;-377.489380;1891.047974;0.810702;0.000000;0.000000;0.000000;0.000000;2.000000;313.286499;-301.077332;1698.043823;0.912681;0.000000;0.000000;0.000000;0.000000;2.000000;317.371155;-284.006958;1599.536011;0.495526;0.000000;0.000000;0.000000;0.000000;2.000000;353.345093;-294.805481;1705.348389;0.563273;0.000000;0.000000;0.000000;0.000000;2.000000;306.405945;-287.726013;1565.193481;0.819599;0.000000;0.000000;0.000000;0.000000;2.000000;61.765053;-660.714966;1898.023438;0.445053;0.000000;0.000000;0.000000;0.000000;2.000000;-0.958313;-632.893005;1779.844849;0.699279;0.000000;0.000000;0.000000;0.000000;2.000000;-88.040833;-354.396362;1758.359375;0.259095;0.000000;0.000000;0.000000;0.000000;2.000000;8.001022;-130.034744;1760.057739;0.364923;0.000000;0.000000;0.000000;0.000000;2.000000;23.100693;-53.758011;1834.629272;0.420071;0.000000;0.000000;0.000000;0.000000;2.000000;37.736900;42.989090;1885.679688;0.551309;0.000000;0.000000;0.000000;0.000000;0.000000;54.852325;-43.948349;1841.473633;0.273533;0.000000;0.000000;0.000000;0.000000;2.000000;63.302818;-153.736740;2070.399414;0.029920;0.000000;0.000000;0.000000;0.000000;2.000000;115.707413;258.266418;2094.028076;0.238908;0.000000;0.000000;0.000000;0.000000;2.000000;135.350189;654.305725;2122.709717;0.509970;0.000000;0.000000;0.000000;0.000000;2.000000;271.944397;743.612244;2016.589355;0.603727;0.000000;0.000000;0.000000;0.000000;2.000000;-57.082947;-146.630417;1936.517944;0.026982;0.000000;0.000000;0.000000;0.000000;2.000000;-135.444702;260.953674;1956.853271;0.865892;0.000000;0.000000;0.000000;0.000000;2.000000;-279.724823;621.240784;2060.655518;1.686322;0.000000;0.000000;0.000000;0.000000;2.000000;-222.798859;746.206055;1945.671875;1.948329;0.000000;0.000000;0.000000;0.000000;2.000000;117.355789;-774.575012;1908.389648;0.648763;0.000000;0.000000;0.000000;0.000000;2.000000;274.695557;-809.165283;1864.478760;1.127677;0.000000;0.000000;0.000000;0.000000;2.000000;257.981354;-825.002075;1917.888428;0.997915;0.000000;0.000000;0.000000;0.000000;2.000000;168.222534;-782.330811;2004.349365;0.586149;0.000000;0.000000;0.000000;0.000000;2.000000;243.063400;-851.785095;1873.036011;1.102055;0.000000;0.000000;0.000000;0.000000;2.000000;109.551376;-878.425049;1873.782837;0.857270;0.000000;0.000000;0.000000;0.000000;2.000000;16550800384.000000
0.000000;-150.000000;2000.000000;0.000000;0.000000;0.000000;0.000000;0.000000;2.000000;24.932137;-329.005859;1967.371094;0.062096;0.000000;0.000000;0.000000;0.000000;2.000000;40.411659;-473.327637;1945.262939;0.166689;0.000000;0.000000;0.000000;0.000000;2.000000;75.541313;-692.820068;1922.057861;0.435641;0.000000;0.000000;0.000000;0.000000;2.000000;87.409920;-657.195007;1955.761475;0.405708;0.000000;0.000000;0.000000;0.000000;2.000000;190.183182;-645.787170;2060.467041;1.075792;0.000000;0.000000;0.000000;0.000000;2.000000;180.704956;-383.242004;1951.354248;1.874396;0.000000;0.000000;0.000000;0.000000;2.000000;328.760376;-322.451172;1774.178833;2.459047;0.000000;0.000000;0.000000;0.000000;2.000000;307.610565;-311.778687;1677.924683;2.555348;0.000000;0.000000;0.000000;0.000000;2.000000;359.317993;-317.291931;1776.255493;2.277424;0.000000;0.000000;0.000000;0.000000;2.000000;314.946014;-305.646179;1635.451416;2.228043;0.000000;0.000000;0.000000;0.000000;2.000000;50.328796;-656.318359;1897.250610;0.374653;0.000000;0.000000;0.000000;0.000000;2.000000;-9.960617;-628.403564;1779.293823;0.307456;0.000000;0.000000;0.000000;0.000000;2.000000;-95.650024;-352.430908;1756.647217;0.245461;0.000000;0.000000;0.000000;0.000000;2.000000;1.147690;-130.884628;1759.274170;0.212101;0.000000;0.000000;0.000000;0.000000;2.000000;20.365433;-55.261421;1832.098755;0.122624;0.000000;0.000000;0.000000;0.000000;2.000000;37.901833;38.090561;1886.248169;0.150579;0.000000;0.000000;0.000000;0.000000;0.000000;52.062355;-42.355148;1827.100098;0.449470;0.000000;0.000000;0.000000;0.000000;2.000000;63.059013;-153.870911;2069.420410;0.031060;0.000000;0.000000;0.000000;0.000000;2.000000;111.959183;254.638077;2093.259766;0.160919;0.000000;0.000000;0.000000;0.000000;2.000000;128.200745;647.039673;2122.907959;0.311144;0.000000;0.000000;0.000000;0.000000;2.000000;261.358643;738.095825;2017.221924;0.364796;0.000000;0.000000;0.000000;0.000000;2.000000;-56.863083;-146.509415;1937.400391;0.027998;0.000000;0.000000;0.000000;0.000000;2.000000;-128.636032;258.818359;1943.040283;0.474464;0.000000;0.000000;0.000000;0.000000;2.000000;-299.771179;601.105591;2052.378906;0.903127;0.000000;0.000000;0.000000;0.000000;2.000000;-251.774460;746.332458;1962.444580;1.021735;0.000000;0.000000;0.000000;0.000000;2.000000;100.047821;-771.685364;1906.216797;0.539598;0.000000;0.000000;0.000000;0.000000;2.000000;257.061096;-801.219360;1863.350220;0.591274;0.000000;0.000000;0.000000;0.000000;2.000000;240.079803;-819.670776;1915.226685;0.575783;0.000000;0.000000;0.000000;0.000000;2.000000;149.301422;-783.003784;2001.515137;0.584230;0.000000;0.000000;0.000000;0.000000;2.000000;226.359497;-844.318848;1869.389282;0.569350;0.000000;0.000000;0.000000;0.000000;2.000000;94.577362;-872.946472;1867.023804;0.528510;0.000000;0.000000;0.000000;0.000000;2.000000;16550833152.000000
0.000000;-150.000000;2000.000000;0.000000;0.000000;0.000000;0.000000;0.000000;2.000000;21.402245;-328.969727;1964.237549;0.139685;0.000000;0.000000;0.000000;0.000000;2.000000;31.056549;-473.976624;1942.763428;0.287198;0.000000;0.000000;0.000000;0.000000;2.000000;59.921577;-694.248169;1917.214478;0.485785;0.000000;0.000000;0.000000;0.000000;2.000000;72.408722;-659.394531;1951.537842;0.465758;0.000000;0.000000;0.000000;0.000000;2.000000;168.744324;-648.789673;2062.384521;0.643136;0.000000;0.000000;0.000000;0.000000;2.000000;162.629654;-392.001770;1939.751709;0.686444;0.000000;0.000000;0.000000;0.000000;2.000000;312.278076;-321.184753;1767.527344;0.527310;0.000000;0.000000;0.000000;0.000000;2.000000;304.952759;-316.015686;1668.751343;0.309193;0.000000;0.000000;0.000000;0.000000;2.000000;356.036499;-324.730042;1767.246948;0.359096;0.000000;0.000000;0.000000;0.000000;2.000000;308.826355;-305.830261;1628.323608;0.278062;0.000000;0.000000;0.000000;0.000000;2.000000;36.132149;-656.680542;1892.535034;0.442818;0.000000;0.000000;0.000000;0.000000;2.000000;-24.467133;-628.354187;1774.748291;0.449872;0.000000;0.000000;0.000000;0.000000;2.000000;-101.055283;-349.143005;1757.837036;0.190507;0.000000;0.000000;0.000000;0.000000;2.000000;2.546661;-130.534607;1759.252441;0.042680;0.000000;0.000000;0.000000;0.000000;2.000000;21.657578;-60.465523;1837.543335;0.226140;0.000000;0.000000;0.000000;0.000000;2.000000;41.643707;30.901089;1894.291748;0.337915;0.000000;0.000000;0.000000;0.000000;0.000000;51.684441;-49.519798;1837.925903;0.384334;0.000000;0.000000;0.000000;0.000000;2.000000;65.480843;-155.576492;2067.094482;0.111452;0.000000;0.000000;0.000000;0.000000;2.000000;112.496788;253.274597;2092.781738;0.045621;0.000000;0.000000;0.000000;0.000000;2.000000;130.593582;645.516235;2126.170410;0.127936;0.000000;0.000000;0.000000;0.000000;2.000000;260.284760;737.412048;2016.768066;0.039997;0.000000;0.000000;0.000000;0.000000;2.000000;-59.046951;-144.971451;1939.497803;0.100501;0.000000;0.000000;0.000000;0.000000;2.000000;-132.270355;260.366211;1937.642944;0.197930;0.000000;0.000000;0.000000;0.000000;2.000000;-314.921570;594.808899;2053.258057;0.486219;0.000000;0.000000;0.000000;0.000000;2.000000;-260.886322;740.078979;1966.685303;0.350291;0.000000;0.000000;0.000000;0.000000;2.000000;82.277359;-773.658936;1900.682129;0.553881;0.000000;0.000000;0.000000;0.000000;2.000000;242.042603;-793.513123;1862.282593;0.500531;0.000000;0.000000;0.000000;0.000000;2.000000;224.840775;-812.631714;1913.879761;0.498347;0.000000;0.000000;0.000000;0.000000;2.000000;129.554367;-781.137390;1997.417480;0.599370;0.000000;0.000000;0.000000;0.000000;2.000000;213.953751;-838.450439;1867.891235;0.408536;0.000000;0.000000;0.000000;0.000000;2.000000;84.282654;-875.405762;1862.254883;0.343546;0.000000;0.000000;0.000000;0.000000;2.000000;16550866944.000000
0.000000;-150.000000;2000.000000;0.000000;0.000000;0.000000;0.000000;0.000000;2.000000;18.253235;-328.843506;1962.040771;0.117237;0.000000;0.000000;0.000000;0.000000;2.000000;24.030907;-474.062500;1940.727539;0.223242;0.000000;0.000000;0.000000;0.000000;2.000000;51.558853;-694.349792;1914.096069;0.272394;0.000000;0.000000;0.000000;0.000000;2.000000;64.748672;-659.650208;1948.303467;0.253870;0.000000;0.000000;0.000000;0.000000;2.000000;166.703506;-645.498230;2053.563965;0.293985;0.000000;0.000000;0.000000;0.000000;2.000000;161.435806;-388.579376;1931.245728;0.282168;0.000000;0.000000;0.000000;0.000000;2.000000;309.390259;-346.106812;1748.590698;0.959265;0.000000;0.000000;0.000000;0.000000;2.000000;276.125854;-306.253815;1664.092529;0.939619;0.000000;0.000000;0.000000;0.000000;2.000000;332.328125;-327.957153;1757.656372;0.786667;0.000000;0.000000;0.000000;0.000000;2.000000;291.505798;-307.960083;1623.577637;0.551906;0.000000;0.000000;0.000000;0.000000;2.000000;27.527184;-656.619080;1889.917725;0.274488;0.000000;0.000000;0.000000;0.000000;2.000000;-31.668243;-626.811340;1771.801758;0.242069;0.000000;0.000000;0.000000;0.000000;2.000000;-103.213913;-346.271027;1755.405396;0.132394;0.000000;0.000000;0.000000;0.000000;2.000000;3.084793;-129.022339;1759.224365;0.048993;0.000000;0.000000;0.000000;0.000000;2.000000;24.604355;-56.351616;1834.440796;0.181146;0.000000;0.000000;0.000000;0.000000;2.000000;40.832886;30.632763;1898.746094;0.138412;0.000000;0.000000;0.000000;0.000000;0.000000;53.814720;-46.858521;1842.161987;0.165935;0.000000;0.000000;0.000000;0.000000;2.000000;67.869041;-156.773041;2064.546875;0.112649;0.000000;0.000000;0.000000;0.000000;2.000000;111.571602;252.398392;2090.191162;0.088104;0.000000;0.000000;0.000000;0.000000;2.000000;126.520729;644.592102;2125.108643;0.131507;0.000000;0.000000;0.000000;0.000000;2.000000;257.979553;738.802002;2019.905518;0.126158;0.000000;0.000000;0.000000;0.000000;2.000000;-61.200500;-143.892471;1941.794922;0.101577;0.000000;0.000000;0.000000;0.000000;2.000000;-133.963699;261.438354;1935.835693;0.082358;0.000000;0.000000;0.000000;0.000000;2.000000;-318.602661;595.804321;2048.308838;0.190670;0.000000;0.000000;0.000000;0.000000;2.000000;-262.012512;742.657959;1966.198975;0.087154;0.000000;0.000000;0.000000;0.000000;2.000000;73.309624;-773.794128;1896.979492;0.296112;0.000000;0.000000;0.000000;0.000000;2.000000;231.462234;-791.754944;1851.677856;0.460296;0.000000;0.000000;0.000000;0.000000;2.000000;216.658112;-811.434998;1903.797241;0.397954;0.000000;0.000000;0.000000;0.000000;2.000000;124.722610;-781.536072;1991.545654;0.232381;0.000000;0.000000;0.000000;0.000000;2.000000;204.076172;-837.006775;1858.111816;0.426469;0.000000;0.000000;0.000000;0.000000;2.000000;74.661354;-875.207764;1857.689575;0.325053;0.000000;0.000000;0.000000;0.000000;2.000000;16550899712.000000
0.000000;-150.000000;2000.000000;0.000000;0.000000;0.000000;0.000000;0.000000;2.000000;17.559799;-328.739899;1961.331055;0.029523;0.000000;0.000000;0.000000;0.000000;2.000000;22.890915;-473.859467;1939.346924;0.053324;0.000000;0.000000;0.000000;0.000000;2.000000;48.935760;-693.924072;1909.754517;0.150636;0.000000;0.000000;0.000000;0.000000;2.000000;62.255920;-659.800781;1944.479248;0.135162;0.000000;0.000000;0.000000;0.000000;2.000000;161.488770;-649.547607;2052.728027;0.196942;0.000000;0.000000;0.000000;0.000000;2.000000;162.844223;-388.845673;1938.659912;0.223469;0.000000;0.000000;0.000000;0.000000;2.000000;314.504456;-337.747467;1761.366821;0.476493;0.000000;0.000000;0.000000;0.000000;2.000000;300.109192;-301.787903;1670.085938;0.743402;0.000000;0.000000;0.000000;0.000000;2.000000;335.497864;-318.801880;1774.197998;0.567296;0.000000;0.000000;0.000000;0.000000;2.000000;307.456390;-309.818054;1633.839600;0.563959;0.000000;0.000000;0.000000;0.000000;2.000000;25.257370;-655.694946;1886.026489;0.136088;0.000000;0.000000;0.000000;0.000000;2.000000;-33.382141;-623.071045;1768.395630;0.158063;0.000000;0.000000;0.000000;0.000000;2.000000;-101.937973;-341.521515;1758.306274;0.168967;0.000000;0.000000;0.000000;0.000000;2.000000;5.124222;-124.793320;1766.343872;0.252375;0.000000;0.000000;0.000000;0.000000;2.000000;24.840782;-51.224159;1841.163452;0.250301;0.000000;0.000000;0.000000;0.000000;2.000000;39.358406;37.752846;1903.086914;0.250601;0.000000;0.000000;0.000000;0.000000;0.000000;54.538223;-46.408325;1857.585693;0.457127;0.000000;0.000000;0.000000;0.000000;2.000000;67.924469;-157.263748;2064.420166;0.015087;0.000000;0.000000;0.000000;0.000000;2.000000;112.588081;251.813828;2089.156006;0.046287;0.000000;0.000000;0.000000;0.000000;2.000000;128.250732;643.982910;2123.541504;0.071391;0.000000;0.000000;0.000000;0.000000;2.000000;258.661896;737.654907;2016.607422;0.105289;0.000000;0.000000;0.000000;0.000000;2.000000;-61.250473;-143.449982;1941.909424;0.013606;0.000000;0.000000;0.000000;0.000000;2.000000;-133.709824;261.923767;1939.201660;0.100919;0.000000;0.000000;0.000000;0.000000;2.000000;-315.919006;596.178101;2055.739258;0.234051;0.000000;0.000000;0.000000;0.000000;2.000000;-262.982056;740.517700;1967.041748;0.073869;0.000000;0.000000;0.000000;0.000000;2.000000;70.175224;-773.268677;1891.610107;0.184643;0.000000;0.000000;0.000000;0.000000;2.000000;231.587891;-788.646973;1858.587891;0.224250;0.000000;0.000000;0.000000;0.000000;2.000000;212.763885;-810.576904;1908.456787;0.181490;0.000000;0.000000;0.000000;0.000000;2.000000;113.817291;-784.802612;1989.619141;0.341675;0.000000;0.000000;0.000000;0.000000;2.000000;204.113922;-834.237061;1860.873901;0.115760;0.000000;0.000000;0.000000;0.000000;2.000000;75.462074;-872.907959;1848.346924;0.285713;0.000000;0.000000;0.000000;0.000000;2.000000;16550933504.000000
