posX0;posY0;posZ0;posVel0;rotX0;rotY0;rotZ0;rotVel0;confidence0;posX1;posY1;posZ1;posVel1;rotX1;rotY1;rotZ1;rotVel1;confidence1;posX2;posY2;posZ2;posVel2;rotX2;rotY2;rotZ2;rotVel2;confidence2;posX3;posY3;posZ3;posVel3;rotX3;rotY3;rotZ3;rotVel3;confidence3;posX4;posY4;posZ4;posVel4;rotX4;rotY4;rotZ4;rotVel4;confidence4;posX5;posY5;posZ5;posVel5;rotX5;rotY5;rotZ5;rotVel5;confidence5;posX6;posY6;posZ6;posVel6;rotX6;rotY6;rotZ6;rotVel6;confidence6;posX7;posY7;posZ7;posVel7;rotX7;rotY7;rotZ7;rotVel7;confidence7;posX8;posY8;posZ8;posVel8;rotX8;rotY8;rotZ8;rotVel8;confidence8;posX9;posY9;posZ9;posVel9;rotX9;rotY9;rotZ9;rotVel9;confidence9;posX10;posY10;posZ10;posVel10;rotX10;rotY10;rotZ10;rotVel10;confidence10;posX11;posY11;posZ11;posVel11;rotX11;rotY11;rotZ11;rotVel11;confidence11;posX12;posY12;posZ12;posVel12;rotX12;rotY12;rotZ12;rotVel12;confidence12;posX13;posY13;posZ13;posVel13;rotX13;rotY13;rotZ13;rotVel13;confidence13;posX14;posY14;posZ14;posVel14;rotX14;rotY14;rotZ14;rotVel14;confidence14;posX15;posY15;posZ15;posVel15;rotX15;rotY15;rotZ15;rotVel15;confidence15;posX16;posY16;posZ16;posVel16;rotX16;rotY16;rotZ16;rotVel16;confidence16;posX17;posY17;posZ17;posVel17;rotX17;rotY17;rotZ17;rotVel17;confidence17;posX18;posY18;posZ18;posVel18;rotX18;rotY18;rotZ18;rotVel18;confidence18;posX19;posY19;posZ19;posVel19;rotX19;rotY19;rotZ19;rotVel19;confidence19;posX20;posY20;posZ20;posVel20;rotX20;rotY20;rotZ20;rotVel20;confidence20;posX21;posY21;posZ21;posVel21;rotX21;rotY21;rotZ21;rotVel21;confidence21;posX22;posY22;posZ22;posVel22;rotX22;rotY22;rotZ22;rotVel22;confidence22;posX23;posY23;posZ23;posVel23;rotX23;rotY23;rotZ23;rotVel23;confidence23;posX24;posY24;posZ24;posVel24;rotX24;rotY24;rotZ24;rotVel24;confidence24;posX25;posY25;posZ25;posVel25;rotX25;rotY25;rotZ25;rotVel25;confidence25;posX26;posY26;posZ26;posVel26;rotX26;rotY26;rotZ26;rotVel26;confidence26;posX27;posY27;posZ27;posVel27;rotX27;rotY27;rotZ27;rotVel27;confidence27;posX28;posY28;posZ28;posVel28;rotX28;rotY28;rotZ28;rotVel28;confidence28;posX29;posY29;posZ29;posVel29;rotX29;rotY29;rotZ29;rotVel29;confidence29;posX30;posY30;posZ30;posVel30;rotX30;rotY30;rotZ30;rotVel30;confidence30;posX31;posY31;posZ31;posVel31;rotX31;rotY31;rotZ31;rotVel31;confidence31;TimeStamp
0.000000;-150.000000;2000.000000;0.000000;0.000000;0.000000;0.000000;0.000000;2.000000;7.513733;-310.911163;1980.284668;0.000000;0.000000;0.000000;0.000000;0.000000;2.000000;13.895935;-439.695404;1965.904053;0.000000;0.000000;0.000000;0.000000;0.000000;2.000000;-18.962555;-633.678650;1983.046387;0.000000;0.000000;0.000000;0.000000;0.000000;2.000000;14.775299;-607.598511;1970.024414;0.000000;0.000000;0.000000;0.000000;0.000000;2.000000;128.343887;-623.588318;1908.734985;0.000000;0.000000;0.000000;0.000000;0.000000;2.000000;289.771790;-690.640930;1728.081665;0.000000;0.000000;0.000000;0.000000;0.000000;2.000000;162.580215;-858.925049;1723.994629;0.000000;0.000000;0.000000;0.000000;0.000000;2.000000;118.225800;-919.794434;1768.719116;0.000000;0.000000;0.000000;0.000000;0.000000;0.000000;73.027039;-986.240845;1825.317749;0.000000;0.000000;0.000000;0.000000;0.000000;0.000000;88.197037;-940.328308;1765.371826;0.000000;0.000000;0.000000;0.000000;0.000000;0.000000;-41.040131;-595.636902;1992.139648;0.000000;0.000000;0.000000;0.000000;0.000000;2.000000;-144.736542;-547.584290;2027.484863;0.000000;0.000000;0.000000;0.000000;0.000000;2.000000;-303.764740;-358.176056;1960.860474;0.000000;0.000000;0.000000;0.000000;0.000000;2.000000;-332.774628;-569.849243;1959.885620;0.000000;0.000000;0.000000;0.000000;0.000000;2.000000;-341.967194;-638.197205;2024.221924;0.000000;0.000000;0.000000;0.000000;0.000000;0.000000;-343.539520;-693.936829;1945.322510;0.000000;0.000000;0.000000;0.000000;0.000000;0.000000;-329.758209;-651.018982;2034.559326;0.000000;0.000000;0.000000;0.000000;0.000000;0.000000;79.971848;-143.682877;1978.919556;0.000000;0.000000;0.000000;0.000000;0.000000;2.000000;61.373016;165.623596;1787.601685;0.000000;0.000000;0.000000;0.000000;0.000000;2.000000;136.984390;453.668030;1967.713379;0.000000;0.000000;0.000000;0.000000;0.000000;2.000000;137.271729;623.637390;1980.025513;0.000000;0.000000;0.000000;0.000000;0.000000;2.000000;-72.114105;-155.696442;2019.009277;0.000000;0.000000;0.000000;0.000000;0.000000;2.000000;-126.755188;202.500916;1986.720703;0.000000;0.000000;0.000000;0.000000;0.000000;2.000000;-82.986145;517.258911;2137.386963;0.000000;0.000000;0.000000;0.000000;0.000000;2.000000;-102.419769;659.147400;2073.564697;0.000000;0.000000;0.000000;0.000000;0.000000;2.000000;-35.692932;-705.908142;1978.088135;0.000000;0.000000;0.000000;0.000000;0.000000;2.000000;-85.749908;-767.618530;1855.399536;0.000000;0.000000;0.000000;0.000000;0.000000;2.000000;-61.908203;-797.980286;1888.597900;0.000000;0.000000;0.000000;0.000000;0.000000;2.000000;19.098175;-783.417603;1969.371826;0.000000;0.000000;0.000000;0.000000;0.000000;2.000000;-106.227081;-782.052368;1895.240845;0.000000;0.000000;0.000000;0.000000;0.000000;2.000000;-120.884613;-740.469482;2005.969971;0.000000;0.000000;0.000000;0.000000;0.000000;2.000000;12346033152.000000
0.000000;-150.000000;2000.000000;0.000000;0.000000;0.000000;0.000000;0.000000;2.000000;9.566864;-310.951416;1983.165405;0.104692;0.000000;0.000000;0.000000;0.000000;2.000000;17.075836;-439.580475;1969.218506;0.135968;0.000000;0.000000;0.000000;0.000000;2.000000;-11.572449;-633.829834;1988.316040;0.268636;0.000000;0.000000;0.000000;0.000000;2.000000;21.436523;-607.207397;1974.702759;0.241162;0.000000;0.000000;0.000000;0.000000;2.000000;133.120636;-621.334106;1909.893555;0.160023;0.000000;0.000000;0.000000;0.000000;2.000000;281.838165;-688.844177;1719.161377;0.357255;0.000000;0.000000;0.000000;0.000000;2.000000;153.087830;-855.624634;1724.142578;0.297433;0.000000;0.000000;0.000000;0.000000;2.000000;120.110397;-922.938293;1769.279541;0.109732;0.000000;0.000000;0.000000;0.000000;0.000000;87.374207;-996.270569;1825.770142;0.518205;0.000000;0.000000;0.000000;0.000000;0.000000;92.739243;-954.341614;1750.537842;0.618660;0.000000;0.000000;0.000000;0.000000;0.000000;-34.294067;-596.211487;1997.342773;0.252689;0.000000;0.000000;0.000000;0.000000;2.000000;-140.780975;-548.520996;2023.156006;0.175730;0.000000;0.000000;0.000000;0.000000;2.000000;-273.503845;-341.783691;1951.700195;1.053912;0.000000;0.000000;0.000000;0.000000;2.000000;-335.913147;-545.635559;1941.784546;0.899447;0.000000;0.000000;0.000000;0.000000;2.000000;-350.192261;-607.528259;2011.363281;1.013777;0.000000;0.000000;0.000000;0.000000;0.000000;-403.012695;-625.345947;1932.580444;2.712892;0.000000;0.000000;0.000000;0.000000;0.000000;-348.303223;-625.988098;2016.357178;1.067714;0.000000;0.000000;0.000000;0.000000;0.000000;79.556793;-142.965225;1977.953125;0.037680;0.000000;0.000000;0.000000;0.000000;2.000000;69.573746;166.430725;1786.890259;0.244762;0.000000;0.000000;0.000000;0.000000;2.000000;144.004715;459.571777;1958.331055;0.388295;0.000000;0.000000;0.000000;0.000000;2.000000;146.261719;626.447388;1991.879883;0.448057;0.000000;0.000000;0.000000;0.000000;2.000000;-71.739899;-156.343567;2019.880371;0.033969;0.000000;0.000000;0.000000;0.000000;2.000000;-127.324768;202.308990;2001.865967;0.448544;0.000000;0.000000;0.000000;0.000000;2.000000;-89.612793;518.733093;2149.762695;0.417714;0.000000;0.000000;0.000000;0.000000;2.000000;-98.439117;664.837646;2094.036621;0.639728;0.000000;0.000000;0.000000;0.000000;2.000000;-26.859039;-706.345764;1984.151611;0.317340;0.000000;0.000000;0.000000;0.000000;2.000000;-87.191589;-766.111816;1865.374878;0.301580;0.000000;0.000000;0.000000;0.000000;2.000000;-61.241089;-797.071899;1896.274902;0.229619;0.000000;0.000000;0.000000;0.000000;2.000000;25.976669;-784.361877;1970.444580;0.207901;0.000000;0.000000;0.000000;0.000000;2.000000;-104.634064;-780.673035;1906.531738;0.339898;0.000000;0.000000;0.000000;0.000000;2.000000;-109.949158;-740.075256;2018.324463;0.488392;0.000000;0.000000;0.000000;0.000000;2.000000;12346066944.000000
0.000000;-150.000000;2000.000000;0.000000;0.000000;0.000000;0.000000;0.000000;2.000000;7.259186;-313.010773;1983.785645;0.096268;0.000000;0.000000;0.000000;0.000000;2.000000;13.063843;-443.330444;1970.828491;0.174646;0.000000;0.000000;0.000000;0.000000;2.000000;-17.534515;-638.931763;1995.773560;0.330367;0.000000;0.000000;0.000000;0.000000;2.000000;16.052567;-612.690125;1981.184448;0.306788;0.000000;0.000000;0.000000;0.000000;2.000000;124.733521;-627.973999;1908.947144;0.327730;0.000000;0.000000;0.000000;0.000000;2.000000;267.016388;-681.181091;1705.388306;0.660271;0.000000;0.000000;0.000000;0.000000;2.000000;144.282562;-855.017639;1718.104980;0.326344;0.000000;0.000000;0.000000;0.000000;2.000000;125.076004;-932.303162;1756.720093;0.501546;0.000000;0.000000;0.000000;0.000000;0.000000;89.316940;-1015.525513;1797.447754;1.046839;0.000000;0.000000;0.000000;0.000000;0.000000;103.313110;-948.708435;1774.065918;0.805751;0.000000;0.000000;0.000000;0.000000;0.000000;-40.176422;-600.442688;2003.859863;0.297413;0.000000;0.000000;0.000000;0.000000;2.000000;-146.753052;-546.513428;2022.393799;0.193677;0.000000;0.000000;0.000000;0.000000;2.000000;-253.485352;-325.972473;1939.053955;0.868900;0.000000;0.000000;0.000000;0.000000;2.000000;-346.806946;-520.462708;1930.873169;0.900866;0.000000;0.000000;0.000000;0.000000;2.000000;-399.225098;-584.999451;1977.439453;1.945144;0.000000;0.000000;0.000000;0.000000;0.000000;-455.893066;-657.425171;2010.194336;3.028680;0.000000;0.000000;0.000000;0.000000;0.000000;-392.407654;-613.645874;1983.895508;1.713146;0.000000;0.000000;0.000000;0.000000;0.000000;81.372696;-144.459442;1980.728638;0.111017;0.000000;0.000000;0.000000;0.000000;2.000000;69.566864;174.749207;1798.088013;0.425703;0.000000;0.000000;0.000000;0.000000;2.000000;141.805420;478.755219;1959.397827;0.590166;0.000000;0.000000;0.000000;0.000000;2.000000;138.731110;648.693726;1986.961426;0.732295;0.000000;0.000000;0.000000;0.000000;2.000000;-73.377380;-154.996155;2017.377930;0.100101;0.000000;0.000000;0.000000;0.000000;2.000000;-125.216095;208.883209;2019.482666;0.577432;0.000000;0.000000;0.000000;0.000000;2.000000;-101.451477;536.539551;2154.947754;0.671462;0.000000;0.000000;0.000000;0.000000;2.000000;-107.575562;685.853149;2102.363037;0.744063;0.000000;0.000000;0.000000;0.000000;2.000000;-33.624756;-712.237305;1993.675293;0.399286;0.000000;0.000000;0.000000;0.000000;2.000000;-84.337585;-748.666870;1859.831787;0.565356;0.000000;0.000000;0.000000;0.000000;2.000000;-53.734222;-782.666748;1883.369873;0.633121;0.000000;0.000000;0.000000;0.000000;2.000000;31.250320;-776.391968;1962.835571;0.372799;0.000000;0.000000;0.000000;0.000000;2.000000;-99.673615;-775.846008;1895.711914;0.391976;0.000000;0.000000;0.000000;0.000000;2.000000;-111.615570;-765.899536;2015.128662;0.795733;0.000000;0.000000;0.000000;0.000000;2.000000;12346099712.000000
0.000000;-150.000000;2000.000000;0.000000;0.000000;0.000000;0.000000;0.000000;2.000000;6.135345;-315.476257;1985.053467;0.088527;0.000000;0.000000;0.000000;0.000000;2.000000;11.715698;-447.997803;1976.425903;0.219332;0.000000;0.000000;0.000000;0.000000;2.000000;-22.766327;-646.408081;1995.952393;0.270089;0.000000;0.000000;0.000000;0.000000;2.000000;11.984406;-619.957581;1982.561279;0.249812;0.000000;0.000000;0.000000;0.000000;2.000000;124.307861;-627.510254;1911.324219;0.072769;0.000000;0.000000;0.000000;0.000000;2.000000;260.127625;-665.002502;1695.752563;0.593370;0.000000;0.000000;0.000000;0.000000;2.000000;137.741943;-842.511108;1711.033691;0.467150;0.000000;0.000000;0.000000;0.000000;2.000000;129.485016;-926.767334;1740.796265;0.515674;0.000000;0.000000;0.000000;0.000000;2.000000;94.230194;-1017.588440;1766.274292;0.935891;0.000000;0.000000;0.000000;0.000000;0.000000;114.227615;-932.766174;1777.685425;0.581695;0.000000;0.000000;0.000000;0.000000;0.000000;-45.313171;-607.256226;2004.674927;0.253662;0.000000;0.000000;0.000000;0.000000;2.000000;-151.426239;-547.712524;2019.352905;0.168766;0.000000;0.000000;0.000000;0.000000;2.000000;-231.982086;-316.330688;1925.383423;0.806228;0.000000;0.000000;0.000000;0.000000;2.000000;-352.668030;-497.746643;1904.537598;1.043722;0.000000;0.000000;0.000000;0.000000;2.000000;-415.203186;-549.521362;1956.929565;1.301629;0.000000;0.000000;0.000000;0.000000;0.000000;-462.649658;-625.406311;1999.209839;1.021495;0.000000;0.000000;0.000000;0.000000;0.000000;-411.677917;-580.945984;1955.676270;1.399634;0.000000;0.000000;0.000000;0.000000;0.000000;83.212021;-145.415131;1983.397461;0.100000;0.000000;0.000000;0.000000;0.000000;2.000000;79.652130;190.328445;1820.738159;0.866546;0.000000;0.000000;0.000000;0.000000;2.000000;138.575485;507.636597;1972.317139;0.941161;0.000000;0.000000;0.000000;0.000000;2.000000;130.164032;681.725342;1962.141113;1.248708;0.000000;0.000000;0.000000;0.000000;2.000000;-75.035919;-154.134369;2014.971313;0.090174;0.000000;0.000000;0.000000;0.000000;2.000000;-118.157104;215.485184;2035.390503;0.550835;0.000000;0.000000;0.000000;0.000000;2.000000;-106.235168;553.546692;2159.462402;0.539619;0.000000;0.000000;0.000000;0.000000;2.000000;-113.714050;704.176331;2104.172363;0.574355;0.000000;0.000000;0.000000;0.000000;2.000000;-40.129181;-720.399353;1991.572632;0.315059;0.000000;0.000000;0.000000;0.000000;2.000000;-63.156738;-757.362244;1848.292358;0.758752;0.000000;0.000000;0.000000;0.000000;2.000000;-41.341431;-793.481873;1878.958252;0.503956;0.000000;0.000000;0.000000;0.000000;2.000000;25.000000;-791.625977;1976.699341;0.636999;0.000000;0.000000;0.000000;0.000000;2.000000;-88.748840;-782.350708;1880.625244;0.583863;0.000000;0.000000;0.000000;0.000000;2.000000;-126.515167;-767.377625;1995.772095;0.724183;0.000000;0.000000;0.000000;0.000000;2.000000;12346133504.000000
0.000000;-150.000000;2000.000000;0.000000;0.000000;0.000000;0.000000;0.000000;2.000000;0.350662;-316.576843;1986.867676;0.188037;0.000000;0.000000;0.000000;0.000000;2.000000;1.099426;-449.989197;1980.147095;0.348647;0.000000;0.000000;0.000000;0.000000;2.000000;-39.328735;-647.925476;2003.253662;0.554316;0.000000;0.000000;0.000000;0.000000;2.000000;-2.838333;-622.470947;1991.940552;0.540774;0.000000;0.000000;0.000000;0.000000;2.000000;110.692924;-633.338257;1921.807007;0.553725;0.000000;0.000000;0.000000;0.000000;2.000000;245.143188;-645.593323;1700.987305;0.765165;0.000000;0.000000;0.000000;0.000000;2.000000;133.144867;-831.647644;1695.564087;0.593688;0.000000;0.000000;0.000000;0.000000;2.000000;132.587769;-907.783508;1743.904663;0.594643;0.000000;0.000000;0.000000;0.000000;2.000000;109.491982;-990.503357;1797.440674;1.343421;0.000000;0.000000;0.000000;0.000000;0.000000;117.246826;-925.582642;1766.863647;0.406960;0.000000;0.000000;0.000000;0.000000;0.000000;-61.799103;-607.887756;2008.784058;0.518861;0.000000;0.000000;0.000000;0.000000;2.000000;-164.411682;-539.874451;2012.813354;0.504070;0.000000;0.000000;0.000000;0.000000;2.000000;-223.712860;-299.212830;1922.744629;0.585718;0.000000;0.000000;0.000000;0.000000;2.000000;-363.932587;-462.950317;1878.927368;1.362588;0.000000;0.000000;0.000000;0.000000;2.000000;-438.440643;-477.565308;1939.463989;2.368349;0.000000;0.000000;0.000000;0.000000;0.000000;-476.673981;-567.885437;1956.076538;2.235465;0.000000;0.000000;0.000000;0.000000;0.000000;-446.170807;-536.329468;1904.869263;2.316472;0.000000;0.000000;0.000000;0.000000;0.000000;84.753647;-148.998215;1989.556152;0.222474;0.000000;0.000000;0.000000;0.000000;2.000000;105.328140;195.266342;1842.424194;1.036666;0.000000;0.000000;0.000000;0.000000;2.000000;128.596008;531.368652;1964.491577;0.821167;0.000000;0.000000;0.000000;0.000000;2.000000;123.591087;704.566040;1936.847046;1.059224;0.000000;0.000000;0.000000;0.000000;2.000000;-76.426086;-150.903336;2009.417847;0.200612;0.000000;0.000000;0.000000;0.000000;2.000000;-119.415466;219.138458;2048.247559;0.409702;0.000000;0.000000;0.000000;0.000000;2.000000;-128.852448;559.674255;2171.002197;0.797120;0.000000;0.000000;0.000000;0.000000;2.000000;-126.694916;714.133301;2124.114014;0.787160;0.000000;0.000000;0.000000;0.000000;2.000000;-57.930634;-722.057617;1999.815918;0.600811;0.000000;0.000000;0.000000;0.000000;2.000000;-62.082153;-767.681946;1856.457520;0.402925;0.000000;0.000000;0.000000;0.000000;2.000000;-50.351013;-803.720276;1892.676636;0.590333;0.000000;0.000000;0.000000;0.000000;2.000000;-0.798187;-801.852051;2000.559814;1.116894;0.000000;0.000000;0.000000;0.000000;2.000000;-95.771423;-786.876160;1885.521484;0.295516;0.000000;0.000000;0.000000;0.000000;2.000000;-149.681366;-758.171814;1991.956787;0.769610;0.000000;0.000000;0.000000;0.000000;2.000000;12346166272.000000
0.000000;-150.000000;2000.000000;0.000000;0.000000;0.000000;0.000000;0.000000;2.000000;-9.180389;-315.756653;1982.081909;0.316542;0.000000;0.000000;0.000000;0.000000;2.000000;-16.019302;-448.855286;1974.524536;0.534271;0.000000;0.000000;0.000000;0.000000;2.000000;-63.743240;-643.817139;2006.154297;0.737663;0.000000;0.000000;0.000000;0.000000;2.000000;-25.752502;-619.980103;1996.512329;0.695377;0.000000;0.000000;0.000000;0.000000;2.000000;85.311676;-653.283630;1929.757446;0.983815;0.000000;0.000000;0.000000;0.000000;2.000000;216.067535;-618.068359;1709.404053;1.210725;0.000000;0.000000;0.000000;0.000000;2.000000;122.699806;-811.955994;1680.909058;0.789429;0.000000;0.000000;0.000000;0.000000;2.000000;147.816010;-877.745056;1737.151123;1.016468;0.000000;0.000000;0.000000;0.000000;2.000000;148.815491;-952.442078;1805.318848;1.636208;0.000000;0.000000;0.000000;0.000000;0.000000;127.226479;-924.047302;1730.725708;1.110381;0.000000;0.000000;0.000000;0.000000;2.000000;-85.461563;-603.041992;2007.237183;0.716235;0.000000;0.000000;0.000000;0.000000;2.000000;-191.887619;-541.683716;1999.594604;0.903883;0.000000;0.000000;0.000000;0.000000;2.000000;-229.989731;-293.286377;1920.254883;0.265876;0.000000;0.000000;0.000000;0.000000;2.000000;-391.773376;-428.065186;1857.142212;1.469745;0.000000;0.000000;0.000000;0.000000;2.000000;-462.970947;-451.752197;1918.673584;1.220248;0.000000;0.000000;0.000000;0.000000;0.000000;-499.745483;-543.186523;1905.682373;1.795652;0.000000;0.000000;0.000000;0.000000;0.000000;-472.215942;-514.047363;1889.799194;1.108032;0.000000;0.000000;0.000000;0.000000;0.000000;84.988213;-153.990540;1993.371582;0.186072;0.000000;0.000000;0.000000;0.000000;2.000000;106.371407;202.326202;1879.486450;1.116924;0.000000;0.000000;0.000000;0.000000;2.000000;120.838577;552.632935;1952.282715;0.761061;0.000000;0.000000;0.000000;0.000000;2.000000;119.205093;726.845947;1932.538086;0.683971;0.000000;0.000000;0.000000;0.000000;2.000000;-76.637619;-146.401550;2005.977051;0.167794;0.000000;0.000000;0.000000;0.000000;2.000000;-126.788315;222.209930;2047.173218;0.238488;0.000000;0.000000;0.000000;0.000000;2.000000;-152.256546;560.712280;2172.483887;0.694659;0.000000;0.000000;0.000000;0.000000;2.000000;-156.049637;718.088562;2137.244141;0.958799;0.000000;0.000000;0.000000;0.000000;2.000000;-84.031448;-717.527649;2005.685791;0.802957;0.000000;0.000000;0.000000;0.000000;2.000000;-84.161880;-780.328857;1869.032349;0.839928;0.000000;0.000000;0.000000;0.000000;2.000000;-72.717850;-811.435181;1909.599731;0.860833;0.000000;0.000000;0.000000;0.000000;2.000000;-25.736725;-795.521240;2017.382813;0.909719;0.000000;0.000000;0.000000;0.000000;2.000000;-118.185501;-796.434204;1899.491333;0.831186;0.000000;0.000000;0.000000;0.000000;2.000000;-174.937637;-755.975220;2000.384521;0.790594;0.000000;0.000000;0.000000;0.000000;2.000000;12346200064.000000
0.000000;-150.000000;2000.000000;0.000000;0.000000;0.000000;0.000000;0.000000;2.000000;-12.139420;-318.021973;1987.124268;0.191345;0.000000;0.000000;0.000000;0.000000;2.000000;-21.594116;-452.658325;1981.917236;0.305471;0.000000;0.000000;0.000000;0.000000;2.000000;-66.235672;-650.361572;2016.441284;0.379774;0.000000;0.000000;0.000000;0.000000;2.000000;-28.062927;-625.503174;2007.526367;0.382569;0.000000;0.000000;0.000000;0.000000;2.000000;90.205055;-653.253601;1947.781250;0.569955;0.000000;0.000000;0.000000;0.000000;2.000000;209.550186;-610.762207;1718.790039;0.413907;0.000000;0.000000;0.000000;0.000000;2.000000;132.195984;-810.283875;1669.277466;0.461075;0.000000;0.000000;0.000000;0.000000;2.000000;158.687714;-877.621521;1724.770264;0.502841;0.000000;0.000000;0.000000;0.000000;2.000000;160.870316;-955.620605;1790.970215;0.580079;0.000000;0.000000;0.000000;0.000000;0.000000;144.441071;-916.216309;1731.032349;0.577227;0.000000;0.000000;0.000000;0.000000;2.000000;-89.222061;-609.647583;2015.875732;0.351151;0.000000;0.000000;0.000000;0.000000;2.000000;-196.056198;-547.469055;2000.683228;0.220134;0.000000;0.000000;0.000000;0.000000;2.000000;-223.985916;-294.421509;1921.383301;0.189621;0.000000;0.000000;0.000000;0.000000;2.000000;-396.252136;-402.508667;1831.301758;1.117512;0.000000;0.000000;0.000000;0.000000;2.000000;-460.749390;-431.547424;1899.399780;0.854845;0.000000;0.000000;0.000000;0.000000;0.000000;-506.298767;-520.692749;1889.650146;0.866370;0.000000;0.000000;0.000000;0.000000;0.000000;-479.778381;-484.208984;1850.267456;1.529012;0.000000;0.000000;0.000000;0.000000;0.000000;86.028130;-155.863724;1995.410156;0.090252;0.000000;0.000000;0.000000;0.000000;2.000000;105.159294;213.414078;1911.745972;1.041668;0.000000;0.000000;0.000000;0.000000;2.000000;122.985794;573.058350;1951.934448;0.626859;0.000000;0.000000;0.000000;0.000000;2.000000;121.917725;740.565308;1893.495728;1.265610;0.000000;0.000000;0.000000;0.000000;2.000000;-77.575333;-144.712402;2004.138794;0.081384;0.000000;0.000000;0.000000;0.000000;2.000000;-130.053970;229.723770;2025.728149;0.700585;0.000000;0.000000;0.000000;0.000000;2.000000;-161.177658;564.407837;2170.887451;0.298686;0.000000;0.000000;0.000000;0.000000;2.000000;-172.005081;725.892639;2149.705078;0.662136;0.000000;0.000000;0.000000;0.000000;2.000000;-84.934433;-725.424561;2016.850952;0.418255;0.000000;0.000000;0.000000;0.000000;2.000000;-83.620621;-782.251221;1875.692139;0.212182;0.000000;0.000000;0.000000;0.000000;2.000000;-68.683548;-814.626160;1914.914307;0.225712;0.000000;0.000000;0.000000;0.000000;2.000000;-19.854050;-800.029724;2023.613647;0.295494;0.000000;0.000000;0.000000;0.000000;2.000000;-115.945755;-802.574951;1906.394043;0.290114;0.000000;0.000000;0.000000;0.000000;2.000000;-173.799545;-771.003967;2011.520142;0.571877;0.000000;0.000000;0.000000;0.000000;2.000000;12346232832.000000
0.000000;-150.000000;2000.000000;0.000000;0.000000;0.000000;0.000000;0.000000;2.000000;-11.859543;-318.428162;1989.497192;0.071723;0.000000;0.000000;0.000000;0.000000;2.000000;-21.331619;-453.090698;1981.292358;0.023791;0.000000;0.000000;0.000000;0.000000;2.000000;-62.548996;-651.669739;2016.634888;0.115905;0.000000;0.000000;0.000000;0.000000;2.000000;-25.247559;-626.518005;2004.964722;0.116575;0.000000;0.000000;0.000000;0.000000;2.000000;79.539993;-633.954346;1919.296997;1.065981;0.000000;0.000000;0.000000;0.000000;2.000000;206.742096;-606.189514;1691.891724;0.811682;0.000000;0.000000;0.000000;0.000000;2.000000;127.383408;-810.830383;1677.955444;0.294098;0.000000;0.000000;0.000000;0.000000;2.000000;162.091080;-871.837646;1736.357422;0.396255;0.000000;0.000000;0.000000;0.000000;2.000000;174.266891;-942.899841;1809.160400;0.767230;0.000000;0.000000;0.000000;0.000000;0.000000;145.332977;-919.359375;1735.848999;0.172235;0.000000;0.000000;0.000000;0.000000;1.000000;-85.639389;-610.984192;2018.517578;0.137539;0.000000;0.000000;0.000000;0.000000;2.000000;-193.500320;-553.005798;1994.948608;0.247722;0.000000;0.000000;0.000000;0.000000;2.000000;-230.253494;-298.236450;1924.034058;0.230867;0.000000;0.000000;0.000000;0.000000;2.000000;-388.607361;-393.304199;1799.581543;1.003251;0.000000;0.000000;0.000000;0.000000;2.000000;-467.411682;-416.104065;1853.763794;1.439296;0.000000;0.000000;0.000000;0.000000;2.000000;-530.654419;-494.413269;1850.432007;1.572008;0.000000;0.000000;0.000000;0.000000;0.000000;-484.060852;-461.571777;1810.400024;1.362618;0.000000;0.000000;0.000000;0.000000;2.000000;86.153877;-155.789352;1995.558105;0.006153;0.000000;0.000000;0.000000;0.000000;2.000000;106.937851;216.255005;1923.047485;0.348842;0.000000;0.000000;0.000000;0.000000;2.000000;110.932327;577.590332;1955.298950;0.393868;0.000000;0.000000;0.000000;0.000000;2.000000;104.664932;740.424133;1884.568726;0.574870;0.000000;0.000000;0.000000;0.000000;2.000000;-77.688766;-144.779480;2004.005493;0.005547;0.000000;0.000000;0.000000;0.000000;2.000000;-133.699173;229.577682;1981.284424;1.319638;0.000000;0.000000;0.000000;0.000000;2.000000;-164.620132;546.335693;2163.249512;0.589477;0.000000;0.000000;0.000000;0.000000;2.000000;-177.687729;709.176941;2158.276855;0.580790;0.000000;0.000000;0.000000;0.000000;2.000000;-80.982803;-726.897888;2017.525391;0.126389;0.000000;0.000000;0.000000;0.000000;2.000000;-72.482742;-786.045044;1877.359253;0.351675;0.000000;0.000000;0.000000;0.000000;2.000000;-58.500443;-817.478699;1917.774414;0.324190;0.000000;0.000000;0.000000;0.000000;2.000000;-14.566498;-800.011902;2028.296875;0.209025;0.000000;0.000000;0.000000;0.000000;2.000000;-105.671402;-806.608093;1907.066406;0.327239;0.000000;0.000000;0.000000;0.000000;2.000000;-168.655411;-774.586121;2009.257568;0.197216;0.000000;0.000000;0.000000;0.000000;2.000000;12346266624.000000
0.000000;-150.000000;2000.000000;0.000000;0.000000;0.000000;0.000000;0.000000;2.000000;-13.864105;-318.866455;1994.311646;0.154873;0.000000;0.000000;0.000000;0.000000;2.000000;-24.919281;-453.591736;1984.536499;0.143904;0.000000;0.000000;0.000000;0.000000;2.000000;-65.832809;-651.697693;2025.052979;0.267399;0.000000;0.000000;0.000000;0.000000;2.000000;-28.333450;-626.599670;2013.509399;0.268857;0.000000;0.000000;0.000000;0.000000;2.000000;77.673126;-631.047729;1928.683350;0.295983;0.000000;0.000000;0.000000;0.000000;2.000000;193.182831;-595.687195;1695.524658;0.518804;0.000000;0.000000;0.000000;0.000000;2.000000;123.108826;-804.187561;1681.654785;0.258127;0.000000;0.000000;0.000000;0.000000;2.000000;140.096069;-856.567383;1754.733398;0.961032;0.000000;0.000000;0.000000;0.000000;2.000000;148.058289;-914.412476;1839.193237;1.449864;0.000000;0.000000;0.000000;0.000000;0.000000;131.324600;-916.216248;1741.908081;0.461141;0.000000;0.000000;0.000000;0.000000;1.000000;-89.268890;-611.051941;2025.109863;0.222706;0.000000;0.000000;0.000000;0.000000;2.000000;-195.310669;-550.048096;1999.602295;0.171746;0.000000;0.000000;0.000000;0.000000;2.000000;-236.181763;-300.517944;1912.116089;0.399654;0.000000;0.000000;0.000000;0.000000;2.000000;-384.445221;-386.044495;1768.882324;0.941623;0.000000;0.000000;0.000000;0.000000;2.000000;-462.135773;-440.781799;1794.856934;1.896445;0.000000;0.000000;0.000000;0.000000;2.000000;-547.216919;-482.721802;1829.329468;0.865975;0.000000;0.000000;0.000000;0.000000;2.000000;-474.449921;-444.271973;1772.819458;1.256894;0.000000;0.000000;0.000000;0.000000;2.000000;86.354744;-157.093094;2000.097046;0.139877;0.000000;0.000000;0.000000;0.000000;2.000000;112.770065;216.270081;1932.122559;0.319235;0.000000;0.000000;0.000000;0.000000;2.000000;95.165543;577.302307;1971.157959;0.661836;0.000000;0.000000;0.000000;0.000000;2.000000;99.381966;739.444214;1897.788696;0.422294;0.000000;0.000000;0.000000;0.000000;2.000000;-77.869858;-143.603851;1999.912476;0.126135;0.000000;0.000000;0.000000;0.000000;2.000000;-124.273926;228.210907;1936.608154;1.351802;0.000000;0.000000;0.000000;0.000000;2.000000;-174.752167;532.636902;2135.982422;0.951495;0.000000;0.000000;0.000000;0.000000;2.000000;-188.396759;692.989197;2166.430908;0.623008;0.000000;0.000000;0.000000;0.000000;2.000000;-83.845642;-727.151245;2027.817261;0.316218;0.000000;0.000000;0.000000;0.000000;2.000000;-54.905151;-765.752991;1882.944580;0.811477;0.000000;0.000000;0.000000;0.000000;2.000000;-44.812256;-802.292297;1920.253174;0.609452;0.000000;0.000000;0.000000;0.000000;2.000000;-16.076263;-799.496582;2037.207153;0.267873;0.000000;0.000000;0.000000;0.000000;2.000000;-90.758514;-791.195923;1904.950439;0.637728;0.000000;0.000000;0.000000;0.000000;2.000000;-167.760803;-775.506226;2001.518677;0.232143;0.000000;0.000000;0.000000;0.000000;2.000000;12346300416.000000
0.000000;-150.000000;2000.000000;0.000000;0.000000;0.000000;0.000000;0.000000;2.000000;-14.289337;-318.016479;1993.837280;0.032416;0.000000;0.000000;0.000000;0.000000;2.000000;-25.832672;-452.417542;1993.718994;0.283881;0.000000;0.000000;0.000000;0.000000;2.000000;-59.637283;-650.770325;2034.669312;0.350246;0.000000;0.000000;0.000000;0.000000;2.000000;-22.775177;-623.980530;2026.150391;0.428931;0.000000;0.000000;0.000000;0.000000;2.000000;101.534622;-639.971008;1975.440430;1.624963;0.000000;0.000000;0.000000;0.000000;2.000000;145.102905;-597.627502;1721.236084;1.664963;0.000000;0.000000;0.000000;0.000000;2.000000;-7.567780;-746.718994;1670.399780;4.370059;0.000000;0.000000;0.000000;0.000000;1.000000;4.970627;-827.294128;1710.956299;4.425811;0.000000;0.000000;0.000000;0.000000;1.000000;72.996994;-901.359070;1729.153320;4.084498;0.000000;0.000000;0.000000;0.000000;1.000000;8.131454;-837.045593;1744.689331;4.469786;0.000000;0.000000;0.000000;0.000000;1.000000;-84.985748;-611.671875;2031.584595;0.237669;0.000000;0.000000;0.000000;0.000000;2.000000;-194.207932;-561.027893;2000.333374;0.337501;0.000000;0.000000;0.000000;0.000000;2.000000;-234.248734;-314.331299;1908.367676;0.440761;0.000000;0.000000;0.000000;0.000000;2.000000;-347.500549;-363.446899;1723.682373;1.910360;0.000000;0.000000;0.000000;0.000000;2.000000;-420.324524;-428.484314;1732.777832;2.314759;0.000000;0.000000;0.000000;0.000000;2.000000;-502.815674;-475.418457;1765.691040;2.378543;0.000000;0.000000;0.000000;0.000000;2.000000;-431.894775;-429.912292;1713.053833;2.281497;0.000000;0.000000;0.000000;0.000000;2.000000;85.899628;-157.379471;2002.015503;0.060803;0.000000;0.000000;0.000000;0.000000;2.000000;112.140930;213.700989;1931.476318;0.083093;0.000000;0.000000;0.000000;0.000000;2.000000;95.708527;571.289673;1984.412231;0.444471;0.000000;0.000000;0.000000;0.000000;2.000000;97.077538;730.754150;1907.187256;0.396917;0.000000;0.000000;0.000000;0.000000;2.000000;-77.459457;-143.345627;1998.182617;0.054826;0.000000;0.000000;0.000000;0.000000;2.000000;-106.768997;217.414505;1888.411255;1.599169;0.000000;0.000000;0.000000;0.000000;2.000000;-162.961319;512.011719;2097.615234;1.377173;0.000000;0.000000;0.000000;0.000000;2.000000;-179.613998;664.209167;2153.596680;0.998323;0.000000;0.000000;0.000000;0.000000;2.000000;-73.718719;-726.683105;2037.490234;0.427617;0.000000;0.000000;0.000000;0.000000;2.000000;-50.203903;-760.800354;1891.268555;0.328569;0.000000;0.000000;0.000000;0.000000;2.000000;-36.660843;-797.375183;1927.064209;0.357217;0.000000;0.000000;0.000000;0.000000;2.000000;-2.580444;-795.537659;2042.004639;0.453498;0.000000;0.000000;0.000000;0.000000;2.000000;-83.548676;-788.239624;1914.283203;0.371039;0.000000;0.000000;0.000000;0.000000;2.000000;-156.062057;-778.237732;2014.271973;0.534684;0.000000;0.000000;0.000000;0.000000;2.000000;12346333184.000000
0.000000;-150.000000;2000.000000;0.000000;0.000000;0.000000;0.000000;0.000000;2.000000;-16.914902;-318.226013;1994.543335;0.080697;0.000000;0.000000;0.000000;0.000000;2.000000;-30.459641;-452.783081;1994.578247;0.139685;0.000000;0.000000;0.000000;0.000000;2.000000;-64.212494;-652.172791;2033.068237;0.149328;0.000000;0.000000;0.000000;0.000000;2.000000;-27.365372;-625.330505;2024.026855;0.154908;0.000000;0.000000;0.000000;0.000000;2.000000;92.114647;-632.213074;1960.388550;0.573429;0.000000;0.000000;0.000000;0.000000;2.000000;191.589020;-639.474915;1718.088989;1.853291;0.000000;0.000000;0.000000;0.000000;2.000000;49.623489;-795.275146;1655.345947;2.264412;0.000000;0.000000;0.000000;0.000000;2.000000;-9.457962;-850.854187;1697.259521;0.912525;0.000000;0.000000;0.000000;0.000000;1.000000;56.749435;-918.400513;1736.646118;0.731209;0.000000;0.000000;0.000000;0.000000;1.000000;-0.368378;-858.032349;1745.854126;0.670946;0.000000;0.000000;0.000000;0.000000;1.000000;-89.510132;-612.818542;2031.319702;0.138345;0.000000;0.000000;0.000000;0.000000;2.000000;-197.371658;-561.321350;1995.777832;0.164362;0.000000;0.000000;0.000000;0.000000;2.000000;-227.075790;-317.020508;1892.269165;0.527587;0.000000;0.000000;0.000000;0.000000;2.000000;-353.044067;-352.724060;1712.119019;0.494670;0.000000;0.000000;0.000000;0.000000;2.000000;-427.283386;-417.157166;1713.343018;0.696810;0.000000;0.000000;0.000000;0.000000;2.000000;-511.487305;-467.026550;1737.107056;0.918171;0.000000;0.000000;0.000000;0.000000;2.000000;-433.406860;-428.600952;1682.233521;0.913981;0.000000;0.000000;0.000000;0.000000;2.000000;86.022423;-158.659103;2000.297241;0.063504;0.000000;0.000000;0.000000;0.000000;2.000000;114.200897;211.918030;1923.033936;0.262520;0.000000;0.000000;0.000000;0.000000;2.000000;92.979752;563.139587;2011.340576;0.836491;0.000000;0.000000;0.000000;0.000000;2.000000;82.399994;708.437500;1909.703857;0.793946;0.000000;0.000000;0.000000;0.000000;2.000000;-77.570221;-142.191711;1999.732056;0.057265;0.000000;0.000000;0.000000;0.000000;2.000000;-81.966110;205.173355;1847.747681;1.455339;0.000000;0.000000;0.000000;0.000000;2.000000;-149.345566;487.152466;2072.104980;1.128470;0.000000;0.000000;0.000000;0.000000;2.000000;-170.736343;635.104736;2138.153809;1.009788;0.000000;0.000000;0.000000;0.000000;2.000000;-78.613235;-728.253662;2034.951538;0.169657;0.000000;0.000000;0.000000;0.000000;2.000000;-29.263580;-761.326843;1894.646729;0.627888;0.000000;0.000000;0.000000;0.000000;2.000000;-17.525482;-795.868896;1933.191772;0.596262;0.000000;0.000000;0.000000;0.000000;2.000000;-1.875931;-788.970642;2052.172852;0.358811;0.000000;0.000000;0.000000;0.000000;2.000000;-62.709320;-792.078003;1913.148926;0.627966;0.000000;0.000000;0.000000;0.000000;2.000000;-150.603409;-788.959595;2000.890869;0.532514;0.000000;0.000000;0.000000;0.000000;2.000000;12346366976.000000
0.000000;-150.000000;2000.000000;0.000000;0.000000;0.000000;0.000000;0.000000;2.000000;-15.875610;-318.223938;2000.279785;0.177912;0.000000;0.000000;0.000000;0.000000;2.000000;-28.557404;-452.707642;1999.212891;0.152905;0.000000;0.000000;0.000000;0.000000;2.000000;-66.049210;-651.553284;2035.768555;0.101441;0.000000;0.000000;0.000000;0.000000;2.000000;-29.082779;-625.694519;2024.818604;0.058772;0.000000;0.000000;0.000000;0.000000;2.000000;80.896912;-640.481201;1947.248657;0.584518;0.000000;0.000000;0.000000;0.000000;2.000000;155.118866;-727.676575;1711.897217;2.918850;0.000000;0.000000;0.000000;0.000000;2.000000;-45.779999;-810.578247;1679.918823;3.042564;0.000000;0.000000;0.000000;0.000000;1.000000;-52.646942;-901.449341;1676.328003;2.128212;0.000000;0.000000;0.000000;0.000000;1.000000;10.642014;-936.209839;1748.852417;1.553719;0.000000;0.000000;0.000000;0.000000;1.000000;-8.736313;-893.359497;1764.420776;1.244410;0.000000;0.000000;0.000000;0.000000;1.000000;-90.093201;-611.451660;2036.540405;0.165652;0.000000;0.000000;0.000000;0.000000;2.000000;-196.893936;-563.441711;1994.079956;0.084170;0.000000;0.000000;0.000000;0.000000;2.000000;-221.279678;-318.900208;1890.525513;0.193416;0.000000;0.000000;0.000000;0.000000;2.000000;-335.832031;-369.778320;1706.747681;0.757398;0.000000;0.000000;0.000000;0.000000;2.000000;-408.476929;-435.245850;1697.828857;0.926435;0.000000;0.000000;0.000000;0.000000;2.000000;-492.194763;-489.029602;1712.585693;1.165130;0.000000;0.000000;0.000000;0.000000;2.000000;-413.239014;-436.324951;1659.640259;0.953818;0.000000;0.000000;0.000000;0.000000;2.000000;85.975861;-158.112640;2000.645508;0.019827;0.000000;0.000000;0.000000;0.000000;2.000000;111.340935;212.526047;1924.816895;0.104511;0.000000;0.000000;0.000000;0.000000;2.000000;98.883743;557.543213;2034.891479;0.760385;0.000000;0.000000;0.000000;0.000000;2.000000;66.731941;685.443909;1916.190063;0.871897;0.000000;0.000000;0.000000;0.000000;2.000000;-77.528214;-142.684479;1999.417847;0.017881;0.000000;0.000000;0.000000;0.000000;2.000000;-72.125763;183.438278;1806.877319;1.444237;0.000000;0.000000;0.000000;0.000000;2.000000;-148.625290;446.116333;2050.256836;1.418928;0.000000;0.000000;0.000000;0.000000;2.000000;-170.927567;596.536865;2109.636475;1.463812;0.000000;0.000000;0.000000;0.000000;2.000000;-82.727203;-727.090515;2037.062988;0.145514;0.000000;0.000000;0.000000;0.000000;2.000000;-23.633987;-765.133179;1902.070068;0.307133;0.000000;0.000000;0.000000;0.000000;2.000000;-9.863892;-794.886047;1943.729004;0.398718;0.000000;0.000000;0.000000;0.000000;2.000000;-0.583038;-776.853699;2062.071777;0.479117;0.000000;0.000000;0.000000;0.000000;2.000000;-54.168671;-797.972839;1921.827271;0.412840;0.000000;0.000000;0.000000;0.000000;2.000000;-145.682968;-798.184082;2005.636841;0.350389;0.000000;0.000000;0.000000;0.000000;2.000000;12346399744.000000
0.000000;-150.000000;2000.000000;0.000000;0.000000;0.000000;0.000000;0.000000;2.000000;-18.385071;-317.750610;2000.828491;0.077296;0.000000;0.000000;0.000000;0.000000;2.000000;-33.127258;-451.842316;2002.732910;0.172612;0.000000;0.000000;0.000000;0.000000;2.000000;-63.722992;-651.161011;2041.594360;0.186000;0.000000;0.000000;0.000000;0.000000;2.000000;-27.182388;-623.329590;2035.283813;0.322446;0.000000;0.000000;0.000000;0.000000;2.000000;97.563141;-622.394775;1983.106567;1.286750;0.000000;0.000000;0.000000;0.000000;2.000000;196.575317;-557.159119;1750.148926;5.315022;0.000000;0.000000;0.000000;0.000000;2.000000;124.379990;-746.950439;1667.081055;5.389444;0.000000;0.000000;0.000000;0.000000;2.000000;136.603729;-837.178101;1669.541870;5.918017;0.000000;0.000000;0.000000;0.000000;2.000000;163.408752;-884.840454;1755.894531;4.774088;0.000000;0.000000;0.000000;0.000000;2.000000;136.497665;-866.984253;1651.135864;5.506332;0.000000;0.000000;0.000000;0.000000;2.000000;-89.935318;-612.778809;2037.008667;0.041908;0.000000;0.000000;0.000000;0.000000;2.000000;-193.830826;-563.379028;1989.677124;0.158733;0.000000;0.000000;0.000000;0.000000;2.000000;-224.954758;-313.168823;1903.861084;0.443095;0.000000;0.000000;0.000000;0.000000;2.000000;-316.068115;-353.124878;1705.212158;0.766166;0.000000;0.000000;0.000000;0.000000;2.000000;-373.723694;-415.725586;1656.474731;1.699718;0.000000;0.000000;0.000000;0.000000;2.000000;-450.308044;-474.455719;1628.563232;2.811576;0.000000;0.000000;0.000000;0.000000;2.000000;-373.537537;-417.943665;1633.216064;1.512513;0.000000;0.000000;0.000000;0.000000;2.000000;85.680679;-159.374725;2003.177490;0.084175;0.000000;0.000000;0.000000;0.000000;2.000000;108.920143;209.278687;1919.773438;0.191422;0.000000;0.000000;0.000000;0.000000;2.000000;91.926720;549.838623;2041.039673;0.357033;0.000000;0.000000;0.000000;0.000000;2.000000;59.344757;676.912354;1921.904663;0.374340;0.000000;0.000000;0.000000;0.000000;2.000000;-77.262024;-141.546417;1997.134644;0.075905;0.000000;0.000000;0.000000;0.000000;2.000000;-65.307358;175.145065;1790.599731;0.577043;0.000000;0.000000;0.000000;0.000000;2.000000;-130.282852;444.707092;2029.052734;0.830733;0.000000;0.000000;0.000000;0.000000;2.000000;-162.261337;603.119385;2050.615479;1.776039;0.000000;0.000000;0.000000;0.000000;2.000000;-75.809769;-727.453369;2043.568970;0.281226;0.000000;0.000000;0.000000;0.000000;2.000000;-26.193481;-754.203857;1902.408691;0.332331;0.000000;0.000000;0.000000;0.000000;2.000000;-11.410767;-788.358032;1940.066895;0.226184;0.000000;0.000000;0.000000;0.000000;2.000000;5.285278;-782.409668;2058.665527;0.259521;0.000000;0.000000;0.000000;0.000000;2.000000;-56.915405;-787.614624;1920.710205;0.318841;0.000000;0.000000;0.000000;0.000000;2.000000;-143.366135;-792.620117;2009.373169;0.209849;0.000000;0.000000;0.000000;0.000000;2.000000;12346433536.000000
0.000000;-150.000000;2000.000000;0.000000;0.000000;0.000000;0.000000;0.000000;2.000000;-18.824432;-317.128357;2001.469849;0.030389;0.000000;0.000000;0.000000;0.000000;2.000000;-33.874481;-450.739044;2002.668457;0.040712;0.000000;0.000000;0.000000;0.000000;2.000000;-60.677444;-650.448669;2038.581299;0.132537;0.000000;0.000000;0.000000;0.000000;2.000000;-24.775681;-621.915100;2032.911255;0.111805;0.000000;0.000000;0.000000;0.000000;2.000000;99.644318;-627.196655;1981.392334;0.168063;0.000000;0.000000;0.000000;0.000000;2.000000;195.793304;-576.823730;1744.560791;0.624333;0.000000;0.000000;0.000000;0.000000;2.000000;73.213089;-737.694092;1661.458618;1.596085;0.000000;0.000000;0.000000;0.000000;1.000000;109.702377;-819.663330;1675.263550;0.995073;0.000000;0.000000;0.000000;0.000000;1.000000;155.201324;-877.662415;1745.570313;0.458247;0.000000;0.000000;0.000000;0.000000;1.000000;127.525696;-847.460571;1653.061157;0.658344;0.000000;0.000000;0.000000;0.000000;1.000000;-87.525009;-612.661987;2034.328735;0.110055;0.000000;0.000000;0.000000;0.000000;2.000000;-192.976028;-568.099731;1986.730225;0.171822;0.000000;0.000000;0.000000;0.000000;2.000000;-240.480667;-320.885193;1902.516724;0.530693;0.000000;0.000000;0.000000;0.000000;2.000000;-325.279846;-370.451874;1704.068848;0.599877;0.000000;0.000000;0.000000;0.000000;2.000000;-358.401978;-428.116882;1632.433105;0.948650;0.000000;0.000000;0.000000;0.000000;2.000000;-412.163208;-493.256744;1578.651733;2.001093;0.000000;0.000000;0.000000;0.000000;2.000000;-352.945557;-429.036743;1610.016113;1.005379;0.000000;0.000000;0.000000;0.000000;2.000000;85.367111;-159.587601;2003.148926;0.011599;0.000000;0.000000;0.000000;0.000000;2.000000;110.534195;206.405823;1914.506470;0.189601;0.000000;0.000000;0.000000;0.000000;2.000000;96.952087;544.451538;2039.564697;0.229290;0.000000;0.000000;0.000000;0.000000;2.000000;57.620003;677.099426;1929.792847;0.246482;0.000000;0.000000;0.000000;0.000000;2.000000;-76.979279;-141.354431;1997.160400;0.010459;0.000000;0.000000;0.000000;0.000000;2.000000;-54.804871;170.744415;1786.831421;0.366043;0.000000;0.000000;0.000000;0.000000;2.000000;-114.389053;451.818878;2011.102051;0.763194;0.000000;0.000000;0.000000;0.000000;2.000000;-142.539932;611.334106;2024.010254;1.041295;0.000000;0.000000;0.000000;0.000000;2.000000;-71.224197;-726.728027;2039.469360;0.189013;0.000000;0.000000;0.000000;0.000000;2.000000;-10.233551;-758.387878;1904.462769;0.507404;0.000000;0.000000;0.000000;0.000000;2.000000;-1.148010;-792.611877;1943.585571;0.355632;0.000000;0.000000;0.000000;0.000000;2.000000;4.474030;-785.766907;2062.770752;0.163723;0.000000;0.000000;0.000000;0.000000;2.000000;-44.336044;-789.596313;1920.022095;0.389193;0.000000;0.000000;0.000000;0.000000;2.000000;-138.666061;-788.270386;1999.754272;0.352652;0.000000;0.000000;0.000000;0.000000;2.000000;12346466304.000000
0.000000;-150.000000;2000.000000;0.000000;0.000000;0.000000;0.000000;0.000000;2.000000;-13.335587;-315.933868;2000.409302;0.169169;0.000000;0.000000;0.000000;0.000000;2.000000;-24.203491;-448.542419;2003.282715;0.294044;0.000000;0.000000;0.000000;0.000000;2.000000;-51.523911;-647.542847;2029.569092;0.389739;0.000000;0.000000;0.000000;0.000000;2.000000;-15.892380;-618.990662;2026.940308;0.328357;0.000000;0.000000;0.000000;0.000000;2.000000;113.078278;-634.294861;1996.530762;0.634714;0.000000;0.000000;0.000000;0.000000;2.000000;206.539886;-577.691345;1762.972656;0.631402;0.000000;0.000000;0.000000;0.000000;2.000000;48.842712;-687.917236;1663.882202;1.641674;0.000000;0.000000;0.000000;0.000000;1.000000;64.479561;-775.354309;1650.341553;2.013507;0.000000;0.000000;0.000000;0.000000;1.000000;104.969627;-839.202026;1717.047607;2.053657;0.000000;0.000000;0.000000;0.000000;1.000000;109.219963;-807.569092;1665.788574;1.352367;0.000000;0.000000;0.000000;0.000000;1.000000;-78.034531;-610.088562;2025.455444;0.391953;0.000000;0.000000;0.000000;0.000000;2.000000;-186.863190;-567.880432;1987.600830;0.182837;0.000000;0.000000;0.000000;0.000000;2.000000;-276.534424;-337.703979;1898.125366;1.184462;0.000000;0.000000;0.000000;0.000000;2.000000;-315.101318;-393.855133;1689.822754;0.864933;0.000000;0.000000;0.000000;0.000000;2.000000;-344.864227;-454.949829;1620.968140;0.951915;0.000000;0.000000;0.000000;0.000000;2.000000;-380.484192;-512.633667;1548.681030;1.412190;0.000000;0.000000;0.000000;0.000000;2.000000;-323.651276;-466.144684;1596.007690;1.459195;0.000000;0.000000;0.000000;0.000000;2.000000;84.522560;-156.775574;2006.989868;0.143070;0.000000;0.000000;0.000000;0.000000;2.000000;107.471619;206.564240;1923.338745;0.276679;0.000000;0.000000;0.000000;0.000000;2.000000;87.804115;543.744202;2038.972412;0.272087;0.000000;0.000000;0.000000;0.000000;2.000000;56.688843;682.816284;1937.741943;0.291061;0.000000;0.000000;0.000000;0.000000;2.000000;-76.217712;-143.890167;1993.696777;0.129015;0.000000;0.000000;0.000000;0.000000;2.000000;-43.750809;161.942719;1782.386719;0.438351;0.000000;0.000000;0.000000;0.000000;2.000000;-97.358078;461.077698;1976.778931;1.166518;0.000000;0.000000;0.000000;0.000000;2.000000;-119.859375;620.162598;1983.983521;1.386286;0.000000;0.000000;0.000000;0.000000;2.000000;-61.603165;-723.048767;2026.922729;0.480388;0.000000;0.000000;0.000000;0.000000;2.000000;1.258118;-773.101013;1900.334229;0.565818;0.000000;0.000000;0.000000;0.000000;2.000000;10.065880;-800.669373;1943.809448;0.408686;0.000000;0.000000;0.000000;0.000000;2.000000;13.679993;-776.258667;2059.497070;0.403455;0.000000;0.000000;0.000000;0.000000;2.000000;-32.340546;-801.840210;1919.718750;0.507322;0.000000;0.000000;0.000000;0.000000;2.000000;-126.948761;-790.137878;1996.260376;0.366031;0.000000;0.000000;0.000000;0.000000;2.000000;12346500096.000000
0.000000;-150.000000;2000.000000;0.000000;0.000000;0.000000;0.000000;0.000000;2.000000;-11.681366;-317.029541;2001.258057;0.065860;0.000000;0.000000;0.000000;0.000000;2.000000;-20.996567;-450.564240;2002.111084;0.121093;0.000000;0.000000;0.000000;0.000000;2.000000;-42.769897;-651.748718;2025.993408;0.315835;0.000000;0.000000;0.000000;0.000000;2.000000;-7.903732;-621.739868;2025.707764;0.260556;0.000000;0.000000;0.000000;0.000000;2.000000;125.591782;-623.505066;2012.411621;0.699385;0.000000;0.000000;0.000000;0.000000;2.000000;194.857971;-542.981812;1775.797974;1.184187;0.000000;0.000000;0.000000;0.000000;2.000000;140.545532;-729.388794;1677.366821;3.098869;0.000000;0.000000;0.000000;0.000000;2.000000;176.568237;-809.947632;1696.869507;3.851195;0.000000;0.000000;0.000000;0.000000;2.000000;197.132568;-909.244324;1698.322510;3.578576;0.000000;0.000000;0.000000;0.000000;2.000000;187.257935;-842.052063;1674.063477;2.615888;0.000000;0.000000;0.000000;0.000000;2.000000;-70.478775;-615.036865;2020.345093;0.316694;0.000000;0.000000;0.000000;0.000000;2.000000;-184.373367;-577.467773;1991.168823;0.321301;0.000000;0.000000;0.000000;0.000000;2.000000;-310.331848;-362.966736;1901.944824;1.292974;0.000000;0.000000;0.000000;0.000000;2.000000;-315.185425;-420.189545;1689.117798;0.803954;0.000000;0.000000;0.000000;0.000000;2.000000;-384.635864;-444.212067;1625.332153;1.264226;0.000000;0.000000;0.000000;0.000000;2.000000;-353.533020;-508.868652;1556.130249;0.861024;0.000000;0.000000;0.000000;0.000000;2.000000;-307.195435;-477.737671;1587.229492;0.670171;0.000000;0.000000;0.000000;0.000000;2.000000;84.373863;-155.802246;2013.079468;0.188253;0.000000;0.000000;0.000000;0.000000;2.000000;106.292664;212.959808;1944.451660;0.674189;0.000000;0.000000;0.000000;0.000000;2.000000;77.634109;555.615723;2047.930298;0.549830;0.000000;0.000000;0.000000;0.000000;2.000000;45.754486;695.528809;1946.327881;0.574903;0.000000;0.000000;0.000000;0.000000;2.000000;-76.083633;-144.767868;1988.205688;0.169751;0.000000;0.000000;0.000000;0.000000;2.000000;-29.085175;175.261475;1797.826294;0.766502;0.000000;0.000000;0.000000;0.000000;2.000000;-79.960251;497.508148;1956.691528;1.376125;0.000000;0.000000;0.000000;0.000000;2.000000;-100.945877;657.850769;1952.301270;1.609606;0.000000;0.000000;0.000000;0.000000;2.000000;-49.952362;-727.994202;2022.404175;0.410136;0.000000;0.000000;0.000000;0.000000;2.000000;-3.383377;-799.917969;1898.294312;0.832886;0.000000;0.000000;0.000000;0.000000;2.000000;8.736984;-821.670898;1944.549683;0.642595;0.000000;0.000000;0.000000;0.000000;2.000000;26.093941;-781.125061;2055.054688;0.428902;0.000000;0.000000;0.000000;0.000000;2.000000;-36.282715;-823.504089;1925.112671;0.691854;0.000000;0.000000;0.000000;0.000000;2.000000;-121.899567;-794.756348;2008.568115;0.429751;0.000000;0.000000;0.000000;0.000000;2.000000;12346532864.000000
0.000000;-150.000000;2000.000000;0.000000;0.000000;0.000000;0.000000;0.000000;2.000000;-9.354523;-317.173828;1996.899536;0.146273;0.000000;0.000000;0.000000;0.000000;2.000000;-17.629318;-450.768677;1999.661499;0.123373;0.000000;0.000000;0.000000;0.000000;2.000000;-32.839310;-651.259705;2032.864746;0.357658;0.000000;0.000000;0.000000;0.000000;2.000000;1.061768;-620.217651;2030.883423;0.309644;0.000000;0.000000;0.000000;0.000000;2.000000;131.659958;-614.958069;2000.517456;0.469160;0.000000;0.000000;0.000000;0.000000;2.000000;208.870605;-517.044922;1773.060059;0.876153;0.000000;0.000000;0.000000;0.000000;2.000000;175.474426;-716.725891;1692.993774;1.192769;0.000000;0.000000;0.000000;0.000000;2.000000;197.377014;-803.772034;1703.628784;0.672760;0.000000;0.000000;0.000000;0.000000;2.000000;205.632263;-904.342712;1693.386841;0.325025;0.000000;0.000000;0.000000;0.000000;2.000000;200.871399;-834.937500;1684.373291;0.547455;0.000000;0.000000;0.000000;0.000000;2.000000;-61.743576;-615.722229;2025.819702;0.305745;0.000000;0.000000;0.000000;0.000000;2.000000;-175.544968;-582.152161;1991.747070;0.296251;0.000000;0.000000;0.000000;0.000000;2.000000;-329.024231;-376.738739;1927.678223;1.025672;0.000000;0.000000;0.000000;0.000000;2.000000;-343.826660;-438.045624;1716.424072;1.284748;0.000000;0.000000;0.000000;0.000000;2.000000;-361.188721;-508.433868;1651.496582;2.166304;0.000000;0.000000;0.000000;0.000000;2.000000;-332.335205;-447.196472;1578.306274;2.038379;0.000000;0.000000;0.000000;0.000000;2.000000;-301.787537;-448.945221;1589.930298;0.870625;0.000000;0.000000;0.000000;0.000000;2.000000;84.468475;-154.965561;2012.884766;0.025575;0.000000;0.000000;0.000000;0.000000;2.000000;108.941742;216.096100;1958.784912;0.441217;0.000000;0.000000;0.000000;0.000000;2.000000;88.146812;565.062073;2041.041382;0.465283;0.000000;0.000000;0.000000;0.000000;2.000000;64.924706;723.643311;1968.682617;1.204851;0.000000;0.000000;0.000000;0.000000;2.000000;-76.168945;-145.522339;1988.381348;0.023063;0.000000;0.000000;0.000000;0.000000;2.000000;-15.677673;187.475861;1826.018311;0.992018;0.000000;0.000000;0.000000;0.000000;2.000000;-52.024429;531.822815;1934.681641;1.462478;0.000000;0.000000;0.000000;0.000000;2.000000;-55.712616;693.571594;1934.585327;1.784394;0.000000;0.000000;0.000000;0.000000;2.000000;-37.637543;-727.786438;2032.809692;0.477145;0.000000;0.000000;0.000000;0.000000;2.000000;-1.762115;-786.942444;1898.778198;0.387233;0.000000;0.000000;0.000000;0.000000;2.000000;16.109207;-811.789124;1941.482422;0.375965;0.000000;0.000000;0.000000;0.000000;2.000000;43.554962;-779.615295;2052.711426;0.523264;0.000000;0.000000;0.000000;0.000000;2.000000;-30.628387;-814.236633;1926.711670;0.324732;0.000000;0.000000;0.000000;0.000000;2.000000;-107.915375;-796.657166;2020.749512;0.551695;0.000000;0.000000;0.000000;0.000000;2.000000;12346566656.000000
0.000000;-150.000000;2000.000000;0.000000;0.000000;0.000000;0.000000;0.000000;2.000000;-10.174515;-318.499939;1995.536377;0.061288;0.000000;0.000000;0.000000;0.000000;2.000000;-19.305862;-453.187744;1996.435913;0.129220;0.000000;0.000000;0.000000;0.000000;2.000000;-36.446640;-654.246277;2035.297974;0.156179;0.000000;0.000000;0.000000;0.000000;2.000000;-2.061096;-623.173584;2033.171631;0.144144;0.000000;0.000000;0.000000;0.000000;2.000000;129.781830;-618.293091;2003.138916;0.137286;0.000000;0.000000;0.000000;0.000000;2.000000;235.509308;-531.433533;1780.218262;0.920661;0.000000;0.000000;0.000000;0.000000;2.000000;189.173187;-728.609741;1695.543701;0.541948;0.000000;0.000000;0.000000;0.000000;2.000000;205.293381;-817.407532;1708.283203;0.486493;0.000000;0.000000;0.000000;0.000000;2.000000;224.923523;-917.613586;1714.101929;0.925164;0.000000;0.000000;0.000000;0.000000;2.000000;187.753082;-845.400635;1687.730103;0.506405;0.000000;0.000000;0.000000;0.000000;2.000000;-65.239166;-618.493225;2026.533081;0.133681;0.000000;0.000000;0.000000;0.000000;2.000000;-183.394470;-595.326233;1994.950806;0.463611;0.000000;0.000000;0.000000;0.000000;2.000000;-358.566742;-404.930115;1930.968872;1.212345;0.000000;0.000000;0.000000;0.000000;2.000000;-338.846436;-454.694702;1715.196411;0.515545;0.000000;0.000000;0.000000;0.000000;2.000000;-329.098907;-446.683044;1617.874512;2.287155;0.000000;0.000000;0.000000;0.000000;2.000000;-315.072662;-428.029785;1520.090332;1.884310;0.000000;0.000000;0.000000;0.000000;1.000000;-284.805298;-456.088745;1600.547241;0.629253;0.000000;0.000000;0.000000;0.000000;2.000000;84.052094;-155.572937;2018.786499;0.176003;0.000000;0.000000;0.000000;0.000000;2.000000;104.505142;221.688370;1989.768799;0.940920;0.000000;0.000000;0.000000;0.000000;2.000000;74.009979;576.342957;2056.359131;0.701382;0.000000;0.000000;0.000000;0.000000;2.000000;73.544670;735.694336;1978.578125;0.527260;0.000000;0.000000;0.000000;0.000000;2.000000;-75.793472;-144.974625;1983.059326;0.158715;0.000000;0.000000;0.000000;0.000000;2.000000;-12.532791;208.876724;1864.464111;1.305431;0.000000;0.000000;0.000000;0.000000;2.000000;-54.888031;551.741272;1985.160889;1.608145;0.000000;0.000000;0.000000;0.000000;2.000000;-52.586533;714.471191;1996.562378;1.937757;0.000000;0.000000;0.000000;0.000000;2.000000;-41.690338;-731.360474;2037.327271;0.208430;0.000000;0.000000;0.000000;0.000000;2.000000;-0.348190;-774.099792;1897.335938;0.384721;0.000000;0.000000;0.000000;0.000000;2.000000;18.035034;-802.926697;1937.806396;0.289593;0.000000;0.000000;0.000000;0.000000;2.000000;42.143257;-781.850220;2053.447754;0.081205;0.000000;0.000000;0.000000;0.000000;2.000000;-28.651520;-805.816772;1921.648682;0.296572;0.000000;0.000000;0.000000;0.000000;2.000000;-109.025223;-802.105286;2016.020264;0.216006;0.000000;0.000000;0.000000;0.000000;2.000000;12346600448.000000
0.000000;-150.000000;2000.000000;0.000000;0.000000;0.000000;0.000000;0.000000;2.000000;-6.491806;-319.975281;1995.448853;0.121100;0.000000;0.000000;0.000000;0.000000;2.000000;-13.494949;-455.814087;1997.505615;0.197325;0.000000;0.000000;0.000000;0.000000;2.000000;-26.871933;-656.586487;2046.392334;0.452892;0.000000;0.000000;0.000000;0.000000;2.000000;7.166687;-624.750977;2042.732544;0.408356;0.000000;0.000000;0.000000;0.000000;2.000000;137.195251;-611.108337;2004.047852;0.316274;0.000000;0.000000;0.000000;0.000000;2.000000;243.624451;-542.797852;1772.799561;0.482564;0.000000;0.000000;0.000000;0.000000;2.000000;199.485886;-746.036072;1697.414673;0.620588;0.000000;0.000000;0.000000;0.000000;2.000000;222.801422;-827.165222;1733.601440;0.985466;0.000000;0.000000;0.000000;0.000000;2.000000;243.028305;-927.774109;1743.095825;1.088270;0.000000;0.000000;0.000000;0.000000;2.000000;197.008179;-854.754639;1743.346191;1.744128;0.000000;0.000000;0.000000;0.000000;2.000000;-56.570587;-621.595032;2035.842041;0.399561;0.000000;0.000000;0.000000;0.000000;2.000000;-173.744080;-593.364563;2001.104736;0.354384;0.000000;0.000000;0.000000;0.000000;2.000000;-373.605652;-419.121643;1958.472778;1.050103;0.000000;0.000000;0.000000;0.000000;2.000000;-359.465942;-452.292175;1737.376953;0.927108;0.000000;0.000000;0.000000;0.000000;2.000000;-324.173035;-428.040710;1648.240845;1.097749;0.000000;0.000000;0.000000;0.000000;2.000000;-281.839996;-408.262390;1558.359375;1.660246;0.000000;0.000000;0.000000;0.000000;1.000000;-295.819672;-455.088684;1644.230225;1.375161;0.000000;0.000000;0.000000;0.000000;2.000000;82.777245;-153.868057;2026.388184;0.240910;0.000000;0.000000;0.000000;0.000000;2.000000;94.181580;227.481430;2010.946411;0.740406;0.000000;0.000000;0.000000;0.000000;2.000000;69.917511;587.853943;2062.956055;0.423712;0.000000;0.000000;0.000000;0.000000;2.000000;67.059692;745.669373;1979.213013;0.363607;0.000000;0.000000;0.000000;0.000000;2.000000;-74.643875;-146.512039;1976.204590;0.217239;0.000000;0.000000;0.000000;0.000000;2.000000;-22.407089;226.441895;1915.715210;1.680605;0.000000;0.000000;0.000000;0.000000;2.000000;-72.659470;562.308594;2059.404785;2.351963;0.000000;0.000000;0.000000;0.000000;2.000000;-66.137024;720.297791;2014.429810;0.707067;0.000000;0.000000;0.000000;0.000000;2.000000;-30.653809;-734.190430;2052.182373;0.571329;0.000000;0.000000;0.000000;0.000000;2.000000;-7.080658;-767.181702;1904.381104;0.364708;0.000000;0.000000;0.000000;0.000000;2.000000;18.392174;-797.253052;1940.392700;0.190599;0.000000;0.000000;0.000000;0.000000;2.000000;57.684921;-780.911743;2053.569336;0.475172;0.000000;0.000000;0.000000;0.000000;2.000000;-30.266037;-801.995850;1930.562744;0.300046;0.000000;0.000000;0.000000;0.000000;2.000000;-97.220749;-808.017761;2035.905762;0.728428;0.000000;0.000000;0.000000;0.000000;2.000000;12346633216.000000
0.000000;-150.000000;2000.000000;0.000000;0.000000;0.000000;0.000000;0.000000;2.000000;-4.004547;-323.033752;1995.415405;0.116664;0.000000;0.000000;0.000000;0.000000;2.000000;-8.653351;-461.367615;1996.669922;0.219428;0.000000;0.000000;0.000000;0.000000;2.000000;-22.546188;-665.510620;2046.932861;0.293915;0.000000;0.000000;0.000000;0.000000;2.000000;11.958206;-632.871216;2044.311523;0.282902;0.000000;0.000000;0.000000;0.000000;2.000000;147.504089;-633.932800;2014.760864;0.806097;0.000000;0.000000;0.000000;0.000000;2.000000;276.043518;-547.005127;1796.024536;1.186703;0.000000;0.000000;0.000000;0.000000;2.000000;228.471054;-751.280579;1714.325562;1.005120;0.000000;0.000000;0.000000;0.000000;2.000000;243.288589;-842.985413;1724.512817;0.811839;0.000000;0.000000;0.000000;0.000000;2.000000;219.722992;-939.804321;1757.186035;0.881050;0.000000;0.000000;0.000000;0.000000;2.000000;213.490891;-865.531250;1692.660522;1.609166;0.000000;0.000000;0.000000;0.000000;2.000000;-52.617630;-630.191833;2034.916748;0.281345;0.000000;0.000000;0.000000;0.000000;2.000000;-173.260498;-614.600525;1996.296875;0.644495;0.000000;0.000000;0.000000;0.000000;2.000000;-390.667023;-462.013733;1932.084351;1.573483;0.000000;0.000000;0.000000;0.000000;2.000000;-338.570465;-472.883606;1710.442627;1.178554;0.000000;0.000000;0.000000;0.000000;1.000000;-303.910461;-403.294312;1646.563354;0.947788;0.000000;0.000000;0.000000;0.000000;1.000000;-287.242828;-378.374634;1547.943726;0.950180;0.000000;0.000000;0.000000;0.000000;1.000000;-280.340973;-429.673584;1636.722900;0.908204;0.000000;0.000000;0.000000;0.000000;1.000000;84.856270;-152.625259;2024.963623;0.083157;0.000000;0.000000;0.000000;0.000000;2.000000;85.083176;235.768860;2015.043457;0.383850;0.000000;0.000000;0.000000;0.000000;2.000000;55.027100;600.889343;2075.473633;0.692962;0.000000;0.000000;0.000000;0.000000;2.000000;61.729980;761.716187;1990.946289;0.609048;0.000000;0.000000;0.000000;0.000000;2.000000;-76.518631;-147.632675;1977.489258;0.074987;0.000000;0.000000;0.000000;0.000000;2.000000;-40.810486;236.125656;1931.901855;0.779852;0.000000;0.000000;0.000000;0.000000;2.000000;-62.496780;583.227783;2072.734863;0.793277;0.000000;0.000000;0.000000;0.000000;2.000000;-47.602173;737.158386;2008.981201;0.758816;0.000000;0.000000;0.000000;0.000000;2.000000;-26.015884;-744.471497;2053.086182;0.334840;0.000000;0.000000;0.000000;0.000000;2.000000;-5.563644;-773.397705;1901.216431;0.211242;0.000000;0.000000;0.000000;0.000000;2.000000;22.453247;-804.028809;1936.251953;0.263939;0.000000;0.000000;0.000000;0.000000;2.000000;65.378632;-788.993896;2050.566895;0.341959;0.000000;0.000000;0.000000;0.000000;2.000000;-27.156113;-810.255615;1927.605347;0.275454;0.000000;0.000000;0.000000;0.000000;2.000000;-91.730362;-821.375427;2036.576904;0.427841;0.000000;0.000000;0.000000;0.000000;2.000000;12346667008.000000
0.000000;-150.000000;2000.000000;0.000000;0.000000;0.000000;0.000000;0.000000;2.000000;-1.812424;-322.426270;1989.097290;0.204930;0.000000;0.000000;0.000000;0.000000;2.000000;-6.652130;-460.424438;1992.674316;0.139380;0.000000;0.000000;0.000000;0.000000;2.000000;-15.276367;-666.298401;2034.514282;0.439805;0.000000;0.000000;0.000000;0.000000;2.000000;18.456589;-632.973206;2032.309326;0.416531;0.000000;0.000000;0.000000;0.000000;2.000000;152.010803;-630.860168;1995.898315;0.599224;0.000000;0.000000;0.000000;0.000000;2.000000;297.149414;-554.367188;1784.453979;0.768132;0.000000;0.000000;0.000000;0.000000;2.000000;244.182220;-764.394897;1724.970093;0.703979;0.000000;0.000000;0.000000;0.000000;2.000000;248.749893;-857.174744;1733.206421;0.534486;0.000000;0.000000;0.000000;0.000000;2.000000;216.941177;-955.960571;1746.645020;0.594800;0.000000;0.000000;0.000000;0.000000;2.000000;216.171783;-865.025024;1680.958374;0.366699;0.000000;0.000000;0.000000;0.000000;2.000000;-46.268845;-631.180420;2024.884277;0.363575;0.000000;0.000000;0.000000;0.000000;2.000000;-167.671570;-625.418762;1986.809570;0.471078;0.000000;0.000000;0.000000;0.000000;2.000000;-397.924774;-484.734680;1947.410156;0.865213;0.000000;0.000000;0.000000;0.000000;2.000000;-306.671936;-477.478027;1739.176514;1.317660;0.000000;0.000000;0.000000;0.000000;2.000000;-284.229462;-409.194885;1669.061035;0.929812;0.000000;0.000000;0.000000;0.000000;2.000000;-282.664734;-384.905762;1569.120972;0.690595;0.000000;0.000000;0.000000;0.000000;1.000000;-266.169647;-435.889526;1649.833740;0.618957;0.000000;0.000000;0.000000;0.000000;2.000000;85.104492;-152.376984;2023.444580;0.047580;0.000000;0.000000;0.000000;0.000000;2.000000;79.576736;235.267517;2018.811401;0.204193;0.000000;0.000000;0.000000;0.000000;2.000000;50.076698;592.637390;2112.144043;1.156983;0.000000;0.000000;0.000000;0.000000;2.000000;53.044075;745.865723;2015.036743;0.919097;0.000000;0.000000;0.000000;0.000000;2.000000;-76.742477;-147.856583;1978.859009;0.042904;0.000000;0.000000;0.000000;0.000000;2.000000;-63.600739;238.861465;1962.324951;1.163054;0.000000;0.000000;0.000000;0.000000;2.000000;-86.554306;586.765625;2098.831543;1.088549;0.000000;0.000000;0.000000;0.000000;2.000000;-70.439850;725.907104;2008.031982;0.777481;0.000000;0.000000;0.000000;0.000000;2.000000;-17.099426;-745.335876;2037.400879;0.551245;0.000000;0.000000;0.000000;0.000000;2.000000;0.192139;-800.881042;1893.061035;0.892332;0.000000;0.000000;0.000000;0.000000;2.000000;23.209381;-829.001770;1933.283569;0.767826;0.000000;0.000000;0.000000;0.000000;2.000000;66.830620;-801.899719;2044.801392;0.433639;0.000000;0.000000;0.000000;0.000000;2.000000;-26.605331;-829.543335;1924.221924;0.597839;0.000000;0.000000;0.000000;0.000000;2.000000;-92.843277;-813.798096;2031.299316;0.283842;0.000000;0.000000;0.000000;0.000000;2.000000;12346699776.000000
0.000000;-150.000000;2000.000000;0.000000;0.000000;0.000000;0.000000;0.000000;2.000000;-1.005859;-321.634308;1989.145020;0.033481;0.000000;0.000000;0.000000;0.000000;2.000000;-4.289688;-459.082916;1989.882080;0.115288;0.000000;0.000000;0.000000;0.000000;2.000000;-10.679459;-664.179138;2031.056519;0.181409;0.000000;0.000000;0.000000;0.000000;2.000000;22.476265;-630.558350;2029.363892;0.163873;0.000000;0.000000;0.000000;0.000000;2.000000;158.666565;-637.066650;2009.370605;0.481119;0.000000;0.000000;0.000000;0.000000;2.000000;326.274109;-585.082825;1808.949097;1.447239;0.000000;0.000000;0.000000;0.000000;2.000000;257.101257;-777.490601;1718.485107;0.577214;0.000000;0.000000;0.000000;0.000000;2.000000;250.033157;-869.868530;1724.211792;0.461953;0.000000;0.000000;0.000000;0.000000;2.000000;206.283768;-961.908020;1745.766113;0.362104;0.000000;0.000000;0.000000;0.000000;2.000000;222.976715;-885.863281;1689.980469;0.701504;0.000000;0.000000;0.000000;0.000000;2.000000;-41.864258;-629.620972;2021.123535;0.177496;0.000000;0.000000;0.000000;0.000000;2.000000;-164.578857;-632.843262;1989.463135;0.250631;0.000000;0.000000;0.000000;0.000000;2.000000;-407.985962;-523.209717;1940.398438;1.195022;0.000000;0.000000;0.000000;0.000000;2.000000;-327.355988;-470.240601;1735.566650;0.657228;0.000000;0.000000;0.000000;0.000000;2.000000;-287.952393;-378.447968;1738.843384;2.259311;0.000000;0.000000;0.000000;0.000000;2.000000;-271.586792;-440.864929;1659.351440;3.159049;0.000000;0.000000;0.000000;0.000000;2.000000;-241.356354;-421.203552;1663.781982;0.947862;0.000000;0.000000;0.000000;0.000000;2.000000;84.990814;-151.910782;2022.337158;0.035716;0.000000;0.000000;0.000000;0.000000;2.000000;88.750496;233.699966;2007.444824;0.434736;0.000000;0.000000;0.000000;0.000000;2.000000;50.205193;585.485535;2111.306152;0.213125;0.000000;0.000000;0.000000;0.000000;2.000000;53.308105;738.868958;2016.031128;0.209280;0.000000;0.000000;0.000000;0.000000;2.000000;-76.639969;-148.276947;1979.857666;0.032208;0.000000;0.000000;0.000000;0.000000;2.000000;-92.400833;236.672058;1966.552002;0.863840;0.000000;0.000000;0.000000;0.000000;2.000000;-121.773743;583.296631;2100.311523;1.048201;0.000000;0.000000;0.000000;0.000000;2.000000;-98.324341;725.203674;2017.126831;0.868213;0.000000;0.000000;0.000000;0.000000;2.000000;-11.478439;-742.873230;2033.769409;0.211019;0.000000;0.000000;0.000000;0.000000;2.000000;6.277237;-789.917297;1887.256348;0.408902;0.000000;0.000000;0.000000;0.000000;2.000000;23.647903;-823.162048;1926.041992;0.275603;0.000000;0.000000;0.000000;0.000000;2.000000;64.301888;-809.326294;2040.454224;0.265423;0.000000;0.000000;0.000000;0.000000;2.000000;-25.129547;-817.025146;1914.936768;0.463292;0.000000;0.000000;0.000000;0.000000;2.000000;-94.030746;-800.727112;2019.527588;0.521736;0.000000;0.000000;0.000000;0.000000;2.000000;12346733568.000000
0.000000;-150.000000;2000.000000;0.000000;0.000000;0.000000;0.000000;0.000000;2.000000;1.199539;-319.428070;1986.943970;0.116511;0.000000;0.000000;0.000000;0.000000;2.000000;-0.266846;-455.269135;1985.725952;0.211435;0.000000;0.000000;0.000000;0.000000;2.000000;-10.958954;-656.543335;2031.977539;0.234870;0.000000;0.000000;0.000000;0.000000;2.000000;22.546539;-624.150269;2029.184448;0.195648;0.000000;0.000000;0.000000;0.000000;2.000000;156.647888;-633.190552;2007.368164;0.146703;0.000000;0.000000;0.000000;0.000000;2.000000;344.519287;-599.339111;1826.139771;0.880075;0.000000;0.000000;0.000000;0.000000;2.000000;270.658630;-782.650513;1727.403564;0.519665;0.000000;0.000000;0.000000;0.000000;2.000000;266.206879;-874.231079;1729.824707;0.539157;0.000000;0.000000;0.000000;0.000000;2.000000;230.593414;-964.280762;1764.696533;0.943062;0.000000;0.000000;0.000000;0.000000;2.000000;250.926392;-898.956787;1709.612183;1.116305;0.000000;0.000000;0.000000;0.000000;2.000000;-41.046936;-621.969116;2021.433228;0.235035;0.000000;0.000000;0.000000;0.000000;2.000000;-162.762238;-630.717285;1993.140991;0.140998;0.000000;0.000000;0.000000;0.000000;2.000000;-409.173370;-545.716431;1929.989380;0.757617;0.000000;0.000000;0.000000;0.000000;2.000000;-323.786469;-467.793793;1738.448486;0.158672;0.000000;0.000000;0.000000;0.000000;2.000000;-294.192688;-373.680084;1733.989990;0.281738;0.000000;0.000000;0.000000;0.000000;2.000000;-284.868683;-465.899933;1693.451660;1.353132;0.000000;0.000000;0.000000;0.000000;2.000000;-233.131592;-407.415161;1685.392456;0.821586;0.000000;0.000000;0.000000;0.000000;2.000000;83.999435;-151.104462;2022.050171;0.039969;0.000000;0.000000;0.000000;0.000000;2.000000;88.405380;229.733688;2003.270264;0.176045;0.000000;0.000000;0.000000;0.000000;2.000000;32.116386;573.712036;2109.665283;0.660558;0.000000;0.000000;0.000000;0.000000;2.000000;38.635544;729.206421;2022.365601;0.569931;0.000000;0.000000;0.000000;0.000000;2.000000;-75.745987;-149.004059;1980.116333;0.036042;0.000000;0.000000;0.000000;0.000000;2.000000;-98.726837;230.680786;1959.911133;0.334324;0.000000;0.000000;0.000000;0.000000;2.000000;-172.290314;561.331909;2104.398682;1.685686;0.000000;0.000000;0.000000;0.000000;2.000000;-185.323059;706.988770;2029.776245;2.739888;0.000000;0.000000;0.000000;0.000000;2.000000;-13.521042;-734.160522;2036.788574;0.288224;0.000000;0.000000;0.000000;0.000000;2.000000;5.762589;-764.878052;1888.088501;0.764720;0.000000;0.000000;0.000000;0.000000;2.000000;26.463287;-799.505249;1922.943726;0.733165;0.000000;0.000000;0.000000;0.000000;2.000000;67.096275;-793.006348;2036.468506;0.519727;0.000000;0.000000;0.000000;0.000000;2.000000;-22.260132;-796.873779;1912.980591;0.624036;0.000000;0.000000;0.000000;0.000000;2.000000;-89.800461;-796.972168;2017.924805;0.179416;0.000000;0.000000;0.000000;0.000000;2.000000;12346766336.000000
0.000000;-150.000000;2000.000000;0.000000;0.000000;0.000000;0.000000;0.000000;2.000000;4.943710;-316.862122;1985.198364;0.143914;0.000000;0.000000;0.000000;0.000000;2.000000;5.926392;-450.833984;1984.063721;0.230729;0.000000;0.000000;0.000000;0.000000;2.000000;-1.253418;-650.928040;2022.843506;0.427981;0.000000;0.000000;0.000000;0.000000;2.000000;31.255829;-618.367371;2021.122925;0.390672;0.000000;0.000000;0.000000;0.000000;2.000000;163.259018;-635.217041;2003.121582;0.240135;0.000000;0.000000;0.000000;0.000000;2.000000;363.015320;-618.900085;1838.142822;0.872264;0.000000;0.000000;0.000000;0.000000;2.000000;287.511597;-795.731384;1735.674438;0.677112;0.000000;0.000000;0.000000;0.000000;2.000000;281.379639;-885.605469;1743.873047;0.698381;0.000000;0.000000;0.000000;0.000000;2.000000;239.319092;-976.381042;1761.011841;0.454740;0.000000;0.000000;0.000000;0.000000;2.000000;243.757599;-890.201416;1698.140991;0.476836;0.000000;0.000000;0.000000;0.000000;2.000000;-31.506592;-616.985718;2013.683350;0.392496;0.000000;0.000000;0.000000;0.000000;2.000000;-151.852890;-630.385864;1989.212280;0.343275;0.000000;0.000000;0.000000;0.000000;2.000000;-409.006775;-580.138550;1953.048218;1.226092;0.000000;0.000000;0.000000;0.000000;2.000000;-341.056763;-512.522705;1754.326782;1.494674;0.000000;0.000000;0.000000;0.000000;2.000000;-328.614014;-417.230011;1770.147461;1.960461;0.000000;0.000000;0.000000;0.000000;2.000000;-288.347107;-481.073090;1704.901855;0.571862;0.000000;0.000000;0.000000;0.000000;2.000000;-263.802917;-434.030396;1691.322632;1.214484;0.000000;0.000000;0.000000;0.000000;2.000000;82.527130;-149.588867;2022.929077;0.067723;0.000000;0.000000;0.000000;0.000000;2.000000;93.193939;225.532196;1998.520264;0.235156;0.000000;0.000000;0.000000;0.000000;2.000000;31.773575;561.210266;2111.294434;0.373228;0.000000;0.000000;0.000000;0.000000;2.000000;37.304420;724.866272;2046.828857;0.736296;0.000000;0.000000;0.000000;0.000000;2.000000;-74.418335;-150.370743;1979.323730;0.061070;0.000000;0.000000;0.000000;0.000000;2.000000;-126.264481;220.481644;1949.296753;0.924039;0.000000;0.000000;0.000000;0.000000;2.000000;-239.752182;531.230835;2099.155762;2.191599;0.000000;0.000000;0.000000;0.000000;2.000000;-264.162964;681.543457;2044.147217;2.488211;0.000000;0.000000;0.000000;0.000000;2.000000;-2.515884;-727.623352;2024.957520;0.515817;0.000000;0.000000;0.000000;0.000000;2.000000;-12.927841;-771.211548;1880.815674;0.622392;0.000000;0.000000;0.000000;0.000000;2.000000;18.614670;-799.298767;1912.132202;0.395407;0.000000;0.000000;0.000000;0.000000;2.000000;81.419594;-777.066162;2010.838257;0.988664;0.000000;0.000000;0.000000;0.000000;2.000000;-30.367050;-802.608276;1913.559937;0.294359;0.000000;0.000000;0.000000;0.000000;2.000000;-71.850159;-798.445374;2029.361816;0.631367;0.000000;0.000000;0.000000;0.000000;2.000000;12346800128.000000
0.000000;-150.000000;2000.000000;0.000000;0.000000;0.000000;0.000000;0.000000;2.000000;7.465485;-315.204132;1985.154541;0.092112;0.000000;0.000000;0.000000;0.000000;2.000000;9.786484;-447.922699;1985.381226;0.152928;0.000000;0.000000;0.000000;0.000000;2.000000;-3.073914;-646.987671;2017.532227;0.209330;0.000000;0.000000;0.000000;0.000000;2.000000;29.979660;-615.549988;2017.333252;0.149280;0.000000;0.000000;0.000000;0.000000;2.000000;160.188400;-639.387634;2004.003418;0.160327;0.000000;0.000000;0.000000;0.000000;2.000000;372.234253;-638.655151;1858.469604;0.909623;0.000000;0.000000;0.000000;0.000000;2.000000;296.424744;-804.703552;1743.251221;0.449916;0.000000;0.000000;0.000000;0.000000;2.000000;286.895142;-886.346924;1778.955688;1.084024;0.000000;0.000000;0.000000;0.000000;2.000000;239.487885;-931.684387;1702.731934;2.241405;0.000000;0.000000;0.000000;0.000000;2.000000;239.606934;-915.121399;1703.053955;0.785418;0.000000;0.000000;0.000000;0.000000;2.000000;-32.015045;-612.321838;2009.031982;0.201614;0.000000;0.000000;0.000000;0.000000;2.000000;-151.878006;-625.832092;1988.283081;0.141836;0.000000;0.000000;0.000000;0.000000;2.000000;-410.957825;-597.354919;1961.131592;0.583477;0.000000;0.000000;0.000000;0.000000;2.000000;-347.360413;-546.744568;1758.213989;1.068543;0.000000;0.000000;0.000000;0.000000;2.000000;-347.028992;-450.301422;1755.135620;1.242701;0.000000;0.000000;0.000000;0.000000;2.000000;-290.875427;-504.588104;1694.550903;0.787856;0.000000;0.000000;0.000000;0.000000;2.000000;-282.833496;-466.295227;1689.035278;1.145290;0.000000;0.000000;0.000000;0.000000;2.000000;81.213181;-148.537781;2024.568726;0.071698;0.000000;0.000000;0.000000;0.000000;2.000000;90.576843;222.175598;1988.497437;0.332310;0.000000;0.000000;0.000000;0.000000;2.000000;19.941803;551.110046;2105.121094;0.510762;0.000000;0.000000;0.000000;0.000000;2.000000;34.581161;710.809570;2036.708130;0.535091;0.000000;0.000000;0.000000;0.000000;2.000000;-73.233505;-151.318542;1977.845459;0.064647;0.000000;0.000000;0.000000;0.000000;2.000000;-153.534622;210.327179;1942.030762;0.915308;0.000000;0.000000;0.000000;0.000000;2.000000;-312.353210;498.518768;2087.605225;2.455557;0.000000;0.000000;0.000000;0.000000;2.000000;-350.944885;651.053894;2056.364258;2.831724;0.000000;0.000000;0.000000;0.000000;2.000000;-6.319534;-722.941833;2017.254395;0.298578;0.000000;0.000000;0.000000;0.000000;2.000000;-10.747726;-780.531799;1879.309570;0.295703;0.000000;0.000000;0.000000;0.000000;2.000000;13.173126;-808.680115;1916.038696;0.351788;0.000000;0.000000;0.000000;0.000000;2.000000;69.390862;-784.408997;2016.887817;0.468029;0.000000;0.000000;0.000000;0.000000;2.000000;-35.234894;-804.924683;1912.833740;0.166003;0.000000;0.000000;0.000000;0.000000;2.000000;-84.924393;-781.779663;2021.756348;0.686832;0.000000;0.000000;0.000000;0.000000;2.000000;12346832896.000000
0.000000;-150.000000;2000.000000;0.000000;0.000000;0.000000;0.000000;0.000000;2.000000;7.849396;-312.058807;1985.048462;0.093822;0.000000;0.000000;0.000000;0.000000;2.000000;10.707916;-442.284180;1984.184448;0.172742;0.000000;0.000000;0.000000;0.000000;2.000000;-7.809143;-638.837280;2002.597046;0.522638;0.000000;0.000000;0.000000;0.000000;2.000000;25.408379;-608.944885;2005.230347;0.429865;0.000000;0.000000;0.000000;0.000000;2.000000;149.963364;-646.794250;2015.161987;0.498639;0.000000;0.000000;0.000000;0.000000;2.000000;364.466187;-662.031616;1883.054077;1.029897;0.000000;0.000000;0.000000;0.000000;2.000000;294.261475;-817.076050;1756.948975;0.549970;0.000000;0.000000;0.000000;0.000000;2.000000;290.439148;-899.316956;1787.865845;0.477328;0.000000;0.000000;0.000000;0.000000;2.000000;244.504272;-944.199890;1712.937500;0.500421;0.000000;0.000000;0.000000;0.000000;2.000000;229.173523;-920.899597;1714.018188;0.479420;0.000000;0.000000;0.000000;0.000000;2.000000;-35.084900;-603.581238;1995.780762;0.478468;0.000000;0.000000;0.000000;0.000000;2.000000;-153.618195;-620.271973;1985.930298;0.185938;0.000000;0.000000;0.000000;0.000000;2.000000;-409.459930;-599.994995;1969.717163;0.269483;0.000000;0.000000;0.000000;0.000000;2.000000;-383.835846;-592.801392;1756.867676;1.739065;0.000000;0.000000;0.000000;0.000000;2.000000;-381.040131;-499.226471;1742.647949;1.801606;0.000000;0.000000;0.000000;0.000000;2.000000;-321.889069;-537.416321;1675.925781;1.445642;0.000000;0.000000;0.000000;0.000000;2.000000;-319.657562;-518.243835;1694.532227;1.891368;0.000000;0.000000;0.000000;0.000000;1.000000;79.542328;-148.417236;2024.603394;0.049584;0.000000;0.000000;0.000000;0.000000;2.000000;95.316376;213.087280;1972.207520;0.569553;0.000000;0.000000;0.000000;0.000000;2.000000;11.017975;529.525574;2094.094238;0.764340;0.000000;0.000000;0.000000;0.000000;2.000000;26.861359;693.921997;2049.413818;0.665818;0.000000;0.000000;0.000000;0.000000;2.000000;-71.726791;-151.427246;1977.813965;0.044713;0.000000;0.000000;0.000000;0.000000;2.000000;-163.157837;199.089294;1931.224365;0.542182;0.000000;0.000000;0.000000;0.000000;2.000000;-337.871490;468.404846;2078.270020;1.200307;0.000000;0.000000;0.000000;0.000000;2.000000;-401.498932;611.241211;2060.125000;1.907509;0.000000;0.000000;0.000000;0.000000;2.000000;-12.914261;-713.083435;1997.382568;0.684847;0.000000;0.000000;0.000000;0.000000;2.000000;-7.486740;-778.836853;1866.293579;0.400240;0.000000;0.000000;0.000000;0.000000;2.000000;10.959518;-804.894470;1906.216919;0.318310;0.000000;0.000000;0.000000;0.000000;2.000000;57.733818;-776.706787;2008.307739;0.485203;0.000000;0.000000;0.000000;0.000000;2.000000;-35.767868;-799.209534;1898.197021;0.465257;0.000000;0.000000;0.000000;0.000000;2.000000;-93.114700;-766.663208;1998.050171;0.866605;0.000000;0.000000;0.000000;0.000000;2.000000;12346866688.000000
0.000000;-150.000000;2000.000000;0.000000;0.000000;0.000000;0.000000;0.000000;2.000000;0.804413;-312.890015;1983.193481;0.216985;0.000000;0.000000;0.000000;0.000000;2.000000;-0.768066;-443.613647;1976.284302;0.414170;0.000000;0.000000;0.000000;0.000000;2.000000;-16.588196;-640.990112;1998.739624;0.290833;0.000000;0.000000;0.000000;0.000000;2.000000;16.325302;-610.401550;2001.013428;0.299468;0.000000;0.000000;0.000000;0.000000;2.000000;144.529205;-636.831421;2010.095337;0.367784;0.000000;0.000000;0.000000;0.000000;2.000000;369.648743;-680.455566;1901.663940;0.789983;0.000000;0.000000;0.000000;0.000000;2.000000;298.076202;-829.336670;1767.370117;0.489379;0.000000;0.000000;0.000000;0.000000;2.000000;294.510010;-915.244446;1787.846191;0.486491;0.000000;0.000000;0.000000;0.000000;2.000000;244.494751;-950.475708;1709.780273;0.207897;0.000000;0.000000;0.000000;0.000000;2.000000;230.731750;-922.429932;1708.334229;0.180194;0.000000;0.000000;0.000000;0.000000;2.000000;-44.469864;-606.120483;1990.950806;0.321261;0.000000;0.000000;0.000000;0.000000;2.000000;-164.236755;-612.204529;1977.156494;0.472390;0.000000;0.000000;0.000000;0.000000;2.000000;-412.517426;-540.717285;1970.601196;1.756720;0.000000;0.000000;0.000000;0.000000;2.000000;-358.739807;-610.728333;1773.918335;1.042873;0.000000;0.000000;0.000000;0.000000;2.000000;-407.258636;-561.586975;1708.436646;2.243333;0.000000;0.000000;0.000000;0.000000;2.000000;-321.428589;-581.179138;1666.561768;1.324449;0.000000;0.000000;0.000000;0.000000;2.000000;-322.422058;-566.237488;1671.244873;1.580747;0.000000;0.000000;0.000000;0.000000;2.000000;79.276764;-152.366318;2026.728882;0.132949;0.000000;0.000000;0.000000;0.000000;2.000000;111.083046;206.044067;1952.165649;0.782880;0.000000;0.000000;0.000000;0.000000;2.000000;2.224533;512.819885;2083.949219;0.634230;0.000000;0.000000;0.000000;0.000000;2.000000;33.363960;679.626892;2056.112793;0.505258;0.000000;0.000000;0.000000;0.000000;2.000000;-71.487335;-147.866180;1975.897461;0.119884;0.000000;0.000000;0.000000;0.000000;2.000000;-183.672668;199.666992;1938.829712;0.647693;0.000000;0.000000;0.000000;0.000000;2.000000;-388.843231;459.813110;2065.974854;1.572352;0.000000;0.000000;0.000000;0.000000;2.000000;-449.282440;606.022461;2066.148926;1.433583;0.000000;0.000000;0.000000;0.000000;2.000000;-20.569794;-715.770874;1995.008301;0.250171;0.000000;0.000000;0.000000;0.000000;2.000000;-12.518387;-768.988098;1857.684448;0.414756;0.000000;0.000000;0.000000;0.000000;2.000000;8.889267;-797.091248;1894.986694;0.409295;0.000000;0.000000;0.000000;0.000000;2.000000;55.562546;-774.403137;1999.136108;0.287126;0.000000;0.000000;0.000000;0.000000;2.000000;-38.536560;-794.544434;1888.100952;0.339169;0.000000;0.000000;0.000000;0.000000;2.000000;-96.545715;-775.891907;1991.783936;0.345370;0.000000;0.000000;0.000000;0.000000;2.000000;12346900480.000000
0.000000;-150.000000;2000.000000;0.000000;0.000000;0.000000;0.000000;0.000000;2.000000;1.299255;-314.263000;1983.731689;0.047471;0.000000;0.000000;0.000000;0.000000;2.000000;0.479477;-446.030853;1976.534912;0.083364;0.000000;0.000000;0.000000;0.000000;2.000000;-21.788940;-644.270264;2000.148560;0.192508;0.000000;0.000000;0.000000;0.000000;2.000000;12.194031;-614.383057;2003.094116;0.186255;0.000000;0.000000;0.000000;0.000000;2.000000;141.262512;-639.664734;2017.131226;0.252029;0.000000;0.000000;0.000000;0.000000;2.000000;369.925293;-680.678406;1910.323486;0.264491;0.000000;0.000000;0.000000;0.000000;2.000000;312.347961;-834.639221;1772.356934;0.488918;0.000000;0.000000;0.000000;0.000000;2.000000;288.827820;-919.900146;1783.103760;0.266839;0.000000;0.000000;0.000000;0.000000;2.000000;255.821930;-948.684021;1693.227173;0.614549;0.000000;0.000000;0.000000;0.000000;2.000000;230.131195;-909.411560;1698.300293;0.501936;0.000000;0.000000;0.000000;0.000000;2.000000;-48.653900;-608.391663;1991.312744;0.145705;0.000000;0.000000;0.000000;0.000000;2.000000;-169.686752;-606.919800;1978.852661;0.237386;0.000000;0.000000;0.000000;0.000000;2.000000;-416.183533;-526.636108;1953.013916;0.696598;0.000000;0.000000;0.000000;0.000000;2.000000;-349.311340;-609.722778;1763.667969;0.426130;0.000000;0.000000;0.000000;0.000000;2.000000;-399.700134;-613.230286;1682.111206;1.783958;0.000000;0.000000;0.000000;0.000000;2.000000;-309.789001;-588.433533;1651.151245;0.629573;0.000000;0.000000;0.000000;0.000000;2.000000;-309.655212;-583.261658;1651.461060;0.886699;0.000000;0.000000;0.000000;0.000000;2.000000;80.376663;-151.896576;2025.569214;0.050840;0.000000;0.000000;0.000000;0.000000;2.000000;119.772667;206.074493;1938.901123;0.483930;0.000000;0.000000;0.000000;0.000000;2.000000;8.689651;518.473816;2062.935059;0.692796;0.000000;0.000000;0.000000;0.000000;2.000000;38.333755;688.307739;2044.947021;0.457489;0.000000;0.000000;0.000000;0.000000;2.000000;-72.479172;-148.289764;1976.943115;0.045843;0.000000;0.000000;0.000000;0.000000;2.000000;-179.323837;203.325928;1933.790649;0.231798;0.000000;0.000000;0.000000;0.000000;2.000000;-404.411316;452.244324;2057.656982;0.586095;0.000000;0.000000;0.000000;0.000000;2.000000;-474.020630;595.127014;2044.511719;1.056657;0.000000;0.000000;0.000000;0.000000;2.000000;-27.877319;-719.532532;1996.815552;0.256813;0.000000;0.000000;0.000000;0.000000;2.000000;-12.995773;-761.761963;1855.038574;0.235293;0.000000;0.000000;0.000000;0.000000;2.000000;4.748428;-794.182922;1891.316772;0.190761;0.000000;0.000000;0.000000;0.000000;2.000000;45.696648;-782.560303;2000.617920;0.393276;0.000000;0.000000;0.000000;0.000000;2.000000;-42.328629;-788.644165;1881.656738;0.290672;0.000000;0.000000;0.000000;0.000000;2.000000;-106.715317;-775.725098;1983.557739;0.399208;0.000000;0.000000;0.000000;0.000000;2.000000;12346933248.000000
0.000000;-150.000000;2000.000000;0.000000;0.000000;0.000000;0.000000;0.000000;2.000000;2.501694;-313.135376;1978.376953;0.165801;0.000000;0.000000;0.000000;0.000000;2.000000;0.568573;-444.669006;1975.720215;0.047036;0.000000;0.000000;0.000000;0.000000;2.000000;-25.387787;-642.754272;1989.910034;0.324277;0.000000;0.000000;0.000000;0.000000;2.000000;9.440506;-613.990051;1991.953003;0.339816;0.000000;0.000000;0.000000;0.000000;2.000000;138.474319;-633.316833;2011.131348;0.271333;0.000000;0.000000;0.000000;0.000000;2.000000;369.947266;-685.550476;1917.961426;0.268098;0.000000;0.000000;0.000000;0.000000;2.000000;320.501465;-835.519531;1773.583618;0.245387;0.000000;0.000000;0.000000;0.000000;2.000000;295.603882;-920.228271;1783.357666;0.200898;0.000000;0.000000;0.000000;0.000000;2.000000;259.736816;-948.786011;1694.845703;0.125399;0.000000;0.000000;0.000000;0.000000;2.000000;237.170959;-910.954285;1701.919067;0.238647;0.000000;0.000000;0.000000;0.000000;2.000000;-51.731354;-605.907898;1985.109131;0.217713;0.000000;0.000000;0.000000;0.000000;2.000000;-172.873291;-603.532532;1978.985840;0.137679;0.000000;0.000000;0.000000;0.000000;2.000000;-407.521820;-503.615265;1929.715332;1.002584;0.000000;0.000000;0.000000;0.000000;2.000000;-382.641205;-615.081055;1745.586914;1.133260;0.000000;0.000000;0.000000;0.000000;2.000000;-386.115448;-622.643311;1650.303223;1.060767;0.000000;0.000000;0.000000;0.000000;2.000000;-295.225739;-586.879761;1642.547974;0.502659;0.000000;0.000000;0.000000;0.000000;2.000000;-311.452209;-602.323792;1643.529297;0.613298;0.000000;0.000000;0.000000;0.000000;2.000000;81.247757;-151.632751;2021.718384;0.117097;0.000000;0.000000;0.000000;0.000000;2.000000;118.215652;204.644592;1931.761353;0.220353;0.000000;0.000000;0.000000;0.000000;2.000000;33.328056;523.401978;2057.305176;0.761998;0.000000;0.000000;0.000000;0.000000;2.000000;9.676575;694.244141;2068.312012;1.108209;0.000000;0.000000;0.000000;0.000000;2.000000;-73.264664;-148.527679;1980.415649;0.105593;0.000000;0.000000;0.000000;0.000000;2.000000;-179.311676;200.596619;1925.961426;0.245363;0.000000;0.000000;0.000000;0.000000;2.000000;-409.713959;442.384888;2051.106689;0.383832;0.000000;0.000000;0.000000;0.000000;2.000000;-485.993500;579.273254;2024.166260;0.841513;0.000000;0.000000;0.000000;0.000000;2.000000;-33.786606;-717.314209;1982.912964;0.451833;0.000000;0.000000;0.000000;0.000000;2.000000;-23.113770;-771.990723;1845.541504;0.510161;0.000000;0.000000;0.000000;0.000000;2.000000;-3.000671;-800.283447;1883.766602;0.367559;0.000000;0.000000;0.000000;0.000000;2.000000;41.639854;-777.421387;1989.414429;0.384005;0.000000;0.000000;0.000000;0.000000;2.000000;-50.429916;-797.017212;1875.633179;0.388131;0.000000;0.000000;0.000000;0.000000;2.000000;-111.006104;-776.534790;1978.200928;0.204516;0.000000;0.000000;0.000000;0.000000;2.000000;12346967040.000000
0.000000;-150.000000;2000.000000;0.000000;0.000000;0.000000;0.000000;0.000000;2.000000;0.919296;-314.272400;1980.248657;0.082454;0.000000;0.000000;0.000000;0.000000;2.000000;-1.050034;-446.439209;1975.257690;0.074549;0.000000;0.000000;0.000000;0.000000;2.000000;-31.113464;-645.176514;1987.137695;0.207736;0.000000;0.000000;0.000000;0.000000;2.000000;4.428802;-616.965576;1989.838501;0.189214;0.000000;0.000000;0.000000;0.000000;2.000000;133.599548;-634.990112;2013.648071;0.175037;0.000000;0.000000;0.000000;0.000000;2.000000;369.420807;-683.009521;1925.525757;0.244050;0.000000;0.000000;0.000000;0.000000;2.000000;322.624847;-836.212280;1781.968262;0.264802;0.000000;0.000000;0.000000;0.000000;2.000000;303.612915;-922.375244;1795.744507;0.454894;0.000000;0.000000;0.000000;0.000000;2.000000;261.486542;-941.973267;1706.953613;0.427329;0.000000;0.000000;0.000000;0.000000;2.000000;241.093140;-907.395752;1707.567383;0.236290;0.000000;0.000000;0.000000;0.000000;2.000000;-56.830444;-607.579346;1982.453003;0.182722;0.000000;0.000000;0.000000;0.000000;2.000000;-177.859055;-594.852173;1974.337524;0.336820;0.000000;0.000000;0.000000;0.000000;2.000000;-402.795410;-476.581665;1914.274414;0.960977;0.000000;0.000000;0.000000;0.000000;2.000000;-398.830872;-596.700317;1732.603394;0.846019;0.000000;0.000000;0.000000;0.000000;2.000000;-391.189514;-635.531372;1644.969360;0.452956;0.000000;0.000000;0.000000;0.000000;2.000000;-295.108215;-623.512939;1626.896851;1.215719;0.000000;0.000000;0.000000;0.000000;2.000000;-328.397644;-615.079590;1638.808960;0.663110;0.000000;0.000000;0.000000;0.000000;2.000000;82.045235;-151.992462;2020.390137;0.048537;0.000000;0.000000;0.000000;0.000000;2.000000;113.719345;208.728912;1938.374756;0.274040;0.000000;0.000000;0.000000;0.000000;2.000000;40.214561;534.740234;2057.614502;0.404948;0.000000;0.000000;0.000000;0.000000;2.000000;16.663834;706.559692;2068.109131;0.432161;0.000000;0.000000;0.000000;0.000000;2.000000;-73.983780;-148.203308;1981.613403;0.043769;0.000000;0.000000;0.000000;0.000000;2.000000;-180.411423;204.261597;1936.950684;0.355114;0.000000;0.000000;0.000000;0.000000;2.000000;-415.153992;448.823761;2053.794922;0.270007;0.000000;0.000000;0.000000;0.000000;2.000000;-486.050598;589.368896;2025.980713;0.313036;0.000000;0.000000;0.000000;0.000000;2.000000;-40.929169;-719.878052;1979.219849;0.257559;0.000000;0.000000;0.000000;0.000000;2.000000;-15.973251;-773.421631;1842.401123;0.242027;0.000000;0.000000;0.000000;0.000000;2.000000;-0.265411;-802.507446;1882.425293;0.115108;0.000000;0.000000;0.000000;0.000000;2.000000;33.178276;-781.191895;1993.105957;0.304324;0.000000;0.000000;0.000000;0.000000;2.000000;-46.761398;-798.617065;1869.226929;0.230519;0.000000;0.000000;0.000000;0.000000;2.000000;-118.170486;-778.513794;1965.465454;0.450005;0.000000;0.000000;0.000000;0.000000;2.000000;12346999808.000000
