posX0;posY0;posZ0;posVel0;rotX0;rotY0;rotZ0;rotVel0;confidence0;posX1;posY1;posZ1;posVel1;rotX1;rotY1;rotZ1;rotVel1;confidence1;posX2;posY2;posZ2;posVel2;rotX2;rotY2;rotZ2;rotVel2;confidence2;posX3;posY3;posZ3;posVel3;rotX3;rotY3;rotZ3;rotVel3;confidence3;posX4;posY4;posZ4;posVel4;rotX4;rotY4;rotZ4;rotVel4;confidence4;posX5;posY5;posZ5;posVel5;rotX5;rotY5;rotZ5;rotVel5;confidence5;posX6;posY6;posZ6;posVel6;rotX6;rotY6;rotZ6;rotVel6;confidence6;posX7;posY7;posZ7;posVel7;rotX7;rotY7;rotZ7;rotVel7;confidence7;posX8;posY8;posZ8;posVel8;rotX8;rotY8;rotZ8;rotVel8;confidence8;posX9;posY9;posZ9;posVel9;rotX9;rotY9;rotZ9;rotVel9;confidence9;posX10;posY10;posZ10;posVel10;rotX10;rotY10;rotZ10;rotVel10;confidence10;posX11;posY11;posZ11;posVel11;rotX11;rotY11;rotZ11;rotVel11;confidence11;posX12;posY12;posZ12;posVel12;rotX12;rotY12;rotZ12;rotVel12;confidence12;posX13;posY13;posZ13;posVel13;rotX13;rotY13;rotZ13;rotVel13;confidence13;posX14;posY14;posZ14;posVel14;rotX14;rotY14;rotZ14;rotVel14;confidence14;posX15;posY15;posZ15;posVel15;rotX15;rotY15;rotZ15;rotVel15;confidence15;posX16;posY16;posZ16;posVel16;rotX16;rotY16;rotZ16;rotVel16;confidence16;posX17;posY17;posZ17;posVel17;rotX17;rotY17;rotZ17;rotVel17;confidence17;posX18;posY18;posZ18;posVel18;rotX18;rotY18;rotZ18;rotVel18;confidence18;posX19;posY19;posZ19;posVel19;rotX19;rotY19;rotZ19;rotVel19;confidence19;posX20;posY20;posZ20;posVel20;rotX20;rotY20;rotZ20;rotVel20;confidence20;posX21;posY21;posZ21;posVel21;rotX21;rotY21;rotZ21;rotVel21;confidence21;posX22;posY22;posZ22;posVel22;rotX22;rotY22;rotZ22;rotVel22;confidence22;posX23;posY23;posZ23;posVel23;rotX23;rotY23;rotZ23;rotVel23;confidence23;posX24;posY24;posZ24;posVel24;rotX24;rotY24;rotZ24;rotVel24;confidence24;posX25;posY25;posZ25;posVel25;rotX25;rotY25;rotZ25;rotVel25;confidence25;posX26;posY26;posZ26;posVel26;rotX26;rotY26;rotZ26;rotVel26;confidence26;posX27;posY27;posZ27;posVel27;rotX27;rotY27;rotZ27;rotVel27;confidence27;posX28;posY28;posZ28;posVel28;rotX28;rotY28;rotZ28;rotVel28;confidence28;posX29;posY29;posZ29;posVel29;rotX29;rotY29;rotZ29;rotVel29;confidence29;posX30;posY30;posZ30;posVel30;rotX30;rotY30;rotZ30;rotVel30;confidence30;posX31;posY31;posZ31;posVel31;rotX31;rotY31;rotZ31;rotVel31;confidence31;TimeStamp
0.000000;-150.000000;2000.000000;0.000000;0.000000;0.000000;0.000000;0.000000;2.000000;-10.934814;-329.141144;2003.164063;0.000000;0.000000;0.000000;0.000000;0.000000;2.000000;-21.909546;-471.896606;2012.843140;0.000000;0.000000;0.000000;0.000000;0.000000;2.000000;-10.730774;-689.815247;2002.718506;0.000000;0.000000;0.000000;0.000000;0.000000;2.000000;-45.673645;-655.468750;1997.114014;0.000000;0.000000;0.000000;0.000000;0.000000;2.000000;-181.559570;-631.548828;1956.490723;0.000000;0.000000;0.000000;0.000000;0.000000;2.000000;-262.841187;-366.168945;1973.035400;0.000000;0.000000;0.000000;0.000000;0.000000;2.000000;-43.220459;-387.522400;2048.987793;0.000000;0.000000;0.000000;0.000000;0.000000;2.000000;36.010986;-423.125275;2006.075317;0.000000;0.000000;0.000000;0.000000;0.000000;2.000000;15.298340;-354.676361;1924.188477;0.000000;0.000000;0.000000;0.000000;0.000000;2.000000;-14.644043;-396.455200;1905.419434;0.000000;0.000000;0.000000;0.000000;0.000000;2.000000;20.791748;-652.036194;2009.574463;0.000000;0.000000;0.000000;0.000000;0.000000;2.000000;146.643616;-612.165649;2018.515747;0.000000;0.000000;0.000000;0.000000;0.000000;2.000000;232.572266;-354.326019;2098.482422;0.000000;0.000000;0.000000;0.000000;0.000000;2.000000;99.552704;-425.922363;2280.210938;0.000000;0.000000;0.000000;0.000000;0.000000;2.000000;48.882629;-460.146179;2364.729980;0.000000;0.000000;0.000000;0.000000;0.000000;2.000000;-16.400391;-482.619354;2446.294922;0.000000;0.000000;0.000000;0.000000;0.000000;2.000000;14.702087;-499.624817;2199.160889;0.000000;0.000000;0.000000;0.000000;0.000000;2.000000;-87.359741;-145.154968;1972.405273;0.000000;0.000000;0.000000;0.000000;0.000000;2.000000;-140.155273;178.973877;2205.638672;0.000000;0.000000;0.000000;0.000000;0.000000;1.000000;-109.271912;499.984558;1995.439209;0.000000;0.000000;0.000000;0.000000;0.000000;1.000000;-168.485596;647.451111;2096.810791;0.000000;0.000000;0.000000;0.000000;0.000000;1.000000;78.776154;-154.369019;2024.883423;0.000000;0.000000;0.000000;0.000000;0.000000;2.000000;17.218506;25.861206;2379.317383;0.000000;0.000000;0.000000;0.000000;0.000000;2.000000;-66.727539;390.142334;2486.890625;0.000000;0.000000;0.000000;0.000000;0.000000;2.000000;-80.706787;416.500549;2657.726074;0.000000;0.000000;0.000000;0.000000;0.000000;2.000000;-9.027222;-771.437012;2012.207520;0.000000;0.000000;0.000000;0.000000;0.000000;2.000000;-54.410828;-887.928955;2114.722656;0.000000;0.000000;0.000000;0.000000;0.000000;2.000000;-53.971191;-900.729248;2059.882324;0.000000;0.000000;0.000000;0.000000;0.000000;2.000000;-67.160889;-834.972107;1951.386475;0.000000;0.000000;0.000000;0.000000;0.000000;2.000000;-10.174561;-896.798706;2088.756348;0.000000;0.000000;0.000000;0.000000;0.000000;2.000000;81.484283;-825.178101;2026.729004;0.000000;0.000000;0.000000;0.000000;0.000000;2.000000;14818866176.000000
0.000000;-149.999969;2000.000000;0.000001;0.000000;0.000000;0.000000;0.000000;2.000000;-11.534912;-328.289490;2003.422485;0.031765;0.000000;0.000000;0.000000;0.000000;2.000000;-22.964905;-470.346527;2013.300415;0.057120;0.000000;0.000000;0.000000;0.000000;2.000000;-11.340881;-687.137451;2000.878418;0.097830;0.000000;0.000000;0.000000;0.000000;2.000000;-46.252991;-652.982300;1995.894531;0.083728;0.000000;0.000000;0.000000;0.000000;2.000000;-182.912659;-635.877563;1956.737183;0.134410;0.000000;0.000000;0.000000;0.000000;2.000000;-266.472046;-372.741852;1976.495850;0.244675;0.000000;0.000000;0.000000;0.000000;2.000000;-47.482056;-407.574463;2045.772827;0.614065;0.000000;0.000000;0.000000;0.000000;2.000000;29.179199;-431.011230;1992.142578;0.515104;0.000000;0.000000;0.000000;0.000000;2.000000;9.161865;-351.045898;1922.010620;0.220620;0.000000;0.000000;0.000000;0.000000;2.000000;-14.923157;-397.989838;1902.356445;0.101719;0.000000;0.000000;0.000000;0.000000;2.000000;19.987854;-649.517761;2007.881714;0.092896;0.000000;0.000000;0.000000;0.000000;2.000000;145.897858;-611.820435;2016.642212;0.060542;0.000000;0.000000;0.000000;0.000000;2.000000;231.181824;-356.764221;2101.567139;0.123419;0.000000;0.000000;0.000000;0.000000;2.000000;110.980225;-452.324646;2279.791748;0.851453;0.000000;0.000000;0.000000;0.000000;2.000000;79.627625;-509.951233;2360.294922;1.737041;0.000000;0.000000;0.000000;0.000000;2.000000;31.044250;-559.616516;2440.856934;2.681233;0.000000;0.000000;0.000000;0.000000;2.000000;38.175171;-532.109924;2193.983643;1.195883;0.000000;0.000000;0.000000;0.000000;2.000000;-87.019958;-144.893097;1972.749634;0.016279;0.000000;0.000000;0.000000;0.000000;2.000000;-144.776062;165.818054;2219.551758;0.582912;0.000000;0.000000;0.000000;0.000000;1.000000;-106.106812;482.169556;2006.756348;0.631562;0.000000;0.000000;0.000000;0.000000;1.000000;-168.095093;628.657593;2106.298340;0.623111;0.000000;0.000000;0.000000;0.000000;1.000000;78.469635;-154.605042;2024.572998;0.014678;0.000000;0.000000;0.000000;0.000000;2.000000;19.730408;11.170227;2384.449219;0.466470;0.000000;0.000000;0.000000;0.000000;2.000000;-55.565552;384.284790;2455.706543;0.995369;0.000000;0.000000;0.000000;0.000000;2.000000;-75.884705;421.162842;2623.134521;1.042727;0.000000;0.000000;0.000000;0.000000;2.000000;-9.368591;-768.481323;2009.463135;0.119784;0.000000;0.000000;0.000000;0.000000;2.000000;-51.012329;-886.062378;2111.174805;0.155527;0.000000;0.000000;0.000000;0.000000;2.000000;-50.186462;-898.627319;2056.544434;0.161772;0.000000;0.000000;0.000000;0.000000;2.000000;-65.293274;-833.281311;1948.725220;0.108445;0.000000;0.000000;0.000000;0.000000;2.000000;-6.726563;-893.476990;2085.305176;0.174655;0.000000;0.000000;0.000000;0.000000;2.000000;82.316895;-819.264160;2023.774902;0.197175;0.000000;0.000000;0.000000;0.000000;2.000000;14818899968.000000
0.000000;-150.000031;2000.000000;0.000002;0.000000;0.000000;0.000000;0.000000;2.000000;-12.050293;-327.826965;2003.152344;0.021997;0.000000;0.000000;0.000000;0.000000;2.000000;-24.095825;-469.431152;2013.778320;0.045319;0.000000;0.000000;0.000000;0.000000;2.000000;-12.054199;-685.545715;1999.335693;0.068910;0.000000;0.000000;0.000000;0.000000;2.000000;-46.941101;-651.495483;1994.635376;0.061148;0.000000;0.000000;0.000000;0.000000;2.000000;-183.643616;-637.171265;1955.778198;0.052335;0.000000;0.000000;0.000000;0.000000;2.000000;-276.892395;-378.671692;1982.708984;0.399612;0.000000;0.000000;0.000000;0.000000;2.000000;-55.798523;-412.585419;2043.336670;0.296236;0.000000;0.000000;0.000000;0.000000;2.000000;20.154236;-427.806152;1986.266968;0.332502;0.000000;0.000000;0.000000;0.000000;2.000000;3.888245;-343.783508;1920.444092;0.269615;0.000000;0.000000;0.000000;0.000000;2.000000;-14.569885;-396.721619;1902.578735;0.039510;0.000000;0.000000;0.000000;0.000000;2.000000;19.113770;-648.024597;2006.729858;0.061510;0.000000;0.000000;0.000000;0.000000;2.000000;144.881897;-611.189392;2016.364624;0.036333;0.000000;0.000000;0.000000;0.000000;2.000000;232.090240;-358.940674;2105.359375;0.132155;0.000000;0.000000;0.000000;0.000000;2.000000;109.653107;-470.609039;2271.540039;0.594934;0.000000;0.000000;0.000000;0.000000;2.000000;83.174927;-531.760864;2350.860840;0.710995;0.000000;0.000000;0.000000;0.000000;2.000000;32.935791;-585.744019;2427.178711;0.874525;0.000000;0.000000;0.000000;0.000000;2.000000;49.997742;-558.207092;2183.757324;0.900231;0.000000;0.000000;0.000000;0.000000;2.000000;-87.066040;-144.565979;1973.717285;0.030258;0.000000;0.000000;0.000000;0.000000;2.000000;-141.215698;162.368408;2224.457031;0.206383;0.000000;0.000000;0.000000;0.000000;1.000000;-107.147278;478.386475;2012.048096;0.194946;0.000000;0.000000;0.000000;0.000000;1.000000;-167.470337;624.278076;2112.628906;0.228549;0.000000;0.000000;0.000000;0.000000;1.000000;78.511292;-154.900116;2023.700195;0.027293;0.000000;0.000000;0.000000;0.000000;2.000000;24.042480;17.170837;2380.199219;0.252258;0.000000;0.000000;0.000000;0.000000;2.000000;-56.249756;384.660095;2468.184082;0.369967;0.000000;0.000000;0.000000;0.000000;2.000000;-68.341919;416.116211;2637.078125;0.492332;0.000000;0.000000;0.000000;0.000000;2.000000;-9.940063;-766.767029;2007.125854;0.087428;0.000000;0.000000;0.000000;0.000000;2.000000;-56.473694;-879.407349;2111.655029;0.255162;0.000000;0.000000;0.000000;0.000000;2.000000;-54.191406;-894.051758;2057.727295;0.183319;0.000000;0.000000;0.000000;0.000000;2.000000;-64.903015;-832.852173;1947.340576;0.044426;0.000000;0.000000;0.000000;0.000000;2.000000;-11.654602;-888.465942;2087.537109;0.218221;0.000000;0.000000;0.000000;0.000000;2.000000;80.204529;-818.217957;2026.168579;0.099417;0.000000;0.000000;0.000000;0.000000;2.000000;14818933760.000000
0.000000;-150.000000;2000.000000;0.000001;0.000000;0.000000;0.000000;0.000000;2.000000;-11.786316;-328.805481;2003.202759;0.030968;0.000000;0.000000;0.000000;0.000000;2.000000;-23.537903;-471.221069;2013.627441;0.057401;0.000000;0.000000;0.000000;0.000000;2.000000;-10.347595;-688.279602;1996.933960;0.122660;0.000000;0.000000;0.000000;0.000000;2.000000;-45.645813;-654.198914;1992.806030;0.107172;0.000000;0.000000;0.000000;0.000000;2.000000;-183.633789;-641.129272;1955.237915;0.121909;0.000000;0.000000;0.000000;0.000000;2.000000;-279.106750;-382.516174;1987.945190;0.209443;0.000000;0.000000;0.000000;0.000000;2.000000;-54.896912;-417.398743;2040.871582;0.167312;0.000000;0.000000;0.000000;0.000000;2.000000;19.241821;-430.186157;1980.066162;0.204597;0.000000;0.000000;0.000000;0.000000;2.000000;-0.297729;-344.157715;1916.819336;0.169369;0.000000;0.000000;0.000000;0.000000;2.000000;-13.563721;-396.465088;1900.244507;0.077965;0.000000;0.000000;0.000000;0.000000;2.000000;20.836487;-650.454834;2004.488159;0.113774;0.000000;0.000000;0.000000;0.000000;2.000000;146.951599;-612.189819;2013.677124;0.107927;0.000000;0.000000;0.000000;0.000000;2.000000;230.900726;-359.724670;2109.713623;0.139813;0.000000;0.000000;0.000000;0.000000;2.000000;114.284790;-473.664429;2280.270508;0.315690;0.000000;0.000000;0.000000;0.000000;2.000000;96.454376;-541.837708;2356.969727;0.541810;0.000000;0.000000;0.000000;0.000000;2.000000;46.367188;-604.269958;2427.521484;0.698399;0.000000;0.000000;0.000000;0.000000;2.000000;64.470947;-565.290833;2188.808105;0.515344;0.000000;0.000000;0.000000;0.000000;2.000000;-87.583130;-144.697784;1973.703857;0.016290;0.000000;0.000000;0.000000;0.000000;2.000000;-142.250183;164.484253;2225.013184;0.073852;0.000000;0.000000;0.000000;0.000000;1.000000;-109.686523;482.173767;2011.153198;0.141807;0.000000;0.000000;0.000000;0.000000;1.000000;-172.772278;628.055725;2111.933105;0.199804;0.000000;0.000000;0.000000;0.000000;1.000000;78.977570;-154.781219;2023.712402;0.014690;0.000000;0.000000;0.000000;0.000000;2.000000;22.161255;23.788757;2379.064453;0.212801;0.000000;0.000000;0.000000;0.000000;2.000000;-62.322571;392.997559;2465.057129;0.328925;0.000000;0.000000;0.000000;0.000000;2.000000;-75.741882;423.853088;2634.906982;0.333372;0.000000;0.000000;0.000000;0.000000;2.000000;-7.711731;-769.995972;2003.966919;0.153714;0.000000;0.000000;0.000000;0.000000;2.000000;-49.685242;-882.100586;2112.265625;0.223653;0.000000;0.000000;0.000000;0.000000;2.000000;-50.018250;-897.348267;2058.145264;0.162796;0.000000;0.000000;0.000000;0.000000;2.000000;-65.934326;-836.854187;1947.214355;0.126181;0.000000;0.000000;0.000000;0.000000;2.000000;-5.856384;-891.565369;2085.983154;0.206170;0.000000;0.000000;0.000000;0.000000;2.000000;83.608337;-821.791260;2019.262573;0.259035;0.000000;0.000000;0.000000;0.000000;2.000000;14818966528.000000
0.000000;-150.000031;2000.000000;0.000001;0.000000;0.000000;0.000000;0.000000;2.000000;-12.602051;-328.458344;2004.291138;0.041541;0.000000;0.000000;0.000000;0.000000;2.000000;-24.829590;-470.611816;2014.803711;0.054753;0.000000;0.000000;0.000000;0.000000;2.000000;-10.984375;-687.409790;1999.574951;0.084414;0.000000;0.000000;0.000000;0.000000;2.000000;-46.214722;-653.470154;1994.657227;0.061234;0.000000;0.000000;0.000000;0.000000;2.000000;-183.606140;-646.433289;1954.217896;0.159839;0.000000;0.000000;0.000000;0.000000;2.000000;-281.359802;-390.203644;1994.540771;0.307075;0.000000;0.000000;0.000000;0.000000;2.000000;-78.910828;-413.284180;2106.823975;2.080632;0.000000;0.000000;0.000000;0.000000;2.000000;-0.771606;-424.720886;2051.209961;2.193034;0.000000;0.000000;0.000000;0.000000;1.000000;7.210388;-362.041107;1963.146606;1.486255;0.000000;0.000000;0.000000;0.000000;1.000000;-37.698242;-406.534729;1964.832520;2.062065;0.000000;0.000000;0.000000;0.000000;1.000000;19.950562;-649.541321;2007.441650;0.095170;0.000000;0.000000;0.000000;0.000000;2.000000;145.322540;-610.036316;2018.519897;0.164084;0.000000;0.000000;0.000000;0.000000;2.000000;232.610596;-362.398987;2122.571045;0.391911;0.000000;0.000000;0.000000;0.000000;2.000000;134.564606;-474.949554;2304.845947;0.943669;0.000000;0.000000;0.000000;0.000000;2.000000;118.715790;-542.571533;2382.253418;0.997139;0.000000;0.000000;0.000000;0.000000;2.000000;55.119568;-602.419739;2443.276367;0.536148;0.000000;0.000000;0.000000;0.000000;2.000000;86.335602;-577.181274;2220.306152;1.187985;0.000000;0.000000;0.000000;0.000000;2.000000;-87.237122;-144.486908;1973.081299;0.021982;0.000000;0.000000;0.000000;0.000000;2.000000;-143.049194;165.924133;2221.647461;0.110883;0.000000;0.000000;0.000000;0.000000;1.000000;-114.361145;486.374878;2012.434448;0.189817;0.000000;0.000000;0.000000;0.000000;1.000000;-183.126343;630.156738;2111.984619;0.312654;0.000000;0.000000;0.000000;0.000000;1.000000;78.665588;-154.971436;2024.273926;0.019825;0.000000;0.000000;0.000000;0.000000;2.000000;17.832764;25.906311;2377.106445;0.153921;0.000000;0.000000;0.000000;0.000000;2.000000;-72.516296;392.911560;2463.945313;0.303461;0.000000;0.000000;0.000000;0.000000;2.000000;-81.957336;426.688599;2633.242188;0.208085;0.000000;0.000000;0.000000;0.000000;2.000000;-8.327271;-768.958557;2007.097168;0.099273;0.000000;0.000000;0.000000;0.000000;2.000000;-54.889893;-883.271240;2110.752930;0.164092;0.000000;0.000000;0.000000;0.000000;2.000000;-52.672241;-897.331726;2056.443115;0.093305;0.000000;0.000000;0.000000;0.000000;2.000000;-63.581604;-834.590820;1946.376465;0.099742;0.000000;0.000000;0.000000;0.000000;2.000000;-9.929688;-892.074646;2086.374023;0.122028;0.000000;0.000000;0.000000;0.000000;2.000000;82.196503;-820.823975;2025.477905;0.190774;0.000000;0.000000;0.000000;0.000000;2.000000;14819000320.000000
0.000000;-150.000000;2000.000000;0.000001;0.000000;0.000000;0.000000;0.000000;2.000000;-12.377441;-328.840576;2004.478516;0.014688;0.000000;0.000000;0.000000;0.000000;2.000000;-24.437622;-471.288513;2015.227539;0.027145;0.000000;0.000000;0.000000;0.000000;2.000000;-10.547607;-688.555298;2000.275757;0.043094;0.000000;0.000000;0.000000;0.000000;2.000000;-45.906677;-654.575439;1995.545288;0.044279;0.000000;0.000000;0.000000;0.000000;2.000000;-183.894348;-648.017700;1956.013184;0.073600;0.000000;0.000000;0.000000;0.000000;2.000000;-284.100586;-392.224457;1997.025879;0.128650;0.000000;0.000000;0.000000;0.000000;2.000000;-82.730225;-406.959442;2113.571289;0.305353;0.000000;0.000000;0.000000;0.000000;2.000000;-3.236206;-418.403687;2059.554688;0.328139;0.000000;0.000000;0.000000;0.000000;1.000000;6.851440;-359.174225;1969.076050;0.201291;0.000000;0.000000;0.000000;0.000000;1.000000;-39.631165;-405.342285;1971.565674;0.216854;0.000000;0.000000;0.000000;0.000000;1.000000;20.486206;-650.575623;2007.857056;0.037739;0.000000;0.000000;0.000000;0.000000;2.000000;146.601929;-612.140564;2017.404419;0.082505;0.000000;0.000000;0.000000;0.000000;2.000000;241.162964;-364.735168;2117.150391;0.317125;0.000000;0.000000;0.000000;0.000000;2.000000;145.116089;-466.027344;2307.543457;0.429655;0.000000;0.000000;0.000000;0.000000;2.000000;136.356110;-522.579773;2394.639648;0.897170;0.000000;0.000000;0.000000;0.000000;2.000000;79.696533;-575.707520;2467.880371;1.338232;0.000000;0.000000;0.000000;0.000000;2.000000;101.131348;-580.176880;2238.628906;0.724502;0.000000;0.000000;0.000000;0.000000;2.000000;-87.475525;-144.617371;1973.185059;0.008878;0.000000;0.000000;0.000000;0.000000;2.000000;-143.242554;166.485962;2222.238770;0.025582;0.000000;0.000000;0.000000;0.000000;1.000000;-115.874329;488.384460;2013.614502;0.084796;0.000000;0.000000;0.000000;0.000000;1.000000;-185.081848;631.700500;2114.258301;0.102934;0.000000;0.000000;0.000000;0.000000;1.000000;78.880554;-154.853760;2024.180176;0.008007;0.000000;0.000000;0.000000;0.000000;2.000000;24.044312;25.605896;2379.147461;0.199743;0.000000;0.000000;0.000000;0.000000;2.000000;-61.631409;392.935852;2472.677734;0.425867;0.000000;0.000000;0.000000;0.000000;2.000000;-73.941833;422.015869;2643.024902;0.411460;0.000000;0.000000;0.000000;0.000000;2.000000;-7.780457;-770.256775;2007.947998;0.050222;0.000000;0.000000;0.000000;0.000000;2.000000;-56.527161;-881.317261;2114.610596;0.141110;0.000000;0.000000;0.000000;0.000000;2.000000;-54.768066;-896.727661;2060.530518;0.141386;0.000000;0.000000;0.000000;0.000000;2.000000;-64.708008;-836.253357;1948.811646;0.096326;0.000000;0.000000;0.000000;0.000000;2.000000;-11.744507;-891.662048;2090.281738;0.132089;0.000000;0.000000;0.000000;0.000000;2.000000;81.870575;-823.687988;2027.357056;0.105009;0.000000;0.000000;0.000000;0.000000;2.000000;14819033088.000000
0.000000;-150.000000;2000.000000;0.000000;0.000000;0.000000;0.000000;0.000000;2.000000;-12.370605;-328.848969;2004.470825;0.000393;0.000000;0.000000;0.000000;0.000000;2.000000;-24.422302;-471.305084;2015.202759;0.000992;0.000000;0.000000;0.000000;0.000000;2.000000;-10.500000;-688.575439;2000.197144;0.002784;0.000000;0.000000;0.000000;0.000000;2.000000;-45.864746;-654.597900;1995.471191;0.002606;0.000000;0.000000;0.000000;0.000000;2.000000;-183.856140;-648.080872;1955.922852;0.003452;0.000000;0.000000;0.000000;0.000000;2.000000;-284.258484;-392.367493;1997.034180;0.006310;0.000000;0.000000;0.000000;0.000000;2.000000;-82.860107;-406.887817;2113.578125;0.004394;0.000000;0.000000;0.000000;0.000000;2.000000;-3.351257;-418.238373;2059.556152;0.005960;0.000000;0.000000;0.000000;0.000000;1.000000;6.670105;-358.987671;1969.078491;0.007699;0.000000;0.000000;0.000000;0.000000;1.000000;-39.763428;-405.210388;1971.565796;0.005528;0.000000;0.000000;0.000000;0.000000;1.000000;20.529114;-650.591797;2007.791626;0.002364;0.000000;0.000000;0.000000;0.000000;2.000000;146.645691;-612.150635;2017.380493;0.001506;0.000000;0.000000;0.000000;0.000000;2.000000;241.186035;-364.812317;2117.346436;0.006272;0.000000;0.000000;0.000000;0.000000;2.000000;145.081543;-466.254578;2307.643066;0.007413;0.000000;0.000000;0.000000;0.000000;2.000000;136.229095;-522.860413;2394.700439;0.009292;0.000000;0.000000;0.000000;0.000000;2.000000;79.406128;-576.025818;2467.793945;0.013005;0.000000;0.000000;0.000000;0.000000;2.000000;101.187927;-580.392212;2238.627930;0.006589;0.000000;0.000000;0.000000;0.000000;2.000000;-87.478699;-144.619720;1973.181763;0.000152;0.000000;0.000000;0.000000;0.000000;2.000000;-143.270508;166.481873;2222.259766;0.001042;0.000000;0.000000;0.000000;0.000000;1.000000;-115.916016;488.417358;2013.660889;0.002087;0.000000;0.000000;0.000000;0.000000;1.000000;-185.140686;631.725586;2114.318848;0.002606;0.000000;0.000000;0.000000;0.000000;1.000000;78.883423;-154.851685;2024.183350;0.000141;0.000000;0.000000;0.000000;0.000000;2.000000;24.030029;25.532959;2379.205566;0.002792;0.000000;0.000000;0.000000;0.000000;2.000000;-61.689026;392.796143;2473.026855;0.011258;0.000000;0.000000;0.000000;0.000000;2.000000;-74.047974;421.684265;2643.410645;0.015378;0.000000;0.000000;0.000000;0.000000;2.000000;-7.722229;-770.281982;2007.849487;0.003468;0.000000;0.000000;0.000000;0.000000;2.000000;-56.439148;-881.433167;2114.441406;0.006604;0.000000;0.000000;0.000000;0.000000;2.000000;-54.687622;-896.803345;2060.347168;0.006334;0.000000;0.000000;0.000000;0.000000;2.000000;-64.654785;-836.243591;1948.670898;0.004462;0.000000;0.000000;0.000000;0.000000;2.000000;-11.657532;-891.754822;2090.095947;0.006663;0.000000;0.000000;0.000000;0.000000;2.000000;81.942444;-823.719360;2027.203491;0.005103;0.000000;0.000000;0.000000;0.000000;2.000000;14819066880.000000
0.000000;-150.000031;2000.000000;0.000001;0.000000;0.000000;0.000000;0.000000;2.000000;-12.237183;-329.503296;2004.339478;0.020770;0.000000;0.000000;0.000000;0.000000;2.000000;-24.072754;-472.530334;2014.554688;0.043624;0.000000;0.000000;0.000000;0.000000;2.000000;-8.746826;-690.324707;1997.327271;0.115684;0.000000;0.000000;0.000000;0.000000;2.000000;-44.369873;-656.367188;1992.559814;0.113537;0.000000;0.000000;0.000000;0.000000;2.000000;-182.592407;-651.997314;1951.678833;0.180408;0.000000;0.000000;0.000000;0.000000;2.000000;-298.265991;-403.889099;2004.346802;0.596798;0.000000;0.000000;0.000000;0.000000;2.000000;-97.263184;-397.811035;2123.947510;0.608335;0.000000;0.000000;0.000000;0.000000;2.000000;-15.412292;-406.664185;2072.392578;0.643193;0.000000;0.000000;0.000000;0.000000;1.000000;4.006348;-355.650818;1978.040771;0.302959;0.000000;0.000000;0.000000;0.000000;1.000000;-45.638977;-404.219727;1984.286743;0.428689;0.000000;0.000000;0.000000;0.000000;1.000000;22.099548;-652.123352;2005.694824;0.092607;0.000000;0.000000;0.000000;0.000000;2.000000;148.203156;-613.162109;2019.109619;0.077437;0.000000;0.000000;0.000000;0.000000;2.000000;238.399231;-368.225433;2131.140625;0.441921;0.000000;0.000000;0.000000;0.000000;2.000000;144.525146;-454.603516;2330.801758;0.791331;0.000000;0.000000;0.000000;0.000000;2.000000;128.121490;-500.797791;2423.193848;1.127238;0.000000;0.000000;0.000000;0.000000;2.000000;64.741516;-543.065247;2498.533203;1.446402;0.000000;0.000000;0.000000;0.000000;2.000000;98.600708;-568.215576;2265.404785;0.901155;0.000000;0.000000;0.000000;0.000000;2.000000;-87.745850;-144.672760;1972.924805;0.011427;0.000000;0.000000;0.000000;0.000000;2.000000;-145.188599;166.973938;2223.268066;0.067814;0.000000;0.000000;0.000000;0.000000;1.000000;-118.697937;492.200317;2017.141235;0.178372;0.000000;0.000000;0.000000;0.000000;1.000000;-189.394531;634.805420;2119.027832;0.215263;0.000000;0.000000;0.000000;0.000000;1.000000;79.124268;-154.803864;2024.414795;0.010298;0.000000;0.000000;0.000000;0.000000;2.000000;21.938904;27.691772;2379.618164;0.092582;0.000000;0.000000;0.000000;0.000000;2.000000;-64.497559;394.497131;2480.093262;0.237793;0.000000;0.000000;0.000000;0.000000;2.000000;-81.087708;419.438293;2651.368652;0.331410;0.000000;0.000000;0.000000;0.000000;2.000000;-5.594971;-772.384338;2004.163086;0.144869;0.000000;0.000000;0.000000;0.000000;2.000000;-50.939758;-887.896851;2108.456543;0.316915;0.000000;0.000000;0.000000;0.000000;2.000000;-50.303223;-901.499390;2053.659424;0.283011;0.000000;0.000000;0.000000;0.000000;2.000000;-63.479309;-837.153564;1943.929810;0.151632;0.000000;0.000000;0.000000;0.000000;2.000000;-6.485046;-896.987854;2082.666504;0.319103;0.000000;0.000000;0.000000;0.000000;2.000000;85.313324;-825.715576;2019.717285;0.257853;0.000000;0.000000;0.000000;0.000000;2.000000;14819099648.000000
0.000000;-150.000031;2000.000000;0.000000;0.000000;0.000000;0.000000;0.000000;2.000000;-12.213928;-329.555664;2004.337036;0.001697;0.000000;0.000000;0.000000;0.000000;2.000000;-23.942993;-472.654419;2014.237061;0.010797;0.000000;0.000000;0.000000;0.000000;2.000000;-8.698242;-690.327820;1994.769897;0.075694;0.000000;0.000000;0.000000;0.000000;2.000000;-44.292969;-656.288025;1990.239990;0.068728;0.000000;0.000000;0.000000;0.000000;2.000000;-182.485107;-651.248962;1949.189941;0.076976;0.000000;0.000000;0.000000;0.000000;2.000000;-304.850220;-408.513977;2011.337402;0.315424;0.000000;0.000000;0.000000;0.000000;2.000000;-109.261230;-388.777161;2138.339844;0.615575;0.000000;0.000000;0.000000;0.000000;2.000000;-25.358093;-397.117126;2090.050293;0.662945;0.000000;0.000000;0.000000;0.000000;1.000000;2.034790;-352.982666;1994.184937;0.487734;0.000000;0.000000;0.000000;0.000000;1.000000;-52.734558;-403.742676;2001.043335;0.538685;0.000000;0.000000;0.000000;0.000000;1.000000;22.153870;-652.226929;2003.642700;0.060827;0.000000;0.000000;0.000000;0.000000;2.000000;148.463715;-614.752136;2019.499390;0.049056;0.000000;0.000000;0.000000;0.000000;2.000000;241.109009;-379.505127;2149.119629;0.633188;0.000000;0.000000;0.000000;0.000000;2.000000;143.729645;-471.842285;2344.467773;0.651424;0.000000;0.000000;0.000000;0.000000;2.000000;129.066071;-521.019409;2435.637939;0.703202;0.000000;0.000000;0.000000;0.000000;2.000000;74.044464;-566.759583;2515.428223;0.904111;0.000000;0.000000;0.000000;0.000000;2.000000;93.943298;-583.043701;2276.738281;0.569239;0.000000;0.000000;0.000000;0.000000;2.000000;-87.745361;-144.687561;1972.832397;0.002769;0.000000;0.000000;0.000000;0.000000;2.000000;-147.902466;167.713928;2221.776855;0.094217;0.000000;0.000000;0.000000;0.000000;1.000000;-120.611755;495.439453;2019.545898;0.132135;0.000000;0.000000;0.000000;0.000000;1.000000;-190.017578;638.310669;2122.043457;0.138072;0.000000;0.000000;0.000000;0.000000;1.000000;79.123840;-154.790527;2024.498047;0.002495;0.000000;0.000000;0.000000;0.000000;2.000000;18.542358;33.201538;2376.385254;0.214105;0.000000;0.000000;0.000000;0.000000;2.000000;-67.589783;399.329590;2479.970459;0.169816;0.000000;0.000000;0.000000;0.000000;2.000000;-82.807861;426.318359;2651.112549;0.210004;0.000000;0.000000;0.000000;0.000000;2.000000;-5.622009;-772.479980;2000.756104;0.100865;0.000000;0.000000;0.000000;0.000000;2.000000;-55.334351;-887.179504;2104.022461;0.185960;0.000000;0.000000;0.000000;0.000000;2.000000;-53.024109;-901.034180;2049.317139;0.152267;0.000000;0.000000;0.000000;0.000000;2.000000;-62.070801;-837.051575;1938.917114;0.154114;0.000000;0.000000;0.000000;0.000000;2.000000;-10.127258;-896.756592;2079.729980;0.138621;0.000000;0.000000;0.000000;0.000000;2.000000;84.301880;-826.509888;2019.500000;0.038597;0.000000;0.000000;0.000000;0.000000;2.000000;14819133440.000000
0.000000;-150.000031;2000.000000;0.000000;0.000000;0.000000;0.000000;0.000000;2.000000;-11.732849;-330.236389;2004.012695;0.027296;0.000000;0.000000;0.000000;0.000000;2.000000;-23.046814;-473.909729;2013.511597;0.052016;0.000000;0.000000;0.000000;0.000000;2.000000;-8.101929;-692.315247;1993.254395;0.078414;0.000000;0.000000;0.000000;0.000000;2.000000;-43.757874;-658.077271;1988.778442;0.072371;0.000000;0.000000;0.000000;0.000000;2.000000;-182.261230;-652.140808;1947.098511;0.069722;0.000000;0.000000;0.000000;0.000000;2.000000;-310.668152;-414.361877;2019.776367;0.360136;0.000000;0.000000;0.000000;0.000000;2.000000;-155.598816;-371.244019;2190.827393;2.202669;0.000000;0.000000;0.000000;0.000000;1.000000;-61.697449;-382.789612;2167.213623;2.639375;0.000000;0.000000;0.000000;0.000000;1.000000;-19.739136;-347.107849;2072.665771;2.491973;0.000000;0.000000;0.000000;0.000000;1.000000;-83.319397;-396.798706;2062.724121;2.111713;0.000000;0.000000;0.000000;0.000000;1.000000;22.914612;-654.163330;2002.327881;0.075108;0.000000;0.000000;0.000000;0.000000;2.000000;150.222076;-618.452332;2018.229248;0.130894;0.000000;0.000000;0.000000;0.000000;2.000000;244.315308;-392.843567;2165.019775;0.640876;0.000000;0.000000;0.000000;0.000000;2.000000;149.997528;-487.408356;2361.822266;0.736712;0.000000;0.000000;0.000000;0.000000;2.000000;133.589294;-542.892639;2449.432617;0.801161;0.000000;0.000000;0.000000;0.000000;2.000000;80.912628;-593.807739;2528.176758;0.936298;0.000000;0.000000;0.000000;0.000000;2.000000;96.692688;-600.437256;2293.321289;0.738179;0.000000;0.000000;0.000000;0.000000;2.000000;-88.026367;-144.879883;1972.596558;0.012641;0.000000;0.000000;0.000000;0.000000;2.000000;-153.787354;170.542847;2218.629883;0.221201;0.000000;0.000000;0.000000;0.000000;1.000000;-126.857788;505.471924;2025.745850;0.407273;0.000000;0.000000;0.000000;0.000000;1.000000;-195.399414;645.972168;2133.222656;0.445010;0.000000;0.000000;0.000000;0.000000;1.000000;79.377228;-154.617065;2024.710938;0.011403;0.000000;0.000000;0.000000;0.000000;2.000000;15.439026;36.492981;2375.971191;0.138631;0.000000;0.000000;0.000000;0.000000;2.000000;-68.030273;399.654175;2496.089844;0.492208;0.000000;0.000000;0.000000;0.000000;2.000000;-86.145142;416.879944;2668.832520;0.621105;0.000000;0.000000;0.000000;0.000000;2.000000;-5.165527;-774.784424;1998.986328;0.089760;0.000000;0.000000;0.000000;0.000000;2.000000;-56.267273;-888.269043;2103.811035;0.044247;0.000000;0.000000;0.000000;0.000000;2.000000;-53.325928;-903.020874;2049.163330;0.061504;0.000000;0.000000;0.000000;0.000000;2.000000;-61.120605;-840.531799;1937.294434;0.120720;0.000000;0.000000;0.000000;0.000000;2.000000;-10.626892;-898.260986;2080.104004;0.049705;0.000000;0.000000;0.000000;0.000000;2.000000;84.841827;-828.718262;2019.663086;0.069558;0.000000;0.000000;0.000000;0.000000;2.000000;14819166208.000000
0.000000;-150.000000;2000.000000;0.000001;0.000000;0.000000;0.000000;0.000000;2.000000;-10.190735;-329.989136;2003.244263;0.051510;0.000000;0.000000;0.000000;0.000000;2.000000;-19.885193;-473.612732;2010.757690;0.124389;0.000000;0.000000;0.000000;0.000000;2.000000;-6.301392;-691.786194;1991.776245;0.070694;0.000000;0.000000;0.000000;0.000000;2.000000;-41.616699;-657.398254;1986.853760;0.087537;0.000000;0.000000;0.000000;0.000000;2.000000;-179.152344;-646.798767;1943.902832;0.205909;0.000000;0.000000;0.000000;0.000000;2.000000;-319.246887;-418.465942;2022.888184;0.296108;0.000000;0.000000;0.000000;0.000000;2.000000;-214.384277;-378.177612;2228.625244;2.078351;0.000000;0.000000;0.000000;0.000000;1.000000;-117.258728;-384.304810;2228.857422;2.456258;0.000000;0.000000;0.000000;0.000000;1.000000;-59.651794;-340.394897;2147.130859;2.508090;0.000000;0.000000;0.000000;0.000000;1.000000;-120.478760;-392.355591;2114.743896;1.896392;0.000000;0.000000;0.000000;0.000000;1.000000;24.841553;-653.874146;2000.880249;0.071834;0.000000;0.000000;0.000000;0.000000;2.000000;152.294952;-618.816162;2014.740234;0.120579;0.000000;0.000000;0.000000;0.000000;2.000000;241.680389;-397.235077;2169.312012;0.197744;0.000000;0.000000;0.000000;0.000000;2.000000;164.717285;-474.864227;2380.018555;0.785816;0.000000;0.000000;0.000000;0.000000;2.000000;150.341644;-527.231995;2469.633789;0.904390;0.000000;0.000000;0.000000;0.000000;2.000000;124.283478;-577.488953;2560.833984;1.677635;0.000000;0.000000;0.000000;0.000000;2.000000;128.486206;-588.139648;2307.699707;1.094853;0.000000;0.000000;0.000000;0.000000;2.000000;-87.734497;-145.534332;1972.161865;0.024802;0.000000;0.000000;0.000000;0.000000;2.000000;-157.458801;177.439270;2205.674561;0.447704;0.000000;0.000000;0.000000;0.000000;1.000000;-129.520325;519.151184;2026.876831;0.413760;0.000000;0.000000;0.000000;0.000000;1.000000;-195.266541;658.365295;2137.079834;0.384120;0.000000;0.000000;0.000000;0.000000;1.000000;79.114105;-154.026855;2025.103027;0.022368;0.000000;0.000000;0.000000;0.000000;2.000000;8.028076;41.594727;2371.554199;0.296608;0.000000;0.000000;0.000000;0.000000;2.000000;-71.629089;402.825806;2497.432617;0.147412;0.000000;0.000000;0.000000;0.000000;2.000000;-84.287903;423.946716;2669.881836;0.218446;0.000000;0.000000;0.000000;0.000000;2.000000;-3.978271;-774.080200;1997.941650;0.051229;0.000000;0.000000;0.000000;0.000000;2.000000;-55.485901;-887.301270;2102.354736;0.056676;0.000000;0.000000;0.000000;0.000000;2.000000;-52.237183;-902.060608;2047.842163;0.058088;0.000000;0.000000;0.000000;0.000000;2.000000;-59.436401;-839.778503;1936.108032;0.064913;0.000000;0.000000;0.000000;0.000000;2.000000;-9.797852;-897.260010;2078.955078;0.051336;0.000000;0.000000;0.000000;0.000000;2.000000;85.771057;-827.833618;2019.114990;0.041287;0.000000;0.000000;0.000000;0.000000;2.000000;14819200000.000000
0.000000;-150.000000;2000.000000;0.000000;0.000000;0.000000;0.000000;0.000000;2.000000;-9.039551;-328.221497;2005.264893;0.086443;0.000000;0.000000;0.000000;0.000000;2.000000;-16.682861;-470.638000;2010.690552;0.129360;0.000000;0.000000;0.000000;0.000000;2.000000;-4.883118;-686.742432;1991.740234;0.155051;0.000000;0.000000;0.000000;0.000000;2.000000;-39.604553;-652.430664;1986.956543;0.158636;0.000000;0.000000;0.000000;0.000000;2.000000;-175.994629;-643.430664;1944.763794;0.138981;0.000000;0.000000;0.000000;0.000000;2.000000;-325.111450;-422.701416;2019.011963;0.242873;0.000000;0.000000;0.000000;0.000000;2.000000;-255.715637;-393.097290;2238.502930;1.332809;0.000000;0.000000;0.000000;0.000000;1.000000;-160.486450;-388.068756;2252.329590;1.459902;0.000000;0.000000;0.000000;0.000000;1.000000;-91.207886;-332.302673;2190.828125;1.612936;0.000000;0.000000;0.000000;0.000000;1.000000;-144.178528;-387.610229;2142.474121;1.088582;0.000000;0.000000;0.000000;0.000000;1.000000;26.249817;-649.440979;2000.715454;0.137736;0.000000;0.000000;0.000000;0.000000;2.000000;153.879944;-620.481689;2014.524170;0.068339;0.000000;0.000000;0.000000;0.000000;2.000000;234.899567;-397.402161;2166.386475;0.218599;0.000000;0.000000;0.000000;0.000000;2.000000;154.685333;-504.235870;2359.759766;1.096832;0.000000;0.000000;0.000000;0.000000;2.000000;149.136566;-541.915527;2456.268066;0.588667;0.000000;0.000000;0.000000;0.000000;2.000000;122.028564;-575.471741;2553.403320;0.237423;0.000000;0.000000;0.000000;0.000000;2.000000;93.019287;-617.689819;2311.625977;1.371054;0.000000;0.000000;0.000000;0.000000;2.000000;-86.204956;-146.504974;1970.300781;0.076857;0.000000;0.000000;0.000000;0.000000;2.000000;-161.163879;183.142700;2185.247314;0.637125;0.000000;0.000000;0.000000;0.000000;1.000000;-131.865356;526.892761;2019.238647;0.329230;0.000000;0.000000;0.000000;0.000000;1.000000;-196.688477;661.252747;2132.770996;0.159157;0.000000;0.000000;0.000000;0.000000;1.000000;77.734863;-153.151611;2026.781128;0.069303;0.000000;0.000000;0.000000;0.000000;2.000000;5.641235;53.165466;2362.010742;0.449437;0.000000;0.000000;0.000000;0.000000;2.000000;-71.766724;406.866943;2498.337402;0.122617;0.000000;0.000000;0.000000;0.000000;2.000000;-85.796204;421.013367;2669.662842;0.097824;0.000000;0.000000;0.000000;0.000000;2.000000;-3.178955;-768.243347;1997.791382;0.174398;0.000000;0.000000;0.000000;0.000000;2.000000;-49.128479;-882.981567;2100.651855;0.232970;0.000000;0.000000;0.000000;0.000000;2.000000;-46.068115;-896.966797;2046.501709;0.240051;0.000000;0.000000;0.000000;0.000000;2.000000;-56.596069;-834.531433;1936.573486;0.177102;0.000000;0.000000;0.000000;0.000000;2.000000;-3.865295;-891.086853;2076.861084;0.260833;0.000000;0.000000;0.000000;0.000000;2.000000;87.673523;-818.626831;2017.192871;0.283966;0.000000;0.000000;0.000000;0.000000;2.000000;14819233792.000000
0.000000;-150.000000;2000.000000;0.000000;0.000000;0.000000;0.000000;0.000000;2.000000;-10.601013;-327.335022;2007.007202;0.076353;0.000000;0.000000;0.000000;0.000000;2.000000;-19.353699;-469.054626;2013.418335;0.126128;0.000000;0.000000;0.000000;0.000000;2.000000;-7.083496;-684.260254;1994.824219;0.138221;0.000000;0.000000;0.000000;0.000000;2.000000;-41.744141;-650.180359;1990.017700;0.133066;0.000000;0.000000;0.000000;0.000000;2.000000;-177.814575;-643.463928;1948.373291;0.123367;0.000000;0.000000;0.000000;0.000000;2.000000;-342.109558;-435.441711;2023.023193;0.659731;0.000000;0.000000;0.000000;0.000000;2.000000;-280.640015;-420.642090;2245.343262;1.152713;0.000000;0.000000;0.000000;0.000000;1.000000;-188.426331;-400.097595;2262.165039;0.975640;0.000000;0.000000;0.000000;0.000000;1.000000;-117.146790;-330.361877;2221.527344;1.227943;0.000000;0.000000;0.000000;0.000000;1.000000;-163.483032;-390.897217;2160.846680;0.819452;0.000000;0.000000;0.000000;0.000000;1.000000;23.831238;-647.026794;2003.712402;0.138711;0.000000;0.000000;0.000000;0.000000;2.000000;150.754333;-617.453552;2017.559937;0.161930;0.000000;0.000000;0.000000;0.000000;2.000000;240.811707;-409.058868;2182.474121;0.632564;0.000000;0.000000;0.000000;0.000000;2.000000;144.380005;-546.097412;2345.894531;1.382023;0.000000;0.000000;0.000000;0.000000;2.000000;137.521820;-603.484497;2431.540527;2.055601;0.000000;0.000000;0.000000;0.000000;2.000000;66.584717;-644.351746;2498.627441;3.174250;0.000000;0.000000;0.000000;0.000000;2.000000;76.506622;-642.793884;2275.713867;1.428979;0.000000;0.000000;0.000000;0.000000;2.000000;-85.787415;-146.044983;1970.306519;0.018959;0.000000;0.000000;0.000000;0.000000;2.000000;-162.041687;183.042175;2182.557129;0.086412;0.000000;0.000000;0.000000;0.000000;1.000000;-130.345581;522.533142;2011.933350;0.263732;0.000000;0.000000;0.000000;0.000000;1.000000;-193.065308;658.511902;2123.423584;0.317168;0.000000;0.000000;0.000000;0.000000;1.000000;77.358276;-153.566406;2026.776001;0.017098;0.000000;0.000000;0.000000;0.000000;2.000000;11.116638;42.866272;2367.139404;0.388853;0.000000;0.000000;0.000000;0.000000;2.000000;-63.114075;404.084717;2478.749512;0.658992;0.000000;0.000000;0.000000;0.000000;2.000000;-75.783752;428.382751;2648.316406;0.753869;0.000000;0.000000;0.000000;0.000000;2.000000;-5.189880;-765.411865;2000.955200;0.143370;0.000000;0.000000;0.000000;0.000000;2.000000;-48.995605;-877.710815;2106.373535;0.237442;0.000000;0.000000;0.000000;0.000000;2.000000;-47.771912;-892.422119;2052.583496;0.237460;0.000000;0.000000;0.000000;0.000000;2.000000;-60.965088;-831.662292;1942.608276;0.243642;0.000000;0.000000;0.000000;0.000000;2.000000;-4.765930;-886.622070;2081.420654;0.196679;0.000000;0.000000;0.000000;0.000000;2.000000;85.290070;-816.334351;2018.192993;0.105436;0.000000;0.000000;0.000000;0.000000;2.000000;14819266560.000000
0.000000;-150.000031;2000.000000;0.000001;0.000000;0.000000;0.000000;0.000000;2.000000;-10.108582;-328.612640;2005.636353;0.057337;0.000000;0.000000;0.000000;0.000000;2.000000;-18.755005;-471.313843;2011.701660;0.085816;0.000000;0.000000;0.000000;0.000000;2.000000;-8.110962;-687.944458;1991.693481;0.146269;0.000000;0.000000;0.000000;0.000000;2.000000;-42.752136;-653.341003;1987.139526;0.129971;0.000000;0.000000;0.000000;0.000000;2.000000;-179.796875;-645.262756;1945.638916;0.113237;0.000000;0.000000;0.000000;0.000000;2.000000;-360.683838;-454.562134;2033.825439;0.851164;0.000000;0.000000;0.000000;0.000000;2.000000;-296.127747;-462.089905;2257.256836;1.356024;0.000000;0.000000;0.000000;0.000000;1.000000;-207.041443;-430.143799;2276.645996;1.130350;0.000000;0.000000;0.000000;0.000000;1.000000;-146.330139;-345.342468;2247.068359;1.230303;0.000000;0.000000;0.000000;0.000000;1.000000;-185.422913;-405.510590;2175.989014;0.899640;0.000000;0.000000;0.000000;0.000000;1.000000;23.320313;-650.752625;2000.783203;0.141065;0.000000;0.000000;0.000000;0.000000;2.000000;151.348114;-622.095276;2014.767822;0.161258;0.000000;0.000000;0.000000;0.000000;2.000000;238.802856;-416.300415;2187.393555;0.265803;0.000000;0.000000;0.000000;0.000000;2.000000;138.171448;-574.737000;2329.859131;0.988553;0.000000;0.000000;0.000000;0.000000;2.000000;97.342285;-645.658936;2394.068848;2.049652;0.000000;0.000000;0.000000;0.000000;2.000000;22.745117;-700.991821;2446.297363;2.625008;0.000000;0.000000;0.000000;0.000000;2.000000;46.045715;-672.324646;2263.075195;1.310019;0.000000;0.000000;0.000000;0.000000;2.000000;-85.856079;-146.129974;1968.660278;0.048824;0.000000;0.000000;0.000000;0.000000;2.000000;-164.424255;187.786255;2177.565918;0.215632;0.000000;0.000000;0.000000;0.000000;1.000000;-131.195862;529.034912;2004.993408;0.282544;0.000000;0.000000;0.000000;0.000000;1.000000;-194.960205;663.185303;2120.158203;0.177789;0.000000;0.000000;0.000000;0.000000;1.000000;77.420166;-153.489868;2028.260498;0.044027;0.000000;0.000000;0.000000;0.000000;2.000000;11.534485;48.364624;2368.674072;0.169383;0.000000;0.000000;0.000000;0.000000;2.000000;-64.293213;401.057007;2511.188477;0.964764;0.000000;0.000000;0.000000;0.000000;2.000000;-75.201965;406.395264;2683.685059;1.232543;0.000000;0.000000;0.000000;0.000000;2.000000;-6.817078;-769.689453;1997.386353;0.171746;0.000000;0.000000;0.000000;0.000000;2.000000;-58.271301;-881.219177;2101.804688;0.323120;0.000000;0.000000;0.000000;0.000000;2.000000;-53.177795;-896.838867;2048.107178;0.245404;0.000000;0.000000;0.000000;0.000000;2.000000;-58.594727;-837.363831;1935.815552;0.271654;0.000000;0.000000;0.000000;0.000000;2.000000;-12.062195;-890.484863;2080.053223;0.247638;0.000000;0.000000;0.000000;0.000000;2.000000;82.845673;-820.520935;2021.948853;0.181481;0.000000;0.000000;0.000000;0.000000;2.000000;14819300352.000000
0.000000;-150.000000;2000.000000;0.000001;0.000000;0.000000;0.000000;0.000000;2.000000;-10.571960;-328.612915;2004.526367;0.036707;0.000000;0.000000;0.000000;0.000000;2.000000;-19.809998;-471.281189;2010.409302;0.050922;0.000000;0.000000;0.000000;0.000000;2.000000;-8.652405;-687.520447;1986.825073;0.150047;0.000000;0.000000;0.000000;0.000000;2.000000;-43.144043;-652.817200;1981.921753;0.160480;0.000000;0.000000;0.000000;0.000000;2.000000;-178.928528;-643.539978;1936.707764;0.278844;0.000000;0.000000;0.000000;0.000000;2.000000;-374.634827;-466.654846;2021.975586;0.669499;0.000000;0.000000;0.000000;0.000000;2.000000;-355.819641;-572.616333;2228.279297;3.934154;0.000000;0.000000;0.000000;0.000000;2.000000;-324.871582;-664.104004;2226.130127;8.141572;0.000000;0.000000;0.000000;0.000000;2.000000;-269.529114;-603.937439;2154.936035;9.182582;0.000000;0.000000;0.000000;0.000000;2.000000;-262.001831;-601.969849;2134.913086;6.555799;0.000000;0.000000;0.000000;0.000000;2.000000;22.517822;-650.520630;1997.459595;0.104583;0.000000;0.000000;0.000000;0.000000;2.000000;150.522980;-624.334351;2015.790771;0.079233;0.000000;0.000000;0.000000;0.000000;2.000000;244.062927;-429.454346;2197.635986;0.533492;0.000000;0.000000;0.000000;0.000000;2.000000;141.802277;-604.533081;2317.688965;0.988460;0.000000;0.000000;0.000000;0.000000;2.000000;102.043762;-669.301392;2388.707520;0.753613;0.000000;0.000000;0.000000;0.000000;2.000000;15.535400;-707.872559;2437.516357;0.405356;0.000000;0.000000;0.000000;0.000000;2.000000;54.758972;-676.406006;2228.815918;1.085961;0.000000;0.000000;0.000000;0.000000;2.000000;-86.244385;-145.660187;1969.815796;0.039868;0.000000;0.000000;0.000000;0.000000;2.000000;-164.140381;193.854126;2169.738281;0.302373;0.000000;0.000000;0.000000;0.000000;1.000000;-130.373657;538.725342;2004.654785;0.296971;0.000000;0.000000;0.000000;0.000000;1.000000;-188.663757;665.500488;2130.566162;0.377890;0.000000;0.000000;0.000000;0.000000;1.000000;77.770355;-153.913391;2027.218262;0.035957;0.000000;0.000000;0.000000;0.000000;2.000000;8.464539;53.193848;2363.763916;0.230111;0.000000;0.000000;0.000000;0.000000;2.000000;-65.407043;410.424805;2495.573730;0.556740;0.000000;0.000000;0.000000;0.000000;2.000000;-71.797180;410.145447;2668.374512;0.492147;0.000000;0.000000;0.000000;0.000000;2.000000;-7.535645;-769.353210;1991.084351;0.193840;0.000000;0.000000;0.000000;0.000000;2.000000;-58.146912;-877.949402;2098.943848;0.132642;0.000000;0.000000;0.000000;0.000000;2.000000;-57.564026;-893.738586;2045.059204;0.188471;0.000000;0.000000;0.000000;0.000000;2.000000;-67.097473;-833.854004;1933.263794;0.291322;0.000000;0.000000;0.000000;0.000000;2.000000;-14.104797;-889.796265;2074.163574;0.191397;0.000000;0.000000;0.000000;0.000000;2.000000;80.525818;-825.257141;2009.684937;0.407403;0.000000;0.000000;0.000000;0.000000;2.000000;14819333120.000000
0.000000;-149.999969;2000.000000;0.000001;0.000000;0.000000;0.000000;0.000000;2.000000;-10.592712;-328.373840;2011.759644;0.214171;0.000000;0.000000;0.000000;0.000000;2.000000;-16.554504;-471.386292;2014.425171;0.153017;0.000000;0.000000;0.000000;0.000000;2.000000;-15.392029;-688.171753;1992.254761;0.256841;0.000000;0.000000;0.000000;0.000000;2.000000;-48.080200;-651.860718;1986.466431;0.200565;0.000000;0.000000;0.000000;0.000000;2.000000;-183.300232;-635.541443;1941.320557;0.302319;0.000000;0.000000;0.000000;0.000000;2.000000;-391.319214;-466.485352;2012.643677;0.565743;0.000000;0.000000;0.000000;0.000000;2.000000;-332.431946;-635.034302;2162.050293;2.780663;0.000000;0.000000;0.000000;0.000000;2.000000;-303.697083;-718.284912;2122.230225;3.523796;0.000000;0.000000;0.000000;0.000000;2.000000;-238.124817;-698.208374;2038.202271;4.536492;0.000000;0.000000;0.000000;0.000000;2.000000;-256.024170;-673.439270;2049.094727;3.309688;0.000000;0.000000;0.000000;0.000000;2.000000;17.329895;-652.630554;2003.312378;0.239723;0.000000;0.000000;0.000000;0.000000;2.000000;145.626587;-632.268494;2026.770630;0.426262;0.000000;0.000000;0.000000;0.000000;2.000000;251.888672;-444.563171;2209.397705;0.612118;0.000000;0.000000;0.000000;0.000000;2.000000;139.165588;-608.796082;2335.495361;0.547421;0.000000;0.000000;0.000000;0.000000;2.000000;102.174133;-669.896484;2411.184082;0.665389;0.000000;0.000000;0.000000;0.000000;2.000000;12.764771;-709.639709;2453.513916;0.483298;0.000000;0.000000;0.000000;0.000000;2.000000;55.336090;-680.622375;2246.910156;0.550070;0.000000;0.000000;0.000000;0.000000;2.000000;-85.671875;-147.026154;1967.936157;0.070817;0.000000;0.000000;0.000000;0.000000;2.000000;-153.533936;217.102783;2123.747559;1.556970;0.000000;0.000000;0.000000;0.000000;1.000000;-95.381592;573.747314;1993.735718;1.500273;0.000000;0.000000;0.000000;0.000000;1.000000;-152.367371;699.356079;2121.542969;1.492911;0.000000;0.000000;0.000000;0.000000;1.000000;77.254150;-152.681549;2028.913330;0.063863;0.000000;0.000000;0.000000;0.000000;2.000000;30.602966;144.912842;2294.217285;3.468703;0.000000;0.000000;0.000000;0.000000;1.000000;20.171326;531.385742;2327.820313;6.623529;0.000000;0.000000;0.000000;0.000000;1.000000;-1.309937;574.688110;2493.938477;7.396465;0.000000;0.000000;0.000000;0.000000;1.000000;-18.315674;-769.975891;1996.990723;0.364222;0.000000;0.000000;0.000000;0.000000;2.000000;-69.411621;-881.604370;2101.600586;0.359173;0.000000;0.000000;0.000000;0.000000;2.000000;-66.271667;-896.670410;2047.567627;0.281848;0.000000;0.000000;0.000000;0.000000;2.000000;-73.529663;-835.641418;1936.146606;0.215192;0.000000;0.000000;0.000000;0.000000;2.000000;-24.075684;-891.703613;2078.372559;0.325214;0.000000;0.000000;0.000000;0.000000;2.000000;70.809418;-823.271240;2018.295044;0.388654;0.000000;0.000000;0.000000;0.000000;2.000000;14819366912.000000
0.000000;-150.000000;2000.000000;0.000001;0.000000;0.000000;0.000000;0.000000;2.000000;-9.267883;-323.508453;2017.552979;0.234390;0.000000;0.000000;0.000000;0.000000;2.000000;-12.516724;-463.075928;2019.308105;0.318918;0.000000;0.000000;0.000000;0.000000;2.000000;-11.843933;-673.720154;1991.121094;0.455441;0.000000;0.000000;0.000000;0.000000;2.000000;-43.545105;-638.035400;1986.248169;0.444085;0.000000;0.000000;0.000000;0.000000;2.000000;-174.434082;-616.386963;1941.736572;0.644258;0.000000;0.000000;0.000000;0.000000;2.000000;-390.665527;-480.401123;2030.771851;0.697717;0.000000;0.000000;0.000000;0.000000;2.000000;-324.018372;-665.265564;2144.486084;1.097453;0.000000;0.000000;0.000000;0.000000;2.000000;-285.989136;-733.715576;2092.013184;1.167969;0.000000;0.000000;0.000000;0.000000;2.000000;-221.835571;-687.224670;2021.934692;0.778417;0.000000;0.000000;0.000000;0.000000;2.000000;-241.885986;-698.658325;2037.789551;0.947371;0.000000;0.000000;0.000000;0.000000;2.000000;20.064575;-639.526489;2003.314331;0.408520;0.000000;0.000000;0.000000;0.000000;2.000000;145.686157;-626.820984;2028.422607;0.173730;0.000000;0.000000;0.000000;0.000000;2.000000;256.362213;-459.390656;2217.335938;0.531113;0.000000;0.000000;0.000000;0.000000;2.000000;128.709259;-612.867981;2331.399170;0.364546;0.000000;0.000000;0.000000;0.000000;2.000000;82.624329;-676.884460;2395.264160;0.798413;0.000000;0.000000;0.000000;0.000000;2.000000;1.316284;-722.989197;2440.792236;0.662392;0.000000;0.000000;0.000000;0.000000;2.000000;33.469269;-686.314697;2251.876465;0.706022;0.000000;0.000000;0.000000;0.000000;2.000000;-84.488098;-148.394714;1971.258789;0.115460;0.000000;0.000000;0.000000;0.000000;2.000000;-128.943420;226.918213;2074.883301;1.696061;0.000000;0.000000;0.000000;0.000000;1.000000;-79.764038;583.538025;1971.588013;0.879355;0.000000;0.000000;0.000000;0.000000;1.000000;-122.302246;706.385193;2100.929199;1.132958;0.000000;0.000000;0.000000;0.000000;1.000000;76.186646;-151.447571;2025.917114;0.104116;0.000000;0.000000;0.000000;0.000000;2.000000;59.742767;194.548462;2208.290527;3.156207;0.000000;0.000000;0.000000;0.000000;1.000000;70.878784;572.506775;2192.277588;4.591249;0.000000;0.000000;0.000000;0.000000;1.000000;54.525482;646.470276;2343.041016;5.376667;0.000000;0.000000;0.000000;0.000000;1.000000;-15.004333;-753.592834;1993.220947;0.522894;0.000000;0.000000;0.000000;0.000000;2.000000;44.645203;-895.297974;2026.448608;4.189286;0.000000;0.000000;0.000000;0.000000;2.000000;27.468445;-886.839478;1975.112061;3.628085;0.000000;0.000000;0.000000;0.000000;1.000000;-57.033508;-813.543457;1921.381714;0.954593;0.000000;0.000000;0.000000;0.000000;1.000000;71.205658;-867.572144;1993.421387;3.964651;0.000000;0.000000;0.000000;0.000000;2.000000;83.414215;-743.523376;1963.216187;2.982659;0.000000;0.000000;0.000000;0.000000;1.000000;14819399680.000000
0.000000;-150.000000;2000.000000;0.000000;0.000000;0.000000;0.000000;0.000000;2.000000;-9.286194;-323.521729;2017.522949;0.001112;0.000000;0.000000;0.000000;0.000000;2.000000;-12.541321;-463.098572;2019.230957;0.002488;0.000000;0.000000;0.000000;0.000000;2.000000;-11.890991;-673.738647;1990.909790;0.006430;0.000000;0.000000;0.000000;0.000000;2.000000;-43.590332;-638.045105;1986.058472;0.005778;0.000000;0.000000;0.000000;0.000000;2.000000;-174.487183;-616.401672;1941.539551;0.006054;0.000000;0.000000;0.000000;0.000000;2.000000;-390.926392;-480.728271;2030.599365;0.013393;0.000000;0.000000;0.000000;0.000000;2.000000;-324.097778;-665.617004;2144.196289;0.013683;0.000000;0.000000;0.000000;0.000000;2.000000;-285.952637;-733.981201;2091.685059;0.012540;0.000000;0.000000;0.000000;0.000000;2.000000;-221.803345;-687.392212;2021.657593;0.009630;0.000000;0.000000;0.000000;0.000000;2.000000;-241.816406;-698.739014;2037.530396;0.008292;0.000000;0.000000;0.000000;0.000000;2.000000;20.023071;-639.553894;2003.125732;0.005772;0.000000;0.000000;0.000000;0.000000;2.000000;145.677002;-627.013062;2028.196899;0.008775;0.000000;0.000000;0.000000;0.000000;2.000000;256.885956;-460.331268;2217.484863;0.032163;0.000000;0.000000;0.000000;0.000000;2.000000;128.776093;-613.864197;2330.989258;0.031940;0.000000;0.000000;0.000000;0.000000;2.000000;82.393127;-678.060181;2394.467285;0.042585;0.000000;0.000000;0.000000;0.000000;2.000000;0.584351;-723.946106;2439.330078;0.056065;0.000000;0.000000;0.000000;0.000000;2.000000;33.342316;-686.674011;2251.067383;0.026466;0.000000;0.000000;0.000000;0.000000;2.000000;-84.491821;-148.381317;1971.252930;0.000447;0.000000;0.000000;0.000000;0.000000;2.000000;-128.782959;227.017700;2074.730713;0.007184;0.000000;0.000000;0.000000;0.000000;1.000000;-79.340942;583.509277;1971.031494;0.020705;0.000000;0.000000;0.000000;0.000000;1.000000;-121.762573;706.553223;2100.240479;0.026366;0.000000;0.000000;0.000000;0.000000;1.000000;76.190033;-151.459625;2025.922485;0.000403;0.000000;0.000000;0.000000;0.000000;2.000000;60.059418;194.988159;2207.518555;0.027911;0.000000;0.000000;0.000000;0.000000;1.000000;71.641388;572.855591;2189.265137;0.092537;0.000000;0.000000;0.000000;0.000000;1.000000;55.475037;647.795410;2339.578125;0.113264;0.000000;0.000000;0.000000;0.000000;1.000000;-15.060364;-753.617432;1992.959473;0.007947;0.000000;0.000000;0.000000;0.000000;2.000000;44.573944;-895.368958;2026.063965;0.011765;0.000000;0.000000;0.000000;0.000000;2.000000;27.396301;-886.862549;1974.731934;0.011470;0.000000;0.000000;0.000000;0.000000;2.000000;-57.101868;-813.503052;1921.063843;0.009696;0.000000;0.000000;0.000000;0.000000;1.000000;71.139343;-867.616089;1993.058472;0.010995;0.000000;0.000000;0.000000;0.000000;2.000000;83.365356;-743.534668;1962.959839;0.007730;0.000000;0.000000;0.000000;0.000000;1.000000;14819433472.000000
0.000000;-150.000000;2000.000000;0.000000;0.000000;0.000000;0.000000;0.000000;2.000000;-7.204163;-317.847961;2009.109863;0.316128;0.000000;0.000000;0.000000;0.000000;2.000000;-11.688354;-452.242737;2012.289795;0.394086;0.000000;0.000000;0.000000;0.000000;2.000000;-7.336121;-655.344177;1986.761597;0.592002;0.000000;0.000000;0.000000;0.000000;2.000000;-38.989929;-621.805786;1983.611084;0.520474;0.000000;0.000000;0.000000;0.000000;2.000000;-166.564514;-600.423157;1945.631714;0.558420;0.000000;0.000000;0.000000;0.000000;2.000000;-387.574707;-493.280365;2032.768311;0.401968;0.000000;0.000000;0.000000;0.000000;2.000000;-313.864380;-673.416382;2132.577148;0.529071;0.000000;0.000000;0.000000;0.000000;2.000000;-270.520142;-732.912476;2079.396973;0.602907;0.000000;0.000000;0.000000;0.000000;2.000000;-216.148071;-666.267456;2024.749512;0.674015;0.000000;0.000000;0.000000;0.000000;2.000000;-227.163940;-677.612793;2031.664429;0.804774;0.000000;0.000000;0.000000;0.000000;2.000000;23.172302;-621.514221;1996.403442;0.595317;0.000000;0.000000;0.000000;0.000000;2.000000;145.250641;-609.149170;2014.455688;0.687913;0.000000;0.000000;0.000000;0.000000;2.000000;264.726624;-490.427307;2219.742432;0.951612;0.000000;0.000000;0.000000;0.000000;2.000000;122.282532;-629.786987;2316.445557;0.687304;0.000000;0.000000;0.000000;0.000000;2.000000;78.193787;-689.108032;2380.459473;0.559320;0.000000;0.000000;0.000000;0.000000;2.000000;-8.347351;-713.944824;2424.352051;0.613504;0.000000;0.000000;0.000000;0.000000;2.000000;37.802002;-677.777710;2225.765381;0.829733;0.000000;0.000000;0.000000;0.000000;2.000000;-82.060303;-147.868011;1974.387207;0.122068;0.000000;0.000000;0.000000;0.000000;2.000000;-124.946838;194.061523;2128.610840;1.931040;0.000000;0.000000;0.000000;0.000000;1.000000;-102.277527;524.031494;1984.408936;1.987781;0.000000;0.000000;0.000000;0.000000;1.000000;-132.420837;640.762207;2113.556641;2.074157;0.000000;0.000000;0.000000;0.000000;1.000000;73.997467;-151.922485;2023.096069;0.110076;0.000000;0.000000;0.000000;0.000000;2.000000;33.594482;31.860046;2349.936768;6.657738;0.000000;0.000000;0.000000;0.000000;2.000000;-34.644165;386.261230;2401.754395;9.219428;0.000000;0.000000;0.000000;0.000000;2.000000;-41.072266;418.412720;2560.962402;10.165093;0.000000;0.000000;0.000000;0.000000;2.000000;-8.242310;-732.324097;1989.574585;0.690095;0.000000;0.000000;0.000000;0.000000;2.000000;46.076569;-849.618774;2068.670410;1.908422;0.000000;0.000000;0.000000;0.000000;2.000000;17.279785;-860.738586;2025.851807;1.778954;0.000000;0.000000;0.000000;0.000000;1.000000;-70.012329;-805.624268;1965.553467;1.434028;0.000000;0.000000;0.000000;0.000000;1.000000;63.821411;-844.628723;2023.494141;1.185207;0.000000;0.000000;0.000000;0.000000;2.000000;75.534149;-754.041504;1940.281128;0.799331;0.000000;0.000000;0.000000;0.000000;2.000000;14819466240.000000
0.000000;-150.000000;2000.000000;0.000000;0.000000;0.000000;0.000000;0.000000;2.000000;-7.078430;-317.936462;2008.812988;0.009894;0.000000;0.000000;0.000000;0.000000;2.000000;-11.364502;-452.402832;2011.463501;0.026687;0.000000;0.000000;0.000000;0.000000;2.000000;-6.367920;-655.431519;1984.842773;0.063655;0.000000;0.000000;0.000000;0.000000;2.000000;-38.115479;-621.949585;1981.765503;0.060586;0.000000;0.000000;0.000000;0.000000;2.000000;-165.913635;-601.879517;1943.631104;0.075720;0.000000;0.000000;0.000000;0.000000;2.000000;-389.955994;-501.232025;2031.079102;0.250672;0.000000;0.000000;0.000000;0.000000;2.000000;-314.152527;-680.221741;2131.571289;0.203756;0.000000;0.000000;0.000000;0.000000;2.000000;-268.218933;-738.357361;2079.001465;0.175320;0.000000;0.000000;0.000000;0.000000;2.000000;-218.091003;-664.511169;2029.742554;0.166852;0.000000;0.000000;0.000000;0.000000;2.000000;-227.277832;-682.210083;2029.797852;0.146871;0.000000;0.000000;0.000000;0.000000;2.000000;24.027222;-621.557800;1994.774048;0.054468;0.000000;0.000000;0.000000;0.000000;2.000000;145.958832;-609.855103;2014.519897;0.029652;0.000000;0.000000;0.000000;0.000000;2.000000;263.795166;-500.317078;2225.906494;0.345959;0.000000;0.000000;0.000000;0.000000;2.000000;115.107361;-641.628662;2309.722168;0.455491;0.000000;0.000000;0.000000;0.000000;2.000000;66.423950;-702.777344;2368.534912;0.639899;0.000000;0.000000;0.000000;0.000000;2.000000;-21.757019;-732.236938;2405.912109;0.865028;0.000000;0.000000;0.000000;0.000000;2.000000;25.127075;-688.043701;2219.096191;0.521474;0.000000;0.000000;0.000000;0.000000;2.000000;-82.060059;-147.891571;1974.269409;0.003555;0.000000;0.000000;0.000000;0.000000;2.000000;-129.839661;190.229797;2135.652832;0.277938;0.000000;0.000000;0.000000;0.000000;1.000000;-109.565979;521.040955;1992.666748;0.337742;0.000000;0.000000;0.000000;0.000000;1.000000;-141.220947;637.363953;2121.916992;0.373017;0.000000;0.000000;0.000000;0.000000;1.000000;73.997101;-151.901306;2023.202393;0.003208;0.000000;0.000000;0.000000;0.000000;2.000000;28.270020;35.267700;2347.583984;0.199609;0.000000;0.000000;0.000000;0.000000;2.000000;-44.202698;386.838989;2412.338379;0.422380;0.000000;0.000000;0.000000;0.000000;2.000000;-51.364807;413.930115;2572.520020;0.476810;0.000000;0.000000;0.000000;0.000000;2.000000;-7.072815;-732.458435;1987.237671;0.077434;0.000000;0.000000;0.000000;0.000000;2.000000;39.416473;-849.771240;2071.258789;0.211500;0.000000;0.000000;0.000000;0.000000;2.000000;12.998108;-860.894409;2026.908691;0.130591;0.000000;0.000000;0.000000;0.000000;1.000000;-69.098938;-804.665771;1960.552124;0.153102;0.000000;0.000000;0.000000;0.000000;1.000000;60.002441;-845.938721;2027.166748;0.161515;0.000000;0.000000;0.000000;0.000000;2.000000;79.013336;-756.982422;1943.469849;0.164557;0.000000;0.000000;0.000000;0.000000;2.000000;14819500032.000000
0.000000;-149.999969;2000.000000;0.000001;0.000000;0.000000;0.000000;0.000000;2.000000;-7.077393;-317.943451;2008.816162;0.000229;0.000000;0.000000;0.000000;0.000000;2.000000;-11.363037;-452.415527;2011.470215;0.000427;0.000000;0.000000;0.000000;0.000000;2.000000;-6.359985;-655.452698;1984.848511;0.000690;0.000000;0.000000;0.000000;0.000000;2.000000;-38.109680;-621.970154;1981.770020;0.000646;0.000000;0.000000;0.000000;0.000000;2.000000;-165.916748;-601.920898;1943.634155;0.001231;0.000000;0.000000;0.000000;0.000000;2.000000;-390.013489;-501.379974;2031.098389;0.004732;0.000000;0.000000;0.000000;0.000000;2.000000;-314.177002;-680.362976;2131.597656;0.004313;0.000000;0.000000;0.000000;0.000000;2.000000;-268.209473;-738.482239;2079.032715;0.003820;0.000000;0.000000;0.000000;0.000000;2.000000;-218.140137;-664.543579;2029.844116;0.003474;0.000000;0.000000;0.000000;0.000000;2.000000;-227.275085;-682.332397;2029.836914;0.003801;0.000000;0.000000;0.000000;0.000000;2.000000;24.035156;-621.576782;1994.781372;0.000646;0.000000;0.000000;0.000000;0.000000;2.000000;145.969910;-609.886536;2014.548584;0.001301;0.000000;0.000000;0.000000;0.000000;2.000000;263.789825;-500.503906;2226.039063;0.006781;0.000000;0.000000;0.000000;0.000000;2.000000;115.041870;-641.836548;2309.737305;0.006466;0.000000;0.000000;0.000000;0.000000;2.000000;66.429718;-703.083984;2368.513184;0.009099;0.000000;0.000000;0.000000;0.000000;2.000000;-21.672485;-732.682190;2405.978027;0.013553;0.000000;0.000000;0.000000;0.000000;2.000000;24.944031;-688.170776;2219.162109;0.006877;0.000000;0.000000;0.000000;0.000000;2.000000;-82.063416;-147.892487;1974.267944;0.000112;0.000000;0.000000;0.000000;0.000000;2.000000;-129.874084;190.223022;2135.692383;0.001565;0.000000;0.000000;0.000000;0.000000;1.000000;-109.622803;521.067993;1992.742432;0.002913;0.000000;0.000000;0.000000;0.000000;1.000000;-141.291687;637.378418;2122.010986;0.003507;0.000000;0.000000;0.000000;0.000000;1.000000;74.000183;-151.900391;2023.203735;0.000103;0.000000;0.000000;0.000000;0.000000;2.000000;28.261536;35.247437;2347.614746;0.001119;0.000000;0.000000;0.000000;0.000000;2.000000;-44.230408;386.799866;2412.537354;0.006057;0.000000;0.000000;0.000000;0.000000;2.000000;-51.419983;413.777283;2572.744141;0.008192;0.000000;0.000000;0.000000;0.000000;2.000000;-7.063049;-732.482910;1987.243530;0.000799;0.000000;0.000000;0.000000;0.000000;2.000000;39.408264;-849.775513;2071.314453;0.001670;0.000000;0.000000;0.000000;0.000000;2.000000;12.995972;-860.912292;2026.961670;0.001656;0.000000;0.000000;0.000000;0.000000;1.000000;-69.090454;-804.699036;1960.569824;0.001143;0.000000;0.000000;0.000000;0.000000;1.000000;60.002960;-845.958130;2027.222778;0.001755;0.000000;0.000000;0.000000;0.000000;2.000000;79.033295;-757.026123;1943.496826;0.001631;0.000000;0.000000;0.000000;0.000000;2.000000;14819533824.000000
0.000000;-149.999969;2000.000000;0.000000;0.000000;0.000000;0.000000;0.000000;2.000000;-6.957153;-318.073792;2008.754517;0.005729;0.000000;0.000000;0.000000;0.000000;2.000000;-11.100037;-452.651520;2011.212891;0.013340;0.000000;0.000000;0.000000;0.000000;2.000000;-5.495422;-655.716492;1983.794189;0.042382;0.000000;0.000000;0.000000;0.000000;2.000000;-37.362183;-622.289307;1980.823486;0.038074;0.000000;0.000000;0.000000;0.000000;2.000000;-165.499634;-603.274414;1942.921875;0.048381;0.000000;0.000000;0.000000;0.000000;2.000000;-391.608582;-508.765686;2032.471436;0.234367;0.000000;0.000000;0.000000;0.000000;2.000000;-312.277710;-687.604126;2130.853271;0.229584;0.000000;0.000000;0.000000;0.000000;2.000000;-264.482117;-743.816650;2077.734375;0.202511;0.000000;0.000000;0.000000;0.000000;2.000000;-217.160217;-666.164001;2031.483521;0.076438;0.000000;0.000000;0.000000;0.000000;2.000000;-223.816772;-687.079651;2030.480591;0.180314;0.000000;0.000000;0.000000;0.000000;2.000000;24.818665;-621.767517;1993.882324;0.036856;0.000000;0.000000;0.000000;0.000000;2.000000;146.770416;-610.190247;2014.168091;0.028593;0.000000;0.000000;0.000000;0.000000;2.000000;263.692566;-505.368347;2228.686279;0.169035;0.000000;0.000000;0.000000;0.000000;2.000000;113.876007;-648.062439;2308.503174;0.196937;0.000000;0.000000;0.000000;0.000000;2.000000;66.763123;-712.115479;2365.603516;0.289749;0.000000;0.000000;0.000000;0.000000;2.000000;-21.207336;-743.944580;2401.718506;0.367735;0.000000;0.000000;0.000000;0.000000;2.000000;25.466125;-694.438843;2216.259766;0.211399;0.000000;0.000000;0.000000;0.000000;2.000000;-82.120911;-147.942505;1974.239136;0.002486;0.000000;0.000000;0.000000;0.000000;2.000000;-130.819214;189.670044;2137.084473;0.054051;0.000000;0.000000;0.000000;0.000000;1.000000;-111.321289;521.391602;1995.406982;0.096936;0.000000;0.000000;0.000000;0.000000;1.000000;-143.241882;637.075439;2125.349121;0.118344;0.000000;0.000000;0.000000;0.000000;1.000000;74.052063;-151.855286;2023.229736;0.002243;0.000000;0.000000;0.000000;0.000000;2.000000;30.132751;33.638062;2349.156494;0.088808;0.000000;0.000000;0.000000;0.000000;2.000000;-41.388611;383.993347;2422.556641;0.329164;0.000000;0.000000;0.000000;0.000000;2.000000;-47.338379;406.077393;2583.680176;0.426750;0.000000;0.000000;0.000000;0.000000;2.000000;-5.979309;-732.812805;1985.894287;0.053764;0.000000;0.000000;0.000000;0.000000;2.000000;40.505829;-849.479492;2071.019531;0.035840;0.000000;0.000000;0.000000;0.000000;2.000000;14.937988;-861.016479;2026.230957;0.063402;0.000000;0.000000;0.000000;0.000000;2.000000;-66.757751;-805.852905;1958.337646;0.104634;0.000000;0.000000;0.000000;0.000000;2.000000;61.790558;-845.501343;2027.231812;0.056307;0.000000;0.000000;0.000000;0.000000;2.000000;81.166718;-756.446045;1943.584229;0.067523;0.000000;0.000000;0.000000;0.000000;2.000000;14819566592.000000
0.000000;-150.000000;2000.000000;0.000001;0.000000;0.000000;0.000000;0.000000;2.000000;-7.007690;-318.232727;2008.594727;0.006835;0.000000;0.000000;0.000000;0.000000;2.000000;-11.142334;-452.937317;2010.783203;0.015323;0.000000;0.000000;0.000000;0.000000;2.000000;-5.323914;-656.044983;1982.355957;0.043951;0.000000;0.000000;0.000000;0.000000;2.000000;-37.243896;-622.600220;1979.503296;0.040289;0.000000;0.000000;0.000000;0.000000;2.000000;-165.815186;-604.536743;1942.174927;0.044399;0.000000;0.000000;0.000000;0.000000;2.000000;-393.545044;-517.780151;2036.046875;0.292646;0.000000;0.000000;0.000000;0.000000;2.000000;-308.573730;-696.701233;2129.906006;0.292017;0.000000;0.000000;0.000000;0.000000;2.000000;-257.815186;-749.255493;2075.661377;0.261903;0.000000;0.000000;0.000000;0.000000;2.000000;-215.678345;-665.448303;2035.311157;0.123296;0.000000;0.000000;0.000000;0.000000;2.000000;-216.027344;-693.327576;2034.124390;0.314561;0.000000;0.000000;0.000000;0.000000;2.000000;24.975281;-622.089417;1992.659302;0.037711;0.000000;0.000000;0.000000;0.000000;2.000000;146.875702;-610.693604;2014.016357;0.015867;0.000000;0.000000;0.000000;0.000000;2.000000;262.553558;-514.315796;2233.411865;0.301332;0.000000;0.000000;0.000000;0.000000;2.000000;110.756439;-658.140076;2307.833984;0.312815;0.000000;0.000000;0.000000;0.000000;2.000000;64.127411;-723.576538;2363.905762;0.351626;0.000000;0.000000;0.000000;0.000000;2.000000;-27.590576;-749.701904;2395.205566;0.319151;0.000000;0.000000;0.000000;0.000000;2.000000;23.894775;-701.059753;2213.323730;0.219318;0.000000;0.000000;0.000000;0.000000;2.000000;-82.173401;-147.897705;1974.149780;0.003341;0.000000;0.000000;0.000000;0.000000;2.000000;-133.182739;188.401733;2139.775391;0.112437;0.000000;0.000000;0.000000;0.000000;1.000000;-114.048035;521.276917;1999.931763;0.156372;0.000000;0.000000;0.000000;0.000000;1.000000;-146.904663;636.848328;2129.958252;0.174351;0.000000;0.000000;0.000000;0.000000;1.000000;74.099396;-151.895721;2023.310181;0.003010;0.000000;0.000000;0.000000;0.000000;2.000000;26.457092;34.024963;2348.866211;0.109711;0.000000;0.000000;0.000000;0.000000;2.000000;-47.702148;384.657043;2419.934570;0.203259;0.000000;0.000000;0.000000;0.000000;2.000000;-56.405457;409.861267;2580.623291;0.304496;0.000000;0.000000;0.000000;0.000000;2.000000;-5.745667;-733.220764;1984.080688;0.055443;0.000000;0.000000;0.000000;0.000000;2.000000;40.415344;-847.369995;2072.957764;0.084818;0.000000;0.000000;0.000000;0.000000;2.000000;16.049927;-860.287842;2027.820679;0.061326;0.000000;0.000000;0.000000;0.000000;2.000000;-64.874451;-807.808105;1956.758789;0.092935;0.000000;0.000000;0.000000;0.000000;2.000000;62.684082;-844.054016;2029.556641;0.085246;0.000000;0.000000;0.000000;0.000000;2.000000;82.775421;-756.531372;1944.309570;0.052282;0.000000;0.000000;0.000000;0.000000;2.000000;14819600384.000000
0.000000;-150.000000;2000.000000;0.000000;0.000000;0.000000;0.000000;0.000000;2.000000;-8.037415;-317.017914;2003.954346;0.149720;0.000000;0.000000;0.000000;0.000000;2.000000;-12.941284;-450.633057;2002.361206;0.272062;0.000000;0.000000;0.000000;0.000000;2.000000;-9.276733;-652.481018;1976.433838;0.242990;0.000000;0.000000;0.000000;0.000000;2.000000;-40.529480;-618.972107;1972.965942;0.249228;0.000000;0.000000;0.000000;0.000000;2.000000;-167.594849;-602.088745;1933.841797;0.270560;0.000000;0.000000;0.000000;0.000000;2.000000;-394.785828;-540.236694;2041.908569;0.709293;0.000000;0.000000;0.000000;0.000000;2.000000;-282.171387;-711.836914;2113.694336;1.052299;0.000000;0.000000;0.000000;0.000000;2.000000;-223.409912;-747.541992;2055.196533;1.222787;0.000000;0.000000;0.000000;0.000000;2.000000;-217.881226;-646.696716;2047.331055;0.683044;0.000000;0.000000;0.000000;0.000000;2.000000;-187.191589;-702.261414;2023.201294;0.979718;0.000000;0.000000;0.000000;0.000000;2.000000;21.084229;-619.033081;1986.541504;0.240119;0.000000;0.000000;0.000000;0.000000;2.000000;139.920441;-604.214172;2015.859009;0.295492;0.000000;0.000000;0.000000;0.000000;2.000000;260.459747;-534.601990;2240.153320;0.655497;0.000000;0.000000;0.000000;0.000000;2.000000;111.351593;-681.072266;2309.433105;0.701769;0.000000;0.000000;0.000000;0.000000;2.000000;54.993225;-727.841492;2373.343994;0.421434;0.000000;0.000000;0.000000;0.000000;2.000000;-41.386108;-741.070007;2394.579590;0.496995;0.000000;0.000000;0.000000;0.000000;2.000000;13.859680;-708.890686;2225.266113;0.532658;0.000000;0.000000;0.000000;0.000000;2.000000;-81.337036;-146.703674;1973.904175;0.045116;0.000000;0.000000;0.000000;0.000000;2.000000;-135.116882;179.098022;2152.302734;0.479849;0.000000;0.000000;0.000000;0.000000;1.000000;-116.424683;509.707703;2014.439209;0.570900;0.000000;0.000000;0.000000;0.000000;1.000000;-154.481140;624.765930;2141.562500;0.561097;0.000000;0.000000;0.000000;0.000000;1.000000;73.345215;-152.972473;2023.531738;0.040684;0.000000;0.000000;0.000000;0.000000;2.000000;41.529663;34.239807;2346.798584;0.464332;0.000000;0.000000;0.000000;0.000000;2.000000;-28.453369;381.393372;2424.041504;0.608850;0.000000;0.000000;0.000000;0.000000;2.000000;-31.297241;399.558594;2584.583496;0.837011;0.000000;0.000000;0.000000;0.000000;2.000000;-10.600952;-729.009705;1978.985474;0.250296;0.000000;0.000000;0.000000;0.000000;2.000000;38.048279;-832.877563;2076.656738;0.462133;0.000000;0.000000;0.000000;0.000000;2.000000;14.217285;-850.182617;2033.225952;0.354176;0.000000;0.000000;0.000000;0.000000;2.000000;-67.352905;-806.562134;1958.600342;0.101613;0.000000;0.000000;0.000000;0.000000;2.000000;60.055511;-832.820129;2033.431763;0.371421;0.000000;0.000000;0.000000;0.000000;2.000000;77.782776;-753.272949;1941.528442;0.200764;0.000000;0.000000;0.000000;0.000000;2.000000;14819633152.000000
0.000000;-150.000031;2000.000000;0.000000;0.000000;0.000000;0.000000;0.000000;2.000000;-7.467773;-316.539124;2000.734863;0.049645;0.000000;0.000000;0.000000;0.000000;2.000000;-13.133667;-449.693176;2000.388184;0.032961;0.000000;0.000000;0.000000;0.000000;2.000000;-10.321289;-650.753418;1973.495972;0.053555;0.000000;0.000000;0.000000;0.000000;2.000000;-41.385376;-617.236816;1970.429565;0.047929;0.000000;0.000000;0.000000;0.000000;2.000000;-168.191895;-601.551636;1931.473999;0.037564;0.000000;0.000000;0.000000;0.000000;2.000000;-393.579529;-548.149841;2045.613892;0.132521;0.000000;0.000000;0.000000;0.000000;2.000000;-247.205261;-705.953979;2070.988770;0.833936;0.000000;0.000000;0.000000;0.000000;2.000000;-196.280945;-725.046082;1999.305664;0.992705;0.000000;0.000000;0.000000;0.000000;2.000000;-144.196716;-675.834412;1928.170044;2.149947;0.000000;0.000000;0.000000;0.000000;2.000000;-165.124878;-696.238159;1973.954224;0.815806;0.000000;0.000000;0.000000;0.000000;2.000000;20.118896;-617.565491;1983.526245;0.052428;0.000000;0.000000;0.000000;0.000000;2.000000;138.210419;-601.430176;2013.449829;0.060989;0.000000;0.000000;0.000000;0.000000;2.000000;258.848907;-540.957642;2239.315918;0.099307;0.000000;0.000000;0.000000;0.000000;2.000000;98.027893;-683.621704;2283.494385;0.439781;0.000000;0.000000;0.000000;0.000000;2.000000;47.401855;-740.946594;2342.967529;0.509955;0.000000;0.000000;0.000000;0.000000;2.000000;-51.676514;-744.023193;2347.851318;0.720237;0.000000;0.000000;0.000000;0.000000;2.000000;10.331848;-717.877563;2190.912109;0.536130;0.000000;0.000000;0.000000;0.000000;2.000000;-80.930664;-146.487579;1973.589844;0.008374;0.000000;0.000000;0.000000;0.000000;2.000000;-133.048279;173.902527;2159.531738;0.137312;0.000000;0.000000;0.000000;0.000000;1.000000;-118.332947;505.020996;2025.523926;0.183070;0.000000;0.000000;0.000000;0.000000;1.000000;-159.452820;617.603271;2153.112793;0.217424;0.000000;0.000000;0.000000;0.000000;1.000000;72.978760;-153.167389;2023.815063;0.007550;0.000000;0.000000;0.000000;0.000000;2.000000;43.608246;28.298279;2349.156250;0.100987;0.000000;0.000000;0.000000;0.000000;2.000000;-31.107544;375.671387;2414.476074;0.172144;0.000000;0.000000;0.000000;0.000000;2.000000;-50.798950;395.471924;2573.097168;0.345538;0.000000;0.000000;0.000000;0.000000;2.000000;-11.872742;-727.037903;1975.659424;0.061154;0.000000;0.000000;0.000000;0.000000;2.000000;38.174866;-825.542358;2077.335693;0.110692;0.000000;0.000000;0.000000;0.000000;2.000000;12.386597;-844.835938;2036.125977;0.095433;0.000000;0.000000;0.000000;0.000000;2.000000;-70.819336;-804.074341;1962.315552;0.084999;0.000000;0.000000;0.000000;0.000000;2.000000;58.404694;-828.634216;2033.535400;0.067621;0.000000;0.000000;0.000000;0.000000;2.000000;74.159424;-755.529785;1936.598755;0.097972;0.000000;0.000000;0.000000;0.000000;2.000000;14819699712.000000
0.000000;-150.000031;2000.000000;0.000000;0.000000;0.000000;0.000000;0.000000;2.000000;-8.021362;-312.097198;2000.709473;0.132468;0.000000;0.000000;0.000000;0.000000;2.000000;-14.068542;-441.703583;2000.145142;0.238156;0.000000;0.000000;0.000000;0.000000;2.000000;-14.987305;-637.363953;1973.250000;0.419665;0.000000;0.000000;0.000000;0.000000;2.000000;-44.666260;-604.192993;1970.596069;0.398057;0.000000;0.000000;0.000000;0.000000;2.000000;-168.653259;-591.781250;1933.382446;0.294913;0.000000;0.000000;0.000000;0.000000;2.000000;-389.971313;-541.467834;2041.475952;0.255924;0.000000;0.000000;0.000000;0.000000;2.000000;-239.985596;-688.586121;2060.947754;0.630950;0.000000;0.000000;0.000000;0.000000;2.000000;-182.732361;-708.416809;1997.684082;0.636573;0.000000;0.000000;0.000000;0.000000;2.000000;-113.502197;-705.465210;1927.963623;1.262535;0.000000;0.000000;0.000000;0.000000;2.000000;-155.294495;-686.585510;1967.535400;0.449783;0.000000;0.000000;0.000000;0.000000;2.000000;15.283997;-605.620239;1982.918701;0.381775;0.000000;0.000000;0.000000;0.000000;2.000000;132.589081;-596.650513;2004.641235;0.340042;0.000000;0.000000;0.000000;0.000000;2.000000;261.225403;-556.781433;2222.527344;0.686334;0.000000;0.000000;0.000000;0.000000;2.000000;100.877594;-697.060486;2238.752930;1.385031;0.000000;0.000000;0.000000;0.000000;2.000000;41.742218;-735.094360;2301.622070;1.247022;0.000000;0.000000;0.000000;0.000000;2.000000;-48.886536;-742.528198;2334.281738;0.412342;0.000000;0.000000;0.000000;0.000000;2.000000;1.658875;-710.444946;2159.097412;1.000324;0.000000;0.000000;0.000000;0.000000;2.000000;-78.833252;-146.210663;1974.476074;0.067878;0.000000;0.000000;0.000000;0.000000;2.000000;-127.845276;165.845459;2155.726563;0.305347;0.000000;0.000000;0.000000;0.000000;1.000000;-108.322144;489.979004;2030.442627;0.554161;0.000000;0.000000;0.000000;0.000000;1.000000;-148.531189;601.266113;2153.091309;0.581546;0.000000;0.000000;0.000000;0.000000;1.000000;71.087433;-153.417053;2023.016113;0.061206;0.000000;0.000000;0.000000;0.000000;2.000000;50.770691;33.965332;2334.179443;0.519116;0.000000;0.000000;0.000000;0.000000;2.000000;-14.063538;375.470276;2387.776855;0.937390;0.000000;0.000000;0.000000;0.000000;2.000000;-28.076782;399.812622;2542.039551;1.146015;0.000000;0.000000;0.000000;0.000000;2.000000;-17.799683;-711.598816;1975.103149;0.489672;0.000000;0.000000;0.000000;0.000000;2.000000;35.431458;-793.136902;2084.128906;0.983170;0.000000;0.000000;0.000000;0.000000;2.000000;8.646240;-817.172363;2048.107910;0.898974;0.000000;0.000000;0.000000;0.000000;2.000000;-75.512756;-787.466614;1975.068237;0.635023;0.000000;0.000000;0.000000;0.000000;2.000000;53.254944;-802.055664;2041.491089;0.835038;0.000000;0.000000;0.000000;0.000000;2.000000;64.286346;-744.603027;1937.645264;0.436899;0.000000;0.000000;0.000000;0.000000;1.000000;14819733504.000000
0.000000;-150.000000;2000.000000;0.000001;0.000000;0.000000;0.000000;0.000000;2.000000;-7.934387;-312.005920;2000.866089;0.006136;0.000000;0.000000;0.000000;0.000000;2.000000;-13.955566;-441.538635;2000.557861;0.013995;0.000000;0.000000;0.000000;0.000000;2.000000;-15.010254;-637.205261;1974.574097;0.040703;0.000000;0.000000;0.000000;0.000000;2.000000;-44.696289;-604.071655;1971.969116;0.042075;0.000000;0.000000;0.000000;0.000000;2.000000;-168.977661;-591.906494;1935.939941;0.078767;0.000000;0.000000;0.000000;0.000000;2.000000;-388.613037;-542.991211;2047.704346;0.200020;0.000000;0.000000;0.000000;0.000000;2.000000;-237.655090;-689.339722;2063.846680;0.115818;0.000000;0.000000;0.000000;0.000000;2.000000;-181.437744;-708.034790;1999.390381;0.066395;0.000000;0.000000;0.000000;0.000000;2.000000;-113.449524;-704.043274;1928.588623;0.047428;0.000000;0.000000;0.000000;0.000000;2.000000;-155.445068;-684.468750;1967.887207;0.065646;0.000000;0.000000;0.000000;0.000000;2.000000;15.300232;-605.430725;1983.890625;0.030223;0.000000;0.000000;0.000000;0.000000;2.000000;132.865295;-596.539673;2003.778442;0.027853;0.000000;0.000000;0.000000;0.000000;2.000000;266.739563;-557.299377;2218.423828;0.210357;0.000000;0.000000;0.000000;0.000000;2.000000;101.990417;-692.758850;2228.821777;0.332025;0.000000;0.000000;0.000000;0.000000;2.000000;33.742493;-723.603394;2286.062988;0.638775;0.000000;0.000000;0.000000;0.000000;2.000000;-61.725342;-716.259094;2298.575195;1.408398;0.000000;0.000000;0.000000;0.000000;2.000000;11.155701;-702.257507;2139.313232;0.714814;0.000000;0.000000;0.000000;0.000000;2.000000;-78.817078;-146.275757;1974.573608;0.003612;0.000000;0.000000;0.000000;0.000000;2.000000;-127.410706;165.801941;2155.472656;0.015417;0.000000;0.000000;0.000000;0.000000;1.000000;-107.771240;488.990356;2028.342773;0.072798;0.000000;0.000000;0.000000;0.000000;1.000000;-148.237915;601.290039;2149.840332;0.099617;0.000000;0.000000;0.000000;0.000000;1.000000;71.072784;-153.358276;2022.927979;0.003264;0.000000;0.000000;0.000000;0.000000;2.000000;45.285522;39.202576;2330.252930;0.260623;0.000000;0.000000;0.000000;0.000000;2.000000;-24.977905;382.756958;2354.562988;1.089858;0.000000;0.000000;0.000000;0.000000;2.000000;-46.002930;421.461121;2504.953125;1.420103;0.000000;0.000000;0.000000;0.000000;2.000000;-17.792297;-711.388184;1976.781860;0.051632;0.000000;0.000000;0.000000;0.000000;2.000000;33.681213;-790.664795;2088.179199;0.154346;0.000000;0.000000;0.000000;0.000000;2.000000;7.401917;-815.394836;2052.297852;0.143995;0.000000;0.000000;0.000000;0.000000;2.000000;-75.585693;-787.121643;1977.477417;0.074306;0.000000;0.000000;0.000000;0.000000;2.000000;52.100403;-800.485168;2046.025757;0.150630;0.000000;0.000000;0.000000;0.000000;2.000000;64.731079;-745.249939;1941.242920;0.112375;0.000000;0.000000;0.000000;0.000000;1.000000;14819766272.000000
0.000000;-149.999969;2000.000000;0.000001;0.000000;0.000000;0.000000;0.000000;2.000000;-7.994629;-311.630096;2000.873291;0.011266;0.000000;0.000000;0.000000;0.000000;2.000000;-14.093994;-440.861359;2000.662231;0.020689;0.000000;0.000000;0.000000;0.000000;2.000000;-15.540771;-636.141846;1975.236328;0.040260;0.000000;0.000000;0.000000;0.000000;2.000000;-45.113586;-603.043213;1972.646484;0.038478;0.000000;0.000000;0.000000;0.000000;2.000000;-169.096863;-590.528809;1936.784912;0.047957;0.000000;0.000000;0.000000;0.000000;2.000000;-389.126892;-540.151123;2045.794434;0.102418;0.000000;0.000000;0.000000;0.000000;2.000000;-238.089966;-685.416260;2064.469482;0.118262;0.000000;0.000000;0.000000;0.000000;2.000000;-179.745178;-704.568298;2002.352905;0.143938;0.000000;0.000000;0.000000;0.000000;2.000000;-109.727905;-705.270935;1933.766724;0.192172;0.000000;0.000000;0.000000;0.000000;2.000000;-154.432434;-680.834290;1969.558472;0.122114;0.000000;0.000000;0.000000;0.000000;2.000000;14.779907;-604.465576;1984.356323;0.035253;0.000000;0.000000;0.000000;0.000000;2.000000;132.356140;-596.438293;2002.848145;0.031527;0.000000;0.000000;0.000000;0.000000;2.000000;268.658417;-564.028748;2216.402588;0.215544;0.000000;0.000000;0.000000;0.000000;2.000000;99.439209;-693.335938;2210.479980;0.548277;0.000000;0.000000;0.000000;0.000000;2.000000;26.198730;-728.696777;2257.707031;0.881305;0.000000;0.000000;0.000000;0.000000;2.000000;-69.918945;-724.415649;2262.697266;1.115492;0.000000;0.000000;0.000000;0.000000;2.000000;19.286682;-697.607727;2111.209961;0.876630;0.000000;0.000000;0.000000;0.000000;2.000000;-78.647888;-146.246674;1974.674316;0.005890;0.000000;0.000000;0.000000;0.000000;2.000000;-125.515198;164.810059;2156.107178;0.066035;0.000000;0.000000;0.000000;0.000000;1.000000;-105.670654;486.918457;2028.451538;0.087372;0.000000;0.000000;0.000000;0.000000;1.000000;-144.813599;598.562866;2150.438232;0.130748;0.000000;0.000000;0.000000;0.000000;1.000000;70.920288;-153.384491;2022.837402;0.005306;0.000000;0.000000;0.000000;0.000000;2.000000;53.106903;36.603149;2331.340820;0.246020;0.000000;0.000000;0.000000;0.000000;2.000000;-11.905518;379.159546;2369.015869;0.586441;0.000000;0.000000;0.000000;0.000000;2.000000;-28.570984;411.007019;2521.175537;0.769599;0.000000;0.000000;0.000000;0.000000;2.000000;-18.428284;-710.144043;1977.635376;0.048453;0.000000;0.000000;0.000000;0.000000;2.000000;32.309814;-786.723999;2090.803223;0.145866;0.000000;0.000000;0.000000;0.000000;2.000000;5.436768;-812.010254;2055.928955;0.157988;0.000000;0.000000;0.000000;0.000000;2.000000;-77.362305;-784.643555;1980.969849;0.137198;0.000000;0.000000;0.000000;0.000000;2.000000;50.237030;-798.100952;2048.950439;0.124538;0.000000;0.000000;0.000000;0.000000;2.000000;63.080475;-746.395813;1942.712891;0.073676;0.000000;0.000000;0.000000;0.000000;1.000000;14819800064.000000
0.000000;-150.000031;2000.000000;0.000002;0.000000;0.000000;0.000000;0.000000;2.000000;-7.939941;-311.122742;2000.931396;0.015199;0.000000;0.000000;0.000000;0.000000;2.000000;-13.992065;-439.948761;2000.751465;0.027302;0.000000;0.000000;0.000000;0.000000;2.000000;-15.594849;-634.711060;1976.166016;0.050520;0.000000;0.000000;0.000000;0.000000;2.000000;-45.072510;-601.716248;1973.564697;0.047769;0.000000;0.000000;0.000000;0.000000;2.000000;-168.750610;-588.994019;1938.199097;0.062604;0.000000;0.000000;0.000000;0.000000;2.000000;-388.807983;-543.306641;2047.409424;0.105324;0.000000;0.000000;0.000000;0.000000;2.000000;-235.756775;-685.616516;2064.959473;0.070800;0.000000;0.000000;0.000000;0.000000;2.000000;-174.904785;-700.147217;2004.400879;0.203244;0.000000;0.000000;0.000000;0.000000;2.000000;-102.675232;-706.399780;1938.899780;0.260287;0.000000;0.000000;0.000000;0.000000;2.000000;-152.686584;-674.932434;1969.239746;0.182378;0.000000;0.000000;0.000000;0.000000;2.000000;14.674622;-603.110413;1985.023682;0.044811;0.000000;0.000000;0.000000;0.000000;2.000000;132.074860;-594.476074;2001.869385;0.065422;0.000000;0.000000;0.000000;0.000000;2.000000;260.681061;-562.929932;2219.331055;0.253570;0.000000;0.000000;0.000000;0.000000;2.000000;97.283630;-690.234131;2172.423584;1.131729;0.000000;0.000000;0.000000;0.000000;2.000000;17.639343;-719.925964;2211.978027;1.401003;0.000000;0.000000;0.000000;0.000000;2.000000;-76.625427;-721.973267;2230.239746;0.983458;0.000000;0.000000;0.000000;0.000000;2.000000;30.944458;-689.911926;2063.342773;1.475609;0.000000;0.000000;0.000000;0.000000;2.000000;-78.437378;-146.279968;1974.865479;0.008472;0.000000;0.000000;0.000000;0.000000;2.000000;-128.173401;162.843506;2156.555664;0.098747;0.000000;0.000000;0.000000;0.000000;1.000000;-108.907837;482.171692;2024.854370;0.200601;0.000000;0.000000;0.000000;0.000000;1.000000;-149.261597;594.082153;2145.451172;0.238093;0.000000;0.000000;0.000000;0.000000;1.000000;70.730469;-153.354553;2022.664795;0.007644;0.000000;0.000000;0.000000;0.000000;2.000000;51.239899;37.514832;2329.176270;0.088789;0.000000;0.000000;0.000000;0.000000;2.000000;-18.377014;378.950745;2357.341064;0.395067;0.000000;0.000000;0.000000;0.000000;2.000000;-42.943542;415.376038;2506.875977;0.613747;0.000000;0.000000;0.000000;0.000000;2.000000;-18.489929;-708.469604;1978.854004;0.061312;0.000000;0.000000;0.000000;0.000000;2.000000;28.582458;-781.442383;2095.350830;0.233894;0.000000;0.000000;0.000000;0.000000;2.000000;0.966858;-807.159302;2061.622559;0.257863;0.000000;0.000000;0.000000;0.000000;2.000000;-80.126709;-780.148865;1985.237305;0.200829;0.000000;0.000000;0.000000;0.000000;2.000000;46.165192;-795.385925;2054.301270;0.214589;0.000000;0.000000;0.000000;0.000000;2.000000;61.421112;-749.323364;1946.219849;0.143831;0.000000;0.000000;0.000000;0.000000;1.000000;14819833856.000000
0.000000;-150.000000;2000.000000;0.000001;0.000000;0.000000;0.000000;0.000000;2.000000;-7.898254;-310.607178;2000.794800;0.016326;0.000000;0.000000;0.000000;0.000000;2.000000;-13.724121;-439.026215;1999.881592;0.039550;0.000000;0.000000;0.000000;0.000000;2.000000;-13.880066;-633.021606;1974.226807;0.094335;0.000000;0.000000;0.000000;0.000000;2.000000;-43.488159;-600.326416;1971.746948;0.084935;0.000000;0.000000;0.000000;0.000000;2.000000;-166.281799;-583.587891;1936.486084;0.188755;0.000000;0.000000;0.000000;0.000000;2.000000;-387.766907;-544.815674;2043.632568;0.128122;0.000000;0.000000;0.000000;0.000000;2.000000;-232.695435;-684.227661;2058.466797;0.223124;0.000000;0.000000;0.000000;0.000000;2.000000;-168.611206;-688.625488;2000.099609;0.421607;0.000000;0.000000;0.000000;0.000000;2.000000;-98.206421;-719.592773;1940.353394;0.427397;0.000000;0.000000;0.000000;0.000000;2.000000;-151.935608;-671.908020;1962.057983;0.238913;0.000000;0.000000;0.000000;0.000000;2.000000;16.044312;-601.362732;1983.324707;0.085324;0.000000;0.000000;0.000000;0.000000;2.000000;133.159821;-589.346375;1997.112671;0.216045;0.000000;0.000000;0.000000;0.000000;2.000000;254.974304;-562.018982;2218.072754;0.180493;0.000000;0.000000;0.000000;0.000000;2.000000;114.084198;-669.257751;2102.028809;2.299514;0.000000;0.000000;0.000000;0.000000;2.000000;52.471924;-726.674927;2142.528809;2.379990;0.000000;0.000000;0.000000;0.000000;2.000000;-31.201111;-695.213318;2108.273926;4.054950;0.000000;0.000000;0.000000;0.000000;2.000000;39.855011;-679.716003;1998.987427;2.006973;0.000000;0.000000;0.000000;0.000000;2.000000;-78.283813;-146.272644;1975.257446;0.012849;0.000000;0.000000;0.000000;0.000000;2.000000;-134.759338;162.805298;2152.694336;0.232987;0.000000;0.000000;0.000000;0.000000;1.000000;-111.617615;477.532593;2013.657959;0.378988;0.000000;0.000000;0.000000;0.000000;1.000000;-152.834961;585.329956;2136.917725;0.388653;0.000000;0.000000;0.000000;0.000000;1.000000;70.591980;-153.361084;2022.311279;0.011588;0.000000;0.000000;0.000000;0.000000;2.000000;52.358429;46.034546;2322.030029;0.341068;0.000000;0.000000;0.000000;0.000000;2.000000;-16.436096;386.924133;2344.316650;0.469790;0.000000;0.000000;0.000000;0.000000;2.000000;-33.580383;422.586060;2494.548828;0.521138;0.000000;0.000000;0.000000;0.000000;2.000000;-16.252319;-706.576660;1976.464844;0.115396;0.000000;0.000000;0.000000;0.000000;2.000000;30.999756;-773.413879;2095.951660;0.256531;0.000000;0.000000;0.000000;0.000000;2.000000;3.751038;-800.816895;2063.520996;0.219179;0.000000;0.000000;0.000000;0.000000;2.000000;-77.131226;-778.144287;1986.059814;0.112823;0.000000;0.000000;0.000000;0.000000;2.000000;48.724579;-789.071777;2055.761230;0.212641;0.000000;0.000000;0.000000;0.000000;2.000000;63.795319;-748.132324;1946.020630;0.081289;0.000000;0.000000;0.000000;0.000000;1.000000;14819866624.000000
