posX0;posY0;posZ0;posVel0;rotX0;rotY0;rotZ0;rotVel0;confidence0;posX1;posY1;posZ1;posVel1;rotX1;rotY1;rotZ1;rotVel1;confidence1;posX2;posY2;posZ2;posVel2;rotX2;rotY2;rotZ2;rotVel2;confidence2;posX3;posY3;posZ3;posVel3;rotX3;rotY3;rotZ3;rotVel3;confidence3;posX4;posY4;posZ4;posVel4;rotX4;rotY4;rotZ4;rotVel4;confidence4;posX5;posY5;posZ5;posVel5;rotX5;rotY5;rotZ5;rotVel5;confidence5;posX6;posY6;posZ6;posVel6;rotX6;rotY6;rotZ6;rotVel6;confidence6;posX7;posY7;posZ7;posVel7;rotX7;rotY7;rotZ7;rotVel7;confidence7;posX8;posY8;posZ8;posVel8;rotX8;rotY8;rotZ8;rotVel8;confidence8;posX9;posY9;posZ9;posVel9;rotX9;rotY9;rotZ9;rotVel9;confidence9;posX10;posY10;posZ10;posVel10;rotX10;rotY10;rotZ10;rotVel10;confidence10;posX11;posY11;posZ11;posVel11;rotX11;rotY11;rotZ11;rotVel11;confidence11;posX12;posY12;posZ12;posVel12;rotX12;rotY12;rotZ12;rotVel12;confidence12;posX13;posY13;posZ13;posVel13;rotX13;rotY13;rotZ13;rotVel13;confidence13;posX14;posY14;posZ14;posVel14;rotX14;rotY14;rotZ14;rotVel14;confidence14;posX15;posY15;posZ15;posVel15;rotX15;rotY15;rotZ15;rotVel15;confidence15;posX16;posY16;posZ16;posVel16;rotX16;rotY16;rotZ16;rotVel16;confidence16;posX17;posY17;posZ17;posVel17;rotX17;rotY17;rotZ17;rotVel17;confidence17;posX18;posY18;posZ18;posVel18;rotX18;rotY18;rotZ18;rotVel18;confidence18;posX19;posY19;posZ19;posVel19;rotX19;rotY19;rotZ19;rotVel19;confidence19;posX20;posY20;posZ20;posVel20;rotX20;rotY20;rotZ20;rotVel20;confidence20;posX21;posY21;posZ21;posVel21;rotX21;rotY21;rotZ21;rotVel21;confidence21;posX22;posY22;posZ22;posVel22;rotX22;rotY22;rotZ22;rotVel22;confidence22;posX23;posY23;posZ23;posVel23;rotX23;rotY23;rotZ23;rotVel23;confidence23;posX24;posY24;posZ24;posVel24;rotX24;rotY24;rotZ24;rotVel24;confidence24;posX25;posY25;posZ25;posVel25;rotX25;rotY25;rotZ25;rotVel25;confidence25;posX26;posY26;posZ26;posVel26;rotX26;rotY26;rotZ26;rotVel26;confidence26;posX27;posY27;posZ27;posVel27;rotX27;rotY27;rotZ27;rotVel27;confidence27;posX28;posY28;posZ28;posVel28;rotX28;rotY28;rotZ28;rotVel28;confidence28;posX29;posY29;posZ29;posVel29;rotX29;rotY29;rotZ29;rotVel29;confidence29;posX30;posY30;posZ30;posVel30;rotX30;rotY30;rotZ30;rotVel30;confidence30;posX31;posY31;posZ31;posVel31;rotX31;rotY31;rotZ31;rotVel31;confidence31;TimeStamp
0.000000;-150.000000;2000.000000;0.000000;0.000000;0.000000;0.000000;0.000000;2.000000;-13.725992;-312.701843;2107.234863;0.000000;0.000000;0.000000;0.000000;0.000000;2.000000;-25.634205;-439.616516;2197.454102;0.000000;0.000000;0.000000;0.000000;0.000000;2.000000;-31.984585;-674.602173;2162.075195;0.000000;0.000000;0.000000;0.000000;0.000000;2.000000;5.896088;-637.401855;2169.918945;0.000000;0.000000;0.000000;0.000000;0.000000;2.000000;161.725006;-631.580322;2156.367188;0.000000;0.000000;0.000000;0.000000;0.000000;2.000000;181.984695;-426.511475;1934.802002;0.000000;0.000000;0.000000;0.000000;0.000000;2.000000;19.376129;-621.441895;1942.244995;0.000000;0.000000;0.000000;0.000000;0.000000;2.000000;14.400379;-723.438232;1968.487427;0.000000;0.000000;0.000000;0.000000;0.000000;2.000000;19.267582;-841.646667;1967.374023;0.000000;0.000000;0.000000;0.000000;0.000000;2.000000;-38.306839;-740.860046;2000.648926;0.000000;0.000000;0.000000;0.000000;0.000000;2.000000;-67.712578;-634.492310;2168.197754;0.000000;0.000000;0.000000;0.000000;0.000000;2.000000;-205.310379;-602.263977;2140.569336;0.000000;0.000000;0.000000;0.000000;0.000000;2.000000;-298.554779;-308.728027;2154.495850;0.000000;0.000000;0.000000;0.000000;0.000000;2.000000;-197.863770;-209.232254;1939.786987;0.000000;0.000000;0.000000;0.000000;0.000000;2.000000;-157.693741;-195.187271;1834.539795;0.000000;0.000000;0.000000;0.000000;0.000000;2.000000;-121.469788;-154.239883;1731.896851;0.000000;0.000000;0.000000;0.000000;0.000000;2.000000;-99.574051;-194.874329;1836.335205;0.000000;0.000000;0.000000;0.000000;0.000000;2.000000;98.149719;-146.454056;2017.943115;0.000000;0.000000;0.000000;0.000000;0.000000;2.000000;335.165283;-156.370697;1649.334473;0.000000;0.000000;0.000000;0.000000;0.000000;2.000000;342.587982;262.032562;1629.831543;0.000000;0.000000;0.000000;0.000000;0.000000;2.000000;401.746582;417.527618;1509.838013;0.000000;0.000000;0.000000;0.000000;0.000000;2.000000;-88.505913;-153.197540;1983.819824;0.000000;0.000000;0.000000;0.000000;0.000000;2.000000;-201.076035;-143.805252;1560.767334;0.000000;0.000000;0.000000;0.000000;0.000000;2.000000;-177.271027;278.818756;1566.312744;0.000000;0.000000;0.000000;0.000000;0.000000;2.000000;-163.759445;455.879730;1502.400879;0.000000;0.000000;0.000000;0.000000;0.000000;2.000000;-33.915871;-759.643799;2134.430420;0.000000;0.000000;0.000000;0.000000;0.000000;2.000000;0.133820;-770.590942;1962.157959;0.000000;0.000000;0.000000;0.000000;0.000000;2.000000;18.531891;-817.310425;1997.298340;0.000000;0.000000;0.000000;0.000000;0.000000;2.000000;54.871296;-832.203735;2130.435303;0.000000;0.000000;0.000000;0.000000;0.000000;2.000000;-36.138424;-809.093262;1982.433716;0.000000;0.000000;0.000000;0.000000;0.000000;2.000000;-123.169678;-822.160278;2095.729248;0.000000;0.000000;0.000000;0.000000;0.000000;2.000000;9859832832.000000
0.000000;-149.999985;2000.000000;0.000000;0.000000;0.000000;0.000000;0.000000;2.000000;-13.543890;-312.094025;2108.513916;0.042252;0.000000;0.000000;0.000000;0.000000;2.000000;-24.881014;-440.037018;2197.607910;0.025930;0.000000;0.000000;0.000000;0.000000;2.000000;-31.403431;-675.365845;2163.010742;0.039661;0.000000;0.000000;0.000000;0.000000;2.000000;6.524677;-638.164124;2170.971680;0.042725;0.000000;0.000000;0.000000;0.000000;2.000000;162.696564;-631.028076;2160.635986;0.130583;0.000000;0.000000;0.000000;0.000000;2.000000;181.205170;-428.463257;1936.234131;0.075262;0.000000;0.000000;0.000000;0.000000;2.000000;21.060753;-625.808350;1941.504761;0.140221;0.000000;0.000000;0.000000;0.000000;2.000000;14.455048;-727.498413;1968.956665;0.120963;0.000000;0.000000;0.000000;0.000000;2.000000;11.511276;-845.884277;1967.823120;0.261891;0.000000;0.000000;0.000000;0.000000;2.000000;-37.812332;-741.569092;1996.402466;0.128242;0.000000;0.000000;0.000000;0.000000;2.000000;-67.137238;-635.136230;2168.761963;0.030525;0.000000;0.000000;0.000000;0.000000;2.000000;-204.377655;-602.243958;2139.465332;0.042774;0.000000;0.000000;0.000000;0.000000;2.000000;-299.593170;-309.152435;2155.785645;0.050585;0.000000;0.000000;0.000000;0.000000;2.000000;-200.374237;-210.048706;1939.916382;0.078216;0.000000;0.000000;0.000000;0.000000;2.000000;-158.064850;-199.664246;1834.965088;0.133535;0.000000;0.000000;0.000000;0.000000;2.000000;-122.480804;-155.420837;1733.344116;0.062855;0.000000;0.000000;0.000000;0.000000;2.000000;-99.463806;-195.699234;1838.852295;0.078454;0.000000;0.000000;0.000000;0.000000;2.000000;98.132851;-145.857437;2018.436279;0.022912;0.000000;0.000000;0.000000;0.000000;2.000000;335.334747;-159.798218;1649.575439;0.101804;0.000000;0.000000;0.000000;0.000000;2.000000;342.644745;259.059631;1631.143799;0.096181;0.000000;0.000000;0.000000;0.000000;2.000000;402.838043;416.496460;1513.890381;0.127888;0.000000;0.000000;0.000000;0.000000;2.000000;-88.490707;-153.735504;1983.375366;0.020655;0.000000;0.000000;0.000000;0.000000;2.000000;-200.870972;-144.647507;1559.829346;0.037796;0.000000;0.000000;0.000000;0.000000;2.000000;-177.331635;278.407715;1564.732056;0.048366;0.000000;0.000000;0.000000;0.000000;2.000000;-163.890228;456.518372;1503.230469;0.031223;0.000000;0.000000;0.000000;0.000000;2.000000;-33.300735;-760.586548;2135.637695;0.048848;0.000000;0.000000;0.000000;0.000000;2.000000;-3.793282;-771.208008;1962.336670;0.117759;0.000000;0.000000;0.000000;0.000000;2.000000;15.138027;-818.248291;1996.863647;0.104989;0.000000;0.000000;0.000000;0.000000;2.000000;54.830109;-833.931702;2129.088867;0.064838;0.000000;0.000000;0.000000;0.000000;2.000000;-39.881905;-809.519165;1983.437866;0.115387;0.000000;0.000000;0.000000;0.000000;2.000000;-124.133232;-822.285889;2099.020996;0.101568;0.000000;0.000000;0.000000;0.000000;2.000000;9859866624.000000
0.000000;-150.000015;2000.000000;0.000001;0.000000;0.000000;0.000000;0.000000;2.000000;-13.945633;-312.099945;2108.108154;0.016898;0.000000;0.000000;0.000000;0.000000;2.000000;-25.634821;-439.978241;2196.980469;0.029076;0.000000;0.000000;0.000000;0.000000;2.000000;-31.757664;-675.100708;2162.511230;0.019747;0.000000;0.000000;0.000000;0.000000;2.000000;6.062183;-637.887573;2170.578125;0.019747;0.000000;0.000000;0.000000;0.000000;2.000000;162.040054;-631.205566;2159.372070;0.042474;0.000000;0.000000;0.000000;0.000000;2.000000;181.746780;-430.512512;1933.794067;0.095648;0.000000;0.000000;0.000000;0.000000;2.000000;19.933712;-626.047485;1942.461182;0.044312;0.000000;0.000000;0.000000;0.000000;2.000000;14.735512;-727.641785;1970.171265;0.037132;0.000000;0.000000;0.000000;0.000000;2.000000;10.494030;-845.872070;1969.041016;0.046960;0.000000;0.000000;0.000000;0.000000;2.000000;-37.084328;-741.473328;1993.669556;0.083743;0.000000;0.000000;0.000000;0.000000;2.000000;-67.522842;-634.949158;2168.112305;0.023032;0.000000;0.000000;0.000000;0.000000;2.000000;-204.113434;-601.729614;2136.905273;0.077668;0.000000;0.000000;0.000000;0.000000;2.000000;-300.095459;-309.203064;2153.154785;0.079275;0.000000;0.000000;0.000000;0.000000;2.000000;-200.567886;-210.508499;1937.541016;0.071827;0.000000;0.000000;0.000000;0.000000;2.000000;-159.109711;-201.162766;1832.273438;0.096267;0.000000;0.000000;0.000000;0.000000;2.000000;-122.961014;-155.818863;1731.470825;0.058428;0.000000;0.000000;0.000000;0.000000;2.000000;-100.280289;-197.214355;1834.994141;0.125019;0.000000;0.000000;0.000000;0.000000;2.000000;97.969772;-145.903687;2018.780029;0.011342;0.000000;0.000000;0.000000;0.000000;2.000000;335.613281;-159.256378;1650.693726;0.037686;0.000000;0.000000;0.000000;0.000000;2.000000;342.256439;259.091492;1629.924927;0.037868;0.000000;0.000000;0.000000;0.000000;2.000000;400.803345;416.500488;1512.153809;0.079161;0.000000;0.000000;0.000000;0.000000;2.000000;-88.343643;-153.693863;1983.065308;0.010230;0.000000;0.000000;0.000000;0.000000;2.000000;-200.932953;-143.038254;1560.055908;0.048127;0.000000;0.000000;0.000000;0.000000;2.000000;-178.025604;279.597717;1567.547852;0.092765;0.000000;0.000000;0.000000;0.000000;2.000000;-163.984680;456.424133;1503.112549;0.005269;0.000000;0.000000;0.000000;0.000000;2.000000;-33.459007;-760.253357;2135.200439;0.016929;0.000000;0.000000;0.000000;0.000000;2.000000;-6.071167;-769.852173;1961.667480;0.080907;0.000000;0.000000;0.000000;0.000000;2.000000;12.302959;-817.513428;1995.530640;0.095225;0.000000;0.000000;0.000000;0.000000;2.000000;53.076767;-835.143311;2127.036621;0.087556;0.000000;0.000000;0.000000;0.000000;2.000000;-42.626526;-807.615845;1982.802612;0.100612;0.000000;0.000000;0.000000;0.000000;2.000000;-125.768295;-819.800293;2099.075195;0.088058;0.000000;0.000000;0.000000;0.000000;2.000000;9859900416.000000
0.000000;-150.000015;2000.000000;0.000000;0.000000;0.000000;0.000000;0.000000;2.000000;-13.815332;-311.714233;2109.422363;0.041987;0.000000;0.000000;0.000000;0.000000;2.000000;-25.246910;-439.763336;2198.647217;0.052635;0.000000;0.000000;0.000000;0.000000;2.000000;-31.825550;-675.241638;2163.321289;0.025178;0.000000;0.000000;0.000000;0.000000;2.000000;6.162189;-638.006348;2171.231689;0.020500;0.000000;0.000000;0.000000;0.000000;2.000000;162.299332;-633.206543;2157.143066;0.091754;0.000000;0.000000;0.000000;0.000000;2.000000;184.688171;-427.625214;1935.413208;0.135141;0.000000;0.000000;0.000000;0.000000;2.000000;27.981754;-628.128296;1935.202393;0.336789;0.000000;0.000000;0.000000;0.000000;2.000000;15.351196;-727.618225;1968.433960;0.056254;0.000000;0.000000;0.000000;0.000000;2.000000;10.937092;-845.896545;1975.226196;0.189242;0.000000;0.000000;0.000000;0.000000;2.000000;-36.433701;-742.798828;1991.147583;0.089186;0.000000;0.000000;0.000000;0.000000;2.000000;-67.589806;-635.003418;2169.365234;0.038327;0.000000;0.000000;0.000000;0.000000;2.000000;-204.472351;-601.867798;2137.979004;0.034806;0.000000;0.000000;0.000000;0.000000;2.000000;-298.837158;-308.171875;2154.661133;0.067662;0.000000;0.000000;0.000000;0.000000;2.000000;-197.778717;-211.193329;1938.349731;0.091055;0.000000;0.000000;0.000000;0.000000;2.000000;-156.770859;-198.814072;1832.966309;0.103340;0.000000;0.000000;0.000000;0.000000;2.000000;-123.075043;-155.913269;1729.991455;0.045372;0.000000;0.000000;0.000000;0.000000;2.000000;-99.588516;-195.454819;1835.960693;0.064800;0.000000;0.000000;0.000000;0.000000;2.000000;98.182892;-145.720901;2018.720337;0.008760;0.000000;0.000000;0.000000;0.000000;2.000000;335.613708;-153.656250;1649.266602;0.176364;0.000000;0.000000;0.000000;0.000000;2.000000;343.216370;265.603455;1629.835449;0.200895;0.000000;0.000000;0.000000;0.000000;2.000000;401.473267;418.228394;1505.093140;0.222773;0.000000;0.000000;0.000000;0.000000;2.000000;-88.535828;-153.858688;1983.119019;0.007899;0.000000;0.000000;0.000000;0.000000;2.000000;-200.959305;-143.686066;1559.120361;0.034736;0.000000;0.000000;0.000000;0.000000;2.000000;-177.753967;279.738037;1569.818604;0.069923;0.000000;0.000000;0.000000;0.000000;2.000000;-163.716400;455.489868;1501.424561;0.059444;0.000000;0.000000;0.000000;0.000000;2.000000;-33.810486;-760.470703;2135.666504;0.019009;0.000000;0.000000;0.000000;0.000000;2.000000;-5.125568;-772.037659;1962.095215;0.073834;0.000000;0.000000;0.000000;0.000000;2.000000;12.652416;-819.598022;1996.640137;0.072851;0.000000;0.000000;0.000000;0.000000;2.000000;52.370007;-836.266113;2128.894531;0.069671;0.000000;0.000000;0.000000;0.000000;2.000000;-42.212246;-809.379395;1983.367188;0.057907;0.000000;0.000000;0.000000;0.000000;2.000000;-126.499420;-819.776123;2099.353516;0.023886;0.000000;0.000000;0.000000;0.000000;2.000000;9859933184.000000
0.000000;-150.000015;2000.000000;0.000000;0.000000;0.000000;0.000000;0.000000;2.000000;-13.966433;-312.357697;2109.574219;0.020069;0.000000;0.000000;0.000000;0.000000;2.000000;-25.310844;-441.560150;2198.025391;0.056299;0.000000;0.000000;0.000000;0.000000;2.000000;-32.326576;-677.766479;2162.488770;0.080059;0.000000;0.000000;0.000000;0.000000;2.000000;5.863976;-640.444092;2170.182617;0.079030;0.000000;0.000000;0.000000;0.000000;2.000000;162.042923;-637.234375;2151.311523;0.209871;0.000000;0.000000;0.000000;0.000000;2.000000;187.826233;-423.078430;1936.854736;0.168961;0.000000;0.000000;0.000000;0.000000;2.000000;34.515629;-627.198120;1934.575439;0.196184;0.000000;0.000000;0.000000;0.000000;2.000000;23.254932;-727.044250;1968.305908;0.234540;0.000000;0.000000;0.000000;0.000000;2.000000;15.011925;-845.540527;1974.330200;0.123915;0.000000;0.000000;0.000000;0.000000;2.000000;-30.970295;-738.536316;1984.821655;0.277661;0.000000;0.000000;0.000000;0.000000;2.000000;-68.133415;-637.377380;2168.825684;0.073818;0.000000;0.000000;0.000000;0.000000;2.000000;-205.402786;-604.244995;2136.999023;0.080920;0.000000;0.000000;0.000000;0.000000;2.000000;-299.366821;-309.414124;2154.277832;0.041542;0.000000;0.000000;0.000000;0.000000;2.000000;-197.569443;-210.787476;1938.072632;0.015806;0.000000;0.000000;0.000000;0.000000;2.000000;-155.351822;-200.846786;1832.514648;0.074569;0.000000;0.000000;0.000000;0.000000;2.000000;-122.219635;-156.233994;1729.661133;0.028748;0.000000;0.000000;0.000000;0.000000;2.000000;-100.271164;-196.789841;1835.105957;0.051075;0.000000;0.000000;0.000000;0.000000;2.000000;98.645432;-146.262695;2018.111206;0.027737;0.000000;0.000000;0.000000;0.000000;2.000000;335.946594;-151.771942;1646.857910;0.091034;0.000000;0.000000;0.000000;0.000000;2.000000;343.815460;268.910095;1629.247681;0.100956;0.000000;0.000000;0.000000;0.000000;2.000000;400.313843;423.570313;1505.117676;0.161765;0.000000;0.000000;0.000000;0.000000;2.000000;-88.952927;-153.370117;1983.668457;0.025015;0.000000;0.000000;0.000000;0.000000;2.000000;-201.303650;-145.865402;1558.140137;0.071446;0.000000;0.000000;0.000000;0.000000;2.000000;-178.131546;278.918945;1568.978882;0.036468;0.000000;0.000000;0.000000;0.000000;2.000000;-163.820206;454.798340;1499.302979;0.066106;0.000000;0.000000;0.000000;0.000000;2.000000;-34.571968;-763.250122;2134.707520;0.089880;0.000000;0.000000;0.000000;0.000000;2.000000;-10.054405;-769.815918;1959.667969;0.175376;0.000000;0.000000;0.000000;0.000000;2.000000;10.323338;-817.664063;1992.696899;0.147115;0.000000;0.000000;0.000000;0.000000;2.000000;54.232975;-836.043274;2123.864502;0.158871;0.000000;0.000000;0.000000;0.000000;2.000000;-45.371262;-809.037659;1981.054565;0.116298;0.000000;0.000000;0.000000;0.000000;2.000000;-126.396469;-825.101624;2099.269531;0.157646;0.000000;0.000000;0.000000;0.000000;2.000000;9859966976.000000
0.000000;-150.000015;2000.000000;0.000000;0.000000;0.000000;0.000000;0.000000;2.000000;-14.142199;-311.858551;2110.181641;0.024585;0.000000;0.000000;0.000000;0.000000;2.000000;-25.780046;-440.103821;2199.894531;0.073716;0.000000;0.000000;0.000000;0.000000;2.000000;-32.298958;-676.129395;2163.557617;0.059671;0.000000;0.000000;0.000000;0.000000;2.000000;5.808025;-638.747314;2171.262207;0.061398;0.000000;0.000000;0.000000;0.000000;2.000000;161.286316;-632.886475;2148.122803;0.166159;0.000000;0.000000;0.000000;0.000000;2.000000;183.927246;-416.000183;1936.200928;0.247421;0.000000;0.000000;0.000000;0.000000;2.000000;32.352989;-621.321472;1937.964355;0.217290;0.000000;0.000000;0.000000;0.000000;2.000000;22.410156;-720.705994;1973.331543;0.248197;0.000000;0.000000;0.000000;0.000000;2.000000;15.118523;-839.121582;1981.182007;0.286543;0.000000;0.000000;0.000000;0.000000;2.000000;-28.937878;-735.543213;1980.915771;0.162477;0.000000;0.000000;0.000000;0.000000;2.000000;-68.178429;-635.867310;2170.145996;0.061230;0.000000;0.000000;0.000000;0.000000;2.000000;-205.115173;-603.612366;2136.251953;0.031138;0.000000;0.000000;0.000000;0.000000;2.000000;-300.112976;-309.277252;2154.612305;0.025301;0.000000;0.000000;0.000000;0.000000;2.000000;-196.782257;-211.493607;1938.845459;0.039972;0.000000;0.000000;0.000000;0.000000;2.000000;-155.002563;-200.359085;1833.269775;0.029431;0.000000;0.000000;0.000000;0.000000;2.000000;-123.123940;-157.664520;1729.252686;0.053130;0.000000;0.000000;0.000000;0.000000;2.000000;-100.339996;-196.778763;1836.374878;0.038783;0.000000;0.000000;0.000000;0.000000;2.000000;98.700829;-146.576309;2017.698120;0.015918;0.000000;0.000000;0.000000;0.000000;2.000000;336.001434;-149.314667;1646.572144;0.075514;0.000000;0.000000;0.000000;0.000000;2.000000;344.754608;271.249817;1629.635742;0.077846;0.000000;0.000000;0.000000;0.000000;2.000000;399.368866;424.566406;1503.122192;0.073920;0.000000;0.000000;0.000000;0.000000;2.000000;-89.002876;-153.087311;1984.040894;0.014352;0.000000;0.000000;0.000000;0.000000;2.000000;-201.714691;-144.955185;1558.757568;0.035833;0.000000;0.000000;0.000000;0.000000;2.000000;-178.357574;279.751038;1566.854614;0.069964;0.000000;0.000000;0.000000;0.000000;2.000000;-163.818054;456.672607;1500.081543;0.061937;0.000000;0.000000;0.000000;0.000000;2.000000;-34.411129;-761.494385;2135.490723;0.058875;0.000000;0.000000;0.000000;0.000000;2.000000;-11.002205;-773.010864;1960.609131;0.105680;0.000000;0.000000;0.000000;0.000000;2.000000;9.586254;-819.889893;1994.840454;0.096950;0.000000;0.000000;0.000000;0.000000;2.000000;54.311104;-834.541748;2126.156738;0.083660;0.000000;0.000000;0.000000;0.000000;2.000000;-46.165348;-811.600098;1983.313232;0.107022;0.000000;0.000000;0.000000;0.000000;2.000000;-126.416992;-824.307190;2102.407715;0.098793;0.000000;0.000000;0.000000;0.000000;2.000000;9859999744.000000
0.000000;-149.999985;2000.000000;0.000001;0.000000;0.000000;0.000000;0.000000;2.000000;-14.280891;-311.170776;2110.878418;0.029262;0.000000;0.000000;0.000000;0.000000;2.000000;-25.701481;-440.005981;2199.539063;0.011155;0.000000;0.000000;0.000000;0.000000;2.000000;-32.991108;-676.025452;2164.646484;0.038305;0.000000;0.000000;0.000000;0.000000;2.000000;5.233448;-638.667847;2171.528320;0.018885;0.000000;0.000000;0.000000;0.000000;2.000000;159.454239;-631.066528;2142.198730;0.191242;0.000000;0.000000;0.000000;0.000000;2.000000;179.687775;-404.278900;1941.034424;0.395620;0.000000;0.000000;0.000000;0.000000;2.000000;32.368999;-612.392029;1944.539307;0.328154;0.000000;0.000000;0.000000;0.000000;2.000000;21.793667;-711.501770;1980.228149;0.340846;0.000000;0.000000;0.000000;0.000000;2.000000;15.020096;-829.807251;1988.679688;0.353856;0.000000;0.000000;0.000000;0.000000;2.000000;-28.800644;-727.329834;1986.107300;0.287569;0.000000;0.000000;0.000000;0.000000;2.000000;-68.697327;-635.728271;2171.578613;0.045278;0.000000;0.000000;0.000000;0.000000;2.000000;-205.558319;-603.741943;2137.638184;0.043238;0.000000;0.000000;0.000000;0.000000;2.000000;-300.105957;-309.447693;2154.567139;0.005222;0.000000;0.000000;0.000000;0.000000;2.000000;-196.323776;-213.619415;1938.398071;0.065703;0.000000;0.000000;0.000000;0.000000;2.000000;-155.010208;-201.710464;1832.826172;0.042091;0.000000;0.000000;0.000000;0.000000;2.000000;-122.697693;-157.466354;1729.703857;0.019281;0.000000;0.000000;0.000000;0.000000;2.000000;-100.568161;-196.910294;1834.713623;0.049775;0.000000;0.000000;0.000000;0.000000;2.000000;98.651169;-146.687164;2017.521484;0.006344;0.000000;0.000000;0.000000;0.000000;2.000000;334.633362;-149.670975;1645.992432;0.045216;0.000000;0.000000;0.000000;0.000000;2.000000;346.067810;270.346008;1626.050781;0.116105;0.000000;0.000000;0.000000;0.000000;2.000000;399.004150;427.498230;1503.885010;0.090297;0.000000;0.000000;0.000000;0.000000;2.000000;-88.958099;-152.987289;1984.200073;0.005719;0.000000;0.000000;0.000000;0.000000;2.000000;-202.087509;-145.004684;1559.404297;0.022139;0.000000;0.000000;0.000000;0.000000;2.000000;-178.815857;279.294373;1570.068359;0.097012;0.000000;0.000000;0.000000;0.000000;2.000000;-164.003265;455.373169;1501.597778;0.059347;0.000000;0.000000;0.000000;0.000000;2.000000;-35.620621;-761.470703;2137.112305;0.059869;0.000000;0.000000;0.000000;0.000000;2.000000;-10.230991;-774.518311;1962.764160;0.081104;0.000000;0.000000;0.000000;0.000000;2.000000;8.385212;-821.823730;1997.443115;0.102325;0.000000;0.000000;0.000000;0.000000;2.000000;50.799694;-837.254761;2129.312256;0.161132;0.000000;0.000000;0.000000;0.000000;2.000000;-46.869080;-811.844360;1985.126343;0.058007;0.000000;0.000000;0.000000;0.000000;2.000000;-129.025833;-821.458008;2103.060547;0.115942;0.000000;0.000000;0.000000;0.000000;2.000000;9860033536.000000
0.000000;-150.000015;2000.000000;0.000001;0.000000;0.000000;0.000000;0.000000;2.000000;-14.787151;-310.894440;2110.128418;0.028874;0.000000;0.000000;0.000000;0.000000;2.000000;-26.296366;-440.592468;2196.627686;0.092433;0.000000;0.000000;0.000000;0.000000;2.000000;-33.770157;-676.443237;2165.987305;0.049011;0.000000;0.000000;0.000000;0.000000;2.000000;4.365311;-639.129150;2172.255371;0.037315;0.000000;0.000000;0.000000;0.000000;2.000000;158.082947;-632.550415;2142.666016;0.063288;0.000000;0.000000;0.000000;0.000000;2.000000;180.272797;-404.526306;1944.560791;0.109348;0.000000;0.000000;0.000000;0.000000;2.000000;31.370697;-610.445068;1951.348267;0.218258;0.000000;0.000000;0.000000;0.000000;2.000000;21.590332;-708.407227;1989.375732;0.294769;0.000000;0.000000;0.000000;0.000000;2.000000;12.882210;-826.005249;2000.343750;0.380034;0.000000;0.000000;0.000000;0.000000;2.000000;-31.009941;-721.269409;1989.218140;0.218552;0.000000;0.000000;0.000000;0.000000;2.000000;-69.331024;-636.117126;2172.126953;0.028193;0.000000;0.000000;0.000000;0.000000;2.000000;-205.514023;-603.119446;2138.350098;0.028892;0.000000;0.000000;0.000000;0.000000;2.000000;-300.202515;-309.926117;2155.918945;0.043860;0.000000;0.000000;0.000000;0.000000;2.000000;-197.059830;-212.432358;1941.155640;0.094334;0.000000;0.000000;0.000000;0.000000;2.000000;-154.962494;-202.036148;1836.119141;0.100994;0.000000;0.000000;0.000000;0.000000;2.000000;-122.960434;-155.462570;1734.347046;0.154539;0.000000;0.000000;0.000000;0.000000;2.000000;-100.889221;-196.659286;1838.333008;0.111153;0.000000;0.000000;0.000000;0.000000;2.000000;98.299698;-146.889786;2017.742798;0.014103;0.000000;0.000000;0.000000;0.000000;2.000000;334.055908;-150.315292;1647.704102;0.058530;0.000000;0.000000;0.000000;0.000000;2.000000;348.103943;268.180298;1625.283813;0.093686;0.000000;0.000000;0.000000;0.000000;2.000000;398.000244;427.178162;1505.330078;0.054579;0.000000;0.000000;0.000000;0.000000;2.000000;-88.641167;-152.804642;1984.000610;0.012715;0.000000;0.000000;0.000000;0.000000;2.000000;-202.310608;-144.677475;1560.774658;0.043531;0.000000;0.000000;0.000000;0.000000;2.000000;-178.953995;278.355530;1568.193604;0.064125;0.000000;0.000000;0.000000;0.000000;2.000000;-164.181061;455.409546;1503.999268;0.073497;0.000000;0.000000;0.000000;0.000000;2.000000;-36.441086;-762.089600;2140.041504;0.094734;0.000000;0.000000;0.000000;0.000000;2.000000;-12.272930;-773.190308;1965.943848;0.122236;0.000000;0.000000;0.000000;0.000000;2.000000;4.392899;-821.669312;1999.639404;0.139135;0.000000;0.000000;0.000000;0.000000;2.000000;46.419868;-841.054932;2130.647949;0.181594;0.000000;0.000000;0.000000;0.000000;2.000000;-50.260105;-809.202515;1987.750977;0.153704;0.000000;0.000000;0.000000;0.000000;2.000000;-132.104889;-817.328064;2105.465088;0.173491;0.000000;0.000000;0.000000;0.000000;2.000000;9860066304.000000
0.000000;-150.000015;2000.000000;0.000000;0.000000;0.000000;0.000000;0.000000;2.000000;-14.775024;-310.864685;2110.126465;0.000953;0.000000;0.000000;0.000000;0.000000;2.000000;-26.275412;-440.536102;2196.628906;0.001780;0.000000;0.000000;0.000000;0.000000;2.000000;-33.731476;-676.351563;2165.961914;0.003039;0.000000;0.000000;0.000000;0.000000;2.000000;4.396156;-639.040771;2172.234863;0.002836;0.000000;0.000000;0.000000;0.000000;2.000000;158.104599;-632.446533;2142.713867;0.003445;0.000000;0.000000;0.000000;0.000000;2.000000;180.586044;-404.216431;1944.941162;0.017226;0.000000;0.000000;0.000000;0.000000;2.000000;31.521317;-609.981812;1951.519409;0.015279;0.000000;0.000000;0.000000;0.000000;2.000000;21.533928;-707.819092;1989.774414;0.021093;0.000000;0.000000;0.000000;0.000000;2.000000;12.656441;-825.360168;2001.040649;0.028886;0.000000;0.000000;0.000000;0.000000;2.000000;-31.121456;-720.575317;1989.577759;0.023368;0.000000;0.000000;0.000000;0.000000;2.000000;-69.290428;-636.034119;2172.104980;0.002811;0.000000;0.000000;0.000000;0.000000;2.000000;-205.457611;-603.053040;2138.331055;0.002639;0.000000;0.000000;0.000000;0.000000;2.000000;-300.182312;-309.917908;2155.943359;0.000969;0.000000;0.000000;0.000000;0.000000;2.000000;-197.067917;-212.361053;1941.236816;0.003206;0.000000;0.000000;0.000000;0.000000;2.000000;-155.003845;-201.913559;1836.208496;0.004653;0.000000;0.000000;0.000000;0.000000;2.000000;-123.021378;-155.309814;1734.462158;0.005941;0.000000;0.000000;0.000000;0.000000;2.000000;-100.941345;-196.571320;1838.411377;0.003812;0.000000;0.000000;0.000000;0.000000;2.000000;98.286789;-146.884537;2017.737427;0.000442;0.000000;0.000000;0.000000;0.000000;2.000000;333.908264;-150.295883;1647.683105;0.004450;0.000000;0.000000;0.000000;0.000000;2.000000;347.865753;268.151306;1625.363281;0.007480;0.000000;0.000000;0.000000;0.000000;2.000000;397.716553;427.299377;1505.637695;0.012892;0.000000;0.000000;0.000000;0.000000;2.000000;-88.629524;-152.809372;1984.005493;0.000399;0.000000;0.000000;0.000000;0.000000;2.000000;-202.299561;-144.729202;1560.839844;0.002484;0.000000;0.000000;0.000000;0.000000;2.000000;-178.992981;278.249329;1568.247559;0.003709;0.000000;0.000000;0.000000;0.000000;2.000000;-164.293793;455.291260;1504.077881;0.005366;0.000000;0.000000;0.000000;0.000000;2.000000;-36.395550;-761.983154;2140.008301;0.003564;0.000000;0.000000;0.000000;0.000000;2.000000;-12.425138;-772.147583;1965.850342;0.031307;0.000000;0.000000;0.000000;0.000000;2.000000;4.260906;-820.806519;1999.260498;0.028158;0.000000;0.000000;0.000000;0.000000;2.000000;46.420189;-840.910278;2130.098389;0.016817;0.000000;0.000000;0.000000;0.000000;2.000000;-50.393997;-808.261230;1987.501343;0.029089;0.000000;0.000000;0.000000;0.000000;2.000000;-132.100861;-816.998291;2105.243652;0.011755;0.000000;0.000000;0.000000;0.000000;2.000000;9860100096.000000
0.000000;-150.000015;2000.000000;0.000000;0.000000;0.000000;0.000000;0.000000;2.000000;-14.775024;-310.864685;2110.126465;0.000000;0.000000;0.000000;0.000000;0.000000;2.000000;-26.275412;-440.536102;2196.628906;0.000000;0.000000;0.000000;0.000000;0.000000;2.000000;-33.731476;-676.351563;2165.961914;0.000000;0.000000;0.000000;0.000000;0.000000;2.000000;4.396156;-639.040771;2172.234863;0.000000;0.000000;0.000000;0.000000;0.000000;2.000000;158.104599;-632.446533;2142.713867;0.000000;0.000000;0.000000;0.000000;0.000000;2.000000;180.586044;-404.216431;1944.941162;0.000000;0.000000;0.000000;0.000000;0.000000;2.000000;31.521317;-609.981812;1951.519409;0.000000;0.000000;0.000000;0.000000;0.000000;2.000000;21.533928;-707.819092;1989.774414;0.000000;0.000000;0.000000;0.000000;0.000000;2.000000;12.656441;-825.360168;2001.040649;0.000000;0.000000;0.000000;0.000000;0.000000;2.000000;-31.121456;-720.575317;1989.577759;0.000000;0.000000;0.000000;0.000000;0.000000;2.000000;-69.290428;-636.034119;2172.104980;0.000000;0.000000;0.000000;0.000000;0.000000;2.000000;-205.457611;-603.053040;2138.331055;0.000000;0.000000;0.000000;0.000000;0.000000;2.000000;-300.182312;-309.917908;2155.943359;0.000000;0.000000;0.000000;0.000000;0.000000;2.000000;-197.067917;-212.361053;1941.236816;0.000000;0.000000;0.000000;0.000000;0.000000;2.000000;-155.003845;-201.913559;1836.208496;0.000000;0.000000;0.000000;0.000000;0.000000;2.000000;-123.021378;-155.309814;1734.462158;0.000000;0.000000;0.000000;0.000000;0.000000;2.000000;-100.941345;-196.571320;1838.411377;0.000000;0.000000;0.000000;0.000000;0.000000;2.000000;98.286789;-146.884537;2017.737427;0.000000;0.000000;0.000000;0.000000;0.000000;2.000000;333.908264;-150.295883;1647.683105;0.000000;0.000000;0.000000;0.000000;0.000000;2.000000;347.865753;268.151306;1625.363281;0.000000;0.000000;0.000000;0.000000;0.000000;2.000000;397.716553;427.299377;1505.637695;0.000000;0.000000;0.000000;0.000000;0.000000;2.000000;-88.629524;-152.809372;1984.005493;0.000000;0.000000;0.000000;0.000000;0.000000;2.000000;-202.299561;-144.729202;1560.839844;0.000000;0.000000;0.000000;0.000000;0.000000;2.000000;-178.992981;278.249329;1568.247559;0.000000;0.000000;0.000000;0.000000;0.000000;2.000000;-164.293793;455.291260;1504.077881;0.000000;0.000000;0.000000;0.000000;0.000000;2.000000;-36.395550;-761.983154;2140.008301;0.000000;0.000000;0.000000;0.000000;0.000000;2.000000;-12.425138;-772.147583;1965.850342;0.000000;0.000000;0.000000;0.000000;0.000000;2.000000;4.260906;-820.806519;1999.260498;0.000000;0.000000;0.000000;0.000000;0.000000;2.000000;46.420189;-840.910278;2130.098389;0.000000;0.000000;0.000000;0.000000;0.000000;2.000000;-50.393997;-808.261230;1987.501343;0.000000;0.000000;0.000000;0.000000;0.000000;2.000000;-132.100861;-816.998291;2105.243652;0.000000;0.000000;0.000000;0.000000;0.000000;2.000000;9860132864.000000
0.000000;-149.999985;2000.000000;0.000001;0.000000;0.000000;0.000000;0.000000;2.000000;-14.775024;-310.864594;2110.126465;0.000003;0.000000;0.000000;0.000000;0.000000;2.000000;-26.275419;-440.535950;2196.628906;0.000005;0.000000;0.000000;0.000000;0.000000;2.000000;-33.731419;-676.351440;2165.962402;0.000015;0.000000;0.000000;0.000000;0.000000;2.000000;4.396202;-639.040649;2172.235352;0.000015;0.000000;0.000000;0.000000;0.000000;2.000000;158.104645;-632.446167;2142.713867;0.000011;0.000000;0.000000;0.000000;0.000000;2.000000;180.586197;-404.215790;1944.941895;0.000029;0.000000;0.000000;0.000000;0.000000;2.000000;31.521542;-609.981201;1951.520142;0.000029;0.000000;0.000000;0.000000;0.000000;2.000000;21.533871;-707.818115;1989.775879;0.000052;0.000000;0.000000;0.000000;0.000000;2.000000;12.656292;-825.359131;2001.043335;0.000085;0.000000;0.000000;0.000000;0.000000;2.000000;-31.121555;-720.574280;1989.579102;0.000050;0.000000;0.000000;0.000000;0.000000;2.000000;-69.290382;-636.033997;2172.104980;0.000004;0.000000;0.000000;0.000000;0.000000;2.000000;-205.457581;-603.052979;2138.331543;0.000015;0.000000;0.000000;0.000000;0.000000;2.000000;-300.182434;-309.917847;2155.943359;0.000004;0.000000;0.000000;0.000000;0.000000;2.000000;-197.068024;-212.361298;1941.236816;0.000008;0.000000;0.000000;0.000000;0.000000;2.000000;-155.003998;-201.914047;1836.208496;0.000015;0.000000;0.000000;0.000000;0.000000;2.000000;-123.021469;-155.310791;1734.461914;0.000030;0.000000;0.000000;0.000000;0.000000;2.000000;-100.941544;-196.571884;1838.411377;0.000018;0.000000;0.000000;0.000000;0.000000;2.000000;98.286774;-146.884491;2017.737427;0.000001;0.000000;0.000000;0.000000;0.000000;2.000000;333.908173;-150.295975;1647.683105;0.000004;0.000000;0.000000;0.000000;0.000000;2.000000;347.865540;268.151245;1625.363281;0.000007;0.000000;0.000000;0.000000;0.000000;2.000000;397.716187;427.299438;1505.637939;0.000013;0.000000;0.000000;0.000000;0.000000;2.000000;-88.629509;-152.809357;1984.005493;0.000001;0.000000;0.000000;0.000000;0.000000;2.000000;-202.299408;-144.729431;1560.840088;0.000011;0.000000;0.000000;0.000000;0.000000;2.000000;-178.992874;278.249207;1568.247559;0.000005;0.000000;0.000000;0.000000;0.000000;2.000000;-164.293655;455.291077;1504.077881;0.000007;0.000000;0.000000;0.000000;0.000000;2.000000;-36.395466;-761.983093;2140.008789;0.000015;0.000000;0.000000;0.000000;0.000000;2.000000;-12.425465;-772.147217;1965.850708;0.000018;0.000000;0.000000;0.000000;0.000000;2.000000;4.260601;-820.806213;1999.260620;0.000013;0.000000;0.000000;0.000000;0.000000;2.000000;46.420170;-840.910278;2130.098145;0.000007;0.000000;0.000000;0.000000;0.000000;2.000000;-50.394310;-808.260864;1987.501587;0.000016;0.000000;0.000000;0.000000;0.000000;2.000000;-132.100922;-816.997986;2105.244141;0.000017;0.000000;0.000000;0.000000;0.000000;2.000000;9860166656.000000
0.000000;-150.000015;2000.000000;0.000001;0.000000;0.000000;0.000000;0.000000;2.000000;-14.759779;-310.651794;2110.246582;0.007245;0.000000;0.000000;0.000000;0.000000;2.000000;-26.279867;-440.046906;2197.002930;0.018220;0.000000;0.000000;0.000000;0.000000;2.000000;-33.508171;-675.788574;2166.740479;0.029176;0.000000;0.000000;0.000000;0.000000;2.000000;4.562664;-638.452881;2172.955322;0.027942;0.000000;0.000000;0.000000;0.000000;2.000000;158.202484;-630.425781;2143.895996;0.069332;0.000000;0.000000;0.000000;0.000000;2.000000;180.678070;-400.458466;1948.405640;0.151252;0.000000;0.000000;0.000000;0.000000;2.000000;32.660110;-606.833862;1953.993042;0.123148;0.000000;0.000000;0.000000;0.000000;2.000000;21.991310;-703.324707;1995.207886;0.209057;0.000000;0.000000;0.000000;0.000000;2.000000;13.233368;-820.392761;2010.189697;0.308467;0.000000;0.000000;0.000000;0.000000;2.000000;-29.640139;-717.121338;1994.111694;0.174225;0.000000;0.000000;0.000000;0.000000;2.000000;-69.085785;-635.516296;2172.807373;0.026522;0.000000;0.000000;0.000000;0.000000;2.000000;-205.224091;-602.791748;2139.008789;0.022565;0.000000;0.000000;0.000000;0.000000;2.000000;-300.237305;-309.917542;2156.408691;0.013866;0.000000;0.000000;0.000000;0.000000;2.000000;-197.370697;-212.442764;1941.716797;0.016964;0.000000;0.000000;0.000000;0.000000;2.000000;-155.429932;-202.119278;1836.695068;0.020077;0.000000;0.000000;0.000000;0.000000;2.000000;-123.318550;-156.361633;1734.679443;0.032951;0.000000;0.000000;0.000000;0.000000;2.000000;-101.182091;-197.193192;1839.017822;0.026661;0.000000;0.000000;0.000000;0.000000;2.000000;98.233971;-146.868317;2017.714966;0.001764;0.000000;0.000000;0.000000;0.000000;2.000000;333.315582;-150.904221;1647.611816;0.025218;0.000000;0.000000;0.000000;0.000000;2.000000;347.960114;267.226257;1624.189941;0.044303;0.000000;0.000000;0.000000;0.000000;2.000000;399.991425;424.127747;1502.635986;0.145722;0.000000;0.000000;0.000000;0.000000;2.000000;-88.581894;-152.823990;1984.025635;0.001590;0.000000;0.000000;0.000000;0.000000;2.000000;-201.911072;-145.316315;1561.009888;0.021423;0.000000;0.000000;0.000000;0.000000;2.000000;-178.714081;277.439087;1568.059326;0.025958;0.000000;0.000000;0.000000;0.000000;2.000000;-163.828613;454.374695;1503.947876;0.030653;0.000000;0.000000;0.000000;0.000000;2.000000;-36.086922;-761.417725;2140.942383;0.033565;0.000000;0.000000;0.000000;0.000000;2.000000;-12.679792;-772.432007;1966.857910;0.031876;0.000000;0.000000;0.000000;0.000000;2.000000;3.386005;-821.195190;2000.357544;0.043082;0.000000;0.000000;0.000000;0.000000;2.000000;45.537415;-841.491821;2131.086182;0.042819;0.000000;0.000000;0.000000;0.000000;2.000000;-51.083206;-807.921326;1988.691650;0.041914;0.000000;0.000000;0.000000;0.000000;2.000000;-132.586548;-815.148560;2106.580322;0.069032;0.000000;0.000000;0.000000;0.000000;2.000000;9860200448.000000
0.000000;-150.000000;2000.000000;0.000000;0.000000;0.000000;0.000000;0.000000;2.000000;-13.897699;-310.972687;2109.006104;0.047129;0.000000;0.000000;0.000000;0.000000;2.000000;-25.453920;-437.839081;2198.728760;0.089157;0.000000;0.000000;0.000000;0.000000;2.000000;-32.003433;-673.028931;2168.754395;0.113924;0.000000;0.000000;0.000000;0.000000;2.000000;5.877758;-635.631409;2174.568359;0.106995;0.000000;0.000000;0.000000;0.000000;2.000000;158.332550;-627.386230;2141.714844;0.114240;0.000000;0.000000;0.000000;0.000000;2.000000;181.270462;-384.900970;1963.341553;0.658408;0.000000;0.000000;0.000000;0.000000;2.000000;35.717373;-592.175903;1955.885254;0.460586;0.000000;0.000000;0.000000;0.000000;2.000000;24.233761;-688.833984;1995.784302;0.447831;0.000000;0.000000;0.000000;0.000000;2.000000;17.746838;-805.842468;2009.998169;0.464949;0.000000;0.000000;0.000000;0.000000;2.000000;-21.362270;-707.462280;2009.494385;0.609166;0.000000;0.000000;0.000000;0.000000;2.000000;-67.593079;-632.998169;2175.120361;0.113856;0.000000;0.000000;0.000000;0.000000;2.000000;-204.404022;-604.254639;2141.979736;0.104114;0.000000;0.000000;0.000000;0.000000;2.000000;-298.397949;-311.841370;2158.807129;0.109340;0.000000;0.000000;0.000000;0.000000;2.000000;-196.863586;-212.458221;1945.139648;0.105598;0.000000;0.000000;0.000000;0.000000;2.000000;-156.460327;-203.189651;1839.728760;0.103088;0.000000;0.000000;0.000000;0.000000;2.000000;-121.602768;-158.540497;1738.462402;0.143147;0.000000;0.000000;0.000000;0.000000;2.000000;-98.731224;-200.038681;1841.642090;0.139817;0.000000;0.000000;0.000000;0.000000;2.000000;98.369827;-147.954590;2015.562256;0.073702;0.000000;0.000000;0.000000;0.000000;2.000000;334.957642;-151.341339;1647.736084;0.051995;0.000000;0.000000;0.000000;0.000000;2.000000;347.669220;266.053711;1629.686646;0.171750;0.000000;0.000000;0.000000;0.000000;2.000000;397.733124;425.329651;1511.313965;0.276099;0.000000;0.000000;0.000000;0.000000;2.000000;-88.704399;-151.844437;1985.966919;0.066463;0.000000;0.000000;0.000000;0.000000;2.000000;-198.824081;-146.514328;1563.219971;0.121494;0.000000;0.000000;0.000000;0.000000;2.000000;-176.351059;275.204041;1570.256958;0.119794;0.000000;0.000000;0.000000;0.000000;2.000000;-162.292938;452.402588;1508.124023;0.148529;0.000000;0.000000;0.000000;0.000000;2.000000;-34.476730;-758.466919;2143.098633;0.121877;0.000000;0.000000;0.000000;0.000000;2.000000;-9.093143;-776.398560;1970.322266;0.194451;0.000000;0.000000;0.000000;0.000000;2.000000;4.457680;-824.453491;2005.624390;0.191811;0.000000;0.000000;0.000000;0.000000;2.000000;43.759388;-841.833984;2137.284180;0.197054;0.000000;0.000000;0.000000;0.000000;2.000000;-49.116657;-809.455078;1992.685913;0.143705;0.000000;0.000000;0.000000;0.000000;2.000000;-132.326416;-809.311768;2109.152588;0.194817;0.000000;0.000000;0.000000;0.000000;2.000000;9860233216.000000
0.000000;-150.000000;2000.000000;0.000000;0.000000;0.000000;0.000000;0.000000;2.000000;-14.164341;-311.703461;2107.431885;0.051963;0.000000;0.000000;0.000000;0.000000;2.000000;-26.645849;-436.955383;2198.934082;0.044328;0.000000;0.000000;0.000000;0.000000;2.000000;-33.443039;-672.171631;2171.759766;0.101825;0.000000;0.000000;0.000000;0.000000;2.000000;4.436493;-634.769104;2176.877930;0.084508;0.000000;0.000000;0.000000;0.000000;2.000000;155.652435;-625.104553;2139.896973;0.117233;0.000000;0.000000;0.000000;0.000000;2.000000;171.326385;-370.805328;1978.668213;0.682868;0.000000;0.000000;0.000000;0.000000;2.000000;25.323154;-577.115234;1966.067017;0.619707;0.000000;0.000000;0.000000;0.000000;2.000000;15.665085;-674.448364;2004.422974;0.557567;0.000000;0.000000;0.000000;0.000000;2.000000;17.527081;-791.474182;2018.594727;0.495533;0.000000;0.000000;0.000000;0.000000;2.000000;-11.118338;-688.770325;2066.625977;1.804517;0.000000;0.000000;0.000000;0.000000;2.000000;-68.934029;-632.110596;2177.895508;0.094916;0.000000;0.000000;0.000000;0.000000;2.000000;-205.692245;-603.831177;2144.937256;0.096282;0.000000;0.000000;0.000000;0.000000;2.000000;-298.229279;-311.372101;2161.830566;0.090681;0.000000;0.000000;0.000000;0.000000;2.000000;-196.555145;-215.331375;1947.098877;0.103315;0.000000;0.000000;0.000000;0.000000;2.000000;-156.159027;-201.532471;1842.338867;0.091927;0.000000;0.000000;0.000000;0.000000;2.000000;-122.107056;-158.001877;1740.483521;0.063672;0.000000;0.000000;0.000000;0.000000;2.000000;-98.859283;-198.258224;1844.886963;0.109596;0.000000;0.000000;0.000000;0.000000;2.000000;97.821930;-146.726913;2017.823853;0.077859;0.000000;0.000000;0.000000;0.000000;2.000000;334.699432;-148.298752;1650.839844;0.128847;0.000000;0.000000;0.000000;0.000000;2.000000;349.879181;268.284637;1628.801270;0.096551;0.000000;0.000000;0.000000;0.000000;2.000000;399.172516;428.555695;1511.911377;0.106024;0.000000;0.000000;0.000000;0.000000;2.000000;-88.210342;-152.951492;1983.927490;0.070210;0.000000;0.000000;0.000000;0.000000;2.000000;-199.431610;-144.106155;1562.107910;0.080529;0.000000;0.000000;0.000000;0.000000;2.000000;-176.972900;276.998505;1572.594604;0.089130;0.000000;0.000000;0.000000;0.000000;2.000000;-162.384201;453.870148;1510.384521;0.079801;0.000000;0.000000;0.000000;0.000000;2.000000;-36.106052;-757.789551;2147.142090;0.130554;0.000000;0.000000;0.000000;0.000000;2.000000;-8.699997;-778.356812;1975.198975;0.155950;0.000000;0.000000;0.000000;0.000000;2.000000;2.669872;-826.399170;2011.145996;0.181146;0.000000;0.000000;0.000000;0.000000;2.000000;39.276196;-843.665771;2143.409424;0.231076;0.000000;0.000000;0.000000;0.000000;2.000000;-50.097141;-809.781433;1997.229004;0.137877;0.000000;0.000000;0.000000;0.000000;2.000000;-134.940140;-805.637390;2112.208496;0.161196;0.000000;0.000000;0.000000;0.000000;2.000000;9860267008.000000
0.000000;-150.000015;2000.000000;0.000000;0.000000;0.000000;0.000000;0.000000;2.000000;-14.186178;-311.616791;2107.538086;0.004236;0.000000;0.000000;0.000000;0.000000;2.000000;-26.717262;-436.669708;2199.289307;0.014081;0.000000;0.000000;0.000000;0.000000;2.000000;-33.952587;-671.918213;2172.636963;0.031910;0.000000;0.000000;0.000000;0.000000;2.000000;3.994812;-634.574829;2177.649902;0.027782;0.000000;0.000000;0.000000;0.000000;2.000000;155.201935;-625.448364;2140.536133;0.026069;0.000000;0.000000;0.000000;0.000000;2.000000;172.145447;-370.631653;1980.289551;0.055687;0.000000;0.000000;0.000000;0.000000;2.000000;24.814861;-575.830750;1965.496582;0.045610;0.000000;0.000000;0.000000;0.000000;2.000000;14.507114;-673.529785;2002.718872;0.068842;0.000000;0.000000;0.000000;0.000000;2.000000;15.605839;-790.708740;2015.586548;0.111405;0.000000;0.000000;0.000000;0.000000;2.000000;-12.180443;-686.709839;2067.438232;0.074960;0.000000;0.000000;0.000000;0.000000;2.000000;-69.365761;-631.782593;2178.705811;0.029754;0.000000;0.000000;0.000000;0.000000;2.000000;-206.086380;-603.289612;2145.813477;0.033658;0.000000;0.000000;0.000000;0.000000;2.000000;-298.001373;-310.627930;2162.250977;0.026995;0.000000;0.000000;0.000000;0.000000;2.000000;-196.379898;-215.129700;1947.271118;0.009701;0.000000;0.000000;0.000000;0.000000;2.000000;-156.054230;-201.536880;1842.464478;0.004994;0.000000;0.000000;0.000000;0.000000;2.000000;-122.077393;-158.168488;1740.522827;0.005302;0.000000;0.000000;0.000000;0.000000;2.000000;-98.840027;-198.009140;1844.874512;0.007634;0.000000;0.000000;0.000000;0.000000;2.000000;97.820892;-146.743118;2017.799072;0.000904;0.000000;0.000000;0.000000;0.000000;2.000000;334.796021;-148.519592;1650.910400;0.007665;0.000000;0.000000;0.000000;0.000000;2.000000;349.936981;268.026672;1628.619995;0.009782;0.000000;0.000000;0.000000;0.000000;2.000000;399.177917;428.231140;1511.638428;0.012943;0.000000;0.000000;0.000000;0.000000;2.000000;-88.209396;-152.936905;1983.949951;0.000818;0.000000;0.000000;0.000000;0.000000;2.000000;-199.658432;-144.404053;1562.211304;0.011854;0.000000;0.000000;0.000000;0.000000;2.000000;-177.049988;276.671326;1572.519531;0.010511;0.000000;0.000000;0.000000;0.000000;2.000000;-162.400848;453.435913;1510.054688;0.016649;0.000000;0.000000;0.000000;0.000000;2.000000;-36.784058;-757.579834;2148.210205;0.039136;0.000000;0.000000;0.000000;0.000000;2.000000;-9.550621;-778.530151;1976.296753;0.042711;0.000000;0.000000;0.000000;0.000000;2.000000;1.619213;-826.565491;2012.309570;0.048112;0.000000;0.000000;0.000000;0.000000;2.000000;38.205769;-843.793945;2144.574707;0.048446;0.000000;0.000000;0.000000;0.000000;2.000000;-51.075840;-809.733276;1998.391724;0.046404;0.000000;0.000000;0.000000;0.000000;2.000000;-135.841843;-805.033813;2113.395996;0.049090;0.000000;0.000000;0.000000;0.000000;2.000000;9860299776.000000
0.000000;-150.000000;2000.000000;0.000000;0.000000;0.000000;0.000000;0.000000;2.000000;-14.382195;-311.564270;2107.773193;0.009191;0.000000;0.000000;0.000000;0.000000;2.000000;-27.148146;-436.271423;2200.097900;0.029565;0.000000;0.000000;0.000000;0.000000;2.000000;-34.815331;-671.742920;2174.463867;0.060013;0.000000;0.000000;0.000000;0.000000;2.000000;3.219845;-634.426636;2179.305664;0.054277;0.000000;0.000000;0.000000;0.000000;2.000000;154.163284;-625.912109;2140.665039;0.033877;0.000000;0.000000;0.000000;0.000000;2.000000;171.805435;-368.953308;1983.653198;0.111697;0.000000;0.000000;0.000000;0.000000;2.000000;20.954926;-571.298706;1963.687500;0.184122;0.000000;0.000000;0.000000;0.000000;2.000000;9.836426;-670.299072;1997.207886;0.234183;0.000000;0.000000;0.000000;0.000000;2.000000;9.844715;-787.927246;2005.907959;0.343331;0.000000;0.000000;0.000000;0.000000;2.000000;-12.133156;-682.037354;2069.813965;0.155125;0.000000;0.000000;0.000000;0.000000;2.000000;-70.173340;-631.496948;2180.369385;0.055373;0.000000;0.000000;0.000000;0.000000;2.000000;-206.829422;-603.050659;2146.850098;0.038400;0.000000;0.000000;0.000000;0.000000;2.000000;-298.201172;-309.918274;2160.702637;0.050749;0.000000;0.000000;0.000000;0.000000;2.000000;-195.792130;-215.580093;1945.426025;0.058835;0.000000;0.000000;0.000000;0.000000;2.000000;-155.656433;-202.313370;1840.441650;0.065192;0.000000;0.000000;0.000000;0.000000;2.000000;-121.316597;-157.312744;1739.263672;0.050365;0.000000;0.000000;0.000000;0.000000;2.000000;-97.807510;-198.583282;1842.617188;0.075396;0.000000;0.000000;0.000000;0.000000;2.000000;97.870010;-146.818008;2017.830811;0.002812;0.000000;0.000000;0.000000;0.000000;2.000000;334.893616;-149.512436;1650.709473;0.030115;0.000000;0.000000;0.000000;0.000000;2.000000;350.001221;267.257874;1628.532471;0.022977;0.000000;0.000000;0.000000;0.000000;2.000000;398.706970;428.338684;1512.347900;0.025400;0.000000;0.000000;0.000000;0.000000;2.000000;-88.253685;-152.869354;1983.921143;0.002538;0.000000;0.000000;0.000000;0.000000;2.000000;-199.150192;-144.743347;1561.794922;0.021883;0.000000;0.000000;0.000000;0.000000;2.000000;-176.635529;276.560791;1571.910156;0.022053;0.000000;0.000000;0.000000;0.000000;2.000000;-161.897430;453.632690;1510.045898;0.015997;0.000000;0.000000;0.000000;0.000000;2.000000;-37.808140;-757.549805;2150.400635;0.071561;0.000000;0.000000;0.000000;0.000000;2.000000;-8.816936;-779.902588;1978.859131;0.088718;0.000000;0.000000;0.000000;0.000000;2.000000;2.190323;-827.603882;2015.415649;0.098381;0.000000;0.000000;0.000000;0.000000;2.000000;37.577019;-843.547119;2148.242188;0.110356;0.000000;0.000000;0.000000;0.000000;2.000000;-50.457825;-811.088196;2000.835693;0.084693;0.000000;0.000000;0.000000;0.000000;2.000000;-136.395462;-805.711670;2115.030029;0.054855;0.000000;0.000000;0.000000;0.000000;2.000000;9860333568.000000
0.000000;-150.000015;2000.000000;0.000000;0.000000;0.000000;0.000000;0.000000;2.000000;-14.519066;-311.688324;2107.859863;0.006227;0.000000;0.000000;0.000000;0.000000;2.000000;-27.407322;-436.433105;2200.333984;0.011782;0.000000;0.000000;0.000000;0.000000;2.000000;-35.674942;-672.093750;2174.812744;0.030268;0.000000;0.000000;0.000000;0.000000;2.000000;2.486359;-634.836670;2179.606934;0.027243;0.000000;0.000000;0.000000;0.000000;2.000000;153.394348;-627.039307;2140.163330;0.044367;0.000000;0.000000;0.000000;0.000000;2.000000;172.373138;-370.066711;1982.850830;0.045324;0.000000;0.000000;0.000000;0.000000;2.000000;18.246643;-570.299744;1963.983032;0.088554;0.000000;0.000000;0.000000;0.000000;2.000000;5.571026;-668.945557;1998.259888;0.140289;0.000000;0.000000;0.000000;0.000000;2.000000;3.614208;-786.606506;2007.596680;0.201081;0.000000;0.000000;0.000000;0.000000;2.000000;-14.182871;-678.110168;2074.327393;0.192998;0.000000;0.000000;0.000000;0.000000;2.000000;-70.959259;-631.725464;2180.730713;0.027303;0.000000;0.000000;0.000000;0.000000;2.000000;-207.691589;-602.870544;2147.363281;0.031109;0.000000;0.000000;0.000000;0.000000;2.000000;-297.806580;-309.122284;2162.019775;0.048485;0.000000;0.000000;0.000000;0.000000;2.000000;-195.570374;-214.562057;1946.506226;0.045801;0.000000;0.000000;0.000000;0.000000;2.000000;-155.266144;-201.223022;1841.494629;0.047767;0.000000;0.000000;0.000000;0.000000;2.000000;-120.752045;-156.478271;1740.152710;0.041006;0.000000;0.000000;0.000000;0.000000;2.000000;-97.840691;-197.612991;1843.500732;0.040061;0.000000;0.000000;0.000000;0.000000;2.000000;97.953636;-146.892303;2017.844238;0.003438;0.000000;0.000000;0.000000;0.000000;2.000000;335.375549;-149.748352;1650.551270;0.017072;0.000000;0.000000;0.000000;0.000000;2.000000;351.077423;267.313599;1627.772461;0.040243;0.000000;0.000000;0.000000;0.000000;2.000000;400.942017;427.490784;1510.537231;0.091517;0.000000;0.000000;0.000000;0.000000;2.000000;-88.329102;-152.802368;1983.909180;0.003100;0.000000;0.000000;0.000000;0.000000;2.000000;-199.638092;-144.432327;1561.523071;0.019509;0.000000;0.000000;0.000000;0.000000;2.000000;-176.686768;277.191406;1571.903809;0.019309;0.000000;0.000000;0.000000;0.000000;2.000000;-161.692230;454.332458;1509.826050;0.023244;0.000000;0.000000;0.000000;0.000000;2.000000;-38.898952;-757.977112;2150.778320;0.037564;0.000000;0.000000;0.000000;0.000000;2.000000;-8.045578;-780.938965;1979.494019;0.043930;0.000000;0.000000;0.000000;0.000000;2.000000;2.453037;-828.593750;2016.344116;0.042186;0.000000;0.000000;0.000000;0.000000;2.000000;36.362816;-844.228394;2149.710938;0.061761;0.000000;0.000000;0.000000;0.000000;2.000000;-50.035049;-811.985352;2001.121704;0.031500;0.000000;0.000000;0.000000;0.000000;2.000000;-137.285797;-806.054688;2114.437500;0.034276;0.000000;0.000000;0.000000;0.000000;2.000000;9860366336.000000
0.000000;-150.000000;2000.000000;0.000000;0.000000;0.000000;0.000000;0.000000;2.000000;-14.519577;-311.689240;2107.860352;0.000034;0.000000;0.000000;0.000000;0.000000;2.000000;-27.408092;-436.435272;2200.333984;0.000068;0.000000;0.000000;0.000000;0.000000;2.000000;-35.678173;-672.096924;2174.810547;0.000149;0.000000;0.000000;0.000000;0.000000;2.000000;2.483730;-634.840027;2179.604736;0.000142;0.000000;0.000000;0.000000;0.000000;2.000000;153.391479;-627.042664;2140.156738;0.000235;0.000000;0.000000;0.000000;0.000000;2.000000;172.379257;-370.056946;1982.863647;0.000510;0.000000;0.000000;0.000000;0.000000;2.000000;18.234886;-570.275452;1963.968994;0.000900;0.000000;0.000000;0.000000;0.000000;2.000000;5.552216;-668.928040;1998.225830;0.001263;0.000000;0.000000;0.000000;0.000000;2.000000;3.586666;-786.591431;2007.537231;0.001990;0.000000;0.000000;0.000000;0.000000;2.000000;-14.198196;-678.105286;2074.295898;0.001047;0.000000;0.000000;0.000000;0.000000;2.000000;-70.962250;-631.728149;2180.729492;0.000124;0.000000;0.000000;0.000000;0.000000;2.000000;-207.695679;-602.871338;2147.364746;0.000131;0.000000;0.000000;0.000000;0.000000;2.000000;-297.807404;-309.120667;2162.029297;0.000287;0.000000;0.000000;0.000000;0.000000;2.000000;-195.574310;-214.557617;1946.513550;0.000279;0.000000;0.000000;0.000000;0.000000;2.000000;-155.274704;-201.219360;1841.499390;0.000309;0.000000;0.000000;0.000000;0.000000;2.000000;-120.762573;-156.483322;1740.152100;0.000346;0.000000;0.000000;0.000000;0.000000;2.000000;-97.850075;-197.615707;1843.502197;0.000292;0.000000;0.000000;0.000000;0.000000;2.000000;97.954224;-146.892685;2017.844116;0.000021;0.000000;0.000000;0.000000;0.000000;2.000000;335.379120;-149.752502;1650.550293;0.000165;0.000000;0.000000;0.000000;0.000000;2.000000;351.091125;267.310822;1627.762451;0.000509;0.000000;0.000000;0.000000;0.000000;2.000000;400.978577;427.471466;1510.512451;0.001427;0.000000;0.000000;0.000000;0.000000;2.000000;-88.329636;-152.802002;1983.909180;0.000019;0.000000;0.000000;0.000000;0.000000;2.000000;-199.640411;-144.432800;1561.520996;0.000093;0.000000;0.000000;0.000000;0.000000;2.000000;-176.688339;277.193207;1571.901367;0.000101;0.000000;0.000000;0.000000;0.000000;2.000000;-161.693985;454.334198;1509.820190;0.000188;0.000000;0.000000;0.000000;0.000000;2.000000;-38.903275;-757.980469;2150.775391;0.000184;0.000000;0.000000;0.000000;0.000000;2.000000;-8.060989;-780.964233;1979.490967;0.000881;0.000000;0.000000;0.000000;0.000000;2.000000;2.439537;-828.614746;2016.346436;0.000742;0.000000;0.000000;0.000000;0.000000;2.000000;36.357914;-844.233154;2149.713623;0.000217;0.000000;0.000000;0.000000;0.000000;2.000000;-50.049637;-812.007568;2001.125244;0.000793;0.000000;0.000000;0.000000;0.000000;2.000000;-137.293533;-806.061890;2114.446777;0.000416;0.000000;0.000000;0.000000;0.000000;2.000000;9860400128.000000
0.000000;-150.000000;2000.000000;0.000000;0.000000;0.000000;0.000000;0.000000;2.000000;-14.928642;-311.538361;2107.726074;0.013922;0.000000;0.000000;0.000000;0.000000;2.000000;-28.289120;-435.720764;2200.663086;0.036045;0.000000;0.000000;0.000000;0.000000;2.000000;-37.718140;-671.114197;2174.973145;0.069280;0.000000;0.000000;0.000000;0.000000;2.000000;0.593880;-634.086426;2179.827881;0.062462;0.000000;0.000000;0.000000;0.000000;2.000000;151.966248;-626.877869;2142.648193;0.087739;0.000000;0.000000;0.000000;0.000000;2.000000;172.778656;-370.896698;1984.451538;0.056156;0.000000;0.000000;0.000000;0.000000;2.000000;15.204987;-566.709778;1954.092773;0.333514;0.000000;0.000000;0.000000;0.000000;2.000000;0.379726;-666.240601;1984.447266;0.456568;0.000000;0.000000;0.000000;0.000000;2.000000;0.746937;-783.951965;1991.866577;0.492649;0.000000;0.000000;0.000000;0.000000;2.000000;-14.149368;-672.008667;2071.309570;0.207181;0.000000;0.000000;0.000000;0.000000;2.000000;-72.772934;-630.607056;2180.884033;0.065163;0.000000;0.000000;0.000000;0.000000;2.000000;-209.353638;-601.519714;2147.629150;0.065777;0.000000;0.000000;0.000000;0.000000;2.000000;-298.069580;-307.652374;2162.872803;0.052292;0.000000;0.000000;0.000000;0.000000;2.000000;-195.345825;-213.777725;1947.553955;0.040289;0.000000;0.000000;0.000000;0.000000;2.000000;-156.174835;-200.069565;1842.266357;0.050336;0.000000;0.000000;0.000000;0.000000;2.000000;-121.832336;-159.636581;1739.183228;0.105831;0.000000;0.000000;0.000000;0.000000;2.000000;-98.736984;-198.327759;1843.645264;0.034983;0.000000;0.000000;0.000000;0.000000;2.000000;97.800621;-146.899002;2018.203247;0.011922;0.000000;0.000000;0.000000;0.000000;2.000000;335.251556;-150.524017;1651.383789;0.034879;0.000000;0.000000;0.000000;0.000000;2.000000;349.997742;266.239349;1629.100464;0.062048;0.000000;0.000000;0.000000;0.000000;2.000000;399.571198;425.966034;1511.434937;0.068905;0.000000;0.000000;0.000000;0.000000;2.000000;-88.191116;-152.796310;1983.585449;0.010747;0.000000;0.000000;0.000000;0.000000;2.000000;-199.727173;-144.613556;1561.644043;0.007179;0.000000;0.000000;0.000000;0.000000;2.000000;-177.061340;276.612946;1573.845825;0.062964;0.000000;0.000000;0.000000;0.000000;2.000000;-162.216980;452.939484;1509.931152;0.045583;0.000000;0.000000;0.000000;0.000000;2.000000;-41.351307;-756.887695;2150.889648;0.081888;0.000000;0.000000;0.000000;0.000000;2.000000;-11.726015;-785.098755;1980.328735;0.170540;0.000000;0.000000;0.000000;0.000000;2.000000;0.059425;-831.204468;2018.644043;0.128212;0.000000;0.000000;0.000000;0.000000;2.000000;35.525200;-841.569519;2151.996094;0.110024;0.000000;0.000000;0.000000;0.000000;2.000000;-52.846214;-816.167969;2003.417358;0.168217;0.000000;0.000000;0.000000;0.000000;2.000000;-139.027466;-808.050171;2117.259766;0.117691;0.000000;0.000000;0.000000;0.000000;2.000000;9860432896.000000
0.000000;-150.000000;2000.000000;0.000000;0.000000;0.000000;0.000000;0.000000;2.000000;-15.008867;-311.675415;2106.902344;0.024825;0.000000;0.000000;0.000000;0.000000;2.000000;-28.244522;-436.649200;2198.337158;0.074123;0.000000;0.000000;0.000000;0.000000;2.000000;-38.501942;-671.847656;2175.038574;0.031826;0.000000;0.000000;0.000000;0.000000;2.000000;-0.121902;-634.969421;2179.463867;0.035320;0.000000;0.000000;0.000000;0.000000;2.000000;150.685074;-627.438599;2141.189453;0.059802;0.000000;0.000000;0.000000;0.000000;2.000000;172.813889;-371.315613;1984.393799;0.012557;0.000000;0.000000;0.000000;0.000000;2.000000;9.642529;-561.363281;1950.762695;0.248677;0.000000;0.000000;0.000000;0.000000;2.000000;-4.699223;-661.307495;1979.313721;0.258805;0.000000;0.000000;0.000000;0.000000;2.000000;-0.187012;-778.690796;1987.328125;0.207466;0.000000;0.000000;0.000000;0.000000;2.000000;-14.925589;-666.423035;2069.961182;0.171587;0.000000;0.000000;0.000000;0.000000;2.000000;-73.348824;-631.232971;2180.587402;0.026657;0.000000;0.000000;0.000000;0.000000;2.000000;-209.351959;-600.446167;2147.558594;0.031838;0.000000;0.000000;0.000000;0.000000;2.000000;-299.946716;-307.754578;2163.718750;0.061005;0.000000;0.000000;0.000000;0.000000;2.000000;-197.634064;-210.640915;1950.171509;0.138573;0.000000;0.000000;0.000000;0.000000;2.000000;-156.411316;-206.294250;1845.073486;0.202192;0.000000;0.000000;0.000000;0.000000;2.000000;-122.144127;-156.603043;1746.327271;0.229868;0.000000;0.000000;0.000000;0.000000;2.000000;-99.343422;-197.288376;1845.865356;0.074729;0.000000;0.000000;0.000000;0.000000;2.000000;97.645874;-147.076859;2018.130127;0.007304;0.000000;0.000000;0.000000;0.000000;2.000000;334.657349;-150.321533;1651.916016;0.024355;0.000000;0.000000;0.000000;0.000000;2.000000;349.520142;265.717621;1629.597900;0.025590;0.000000;0.000000;0.000000;0.000000;2.000000;398.322205;426.088898;1513.101929;0.061749;0.000000;0.000000;0.000000;0.000000;2.000000;-88.051575;-152.635910;1983.651367;0.006587;0.000000;0.000000;0.000000;0.000000;2.000000;-200.517258;-143.072693;1562.761475;0.060987;0.000000;0.000000;0.000000;0.000000;2.000000;-177.599197;277.419769;1574.782471;0.039896;0.000000;0.000000;0.000000;0.000000;2.000000;-162.622177;453.239349;1510.453247;0.021476;0.000000;0.000000;0.000000;0.000000;2.000000;-42.457874;-757.695251;2151.853027;0.049560;0.000000;0.000000;0.000000;0.000000;2.000000;-11.044916;-782.880493;1981.447754;0.076237;0.000000;0.000000;0.000000;0.000000;2.000000;0.504917;-829.501404;2019.037476;0.053379;0.000000;0.000000;0.000000;0.000000;2.000000;34.591797;-841.959717;2152.323730;0.031469;0.000000;0.000000;0.000000;0.000000;2.000000;-52.209034;-814.428467;2003.551025;0.054964;0.000000;0.000000;0.000000;0.000000;2.000000;-139.424988;-808.550659;2116.430664;0.030980;0.000000;0.000000;0.000000;0.000000;2.000000;9860466688.000000
0.000000;-150.000000;2000.000000;0.000000;0.000000;0.000000;0.000000;0.000000;2.000000;-15.021149;-311.662933;2106.878418;0.000877;0.000000;0.000000;0.000000;0.000000;2.000000;-28.259377;-436.650848;2198.262695;0.002248;0.000000;0.000000;0.000000;0.000000;2.000000;-38.592880;-671.804138;2174.822266;0.007062;0.000000;0.000000;0.000000;0.000000;2.000000;-0.205101;-634.945190;2179.265137;0.006416;0.000000;0.000000;0.000000;0.000000;2.000000;150.572876;-627.512573;2140.931152;0.008617;0.000000;0.000000;0.000000;0.000000;2.000000;173.032867;-371.221771;1984.524536;0.008042;0.000000;0.000000;0.000000;0.000000;2.000000;9.425488;-560.760864;1950.366821;0.022278;0.000000;0.000000;0.000000;0.000000;2.000000;-5.200001;-660.751770;1978.562988;0.031363;0.000000;0.000000;0.000000;0.000000;2.000000;-1.007763;-778.160828;1986.161865;0.045023;0.000000;0.000000;0.000000;0.000000;2.000000;-15.922668;-666.519043;2068.700928;0.047640;0.000000;0.000000;0.000000;0.000000;2.000000;-73.422180;-631.186584;2180.399414;0.006127;0.000000;0.000000;0.000000;0.000000;2.000000;-209.399048;-600.329102;2147.400879;0.005977;0.000000;0.000000;0.000000;0.000000;2.000000;-299.882446;-307.650513;2163.741699;0.003683;0.000000;0.000000;0.000000;0.000000;2.000000;-197.571655;-210.406326;1950.288574;0.007975;0.000000;0.000000;0.000000;0.000000;2.000000;-156.368011;-205.931763;1845.202393;0.011457;0.000000;0.000000;0.000000;0.000000;2.000000;-122.106422;-156.208755;1746.486084;0.012628;0.000000;0.000000;0.000000;0.000000;2.000000;-99.305649;-196.883087;1845.988647;0.012586;0.000000;0.000000;0.000000;0.000000;2.000000;97.635384;-147.089096;2018.125122;0.000499;0.000000;0.000000;0.000000;0.000000;2.000000;334.562256;-150.362076;1651.916992;0.003059;0.000000;0.000000;0.000000;0.000000;2.000000;349.420532;265.633179;1629.683716;0.004624;0.000000;0.000000;0.000000;0.000000;2.000000;398.206879;425.929565;1513.119751;0.005844;0.000000;0.000000;0.000000;0.000000;2.000000;-88.042114;-152.624878;1983.655884;0.000450;0.000000;0.000000;0.000000;0.000000;2.000000;-200.500824;-143.040283;1562.817139;0.001967;0.000000;0.000000;0.000000;0.000000;2.000000;-177.548492;277.400085;1574.874634;0.003167;0.000000;0.000000;0.000000;0.000000;2.000000;-162.555878;453.203430;1510.568604;0.004078;0.000000;0.000000;0.000000;0.000000;2.000000;-42.578274;-757.626099;2151.586426;0.008895;0.000000;0.000000;0.000000;0.000000;2.000000;-11.242256;-782.759949;1981.180298;0.010463;0.000000;0.000000;0.000000;0.000000;2.000000;0.308475;-829.391052;2018.745605;0.010911;0.000000;0.000000;0.000000;0.000000;2.000000;34.440109;-841.901367;2151.999023;0.010745;0.000000;0.000000;0.000000;0.000000;2.000000;-52.401367;-814.300720;2003.286621;0.010388;0.000000;0.000000;0.000000;0.000000;2.000000;-139.561508;-808.437866;2116.189209;0.008861;0.000000;0.000000;0.000000;0.000000;2.000000;9860500480.000000
0.000000;-150.000015;2000.000000;0.000000;0.000000;0.000000;0.000000;0.000000;2.000000;-15.086386;-312.986542;2104.786133;0.075582;0.000000;0.000000;0.000000;0.000000;2.000000;-28.684200;-437.466522;2196.769531;0.053518;0.000000;0.000000;0.000000;0.000000;2.000000;-40.968376;-672.573059;2174.170898;0.078748;0.000000;0.000000;0.000000;0.000000;2.000000;-2.274540;-635.980713;2178.029785;0.080053;0.000000;0.000000;0.000000;0.000000;2.000000;148.128662;-631.615112;2137.888184;0.172808;0.000000;0.000000;0.000000;0.000000;2.000000;172.727997;-378.306396;1977.092773;0.313480;0.000000;0.000000;0.000000;0.000000;2.000000;4.189167;-565.947205;1962.065674;0.421960;0.000000;0.000000;0.000000;0.000000;2.000000;-13.728186;-669.052734;1969.281372;0.460587;0.000000;0.000000;0.000000;0.000000;2.000000;-13.554129;-785.575134;1952.590332;1.116890;0.000000;0.000000;0.000000;0.000000;2.000000;-29.470621;-672.366211;2078.710938;0.544152;0.000000;0.000000;0.000000;0.000000;2.000000;-75.432785;-631.698608;2180.052490;0.064196;0.000000;0.000000;0.000000;0.000000;2.000000;-211.705444;-600.161255;2149.070801;0.087049;0.000000;0.000000;0.000000;0.000000;2.000000;-300.123138;-306.926971;2165.895020;0.069713;0.000000;0.000000;0.000000;0.000000;2.000000;-197.486908;-211.922211;1951.636719;0.061963;0.000000;0.000000;0.000000;0.000000;2.000000;-159.718414;-205.636841;1845.377197;0.102780;0.000000;0.000000;0.000000;0.000000;2.000000;-122.831474;-159.995255;1745.660645;0.120321;0.000000;0.000000;0.000000;0.000000;2.000000;-100.364563;-199.227707;1844.262451;0.094547;0.000000;0.000000;0.000000;0.000000;2.000000;97.849709;-148.133667;2016.990723;0.047513;0.000000;0.000000;0.000000;0.000000;2.000000;334.274567;-154.305695;1650.572754;0.127452;0.000000;0.000000;0.000000;0.000000;2.000000;343.047333;262.083252;1634.482910;0.266487;0.000000;0.000000;0.000000;0.000000;2.000000;399.006012;413.875244;1510.073730;0.380215;0.000000;0.000000;0.000000;0.000000;2.000000;-88.235382;-151.682983;1984.678711;0.042841;0.000000;0.000000;0.000000;0.000000;2.000000;-201.743317;-145.645264;1564.122925;0.096673;0.000000;0.000000;0.000000;0.000000;2.000000;-179.844086;274.676392;1579.604736;0.180705;0.000000;0.000000;0.000000;0.000000;2.000000;-163.890869;448.466187;1510.329834;0.150377;0.000000;0.000000;0.000000;0.000000;2.000000;-45.846478;-758.419434;2151.248535;0.103151;0.000000;0.000000;0.000000;0.000000;2.000000;-20.118601;-784.115845;1980.015747;0.276322;0.000000;0.000000;0.000000;0.000000;2.000000;-3.628525;-829.151855;2017.668945;0.124773;0.000000;0.000000;0.000000;0.000000;2.000000;36.997246;-836.931030;2149.431152;0.187719;0.000000;0.000000;0.000000;0.000000;2.000000;-57.897850;-818.140625;2004.340332;0.207130;0.000000;0.000000;0.000000;0.000000;2.000000;-140.317551;-816.629395;2120.860352;0.288697;0.000000;0.000000;0.000000;0.000000;2.000000;9860533248.000000
0.000000;-150.000015;2000.000000;0.000000;0.000000;0.000000;0.000000;0.000000;2.000000;-15.510115;-313.171234;2104.375732;0.018292;0.000000;0.000000;0.000000;0.000000;2.000000;-29.358208;-438.598053;2194.981445;0.065719;0.000000;0.000000;0.000000;0.000000;2.000000;-40.949234;-673.842529;2173.917480;0.038313;0.000000;0.000000;0.000000;0.000000;2.000000;-2.369595;-637.118591;2177.538574;0.036784;0.000000;0.000000;0.000000;0.000000;2.000000;148.970642;-632.915100;2141.180420;0.107669;0.000000;0.000000;0.000000;0.000000;2.000000;170.629669;-386.299225;1969.988037;0.322501;0.000000;0.000000;0.000000;0.000000;2.000000;3.075989;-574.507935;1952.038940;0.391544;0.000000;0.000000;0.000000;0.000000;2.000000;-8.372402;-678.682495;1956.135986;0.507599;0.000000;0.000000;0.000000;0.000000;2.000000;-13.694889;-796.032959;1948.924438;0.327966;0.000000;0.000000;0.000000;0.000000;2.000000;-30.018623;-679.086914;2070.295410;0.319121;0.000000;0.000000;0.000000;0.000000;2.000000;-75.527977;-633.038818;2179.531006;0.042650;0.000000;0.000000;0.000000;0.000000;2.000000;-212.357849;-602.210083;2150.461914;0.075786;0.000000;0.000000;0.000000;0.000000;2.000000;-298.276367;-307.946655;2159.556152;0.197700;0.000000;0.000000;0.000000;0.000000;2.000000;-200.009567;-215.241257;1942.313721;0.302221;0.000000;0.000000;0.000000;0.000000;2.000000;-156.968445;-201.734589;1838.786621;0.240824;0.000000;0.000000;0.000000;0.000000;2.000000;-122.277756;-156.925812;1737.933105;0.246604;0.000000;0.000000;0.000000;0.000000;2.000000;-99.761337;-200.278351;1844.392578;0.036058;0.000000;0.000000;0.000000;0.000000;2.000000;97.620239;-147.687607;2018.121216;0.036600;0.000000;0.000000;0.000000;0.000000;2.000000;334.216614;-158.889862;1652.020020;0.142269;0.000000;0.000000;0.000000;0.000000;2.000000;342.341614;257.463989;1636.495728;0.150566;0.000000;0.000000;0.000000;0.000000;2.000000;400.729034;408.053589;1511.797729;0.186769;0.000000;0.000000;0.000000;0.000000;2.000000;-88.028458;-152.085205;1983.659302;0.033004;0.000000;0.000000;0.000000;0.000000;2.000000;-201.515259;-148.130859;1563.148438;0.079294;0.000000;0.000000;0.000000;0.000000;2.000000;-178.741684;272.048096;1579.315918;0.084775;0.000000;0.000000;0.000000;0.000000;2.000000;-163.572266;446.140015;1510.711670;0.070393;0.000000;0.000000;0.000000;0.000000;2.000000;-45.573486;-759.835938;2151.558105;0.043662;0.000000;0.000000;0.000000;0.000000;2.000000;-23.235086;-787.978760;1980.264282;0.147063;0.000000;0.000000;0.000000;0.000000;2.000000;-7.346470;-833.033813;2018.136230;0.159667;0.000000;0.000000;0.000000;0.000000;2.000000;35.124577;-840.513550;2149.308350;0.119682;0.000000;0.000000;0.000000;0.000000;2.000000;-61.501701;-820.731628;2005.532715;0.136007;0.000000;0.000000;0.000000;0.000000;2.000000;-141.993622;-815.829102;2123.271484;0.090067;0.000000;0.000000;0.000000;0.000000;2.000000;9860567040.000000
0.000000;-150.000015;2000.000000;0.000000;0.000000;0.000000;0.000000;0.000000;2.000000;-15.886797;-311.957764;2106.142578;0.066414;0.000000;0.000000;0.000000;0.000000;2.000000;-29.291218;-439.011230;2194.482178;0.019883;0.000000;0.000000;0.000000;0.000000;2.000000;-42.267864;-674.191406;2173.892822;0.041633;0.000000;0.000000;0.000000;0.000000;2.000000;-3.478596;-637.700134;2177.514160;0.038222;0.000000;0.000000;0.000000;0.000000;2.000000;147.871231;-634.755737;2141.167725;0.065430;0.000000;0.000000;0.000000;0.000000;2.000000;170.052490;-390.590668;1966.637329;0.167087;0.000000;0.000000;0.000000;0.000000;2.000000;4.119003;-579.443298;1942.113403;0.339777;0.000000;0.000000;0.000000;0.000000;2.000000;-12.460810;-682.966431;1944.372070;0.401926;0.000000;0.000000;0.000000;0.000000;2.000000;-13.938135;-798.314697;1921.131958;0.851045;0.000000;0.000000;0.000000;0.000000;2.000000;-31.543655;-692.711060;2050.671875;0.730529;0.000000;0.000000;0.000000;0.000000;2.000000;-76.604233;-633.172485;2179.349609;0.033557;0.000000;0.000000;0.000000;0.000000;2.000000;-212.821259;-601.421021;2148.547607;0.064751;0.000000;0.000000;0.000000;0.000000;2.000000;-297.764374;-307.058167;2161.351318;0.063092;0.000000;0.000000;0.000000;0.000000;2.000000;-198.260834;-217.996902;1943.192505;0.103147;0.000000;0.000000;0.000000;0.000000;2.000000;-158.194092;-203.707336;1838.599854;0.071105;0.000000;0.000000;0.000000;0.000000;2.000000;-125.822037;-161.421051;1735.921753;0.185166;0.000000;0.000000;0.000000;0.000000;2.000000;-99.957504;-200.418762;1842.724365;0.051439;0.000000;0.000000;0.000000;0.000000;2.000000;97.607162;-147.702011;2018.115723;0.000617;0.000000;0.000000;0.000000;0.000000;2.000000;334.413696;-157.823273;1652.193115;0.033520;0.000000;0.000000;0.000000;0.000000;2.000000;342.745148;258.445801;1636.112549;0.034441;0.000000;0.000000;0.000000;0.000000;2.000000;400.352753;410.633240;1513.050171;0.088263;0.000000;0.000000;0.000000;0.000000;2.000000;-88.016678;-152.072235;1983.664307;0.000556;0.000000;0.000000;0.000000;0.000000;2.000000;-201.260483;-147.498215;1563.158691;0.020816;0.000000;0.000000;0.000000;0.000000;2.000000;-178.671982;272.751587;1575.790039;0.109743;0.000000;0.000000;0.000000;0.000000;2.000000;-163.556061;448.109802;1510.555298;0.060304;0.000000;0.000000;0.000000;0.000000;2.000000;-47.369038;-760.190063;2151.708496;0.056040;0.000000;0.000000;0.000000;0.000000;2.000000;-31.483704;-790.519897;1980.093628;0.263454;0.000000;0.000000;0.000000;0.000000;2.000000;-13.107487;-834.638916;2017.928101;0.182619;0.000000;0.000000;0.000000;0.000000;2.000000;34.848034;-839.205261;2147.310547;0.073365;0.000000;0.000000;0.000000;0.000000;2.000000;-67.974518;-823.651550;2007.395264;0.224034;0.000000;0.000000;0.000000;0.000000;2.000000;-143.646347;-818.577881;2128.257324;0.180920;0.000000;0.000000;0.000000;0.000000;2.000000;9860599808.000000
0.000000;-149.999985;2000.000000;0.000001;0.000000;0.000000;0.000000;0.000000;2.000000;-16.093664;-312.169861;2106.054688;0.009145;0.000000;0.000000;0.000000;0.000000;2.000000;-29.411358;-440.297394;2193.051025;0.057052;0.000000;0.000000;0.000000;0.000000;2.000000;-42.084778;-676.057495;2177.474609;0.119641;0.000000;0.000000;0.000000;0.000000;2.000000;-3.314079;-639.412476;2180.230469;0.095147;0.000000;0.000000;0.000000;0.000000;2.000000;147.919922;-635.010986;2143.057617;0.056453;0.000000;0.000000;0.000000;0.000000;2.000000;169.067093;-394.566223;1962.933594;0.163415;0.000000;0.000000;0.000000;0.000000;2.000000;7.039291;-585.481567;1928.366577;0.452648;0.000000;0.000000;0.000000;0.000000;2.000000;-13.611658;-687.509338;1941.686890;0.159836;0.000000;0.000000;0.000000;0.000000;2.000000;-16.058552;-804.865967;1932.213379;0.386085;0.000000;0.000000;0.000000;0.000000;2.000000;-34.627895;-700.625244;2032.789429;0.585854;0.000000;0.000000;0.000000;0.000000;2.000000;-76.496994;-634.952087;2182.145020;0.098116;0.000000;0.000000;0.000000;0.000000;2.000000;-212.366455;-602.268921;2150.300049;0.059162;0.000000;0.000000;0.000000;0.000000;2.000000;-298.398132;-307.912598;2161.390137;0.031502;0.000000;0.000000;0.000000;0.000000;2.000000;-198.863297;-214.748001;1944.739380;0.107968;0.000000;0.000000;0.000000;0.000000;2.000000;-157.345520;-202.634766;1840.346436;0.065647;0.000000;0.000000;0.000000;0.000000;2.000000;-126.217072;-161.019058;1736.914795;0.033790;0.000000;0.000000;0.000000;0.000000;2.000000;-100.521759;-199.721725;1846.128662;0.104180;0.000000;0.000000;0.000000;0.000000;2.000000;97.638580;-147.687866;2018.352051;0.007068;0.000000;0.000000;0.000000;0.000000;2.000000;335.001984;-156.514664;1652.366455;0.042767;0.000000;0.000000;0.000000;0.000000;2.000000;345.217682;259.937744;1634.149902;0.103326;0.000000;0.000000;0.000000;0.000000;2.000000;399.016357;415.054565;1512.778564;0.136922;0.000000;0.000000;0.000000;0.000000;2.000000;-88.044998;-152.084930;1983.451050;0.006377;0.000000;0.000000;0.000000;0.000000;2.000000;-202.046478;-146.416626;1562.824707;0.040782;0.000000;0.000000;0.000000;0.000000;2.000000;-179.449722;273.970947;1580.424561;0.143671;0.000000;0.000000;0.000000;0.000000;2.000000;-164.220917;447.700684;1510.613770;0.023166;0.000000;0.000000;0.000000;0.000000;2.000000;-47.109787;-762.579834;2157.116211;0.175127;0.000000;0.000000;0.000000;0.000000;2.000000;-38.230694;-798.783813;1986.001221;0.360879;0.000000;0.000000;0.000000;0.000000;2.000000;-18.032684;-841.526123;2024.554321;0.318171;0.000000;0.000000;0.000000;0.000000;2.000000;35.348000;-841.423828;2151.989014;0.153940;0.000000;0.000000;0.000000;0.000000;2.000000;-73.392929;-831.124756;2015.953247;0.372502;0.000000;0.000000;0.000000;0.000000;2.000000;-144.031891;-822.179077;2139.728516;0.355982;0.000000;0.000000;0.000000;0.000000;2.000000;9860633600.000000
0.000000;-150.000000;2000.000000;0.000000;0.000000;0.000000;0.000000;0.000000;2.000000;-15.854334;-312.632813;2106.132324;0.016080;0.000000;0.000000;0.000000;0.000000;2.000000;-28.976738;-441.152771;2193.164307;0.029484;0.000000;0.000000;0.000000;0.000000;2.000000;-42.122780;-677.329163;2176.743652;0.044778;0.000000;0.000000;0.000000;0.000000;2.000000;-3.201218;-640.689636;2179.622559;0.043303;0.000000;0.000000;0.000000;0.000000;2.000000;148.285400;-638.107483;2141.936279;0.101120;0.000000;0.000000;0.000000;0.000000;2.000000;169.996307;-399.840576;1957.966187;0.222919;0.000000;0.000000;0.000000;0.000000;2.000000;4.764729;-589.726746;1929.552490;0.151367;0.000000;0.000000;0.000000;0.000000;2.000000;-15.910267;-692.017700;1942.554199;0.156687;0.000000;0.000000;0.000000;0.000000;2.000000;-19.242016;-809.502808;1931.930786;0.171862;0.000000;0.000000;0.000000;0.000000;2.000000;-36.084541;-703.036865;2036.941528;0.153129;0.000000;0.000000;0.000000;0.000000;2.000000;-76.529076;-636.089355;2181.574219;0.038845;0.000000;0.000000;0.000000;0.000000;2.000000;-212.551544;-602.766174;2149.687988;0.024720;0.000000;0.000000;0.000000;0.000000;2.000000;-299.398956;-307.991882;2161.186523;0.031262;0.000000;0.000000;0.000000;0.000000;2.000000;-198.938202;-214.307465;1944.550293;0.014808;0.000000;0.000000;0.000000;0.000000;2.000000;-158.607895;-203.522476;1839.292480;0.057031;0.000000;0.000000;0.000000;0.000000;2.000000;-127.254181;-162.215332;1735.532837;0.064134;0.000000;0.000000;0.000000;0.000000;2.000000;-100.587883;-200.698547;1843.910156;0.074003;0.000000;0.000000;0.000000;0.000000;2.000000;97.844597;-147.550552;2018.369873;0.007575;0.000000;0.000000;0.000000;0.000000;2.000000;336.556580;-153.253815;1652.104492;0.110533;0.000000;0.000000;0.000000;0.000000;2.000000;345.074799;264.125610;1634.140625;0.127878;0.000000;0.000000;0.000000;0.000000;2.000000;400.130341;418.490662;1511.656372;0.115432;0.000000;0.000000;0.000000;0.000000;2.000000;-88.230782;-152.208786;1983.435181;0.006831;0.000000;0.000000;0.000000;0.000000;2.000000;-202.092499;-147.844376;1561.805786;0.053548;0.000000;0.000000;0.000000;0.000000;2.000000;-179.861420;273.432556;1579.836304;0.027388;0.000000;0.000000;0.000000;0.000000;2.000000;-164.318695;448.099121;1511.381348;0.026561;0.000000;0.000000;0.000000;0.000000;2.000000;-47.325512;-763.953003;2156.044922;0.053556;0.000000;0.000000;0.000000;0.000000;2.000000;-48.992683;-790.604736;1982.592041;0.425433;0.000000;0.000000;0.000000;0.000000;2.000000;-22.620056;-833.590820;2017.140015;0.359777;0.000000;0.000000;0.000000;0.000000;2.000000;40.434753;-835.714600;2140.383789;0.424130;0.000000;0.000000;0.000000;0.000000;2.000000;-79.229538;-827.224976;2013.210938;0.229987;0.000000;0.000000;0.000000;0.000000;2.000000;-140.678986;-830.308716;2142.402588;0.280502;0.000000;0.000000;0.000000;0.000000;2.000000;9860666368.000000
0.000000;-150.000000;2000.000000;0.000000;0.000000;0.000000;0.000000;0.000000;2.000000;-14.543753;-312.791931;2106.542236;0.040908;0.000000;0.000000;0.000000;0.000000;2.000000;-26.406878;-442.138031;2192.892578;0.081843;0.000000;0.000000;0.000000;0.000000;2.000000;-40.341690;-678.426392;2174.391846;0.093145;0.000000;0.000000;0.000000;0.000000;2.000000;-1.254166;-641.917725;2177.913574;0.084843;0.000000;0.000000;0.000000;0.000000;2.000000;151.755905;-638.035095;2146.107178;0.160583;0.000000;0.000000;0.000000;0.000000;2.000000;168.406525;-408.728424;1949.978271;0.356747;0.000000;0.000000;0.000000;0.000000;2.000000;-2.223557;-595.849915;1935.691772;0.329558;0.000000;0.000000;0.000000;0.000000;2.000000;-17.138243;-699.740234;1944.246094;0.236757;0.000000;0.000000;0.000000;0.000000;2.000000;-10.741020;-817.163452;1932.672363;0.339354;0.000000;0.000000;0.000000;0.000000;2.000000;-35.073807;-697.766357;2057.264648;0.622033;0.000000;0.000000;0.000000;0.000000;2.000000;-74.673592;-637.038269;2179.270020;0.091941;0.000000;0.000000;0.000000;0.000000;2.000000;-210.438065;-602.283508;2146.969727;0.102891;0.000000;0.000000;0.000000;0.000000;2.000000;-300.021271;-308.090668;2162.431152;0.041283;0.000000;0.000000;0.000000;0.000000;2.000000;-195.414993;-215.835663;1946.748901;0.130954;0.000000;0.000000;0.000000;0.000000;2.000000;-156.504990;-204.232330;1840.885986;0.080856;0.000000;0.000000;0.000000;0.000000;2.000000;-125.627319;-162.553207;1736.963135;0.064879;0.000000;0.000000;0.000000;0.000000;2.000000;-100.437500;-199.907700;1842.524170;0.047432;0.000000;0.000000;0.000000;0.000000;2.000000;98.077835;-147.137863;2017.761597;0.022821;0.000000;0.000000;0.000000;0.000000;2.000000;337.972015;-151.929840;1651.573730;0.059467;0.000000;0.000000;0.000000;0.000000;2.000000;345.906891;266.020508;1633.924072;0.061578;0.000000;0.000000;0.000000;0.000000;2.000000;397.818909;420.647827;1509.960449;0.106173;0.000000;0.000000;0.000000;0.000000;2.000000;-88.441086;-152.580933;1983.983643;0.020578;0.000000;0.000000;0.000000;0.000000;2.000000;-201.833832;-147.572983;1561.644775;0.012075;0.000000;0.000000;0.000000;0.000000;2.000000;-178.900421;274.224304;1579.548340;0.037820;0.000000;0.000000;0.000000;0.000000;2.000000;-163.842758;448.521790;1509.389160;0.061891;0.000000;0.000000;0.000000;0.000000;2.000000;-45.706474;-764.969360;2152.908691;0.108691;0.000000;0.000000;0.000000;0.000000;2.000000;-50.903156;-782.061401;1978.093628;0.291266;0.000000;0.000000;0.000000;0.000000;2.000000;-21.513968;-825.592224;2009.525757;0.328437;0.000000;0.000000;0.000000;0.000000;2.000000;45.045887;-831.414795;2130.997559;0.334611;0.000000;0.000000;0.000000;0.000000;2.000000;-78.525047;-821.820679;2007.375122;0.236297;0.000000;0.000000;0.000000;0.000000;2.000000;-136.229568;-835.094971;2137.849365;0.235700;0.000000;0.000000;0.000000;0.000000;2.000000;9860700160.000000
0.000000;-150.000000;2000.000000;0.000000;0.000000;0.000000;0.000000;0.000000;2.000000;-14.089180;-313.034180;2106.092285;0.020872;0.000000;0.000000;0.000000;0.000000;2.000000;-25.736784;-442.079376;2192.811523;0.020676;0.000000;0.000000;0.000000;0.000000;2.000000;-36.003700;-678.519714;2175.059570;0.133974;0.000000;0.000000;0.000000;0.000000;2.000000;2.497513;-641.416321;2178.504883;0.116911;0.000000;0.000000;0.000000;0.000000;2.000000;155.512421;-636.771973;2147.126953;0.124887;0.000000;0.000000;0.000000;0.000000;2.000000;168.828583;-409.391052;1948.696655;0.045875;0.000000;0.000000;0.000000;0.000000;2.000000;-1.836498;-596.778076;1942.182617;0.200448;0.000000;0.000000;0.000000;0.000000;2.000000;-18.116829;-700.574585;1948.616577;0.139031;0.000000;0.000000;0.000000;0.000000;2.000000;-15.116182;-817.440796;1931.721558;0.136898;0.000000;0.000000;0.000000;0.000000;2.000000;-34.276367;-698.587769;2063.772949;0.201667;0.000000;0.000000;0.000000;0.000000;2.000000;-70.961121;-637.666382;2179.767090;0.115903;0.000000;0.000000;0.000000;0.000000;2.000000;-207.224823;-604.661133;2147.988281;0.125884;0.000000;0.000000;0.000000;0.000000;2.000000;-299.530029;-311.454346;2163.768555;0.111480;0.000000;0.000000;0.000000;0.000000;2.000000;-197.896820;-215.868561;1948.235107;0.088287;0.000000;0.000000;0.000000;0.000000;2.000000;-158.650848;-204.397171;1842.529419;0.082639;0.000000;0.000000;0.000000;0.000000;2.000000;-126.368919;-162.149963;1739.315796;0.076279;0.000000;0.000000;0.000000;0.000000;2.000000;-100.494720;-199.333588;1844.751953;0.070230;0.000000;0.000000;0.000000;0.000000;2.000000;98.042336;-146.949936;2017.707153;0.006068;0.000000;0.000000;0.000000;0.000000;2.000000;337.794098;-152.933487;1651.648193;0.031189;0.000000;0.000000;0.000000;0.000000;2.000000;345.861206;264.882263;1634.762695;0.043169;0.000000;0.000000;0.000000;0.000000;2.000000;398.409424;419.586731;1511.296631;0.055101;0.000000;0.000000;0.000000;0.000000;2.000000;-88.409088;-152.750381;1984.032593;0.005470;0.000000;0.000000;0.000000;0.000000;2.000000;-202.070435;-147.222672;1561.949341;0.015900;0.000000;0.000000;0.000000;0.000000;2.000000;-179.007660;274.348389;1581.068604;0.046664;0.000000;0.000000;0.000000;0.000000;2.000000;-163.500748;448.414551;1510.631592;0.039462;0.000000;0.000000;0.000000;0.000000;2.000000;-40.008633;-765.169189;2153.856445;0.176379;0.000000;0.000000;0.000000;0.000000;2.000000;-48.424370;-785.602173;1979.595215;0.139637;0.000000;0.000000;0.000000;0.000000;2.000000;-21.195019;-830.068604;2011.611084;0.151018;0.000000;0.000000;0.000000;0.000000;2.000000;46.450645;-837.163208;2132.351563;0.185257;0.000000;0.000000;0.000000;0.000000;2.000000;-77.895760;-823.059814;2010.042358;0.091784;0.000000;0.000000;0.000000;0.000000;2.000000;-134.562622;-830.226318;2141.385254;0.190546;0.000000;0.000000;0.000000;0.000000;2.000000;9860732928.000000
0.000000;-150.000000;2000.000000;0.000000;0.000000;0.000000;0.000000;0.000000;2.000000;-13.268282;-312.997040;2108.016113;0.061907;0.000000;0.000000;0.000000;0.000000;2.000000;-24.129135;-442.402069;2195.686523;0.097944;0.000000;0.000000;0.000000;0.000000;2.000000;-33.274479;-678.774658;2165.227295;0.302060;0.000000;0.000000;0.000000;0.000000;2.000000;5.227581;-641.566528;2170.928223;0.238367;0.000000;0.000000;0.000000;0.000000;2.000000;159.674850;-636.238525;2143.006348;0.174044;0.000000;0.000000;0.000000;0.000000;2.000000;169.644073;-409.438751;1941.457642;0.215582;0.000000;0.000000;0.000000;0.000000;2.000000;-5.166546;-594.785522;1944.379517;0.131965;0.000000;0.000000;0.000000;0.000000;2.000000;-13.768024;-700.191406;1946.767700;0.140300;0.000000;0.000000;0.000000;0.000000;2.000000;-3.827496;-816.237061;1923.850586;0.408805;0.000000;0.000000;0.000000;0.000000;2.000000;-30.808491;-700.960938;2064.465088;0.126029;0.000000;0.000000;0.000000;0.000000;2.000000;-68.617401;-638.170166;2171.877930;0.244003;0.000000;0.000000;0.000000;0.000000;2.000000;-206.566635;-605.322144;2144.253906;0.113906;0.000000;0.000000;0.000000;0.000000;2.000000;-300.091644;-311.061951;2162.787598;0.035408;0.000000;0.000000;0.000000;0.000000;2.000000;-203.023300;-216.909027;1943.042847;0.218111;0.000000;0.000000;0.000000;0.000000;2.000000;-162.623749;-203.196579;1837.436035;0.194432;0.000000;0.000000;0.000000;0.000000;2.000000;-125.872452;-161.643021;1734.789063;0.135594;0.000000;0.000000;0.000000;0.000000;2.000000;-100.507843;-198.590973;1840.671387;0.122739;0.000000;0.000000;0.000000;0.000000;2.000000;98.690964;-146.866013;2016.852051;0.031858;0.000000;0.000000;0.000000;0.000000;2.000000;338.328461;-152.753876;1648.130981;0.105413;0.000000;0.000000;0.000000;0.000000;2.000000;345.291229;267.133118;1630.751221;0.137162;0.000000;0.000000;0.000000;0.000000;2.000000;399.583038;421.699951;1506.187134;0.167271;0.000000;0.000000;0.000000;0.000000;2.000000;-88.993996;-152.826065;1984.803833;0.028732;0.000000;0.000000;0.000000;0.000000;2.000000;-200.855652;-146.122192;1560.019287;0.074934;0.000000;0.000000;0.000000;0.000000;2.000000;-178.526871;277.565002;1579.576172;0.105896;0.000000;0.000000;0.000000;0.000000;2.000000;-163.634476;451.358521;1505.907227;0.164778;0.000000;0.000000;0.000000;0.000000;2.000000;-36.769573;-764.618286;2139.313965;0.441200;0.000000;0.000000;0.000000;0.000000;2.000000;-34.822422;-785.317078;1964.016357;0.612074;0.000000;0.000000;0.000000;0.000000;2.000000;-11.084599;-830.820435;1997.880981;0.505077;0.000000;0.000000;0.000000;0.000000;2.000000;48.799984;-839.930237;2123.283691;0.289045;0.000000;0.000000;0.000000;0.000000;2.000000;-67.579414;-821.853027;1992.695557;0.598327;0.000000;0.000000;0.000000;0.000000;2.000000;-132.976410;-826.770508;2120.820801;0.618876;0.000000;0.000000;0.000000;0.000000;2.000000;9860766720.000000
0.000000;-149.999985;2000.000000;0.000000;0.000000;0.000000;0.000000;0.000000;2.000000;-13.684271;-312.186829;2109.060059;0.040998;0.000000;0.000000;0.000000;0.000000;2.000000;-24.900482;-440.853119;2197.674316;0.077990;0.000000;0.000000;0.000000;0.000000;2.000000;-32.464680;-676.203735;2160.281006;0.166698;0.000000;0.000000;0.000000;0.000000;2.000000;5.773579;-638.946716;2167.148926;0.137039;0.000000;0.000000;0.000000;0.000000;2.000000;160.472809;-634.970825;2140.732422;0.080580;0.000000;0.000000;0.000000;0.000000;2.000000;167.315216;-412.600250;1934.329102;0.240840;0.000000;0.000000;0.000000;0.000000;2.000000;-1.750919;-602.990906;1927.596069;0.562013;0.000000;0.000000;0.000000;0.000000;2.000000;-13.791134;-703.660400;1957.650757;0.338026;0.000000;0.000000;0.000000;0.000000;2.000000;-4.125919;-821.344360;1969.408447;1.356659;0.000000;0.000000;0.000000;0.000000;1.000000;-29.648310;-689.810425;2062.499512;0.336817;0.000000;0.000000;0.000000;0.000000;2.000000;-68.068695;-636.051880;2168.045898;0.130587;0.000000;0.000000;0.000000;0.000000;2.000000;-206.496735;-603.960510;2142.239746;0.071977;0.000000;0.000000;0.000000;0.000000;2.000000;-300.970306;-310.032196;2159.455811;0.106424;0.000000;0.000000;0.000000;0.000000;2.000000;-201.372345;-216.221786;1940.800659;0.084872;0.000000;0.000000;0.000000;0.000000;2.000000;-158.763306;-202.036789;1836.170166;0.125029;0.000000;0.000000;0.000000;0.000000;2.000000;-125.654892;-159.990784;1732.533203;0.082998;0.000000;0.000000;0.000000;0.000000;2.000000;-100.709869;-196.954453;1842.128418;0.065117;0.000000;0.000000;0.000000;0.000000;2.000000;98.639763;-146.916855;2016.961792;0.003887;0.000000;0.000000;0.000000;0.000000;2.000000;336.142273;-151.299332;1647.015869;0.084423;0.000000;0.000000;0.000000;0.000000;2.000000;345.672302;268.394409;1629.584229;0.052086;0.000000;0.000000;0.000000;0.000000;2.000000;399.961273;425.197876;1507.962769;0.116625;0.000000;0.000000;0.000000;0.000000;2.000000;-88.947815;-152.780182;1984.704712;0.003509;0.000000;0.000000;0.000000;0.000000;2.000000;-202.306305;-146.479279;1560.463135;0.046120;0.000000;0.000000;0.000000;0.000000;2.000000;-178.471313;277.150818;1575.979370;0.107155;0.000000;0.000000;0.000000;0.000000;2.000000;-164.159225;452.875427;1507.094238;0.059077;0.000000;0.000000;0.000000;0.000000;2.000000;-35.357754;-761.241211;2131.860352;0.245735;0.000000;0.000000;0.000000;0.000000;2.000000;-16.321732;-787.754578;1958.438232;0.576363;0.000000;0.000000;0.000000;0.000000;2.000000;1.237904;-833.265747;1995.837646;0.376654;0.000000;0.000000;0.000000;0.000000;2.000000;47.147362;-841.314026;2127.022949;0.127723;0.000000;0.000000;0.000000;0.000000;2.000000;-53.818050;-821.583618;1984.473999;0.474447;0.000000;0.000000;0.000000;0.000000;2.000000;-132.335052;-818.917847;2105.019043;0.522521;0.000000;0.000000;0.000000;0.000000;2.000000;9860800512.000000
