posX0;posY0;posZ0;posVel0;rotX0;rotY0;rotZ0;rotVel0;confidence0;posX1;posY1;posZ1;posVel1;rotX1;rotY1;rotZ1;rotVel1;confidence1;posX2;posY2;posZ2;posVel2;rotX2;rotY2;rotZ2;rotVel2;confidence2;posX3;posY3;posZ3;posVel3;rotX3;rotY3;rotZ3;rotVel3;confidence3;posX4;posY4;posZ4;posVel4;rotX4;rotY4;rotZ4;rotVel4;confidence4;posX5;posY5;posZ5;posVel5;rotX5;rotY5;rotZ5;rotVel5;confidence5;posX6;posY6;posZ6;posVel6;rotX6;rotY6;rotZ6;rotVel6;confidence6;posX7;posY7;posZ7;posVel7;rotX7;rotY7;rotZ7;rotVel7;confidence7;posX8;posY8;posZ8;posVel8;rotX8;rotY8;rotZ8;rotVel8;confidence8;posX9;posY9;posZ9;posVel9;rotX9;rotY9;rotZ9;rotVel9;confidence9;posX10;posY10;posZ10;posVel10;rotX10;rotY10;rotZ10;rotVel10;confidence10;posX11;posY11;posZ11;posVel11;rotX11;rotY11;rotZ11;rotVel11;confidence11;posX12;posY12;posZ12;posVel12;rotX12;rotY12;rotZ12;rotVel12;confidence12;posX13;posY13;posZ13;posVel13;rotX13;rotY13;rotZ13;rotVel13;confidence13;posX14;posY14;posZ14;posVel14;rotX14;rotY14;rotZ14;rotVel14;confidence14;posX15;posY15;posZ15;posVel15;rotX15;rotY15;rotZ15;rotVel15;confidence15;posX16;posY16;posZ16;posVel16;rotX16;rotY16;rotZ16;rotVel16;confidence16;posX17;posY17;posZ17;posVel17;rotX17;rotY17;rotZ17;rotVel17;confidence17;posX18;posY18;posZ18;posVel18;rotX18;rotY18;rotZ18;rotVel18;confidence18;posX19;posY19;posZ19;posVel19;rotX19;rotY19;rotZ19;rotVel19;confidence19;posX20;posY20;posZ20;posVel20;rotX20;rotY20;rotZ20;rotVel20;confidence20;posX21;posY21;posZ21;posVel21;rotX21;rotY21;rotZ21;rotVel21;confidence21;posX22;posY22;posZ22;posVel22;rotX22;rotY22;rotZ22;rotVel22;confidence22;posX23;posY23;posZ23;posVel23;rotX23;rotY23;rotZ23;rotVel23;confidence23;posX24;posY24;posZ24;posVel24;rotX24;rotY24;rotZ24;rotVel24;confidence24;posX25;posY25;posZ25;posVel25;rotX25;rotY25;rotZ25;rotVel25;confidence25;posX26;posY26;posZ26;posVel26;rotX26;rotY26;rotZ26;rotVel26;confidence26;posX27;posY27;posZ27;posVel27;rotX27;rotY27;rotZ27;rotVel27;confidence27;posX28;posY28;posZ28;posVel28;rotX28;rotY28;rotZ28;rotVel28;confidence28;posX29;posY29;posZ29;posVel29;rotX29;rotY29;rotZ29;rotVel29;confidence29;posX30;posY30;posZ30;posVel30;rotX30;rotY30;rotZ30;rotVel30;confidence30;posX31;posY31;posZ31;posVel31;rotX31;rotY31;rotZ31;rotVel31;confidence31;TimeStamp
0.000000;-150.000000;2000.000000;0.000000;0.000000;0.000000;0.000000;0.000000;2.000000;-93.667053;-149.416626;1832.734985;0.000000;0.000000;0.000000;0.000000;0.000000;2.000000;-165.961121;-128.924438;1699.159790;0.000000;0.000000;0.000000;0.000000;0.000000;2.000000;-290.836243;-173.609436;1507.236816;0.000000;0.000000;0.000000;0.000000;0.000000;2.000000;-300.578918;-167.635864;1558.651367;0.000000;0.000000;0.000000;0.000000;0.000000;2.000000;-379.525330;-189.558655;1688.585693;0.000000;0.000000;0.000000;0.000000;0.000000;2.000000;-523.096375;57.610901;1769.028076;0.000000;0.000000;0.000000;0.000000;0.000000;1.000000;-362.708435;-67.410950;1913.111816;0.000000;0.000000;0.000000;0.000000;0.000000;1.000000;-284.763184;-114.170654;1863.669678;0.000000;0.000000;0.000000;0.000000;0.000000;0.000000;-200.675842;-109.363831;1783.745728;0.000000;0.000000;0.000000;0.000000;0.000000;0.000000;-260.723938;-81.816772;1798.849487;0.000000;0.000000;0.000000;0.000000;0.000000;0.000000;-240.290710;-162.615417;1519.035156;0.000000;0.000000;0.000000;0.000000;0.000000;2.000000;-118.675293;-150.530579;1448.086914;0.000000;0.000000;0.000000;0.000000;0.000000;2.000000;-216.661804;6.563965;1208.787598;0.000000;0.000000;0.000000;0.000000;0.000000;2.000000;-82.785278;129.981750;1383.551880;0.000000;0.000000;0.000000;0.000000;0.000000;1.000000;-47.450745;43.044922;1443.599731;0.000000;0.000000;0.000000;0.000000;0.000000;1.000000;-7.267090;-49.898621;1496.250854;0.000000;0.000000;0.000000;0.000000;0.000000;1.000000;-103.687988;25.713745;1482.563965;0.000000;0.000000;0.000000;0.000000;0.000000;1.000000;-84.967407;-139.363586;2047.618042;0.000000;0.000000;0.000000;0.000000;0.000000;2.000000;130.174194;-176.434570;2418.288574;0.000000;0.000000;0.000000;0.000000;0.000000;2.000000;399.687683;-83.084473;2714.377930;0.000000;0.000000;0.000000;0.000000;0.000000;1.000000;469.224060;-160.918457;2886.513672;0.000000;0.000000;0.000000;0.000000;0.000000;1.000000;76.618835;-159.591370;1957.060669;0.000000;0.000000;0.000000;0.000000;0.000000;2.000000;335.867004;-206.073181;2296.602051;0.000000;0.000000;0.000000;0.000000;0.000000;2.000000;617.204834;-213.308716;2602.203613;0.000000;0.000000;0.000000;0.000000;0.000000;2.000000;667.818848;-290.050598;2762.990234;0.000000;0.000000;0.000000;0.000000;0.000000;2.000000;-334.849182;-204.302124;1437.770020;0.000000;0.000000;0.000000;0.000000;0.000000;2.000000;-227.728394;-253.760498;1311.699829;0.000000;0.000000;0.000000;0.000000;0.000000;2.000000;-283.621399;-275.939087;1310.462769;0.000000;0.000000;0.000000;0.000000;0.000000;2.000000;-379.518738;-301.873840;1403.671753;0.000000;0.000000;0.000000;0.000000;0.000000;1.000000;-271.278564;-223.183838;1295.599243;0.000000;0.000000;0.000000;0.000000;0.000000;2.000000;-360.470032;-131.559021;1354.518066;0.000000;0.000000;0.000000;0.000000;0.000000;1.000000;6610633216.000000
0.000000;-150.000000;2000.000000;0.000000;0.000000;0.000000;0.000000;0.000000;2.000000;-90.666565;-150.164307;1828.985840;0.146029;0.000000;0.000000;0.000000;0.000000;2.000000;-161.182068;-134.537354;1692.132202;0.306035;0.000000;0.000000;0.000000;0.000000;2.000000;-295.090088;-188.904297;1506.131104;0.478181;0.000000;0.000000;0.000000;0.000000;2.000000;-302.254456;-183.286194;1558.524902;0.472965;0.000000;0.000000;0.000000;0.000000;2.000000;-365.265137;-210.223267;1697.661987;0.802210;0.000000;0.000000;0.000000;0.000000;2.000000;-530.221313;28.152954;1774.197510;0.923830;0.000000;0.000000;0.000000;0.000000;1.000000;-334.767761;-87.914490;1882.129272;1.396830;0.000000;0.000000;0.000000;0.000000;1.000000;-247.855530;-143.214966;1864.727173;1.411577;0.000000;0.000000;0.000000;0.000000;0.000000;-178.087646;-111.480103;1776.018799;0.720158;0.000000;0.000000;0.000000;0.000000;0.000000;-215.840149;-81.256836;1791.499634;1.366738;0.000000;0.000000;0.000000;0.000000;0.000000;-244.301270;-174.371216;1515.016846;0.392274;0.000000;0.000000;0.000000;0.000000;2.000000;-120.779053;-139.403992;1452.743408;0.367901;0.000000;0.000000;0.000000;0.000000;2.000000;-284.250732;-93.663025;1198.755981;3.644913;0.000000;0.000000;0.000000;0.000000;2.000000;-194.093933;-12.784363;1422.958374;5.566981;0.000000;0.000000;0.000000;0.000000;2.000000;-141.427673;-108.251221;1450.635986;5.355955;0.000000;0.000000;0.000000;0.000000;2.000000;-77.038757;-203.760071;1447.343628;5.284819;0.000000;0.000000;0.000000;0.000000;2.000000;-180.840881;-145.262146;1419.952393;5.942043;0.000000;0.000000;0.000000;0.000000;2.000000;-86.842346;-138.756897;2046.030396;0.076041;0.000000;0.000000;0.000000;0.000000;2.000000;127.883057;-177.880615;2421.554443;0.127505;0.000000;0.000000;0.000000;0.000000;2.000000;402.007599;-79.638550;2717.379395;0.153995;0.000000;0.000000;0.000000;0.000000;1.000000;467.056519;-158.332520;2893.130127;0.223172;0.000000;0.000000;0.000000;0.000000;1.000000;78.309570;-160.138367;1958.492432;0.068571;0.000000;0.000000;0.000000;0.000000;2.000000;329.537506;-213.440979;2308.197021;0.454502;0.000000;0.000000;0.000000;0.000000;2.000000;613.842285;-215.518372;2616.610596;0.449468;0.000000;0.000000;0.000000;0.000000;2.000000;675.283020;-292.039185;2775.797119;0.449402;0.000000;0.000000;0.000000;0.000000;2.000000;-341.386841;-223.129456;1438.752197;0.599588;0.000000;0.000000;0.000000;0.000000;2.000000;-216.313660;-261.285645;1323.446655;0.541626;0.000000;0.000000;0.000000;0.000000;2.000000;-269.276978;-290.391846;1317.486816;0.647243;0.000000;0.000000;0.000000;0.000000;2.000000;-370.850708;-326.863831;1402.752930;0.795269;0.000000;0.000000;0.000000;0.000000;2.000000;-261.901917;-236.217102;1302.371094;0.523601;0.000000;0.000000;0.000000;0.000000;2.000000;-367.679077;-154.536865;1350.813843;0.732134;0.000000;0.000000;0.000000;0.000000;1.000000;6610666496.000000
0.000000;-150.000000;2000.000000;0.000000;0.000000;0.000000;0.000000;0.000000;2.000000;-91.325623;-153.224976;1830.926270;0.110679;0.000000;0.000000;0.000000;0.000000;2.000000;-161.284485;-138.452087;1694.931519;0.144643;0.000000;0.000000;0.000000;0.000000;2.000000;-291.351929;-188.912598;1507.220337;0.116996;0.000000;0.000000;0.000000;0.000000;2.000000;-300.125488;-178.303101;1558.195801;0.163125;0.000000;0.000000;0.000000;0.000000;2.000000;-388.569641;-175.780457;1684.236572;1.313087;0.000000;0.000000;0.000000;0.000000;2.000000;-501.756897;99.362732;1694.515381;3.323037;0.000000;0.000000;0.000000;0.000000;2.000000;-355.038757;-51.162720;1829.584839;2.020724;0.000000;0.000000;0.000000;0.000000;1.000000;-278.683289;-115.317139;1858.123901;1.264964;0.000000;0.000000;0.000000;0.000000;0.000000;-199.513367;-115.685364;1772.791870;0.663211;0.000000;0.000000;0.000000;0.000000;0.000000;-220.763000;-79.467834;1782.056274;0.324480;0.000000;0.000000;0.000000;0.000000;0.000000;-239.906799;-180.635803;1517.897705;0.245689;0.000000;0.000000;0.000000;0.000000;2.000000;-121.389771;-184.203491;1440.363037;1.396716;0.000000;0.000000;0.000000;0.000000;2.000000;-239.876770;-42.706970;1199.644897;2.030494;0.000000;0.000000;0.000000;0.000000;2.000000;-96.413147;17.900391;1399.052490;3.159278;0.000000;0.000000;0.000000;0.000000;1.000000;-93.291260;-83.511780;1445.750000;1.632866;0.000000;0.000000;0.000000;0.000000;1.000000;-83.902527;-196.250610;1462.862671;0.557587;0.000000;0.000000;0.000000;0.000000;1.000000;-171.551025;-93.652161;1421.536499;1.576422;0.000000;0.000000;0.000000;0.000000;1.000000;-85.230164;-132.827820;2045.709717;0.184877;0.000000;0.000000;0.000000;0.000000;2.000000;116.392883;-183.630737;2423.541016;0.390665;0.000000;0.000000;0.000000;0.000000;1.000000;388.693848;-88.871826;2718.066895;0.487281;0.000000;0.000000;0.000000;0.000000;1.000000;457.644958;-162.807129;2892.731445;0.313363;0.000000;0.000000;0.000000;0.000000;1.000000;76.855835;-165.484863;1958.781494;0.166711;0.000000;0.000000;0.000000;0.000000;2.000000;329.982758;-211.159607;2304.367676;0.134603;0.000000;0.000000;0.000000;0.000000;2.000000;610.956482;-216.435364;2611.761963;0.171769;0.000000;0.000000;0.000000;0.000000;2.000000;662.093018;-291.925903;2773.510742;0.402259;0.000000;0.000000;0.000000;0.000000;2.000000;-338.267517;-221.736816;1440.398560;0.113946;0.000000;0.000000;0.000000;0.000000;2.000000;-235.912170;-261.554077;1306.596802;0.776667;0.000000;0.000000;0.000000;0.000000;2.000000;-295.401428;-266.586731;1298.148682;1.210581;0.000000;0.000000;0.000000;0.000000;2.000000;-403.136536;-290.420654;1378.618774;1.632841;0.000000;0.000000;0.000000;0.000000;2.000000;-268.666382;-217.030212;1299.445190;0.617600;0.000000;0.000000;0.000000;0.000000;2.000000;-336.791931;-124.477905;1381.387329;1.587806;0.000000;0.000000;0.000000;0.000000;1.000000;6610699776.000000
0.000000;-150.000000;2000.000000;0.000000;0.000000;0.000000;0.000000;0.000000;2.000000;-89.715454;-149.643066;1830.292603;0.117719;0.000000;0.000000;0.000000;0.000000;2.000000;-158.424866;-129.555054;1694.546997;0.276788;0.000000;0.000000;0.000000;0.000000;2.000000;-289.495972;-178.926880;1507.589722;0.300765;0.000000;0.000000;0.000000;0.000000;2.000000;-297.938354;-168.690735;1558.632935;0.292014;0.000000;0.000000;0.000000;0.000000;2.000000;-386.119202;-172.397766;1684.607056;0.124094;0.000000;0.000000;0.000000;0.000000;2.000000;-503.774353;100.015259;1703.585693;0.275653;0.000000;0.000000;0.000000;0.000000;2.000000;-352.667908;-45.947266;1838.279541;0.308134;0.000000;0.000000;0.000000;0.000000;1.000000;-277.839417;-113.788086;1861.374268;0.109193;0.000000;0.000000;0.000000;0.000000;0.000000;-200.607544;-111.069031;1774.509766;0.149316;0.000000;0.000000;0.000000;0.000000;0.000000;-221.009583;-74.349731;1784.435303;0.167181;0.000000;0.000000;0.000000;0.000000;0.000000;-238.056580;-170.637146;1517.967773;0.300919;0.000000;0.000000;0.000000;0.000000;2.000000;-119.881042;-177.903137;1440.475586;0.191745;0.000000;0.000000;0.000000;0.000000;2.000000;-241.402222;-36.667358;1201.574463;0.192983;0.000000;0.000000;0.000000;0.000000;2.000000;-97.724670;47.021790;1391.890869;0.888309;0.000000;0.000000;0.000000;0.000000;1.000000;-86.678223;-50.296021;1445.300903;1.002327;0.000000;0.000000;0.000000;0.000000;1.000000;-69.346069;-160.555908;1469.846802;1.159336;0.000000;0.000000;0.000000;0.000000;1.000000;-165.513916;-67.018616;1425.995239;0.818856;0.000000;0.000000;0.000000;0.000000;1.000000;-85.930786;-136.754700;2045.455078;0.118283;0.000000;0.000000;0.000000;0.000000;2.000000;130.901184;-170.000061;2416.169678;0.628192;0.000000;0.000000;0.000000;0.000000;2.000000;393.058594;-91.786804;2723.786621;0.229727;0.000000;0.000000;0.000000;0.000000;1.000000;464.164551;-170.679077;2895.111816;0.310568;0.000000;0.000000;0.000000;0.000000;1.000000;77.487610;-161.943909;1959.011108;0.106658;0.000000;0.000000;0.000000;0.000000;2.000000;332.110840;-205.309143;2303.159180;0.187669;0.000000;0.000000;0.000000;0.000000;2.000000;606.771912;-214.242615;2615.469482;0.177716;0.000000;0.000000;0.000000;0.000000;2.000000;661.055115;-286.086365;2777.602051;0.213225;0.000000;0.000000;0.000000;0.000000;2.000000;-336.741455;-211.346741;1440.939819;0.311183;0.000000;0.000000;0.000000;0.000000;2.000000;-241.834717;-251.645752;1302.148682;0.366087;0.000000;0.000000;0.000000;0.000000;2.000000;-301.533508;-257.998291;1297.373535;0.313131;0.000000;0.000000;0.000000;0.000000;2.000000;-403.653015;-282.373779;1384.458618;0.294627;0.000000;0.000000;0.000000;0.000000;2.000000;-275.832520;-207.969788;1296.182495;0.355225;0.000000;0.000000;0.000000;0.000000;2.000000;-340.791077;-115.335144;1380.287964;0.297097;0.000000;0.000000;0.000000;0.000000;1.000000;6610733568.000000
0.000000;-150.000000;2000.000000;0.000000;0.000000;0.000000;0.000000;0.000000;2.000000;-91.535645;-153.432007;1829.957886;0.126706;0.000000;0.000000;0.000000;0.000000;2.000000;-161.882324;-134.337524;1693.836182;0.178606;0.000000;0.000000;0.000000;0.000000;2.000000;-298.837830;-175.274597;1507.256958;0.301561;0.000000;0.000000;0.000000;0.000000;2.000000;-305.764343;-169.105042;1559.504272;0.236936;0.000000;0.000000;0.000000;0.000000;2.000000;-387.894104;-185.466370;1689.651855;0.424294;0.000000;0.000000;0.000000;0.000000;2.000000;-520.453796;70.043457;1771.179565;2.277605;0.000000;0.000000;0.000000;0.000000;1.000000;-365.298035;-96.013977;1877.958740;1.956735;0.000000;0.000000;0.000000;0.000000;1.000000;-275.241394;-125.723022;1834.659180;0.882661;0.000000;0.000000;0.000000;0.000000;0.000000;-184.605652;-95.545593;1767.137939;0.705574;0.000000;0.000000;0.000000;0.000000;0.000000;-244.466492;-73.512085;1786.992188;0.709457;0.000000;0.000000;0.000000;0.000000;0.000000;-247.066589;-165.685730;1516.481812;0.312131;0.000000;0.000000;0.000000;0.000000;2.000000;-131.690613;-172.488281;1433.338623;0.445404;0.000000;0.000000;0.000000;0.000000;2.000000;-245.078125;-25.699463;1191.431519;0.462278;0.000000;0.000000;0.000000;0.000000;2.000000;-84.374817;63.942261;1366.917603;0.991215;0.000000;0.000000;0.000000;0.000000;1.000000;-77.534241;-29.265381;1429.084473;0.843957;0.000000;0.000000;0.000000;0.000000;1.000000;-66.954712;-138.529480;1463.302979;0.694172;0.000000;0.000000;0.000000;0.000000;1.000000;-160.022644;-40.849731;1417.932617;0.839181;0.000000;0.000000;0.000000;0.000000;1.000000;-86.417297;-138.410095;2046.285400;0.057536;0.000000;0.000000;0.000000;0.000000;2.000000;113.724182;-187.851013;2427.522949;0.818832;0.000000;0.000000;0.000000;0.000000;1.000000;377.530609;-87.694946;2730.740234;0.525811;0.000000;0.000000;0.000000;0.000000;1.000000;448.348297;-168.738220;2902.645020;0.529622;0.000000;0.000000;0.000000;0.000000;1.000000;77.926270;-160.451111;1958.262329;0.051884;0.000000;0.000000;0.000000;0.000000;2.000000;330.967346;-199.327148;2307.401367;0.223021;0.000000;0.000000;0.000000;0.000000;2.000000;609.764648;-195.727112;2619.576660;0.576930;0.000000;0.000000;0.000000;0.000000;2.000000;663.471375;-281.124207;2776.557617;0.168784;0.000000;0.000000;0.000000;0.000000;2.000000;-347.635437;-204.747681;1439.647949;0.384680;0.000000;0.000000;0.000000;0.000000;2.000000;-236.812683;-252.187439;1314.223022;0.393279;0.000000;0.000000;0.000000;0.000000;2.000000;-294.027405;-271.530640;1309.301147;0.587080;0.000000;0.000000;0.000000;0.000000;2.000000;-395.781921;-298.376160;1397.400879;0.662103;0.000000;0.000000;0.000000;0.000000;1.000000;-278.409241;-218.268188;1298.206177;0.324730;0.000000;0.000000;0.000000;0.000000;2.000000;-366.219421;-125.289673;1359.561279;1.030123;0.000000;0.000000;0.000000;0.000000;1.000000;6610766848.000000
0.000000;-150.000000;2000.000000;0.000000;0.000000;0.000000;0.000000;0.000000;2.000000;-85.320496;-151.900024;1828.434692;0.197714;0.000000;0.000000;0.000000;0.000000;2.000000;-150.984985;-135.553589;1691.000366;0.340317;0.000000;0.000000;0.000000;0.000000;2.000000;-286.538330;-187.487549;1508.508423;0.522180;0.000000;0.000000;0.000000;0.000000;2.000000;-293.128357;-180.712585;1560.298096;0.516122;0.000000;0.000000;0.000000;0.000000;2.000000;-367.581360;-205.951843;1692.185425;0.870192;0.000000;0.000000;0.000000;0.000000;2.000000;-514.578186;29.796326;1796.638550;1.441843;0.000000;0.000000;0.000000;0.000000;1.000000;-350.312805;-146.441467;1860.003906;1.670269;0.000000;0.000000;0.000000;0.000000;1.000000;-255.047729;-135.612976;1821.222534;0.787087;0.000000;0.000000;0.000000;0.000000;0.000000;-148.644165;-104.439392;1786.932739;1.262077;0.000000;0.000000;0.000000;0.000000;0.000000;-225.320374;-84.284058;1797.500122;0.731735;0.000000;0.000000;0.000000;0.000000;0.000000;-235.690002;-174.918396;1516.803711;0.440358;0.000000;0.000000;0.000000;0.000000;2.000000;-122.529358;-170.237183;1432.396973;0.284875;0.000000;0.000000;0.000000;0.000000;2.000000;-246.650452;-48.777344;1184.804443;0.723016;0.000000;0.000000;0.000000;0.000000;2.000000;-109.835632;-33.417297;1396.192627;3.149200;0.000000;0.000000;0.000000;0.000000;2.000000;-109.766907;-142.164368;1420.171875;3.538097;0.000000;0.000000;0.000000;0.000000;2.000000;-102.506165;-255.801025;1413.282104;3.977100;0.000000;0.000000;0.000000;0.000000;2.000000;-153.599304;-156.111877;1397.863525;3.520808;0.000000;0.000000;0.000000;0.000000;2.000000;-86.965088;-136.945007;2043.103760;0.106530;0.000000;0.000000;0.000000;0.000000;2.000000;97.892822;-186.545532;2428.142578;0.477680;0.000000;0.000000;0.000000;0.000000;2.000000;357.748047;-87.581482;2730.710449;0.594438;0.000000;0.000000;0.000000;0.000000;1.000000;426.838318;-159.589600;2905.434570;0.707349;0.000000;0.000000;0.000000;0.000000;1.000000;78.420288;-161.772339;1961.131470;0.096068;0.000000;0.000000;0.000000;0.000000;2.000000;332.076202;-214.184448;2303.770020;0.460781;0.000000;0.000000;0.000000;0.000000;2.000000;614.523926;-221.567017;2608.083496;0.861727;0.000000;0.000000;0.000000;0.000000;2.000000;675.932983;-291.862366;2767.957031;0.557770;0.000000;0.000000;0.000000;0.000000;2.000000;-334.015686;-220.757629;1442.654175;0.638020;0.000000;0.000000;0.000000;0.000000;2.000000;-216.668152;-262.412109;1323.147339;0.729859;0.000000;0.000000;0.000000;0.000000;2.000000;-272.054749;-284.704712;1316.111816;0.796551;0.000000;0.000000;0.000000;0.000000;2.000000;-374.899353;-316.345917;1399.548462;0.830331;0.000000;0.000000;0.000000;0.000000;1.000000;-259.021484;-231.154968;1305.338623;0.731611;0.000000;0.000000;0.000000;0.000000;2.000000;-353.448425;-143.485413;1361.916870;0.671715;0.000000;0.000000;0.000000;0.000000;1.000000;6610800128.000000
0.000000;-150.000000;2000.000000;0.000000;0.000000;0.000000;0.000000;0.000000;2.000000;-86.127930;-152.770447;1829.205444;0.042533;0.000000;0.000000;0.000000;0.000000;2.000000;-151.982605;-134.504578;1692.387451;0.060244;0.000000;0.000000;0.000000;0.000000;2.000000;-281.022461;-167.974365;1501.536987;0.644312;0.000000;0.000000;0.000000;0.000000;2.000000;-289.757813;-163.290161;1553.151978;0.574829;0.000000;0.000000;0.000000;0.000000;2.000000;-393.744568;-149.940674;1664.978516;2.029520;0.000000;0.000000;0.000000;0.000000;2.000000;-484.813293;130.650940;1637.062378;5.742419;0.000000;0.000000;0.000000;0.000000;2.000000;-378.304016;-72.087097;1734.046875;4.474769;0.000000;0.000000;0.000000;0.000000;2.000000;-304.395142;-102.132141;1799.591309;1.906110;0.000000;0.000000;0.000000;0.000000;0.000000;-189.404602;-102.617920;1785.388916;1.226872;0.000000;0.000000;0.000000;0.000000;0.000000;-242.724243;-81.153809;1787.238281;0.614333;0.000000;0.000000;0.000000;0.000000;0.000000;-230.022217;-159.379639;1512.857788;0.510947;0.000000;0.000000;0.000000;0.000000;2.000000;-121.321838;-166.706299;1423.323730;0.294791;0.000000;0.000000;0.000000;0.000000;2.000000;-248.556702;-26.566406;1188.099854;0.677129;0.000000;0.000000;0.000000;0.000000;2.000000;-87.732849;-5.953674;1380.816162;1.155668;0.000000;0.000000;0.000000;0.000000;1.000000;-92.384338;-111.768616;1414.602173;1.065363;0.000000;0.000000;0.000000;0.000000;1.000000;-93.932739;-225.611023;1417.421021;0.951187;0.000000;0.000000;0.000000;0.000000;1.000000;-153.312805;-120.266785;1398.115112;1.077137;0.000000;0.000000;0.000000;0.000000;1.000000;-86.579651;-136.730469;2043.444946;0.016757;0.000000;0.000000;0.000000;0.000000;2.000000;124.191284;-172.849731;2415.664551;0.966636;0.000000;0.000000;0.000000;0.000000;2.000000;380.856445;-78.209534;2721.399902;0.799820;0.000000;0.000000;0.000000;0.000000;1.000000;447.511108;-159.153015;2892.743164;0.729015;0.000000;0.000000;0.000000;0.000000;1.000000;78.072754;-161.965759;1960.823730;0.015111;0.000000;0.000000;0.000000;0.000000;2.000000;332.931976;-209.111389;2302.443359;0.159646;0.000000;0.000000;0.000000;0.000000;2.000000;614.682129;-213.555786;2606.522949;0.245293;0.000000;0.000000;0.000000;0.000000;2.000000;668.765503;-289.566772;2766.073242;0.233122;0.000000;0.000000;0.000000;0.000000;2.000000;-327.122986;-194.604797;1431.982056;0.873657;0.000000;0.000000;0.000000;0.000000;2.000000;-232.104248;-253.284668;1300.768311;0.861706;0.000000;0.000000;0.000000;0.000000;2.000000;-287.389893;-275.863159;1306.760010;0.601559;0.000000;0.000000;0.000000;0.000000;2.000000;-373.261292;-294.762634;1410.429932;0.727962;0.000000;0.000000;0.000000;0.000000;2.000000;-277.375122;-224.518799;1286.597168;0.813042;0.000000;0.000000;0.000000;0.000000;2.000000;-361.697693;-129.254822;1346.200073;0.683604;0.000000;0.000000;0.000000;0.000000;1.000000;6610833408.000000
0.000000;-150.000000;2000.000000;0.000000;0.000000;0.000000;0.000000;0.000000;2.000000;-85.283936;-155.752502;1828.356934;0.096552;0.000000;0.000000;0.000000;0.000000;2.000000;-150.956055;-139.412964;1690.809448;0.157963;0.000000;0.000000;0.000000;0.000000;2.000000;-286.158203;-174.539673;1503.898926;0.260324;0.000000;0.000000;0.000000;0.000000;2.000000;-293.417175;-168.186646;1555.689087;0.198871;0.000000;0.000000;0.000000;0.000000;2.000000;-386.947205;-168.198792;1677.585327;0.697280;0.000000;0.000000;0.000000;0.000000;2.000000;-512.515076;100.857178;1685.137085;1.892369;0.000000;0.000000;0.000000;0.000000;2.000000;-379.772522;-97.094238;1758.191895;1.045438;0.000000;0.000000;0.000000;0.000000;1.000000;-291.247070;-115.818970;1808.429810;0.629089;0.000000;0.000000;0.000000;0.000000;0.000000;-178.732666;-97.201416;1786.486816;0.361120;0.000000;0.000000;0.000000;0.000000;0.000000;-239.163696;-80.350464;1790.805054;0.153347;0.000000;0.000000;0.000000;0.000000;0.000000;-234.541321;-167.055847;1513.689575;0.268823;0.000000;0.000000;0.000000;0.000000;2.000000;-124.301758;-170.001709;1425.273315;0.145789;0.000000;0.000000;0.000000;0.000000;2.000000;-248.522888;-26.410278;1189.613770;0.045743;0.000000;0.000000;0.000000;0.000000;2.000000;-83.581055;8.735535;1377.455566;0.469658;0.000000;0.000000;0.000000;0.000000;1.000000;-82.755127;-96.002625;1415.495239;0.555756;0.000000;0.000000;0.000000;0.000000;1.000000;-79.251892;-209.871521;1422.757935;0.666324;0.000000;0.000000;0.000000;0.000000;1.000000;-148.112122;-106.353821;1400.555786;0.452296;0.000000;0.000000;0.000000;0.000000;1.000000;-87.344849;-138.864563;2043.025635;0.069278;0.000000;0.000000;0.000000;0.000000;2.000000;107.609619;-192.931396;2422.772949;0.811161;0.000000;0.000000;0.000000;0.000000;1.000000;365.338043;-85.471375;2724.640625;0.523956;0.000000;0.000000;0.000000;0.000000;1.000000;434.511627;-161.802551;2897.645996;0.424991;0.000000;0.000000;0.000000;0.000000;1.000000;78.762695;-160.041321;1961.201904;0.062472;0.000000;0.000000;0.000000;0.000000;2.000000;330.760956;-208.072693;2306.064453;0.130647;0.000000;0.000000;0.000000;0.000000;2.000000;612.759033;-208.178284;2611.268066;0.223110;0.000000;0.000000;0.000000;0.000000;2.000000;668.837158;-290.484863;2767.471680;0.050313;0.000000;0.000000;0.000000;0.000000;2.000000;-334.898682;-201.822754;1436.162354;0.342647;0.000000;0.000000;0.000000;0.000000;2.000000;-230.282715;-259.523621;1311.446533;0.375621;0.000000;0.000000;0.000000;0.000000;2.000000;-286.975098;-279.646851;1311.179932;0.175271;0.000000;0.000000;0.000000;0.000000;2.000000;-383.322815;-298.802002;1405.600586;0.356641;0.000000;0.000000;0.000000;0.000000;1.000000;-272.762085;-227.914551;1294.460449;0.292321;0.000000;0.000000;0.000000;0.000000;2.000000;-358.231873;-131.057739;1350.532593;0.175294;0.000000;0.000000;0.000000;0.000000;1.000000;6610866688.000000
0.000000;-150.000000;2000.000000;0.000000;0.000000;0.000000;0.000000;0.000000;2.000000;-82.308350;-159.903381;1829.072754;0.154963;0.000000;0.000000;0.000000;0.000000;2.000000;-145.628784;-146.374939;1691.694946;0.264752;0.000000;0.000000;0.000000;0.000000;2.000000;-294.980652;-173.800293;1517.380493;0.484636;0.000000;0.000000;0.000000;0.000000;2.000000;-297.690918;-170.246094;1569.381104;0.435415;0.000000;0.000000;0.000000;0.000000;2.000000;-377.293335;-196.889587;1696.362183;1.070374;0.000000;0.000000;0.000000;0.000000;2.000000;-519.396973;44.423218;1786.701416;3.497403;0.000000;0.000000;0.000000;0.000000;1.000000;-378.543091;-157.876465;1801.863159;2.249228;0.000000;0.000000;0.000000;0.000000;1.000000;-278.975220;-141.484680;1820.055298;0.923449;0.000000;0.000000;0.000000;0.000000;0.000000;-180.241821;-85.521790;1801.123535;0.564492;0.000000;0.000000;0.000000;0.000000;0.000000;-254.570007;-84.378906;1800.141357;0.554669;0.000000;0.000000;0.000000;0.000000;0.000000;-243.273376;-166.082214;1522.944092;0.383443;0.000000;0.000000;0.000000;0.000000;2.000000;-156.786621;-176.818970;1413.332520;1.059945;0.000000;0.000000;0.000000;0.000000;2.000000;-284.435608;-4.915649;1203.454956;1.324613;0.000000;0.000000;0.000000;0.000000;2.000000;-125.694702;-84.734741;1379.463745;3.081106;0.000000;0.000000;0.000000;0.000000;2.000000;-159.140442;-189.937805;1380.937378;3.783288;0.000000;0.000000;0.000000;0.000000;2.000000;-164.222107;-263.144226;1466.992676;3.293608;0.000000;0.000000;0.000000;0.000000;2.000000;-160.997498;-200.623962;1376.122070;2.951740;0.000000;0.000000;0.000000;0.000000;2.000000;-87.122925;-138.515625;2041.287720;0.053679;0.000000;0.000000;0.000000;0.000000;2.000000;83.926819;-190.619324;2428.259521;0.733766;0.000000;0.000000;0.000000;0.000000;1.000000;331.539032;-80.796082;2732.562256;1.052534;0.000000;0.000000;0.000000;0.000000;1.000000;397.721313;-151.825317;2906.827393;1.178164;0.000000;0.000000;0.000000;0.000000;1.000000;78.562561;-160.355957;1962.768921;0.048401;0.000000;0.000000;0.000000;0.000000;2.000000;328.285095;-208.623657;2304.291748;0.092984;0.000000;0.000000;0.000000;0.000000;2.000000;606.179199;-212.379395;2608.009277;0.254192;0.000000;0.000000;0.000000;0.000000;2.000000;661.535645;-283.790710;2767.762451;0.297777;0.000000;0.000000;0.000000;0.000000;2.000000;-348.689819;-198.132813;1453.434082;0.673321;0.000000;0.000000;0.000000;0.000000;2.000000;-241.311401;-251.298889;1331.285278;0.725432;0.000000;0.000000;0.000000;0.000000;2.000000;-293.891418;-279.085449;1335.218384;0.751801;0.000000;0.000000;0.000000;0.000000;2.000000;-382.759644;-302.602570;1434.069702;0.863197;0.000000;0.000000;0.000000;0.000000;2.000000;-288.034668;-228.165283;1313.485840;0.733124;0.000000;0.000000;0.000000;0.000000;2.000000;-384.356445;-140.582886;1363.642334;0.923746;0.000000;0.000000;0.000000;0.000000;2.000000;6610899968.000000
0.000000;-150.000000;2000.000000;0.000000;0.000000;0.000000;0.000000;0.000000;2.000000;-88.292908;-153.855530;1828.908813;0.255706;0.000000;0.000000;0.000000;0.000000;2.000000;-156.717041;-135.708435;1692.200439;0.462564;0.000000;0.000000;0.000000;0.000000;2.000000;-302.368591;-171.063232;1512.058716;0.285685;0.000000;0.000000;0.000000;0.000000;2.000000;-306.650635;-166.652588;1564.606323;0.323611;0.000000;0.000000;0.000000;0.000000;2.000000;-385.687012;-195.520142;1693.945679;0.265664;0.000000;0.000000;0.000000;0.000000;2.000000;-525.660400;39.667053;1812.543457;0.811667;0.000000;0.000000;0.000000;0.000000;1.000000;-379.110596;-163.251465;1817.215942;0.489074;0.000000;0.000000;0.000000;0.000000;1.000000;-277.208435;-143.606201;1822.958496;0.120383;0.000000;0.000000;0.000000;0.000000;0.000000;-180.451050;-87.284668;1790.263062;0.330667;0.000000;0.000000;0.000000;0.000000;0.000000;-260.002502;-82.638611;1795.639282;0.218359;0.000000;0.000000;0.000000;0.000000;0.000000;-250.382507;-161.563965;1518.950806;0.280110;0.000000;0.000000;0.000000;0.000000;2.000000;-147.445313;-175.377136;1422.187622;0.389180;0.000000;0.000000;0.000000;0.000000;2.000000;-257.101563;-6.591919;1194.467896;0.866056;0.000000;0.000000;0.000000;0.000000;2.000000;-94.599976;-49.184387;1384.337524;1.426718;0.000000;0.000000;0.000000;0.000000;1.000000;-123.748596;-155.318298;1404.588135;1.648665;0.000000;0.000000;0.000000;0.000000;1.000000;-142.539185;-257.171326;1453.737305;0.784439;0.000000;0.000000;0.000000;0.000000;1.000000;-160.362061;-159.977539;1391.787354;1.309054;0.000000;0.000000;0.000000;0.000000;1.000000;-87.196289;-141.270142;2044.801514;0.134176;0.000000;0.000000;0.000000;0.000000;2.000000;108.478699;-184.347595;2427.659180;0.761640;0.000000;0.000000;0.000000;0.000000;2.000000;356.992706;-83.991699;2741.845703;0.819759;0.000000;0.000000;0.000000;0.000000;1.000000;427.466431;-164.750671;2913.312500;0.993812;0.000000;0.000000;0.000000;0.000000;1.000000;78.628723;-157.872009;1959.600342;0.120994;0.000000;0.000000;0.000000;0.000000;2.000000;330.250031;-201.531372;2307.599121;0.242442;0.000000;0.000000;0.000000;0.000000;2.000000;604.854980;-204.335266;2621.820313;0.481901;0.000000;0.000000;0.000000;0.000000;2.000000;657.508118;-281.914795;2782.512207;0.462872;0.000000;0.000000;0.000000;0.000000;2.000000;-354.275696;-198.458008;1446.260254;0.273374;0.000000;0.000000;0.000000;0.000000;2.000000;-243.570557;-249.491394;1322.877319;0.267182;0.000000;0.000000;0.000000;0.000000;2.000000;-297.494385;-276.689819;1324.461670;0.348386;0.000000;0.000000;0.000000;0.000000;2.000000;-390.409424;-302.731140;1421.480713;0.442655;0.000000;0.000000;0.000000;0.000000;2.000000;-290.015015;-224.350952;1304.725098;0.293214;0.000000;0.000000;0.000000;0.000000;2.000000;-387.078857;-135.720764;1356.913086;0.262529;0.000000;0.000000;0.000000;0.000000;1.000000;6610933248.000000
0.000000;-150.000000;2000.000000;0.000000;0.000000;0.000000;0.000000;0.000000;2.000000;-87.145752;-155.063416;1829.637085;0.054629;0.000000;0.000000;0.000000;0.000000;2.000000;-154.768311;-138.954895;1693.301392;0.118487;0.000000;0.000000;0.000000;0.000000;2.000000;-299.831421;-177.822449;1515.225342;0.236888;0.000000;0.000000;0.000000;0.000000;2.000000;-304.162415;-170.955017;1567.186646;0.168270;0.000000;0.000000;0.000000;0.000000;2.000000;-392.813049;-170.695496;1692.357666;0.777523;0.000000;0.000000;0.000000;0.000000;2.000000;-512.568054;99.312622;1718.275635;3.374952;0.000000;0.000000;0.000000;0.000000;2.000000;-378.744690;-88.984863;1810.838013;2.239810;0.000000;0.000000;0.000000;0.000000;1.000000;-276.904846;-99.276611;1824.900024;1.333327;0.000000;0.000000;0.000000;0.000000;0.000000;-167.766357;-101.047363;1785.814331;0.578068;0.000000;0.000000;0.000000;0.000000;0.000000;-238.066772;-73.263245;1797.426758;0.718814;0.000000;0.000000;0.000000;0.000000;0.000000;-247.921204;-169.627014;1521.919678;0.268565;0.000000;0.000000;0.000000;0.000000;2.000000;-144.160889;-182.213989;1427.121460;0.271886;0.000000;0.000000;0.000000;0.000000;2.000000;-247.274841;-8.647644;1202.360229;0.383722;0.000000;0.000000;0.000000;0.000000;2.000000;-74.687439;-21.843567;1385.526123;1.016959;0.000000;0.000000;0.000000;0.000000;1.000000;-96.813721;-125.770447;1418.472168;1.271758;0.000000;0.000000;0.000000;0.000000;1.000000;-114.906555;-234.902954;1445.855835;1.092346;0.000000;0.000000;0.000000;0.000000;1.000000;-146.566833;-128.698669;1405.512329;1.106916;0.000000;0.000000;0.000000;0.000000;1.000000;-86.832153;-140.880859;2044.146240;0.025382;0.000000;0.000000;0.000000;0.000000;2.000000;101.394470;-203.549866;2425.140137;0.619646;0.000000;0.000000;0.000000;0.000000;1.000000;349.108032;-101.852661;2736.299316;0.609868;0.000000;0.000000;0.000000;0.000000;1.000000;420.149231;-180.980530;2906.877930;0.568817;0.000000;0.000000;0.000000;0.000000;1.000000;78.300415;-158.223083;1960.191406;0.022892;0.000000;0.000000;0.000000;0.000000;2.000000;326.780212;-200.493713;2307.448242;0.108918;0.000000;0.000000;0.000000;0.000000;2.000000;601.237854;-199.030334;2618.509766;0.217066;0.000000;0.000000;0.000000;0.000000;2.000000;658.427246;-283.147522;2772.965332;0.290562;0.000000;0.000000;0.000000;0.000000;2.000000;-351.964966;-206.431580;1450.837280;0.284850;0.000000;0.000000;0.000000;0.000000;2.000000;-234.544128;-267.852844;1340.533691;0.812058;0.000000;0.000000;0.000000;0.000000;2.000000;-288.584595;-294.052673;1340.391235;0.756952;0.000000;0.000000;0.000000;0.000000;1.000000;-387.861877;-311.259735;1431.770874;0.408824;0.000000;0.000000;0.000000;0.000000;1.000000;-278.909668;-243.802063;1317.404297;0.773373;0.000000;0.000000;0.000000;0.000000;1.000000;-377.241150;-150.796143;1355.407471;0.542794;0.000000;0.000000;0.000000;0.000000;1.000000;6610966528.000000
0.000000;-150.000000;2000.000000;0.000000;0.000000;0.000000;0.000000;0.000000;2.000000;-86.657288;-154.408325;1830.336792;0.032326;0.000000;0.000000;0.000000;0.000000;2.000000;-153.850647;-137.683044;1694.635742;0.061874;0.000000;0.000000;0.000000;0.000000;2.000000;-297.355225;-174.931213;1516.318726;0.119008;0.000000;0.000000;0.000000;0.000000;2.000000;-301.892639;-168.895081;1568.126587;0.096335;0.000000;0.000000;0.000000;0.000000;2.000000;-384.683411;-189.286072;1694.797485;0.614080;0.000000;0.000000;0.000000;0.000000;2.000000;-518.434875;58.834106;1782.404663;2.285524;0.000000;0.000000;0.000000;0.000000;1.000000;-373.686096;-130.832214;1849.119629;1.710966;0.000000;0.000000;0.000000;0.000000;1.000000;-273.284729;-119.841248;1829.679321;0.643654;0.000000;0.000000;0.000000;0.000000;0.000000;-171.436401;-94.940674;1781.427734;0.251406;0.000000;0.000000;0.000000;0.000000;0.000000;-252.610657;-79.919312;1795.735352;0.483287;0.000000;0.000000;0.000000;0.000000;0.000000;-245.769470;-166.449951;1523.278564;0.122315;0.000000;0.000000;0.000000;0.000000;2.000000;-141.320129;-176.910461;1429.932495;0.199541;0.000000;0.000000;0.000000;0.000000;2.000000;-244.184998;-9.543762;1202.197632;0.096793;0.000000;0.000000;0.000000;0.000000;2.000000;-66.908142;-1.120056;1379.516846;0.689204;0.000000;0.000000;0.000000;0.000000;1.000000;-82.978455;-102.755127;1420.465332;0.809121;0.000000;0.000000;0.000000;0.000000;1.000000;-98.696655;-213.906433;1436.861816;0.841618;0.000000;0.000000;0.000000;0.000000;1.000000;-139.867065;-105.868408;1407.935425;0.718632;0.000000;0.000000;0.000000;0.000000;1.000000;-86.457458;-140.960205;2043.924194;0.013303;0.000000;0.000000;0.000000;0.000000;2.000000;104.129333;-197.728210;2422.488037;0.209055;0.000000;0.000000;0.000000;0.000000;2.000000;352.052612;-106.188660;2734.202393;0.169628;0.000000;0.000000;0.000000;0.000000;1.000000;419.871033;-187.145630;2904.170166;0.202502;0.000000;0.000000;0.000000;0.000000;1.000000;77.962402;-158.151489;1960.391602;0.011999;0.000000;0.000000;0.000000;0.000000;2.000000;325.670563;-204.270569;2305.321777;0.134439;0.000000;0.000000;0.000000;0.000000;2.000000;599.742004;-206.176147;2614.230957;0.254272;0.000000;0.000000;0.000000;0.000000;2.000000;654.835388;-283.107117;2772.161377;0.110606;0.000000;0.000000;0.000000;0.000000;2.000000;-348.807495;-202.884644;1451.630981;0.144669;0.000000;0.000000;0.000000;0.000000;2.000000;-239.572449;-252.776489;1328.998535;0.590076;0.000000;0.000000;0.000000;0.000000;2.000000;-295.844788;-272.588623;1325.081787;0.821690;0.000000;0.000000;0.000000;0.000000;2.000000;-395.549866;-297.109802;1413.364258;0.734876;0.000000;0.000000;0.000000;0.000000;1.000000;-281.030579;-220.288513;1312.271606;0.725977;0.000000;0.000000;0.000000;0.000000;2.000000;-368.323914;-127.423340;1370.080688;0.871450;0.000000;0.000000;0.000000;0.000000;1.000000;6610999808.000000
0.000000;-150.000000;2000.000000;0.000000;0.000000;0.000000;0.000000;0.000000;2.000000;-86.363098;-156.024048;1829.175415;0.060440;0.000000;0.000000;0.000000;0.000000;2.000000;-153.552856;-143.558411;1692.169800;0.191672;0.000000;0.000000;0.000000;0.000000;2.000000;-288.435547;-194.877502;1509.177856;0.690718;0.000000;0.000000;0.000000;0.000000;2.000000;-295.349915;-187.301270;1560.783447;0.627074;0.000000;0.000000;0.000000;0.000000;2.000000;-377.903137;-207.114197;1688.611450;0.602523;0.000000;0.000000;0.000000;0.000000;2.000000;-515.198914;31.433167;1799.246460;0.971315;0.000000;0.000000;0.000000;0.000000;1.000000;-360.596252;-150.163269;1870.715942;0.955621;0.000000;0.000000;0.000000;0.000000;1.000000;-261.022766;-136.325439;1846.672607;0.801138;0.000000;0.000000;0.000000;0.000000;0.000000;-166.174866;-108.729370;1785.875977;0.463168;0.000000;0.000000;0.000000;0.000000;0.000000;-249.031128;-94.371155;1800.222168;0.467245;0.000000;0.000000;0.000000;0.000000;0.000000;-237.434875;-183.305969;1517.790039;0.588601;0.000000;0.000000;0.000000;0.000000;2.000000;-127.747437;-184.661987;1428.931885;0.470620;0.000000;0.000000;0.000000;0.000000;2.000000;-232.381775;-14.541809;1202.068726;0.385170;0.000000;0.000000;0.000000;0.000000;2.000000;-61.106323;22.195557;1383.401367;0.731329;0.000000;0.000000;0.000000;0.000000;1.000000;-62.317810;-80.929382;1425.240845;0.914386;0.000000;0.000000;0.000000;0.000000;1.000000;-62.056030;-194.369263;1436.639404;1.247732;0.000000;0.000000;0.000000;0.000000;1.000000;-120.961731;-91.981018;1411.313599;0.712135;0.000000;0.000000;0.000000;0.000000;1.000000;-87.000000;-139.560425;2043.616089;0.046050;0.000000;0.000000;0.000000;0.000000;2.000000;102.934509;-196.009888;2424.948486;0.097061;0.000000;0.000000;0.000000;0.000000;2.000000;359.121521;-104.035828;2732.490723;0.227918;0.000000;0.000000;0.000000;0.000000;1.000000;424.383789;-184.232361;2904.973145;0.163194;0.000000;0.000000;0.000000;0.000000;1.000000;78.451660;-159.413940;1960.669556;0.041532;0.000000;0.000000;0.000000;0.000000;2.000000;331.115570;-209.508606;2304.079346;0.230076;0.000000;0.000000;0.000000;0.000000;2.000000;610.706299;-215.221497;2610.733887;0.439836;0.000000;0.000000;0.000000;0.000000;2.000000;667.062256;-288.970276;2770.790771;0.409527;0.000000;0.000000;0.000000;0.000000;2.000000;-335.986206;-227.943787;1443.340698;0.881733;0.000000;0.000000;0.000000;0.000000;2.000000;-229.987061;-257.287598;1310.463135;0.641504;0.000000;0.000000;0.000000;0.000000;2.000000;-288.606262;-266.828247;1301.364868;0.764941;0.000000;0.000000;0.000000;0.000000;2.000000;-394.458923;-300.268555;1380.077026;1.005245;0.000000;0.000000;0.000000;0.000000;1.000000;-265.966187;-215.525940;1303.688965;0.540264;0.000000;0.000000;0.000000;0.000000;2.000000;-341.657593;-130.277405;1386.056274;0.937990;0.000000;0.000000;0.000000;0.000000;1.000000;6611033088.000000
0.000000;-150.000000;2000.000000;0.000000;0.000000;0.000000;0.000000;0.000000;2.000000;-86.062622;-155.926758;1828.413818;0.024399;0.000000;0.000000;0.000000;0.000000;2.000000;-152.805115;-142.278809;1690.818726;0.059347;0.000000;0.000000;0.000000;0.000000;2.000000;-289.485474;-189.975464;1507.340210;0.158008;0.000000;0.000000;0.000000;0.000000;2.000000;-296.310425;-181.165649;1558.913818;0.191929;0.000000;0.000000;0.000000;0.000000;2.000000;-384.918640;-171.486389;1684.356689;1.081924;0.000000;0.000000;0.000000;0.000000;2.000000;-508.162415;99.073853;1674.262695;4.210684;0.000000;0.000000;0.000000;0.000000;2.000000;-358.108215;-37.719177;1819.555054;3.656514;0.000000;0.000000;0.000000;0.000000;1.000000;-264.857178;-82.067505;1828.635498;1.695842;0.000000;0.000000;0.000000;0.000000;0.000000;-171.515320;-141.732788;1793.174194;1.012666;0.000000;0.000000;0.000000;0.000000;0.000000;-227.194214;-96.926758;1800.468750;0.650667;0.000000;0.000000;0.000000;0.000000;0.000000;-237.869141;-180.811401;1516.104980;0.090007;0.000000;0.000000;0.000000;0.000000;2.000000;-126.444519;-186.741943;1428.977173;0.072643;0.000000;0.000000;0.000000;0.000000;2.000000;-232.362305;-16.065063;1201.986938;0.045146;0.000000;0.000000;0.000000;0.000000;2.000000;-61.983337;39.120789;1380.458740;0.509041;0.000000;0.000000;0.000000;0.000000;1.000000;-55.197021;-62.685059;1425.696777;0.579724;0.000000;0.000000;0.000000;0.000000;1.000000;-46.479431;-175.689697;1440.737061;0.729898;0.000000;0.000000;0.000000;0.000000;1.000000;-116.796570;-77.795593;1414.247192;0.446038;0.000000;0.000000;0.000000;0.000000;1.000000;-87.356079;-139.218018;2043.442871;0.015491;0.000000;0.000000;0.000000;0.000000;2.000000;107.037720;-193.361511;2424.234375;0.146058;0.000000;0.000000;0.000000;0.000000;2.000000;359.948639;-106.588562;2737.500244;0.168174;0.000000;0.000000;0.000000;0.000000;1.000000;425.736877;-185.640442;2910.972900;0.186718;0.000000;0.000000;0.000000;0.000000;1.000000;78.772827;-159.722595;1960.825684;0.013968;0.000000;0.000000;0.000000;0.000000;2.000000;330.903870;-209.216980;2306.229004;0.064502;0.000000;0.000000;0.000000;0.000000;2.000000;609.135986;-215.544983;2615.685791;0.154030;0.000000;0.000000;0.000000;0.000000;2.000000;667.380554;-288.340881;2776.108154;0.158734;0.000000;0.000000;0.000000;0.000000;2.000000;-338.418701;-221.808472;1441.577393;0.202161;0.000000;0.000000;0.000000;0.000000;2.000000;-231.946106;-260.894775;1310.971680;0.122402;0.000000;0.000000;0.000000;0.000000;2.000000;-290.939880;-268.833435;1301.634766;0.091400;0.000000;0.000000;0.000000;0.000000;2.000000;-398.947815;-295.074646;1380.813477;0.204317;0.000000;0.000000;0.000000;0.000000;1.000000;-266.474854;-218.146729;1301.900757;0.095089;0.000000;0.000000;0.000000;0.000000;2.000000;-340.131042;-126.433289;1379.723633;0.223832;0.000000;0.000000;0.000000;0.000000;1.000000;6611066880.000000
0.000000;-150.000000;2000.000000;0.000000;0.000000;0.000000;0.000000;0.000000;2.000000;-85.798035;-155.068726;1829.831055;0.050413;0.000000;0.000000;0.000000;0.000000;2.000000;-152.135559;-139.489075;1693.503540;0.118067;0.000000;0.000000;0.000000;0.000000;2.000000;-289.176514;-181.654175;1511.119019;0.274769;0.000000;0.000000;0.000000;0.000000;2.000000;-295.503540;-174.953247;1562.678589;0.219615;0.000000;0.000000;0.000000;0.000000;2.000000;-378.885681;-191.818298;1689.555664;0.656131;0.000000;0.000000;0.000000;0.000000;2.000000;-518.937683;58.833252;1758.541870;2.824901;0.000000;0.000000;0.000000;0.000000;1.000000;-368.992737;-99.112488;1876.849243;2.544388;0.000000;0.000000;0.000000;0.000000;1.000000;-272.469177;-108.983765;1842.590576;0.939295;0.000000;0.000000;0.000000;0.000000;0.000000;-174.925232;-117.334656;1781.371582;0.820812;0.000000;0.000000;0.000000;0.000000;0.000000;-247.924133;-96.643311;1800.789673;0.623027;0.000000;0.000000;0.000000;0.000000;0.000000;-237.967346;-172.220886;1519.626465;0.278990;0.000000;0.000000;0.000000;0.000000;2.000000;-131.228943;-177.429199;1428.364990;0.315136;0.000000;0.000000;0.000000;0.000000;2.000000;-237.654968;-12.938171;1200.008423;0.194047;0.000000;0.000000;0.000000;0.000000;2.000000;-55.740601;49.327881;1361.322021;0.678162;0.000000;0.000000;0.000000;0.000000;1.000000;-50.179321;-47.675476;1414.559692;0.581490;0.000000;0.000000;0.000000;0.000000;1.000000;-45.020081;-158.416748;1438.867676;0.523888;0.000000;0.000000;0.000000;0.000000;1.000000;-117.661133;-59.161011;1409.089355;0.581567;0.000000;0.000000;0.000000;0.000000;1.000000;-86.615295;-139.425476;2043.355957;0.023263;0.000000;0.000000;0.000000;0.000000;2.000000;91.359863;-199.330139;2427.729980;0.514901;0.000000;0.000000;0.000000;0.000000;1.000000;343.481842;-104.942993;2735.422363;0.501165;0.000000;0.000000;0.000000;0.000000;1.000000;407.064209;-181.184265;2909.261230;0.579122;0.000000;0.000000;0.000000;0.000000;1.000000;78.104797;-159.535522;1960.904175;0.020978;0.000000;0.000000;0.000000;0.000000;2.000000;328.388489;-210.072510;2303.566895;0.113014;0.000000;0.000000;0.000000;0.000000;2.000000;607.729370;-213.870605;2607.932129;0.242072;0.000000;0.000000;0.000000;0.000000;2.000000;662.504150;-287.427429;2767.659668;0.294395;0.000000;0.000000;0.000000;0.000000;2.000000;-338.052673;-211.383728;1445.189087;0.331693;0.000000;0.000000;0.000000;0.000000;2.000000;-231.684875;-255.518616;1317.821411;0.261764;0.000000;0.000000;0.000000;0.000000;2.000000;-288.969604;-271.841003;1312.397339;0.340964;0.000000;0.000000;0.000000;0.000000;2.000000;-389.850403;-299.053162;1398.617065;0.612538;0.000000;0.000000;0.000000;0.000000;1.000000;-271.354553;-219.428894;1304.390015;0.169050;0.000000;0.000000;0.000000;0.000000;2.000000;-353.516418;-127.725098;1371.038086;0.481028;0.000000;0.000000;0.000000;0.000000;1.000000;6611100160.000000
0.000000;-150.000000;2000.000000;0.000000;0.000000;0.000000;0.000000;0.000000;2.000000;-85.715393;-154.938965;1830.369751;0.016834;0.000000;0.000000;0.000000;0.000000;2.000000;-152.015320;-139.495605;1694.474487;0.029399;0.000000;0.000000;0.000000;0.000000;2.000000;-288.656311;-182.266541;1512.738159;0.054313;0.000000;0.000000;0.000000;0.000000;2.000000;-294.959106;-175.500000;1564.146606;0.049833;0.000000;0.000000;0.000000;0.000000;2.000000;-374.700684;-199.379883;1691.733398;0.267806;0.000000;0.000000;0.000000;0.000000;2.000000;-513.209473;36.840820;1800.078369;1.422693;0.000000;0.000000;0.000000;0.000000;1.000000;-360.800049;-132.222717;1896.412842;1.181521;0.000000;0.000000;0.000000;0.000000;1.000000;-264.514771;-130.516663;1860.968506;0.883580;0.000000;0.000000;0.000000;0.000000;0.000000;-173.345764;-123.487488;1790.980591;0.346121;0.000000;0.000000;0.000000;0.000000;0.000000;-250.204041;-103.540649;1811.846558;0.397528;0.000000;0.000000;0.000000;0.000000;0.000000;-237.608337;-172.706177;1521.178711;0.050045;0.000000;0.000000;0.000000;0.000000;2.000000;-129.678040;-178.148804;1431.946533;0.119252;0.000000;0.000000;0.000000;0.000000;2.000000;-228.714783;-12.704041;1202.042847;0.275593;0.000000;0.000000;0.000000;0.000000;2.000000;-48.234985;56.057800;1361.249512;0.302922;0.000000;0.000000;0.000000;0.000000;1.000000;-40.724060;-39.481079;1416.237671;0.379327;0.000000;0.000000;0.000000;0.000000;1.000000;-33.402832;-149.295959;1442.654541;0.458161;0.000000;0.000000;0.000000;0.000000;1.000000;-109.245239;-51.811523;1412.010010;0.347016;0.000000;0.000000;0.000000;0.000000;1.000000;-86.337402;-139.457520;2043.319946;0.008475;0.000000;0.000000;0.000000;0.000000;2.000000;88.614929;-196.057373;2428.281738;0.129417;0.000000;0.000000;0.000000;0.000000;2.000000;338.102295;-103.585205;2737.216797;0.175217;0.000000;0.000000;0.000000;0.000000;1.000000;399.818604;-180.283142;2910.897949;0.224838;0.000000;0.000000;0.000000;0.000000;1.000000;77.854187;-159.506592;1960.936523;0.007642;0.000000;0.000000;0.000000;0.000000;2.000000;328.174957;-210.494385;2302.046387;0.047846;0.000000;0.000000;0.000000;0.000000;2.000000;607.371948;-214.817261;2605.001953;0.093148;0.000000;0.000000;0.000000;0.000000;2.000000;664.198792;-288.674194;2763.287109;0.145804;0.000000;0.000000;0.000000;0.000000;2.000000;-337.351135;-212.173706;1447.070435;0.064835;0.000000;0.000000;0.000000;0.000000;2.000000;-230.032959;-259.102295;1322.154541;0.176102;0.000000;0.000000;0.000000;0.000000;2.000000;-286.737061;-276.997498;1317.437988;0.226822;0.000000;0.000000;0.000000;0.000000;2.000000;-386.780029;-302.796631;1404.483276;0.228550;0.000000;0.000000;0.000000;0.000000;1.000000;-270.442505;-224.714294;1307.174805;0.181592;0.000000;0.000000;0.000000;0.000000;2.000000;-354.695801;-132.470825;1369.525024;0.153810;0.000000;0.000000;0.000000;0.000000;1.000000;6611133440.000000
0.000000;-150.000000;2000.000000;0.000000;0.000000;0.000000;0.000000;0.000000;2.000000;-86.039551;-157.997375;1830.034790;0.092961;0.000000;0.000000;0.000000;0.000000;2.000000;-151.627625;-144.722839;1693.077637;0.162997;0.000000;0.000000;0.000000;0.000000;2.000000;-285.355957;-184.776306;1507.739624;0.195143;0.000000;0.000000;0.000000;0.000000;2.000000;-292.686340;-178.020752;1559.166748;0.181085;0.000000;0.000000;0.000000;0.000000;2.000000;-384.756714;-181.428284;1681.039307;0.696796;0.000000;0.000000;0.000000;0.000000;2.000000;-502.083252;86.828430;1719.740479;2.862737;0.000000;0.000000;0.000000;0.000000;2.000000;-375.972046;-73.326660;1860.775879;2.118108;0.000000;0.000000;0.000000;0.000000;1.000000;-278.497070;-102.932129;1846.178101;1.030069;0.000000;0.000000;0.000000;0.000000;0.000000;-183.441467;-141.658020;1793.254639;0.628330;0.000000;0.000000;0.000000;0.000000;0.000000;-248.344604;-107.478577;1803.743896;0.276406;0.000000;0.000000;0.000000;0.000000;0.000000;-234.201843;-176.089600;1517.348999;0.184541;0.000000;0.000000;0.000000;0.000000;2.000000;-126.373047;-182.688843;1427.438232;0.216387;0.000000;0.000000;0.000000;0.000000;2.000000;-230.436707;-18.593018;1197.656006;0.226638;0.000000;0.000000;0.000000;0.000000;2.000000;-53.675720;63.663574;1355.768433;0.325702;0.000000;0.000000;0.000000;0.000000;1.000000;-38.944153;-31.171509;1411.154785;0.297541;0.000000;0.000000;0.000000;0.000000;1.000000;-23.586670;-140.404785;1437.933105;0.422496;0.000000;0.000000;0.000000;0.000000;1.000000;-109.046082;-47.817993;1405.064087;0.240823;0.000000;0.000000;0.000000;0.000000;1.000000;-86.023132;-133.674622;2042.778442;0.174780;0.000000;0.000000;0.000000;0.000000;2.000000;81.873108;-196.061340;2431.337891;0.222421;0.000000;0.000000;0.000000;0.000000;1.000000;339.533081;-97.929626;2733.295898;0.211206;0.000000;0.000000;0.000000;0.000000;1.000000;393.775726;-174.388123;2910.210449;0.254506;0.000000;0.000000;0.000000;0.000000;1.000000;77.570923;-164.721252;1961.424805;0.157606;0.000000;0.000000;0.000000;0.000000;2.000000;329.596588;-213.959534;2303.074707;0.116708;0.000000;0.000000;0.000000;0.000000;2.000000;614.377808;-216.913330;2602.447754;0.232750;0.000000;0.000000;0.000000;0.000000;2.000000;665.533997;-293.380493;2762.038574;0.151708;0.000000;0.000000;0.000000;0.000000;2.000000;-333.244080;-213.752808;1440.741089;0.231628;0.000000;0.000000;0.000000;0.000000;2.000000;-232.726257;-264.443481;1311.050659;0.378985;0.000000;0.000000;0.000000;0.000000;2.000000;-289.916748;-281.929504;1309.670776;0.292509;0.000000;0.000000;0.000000;0.000000;2.000000;-385.765869;-305.013855;1402.604370;0.092492;0.000000;0.000000;0.000000;0.000000;1.000000;-273.682861;-229.881042;1297.433472;0.345342;0.000000;0.000000;0.000000;0.000000;2.000000;-353.990479;-135.279358;1362.310181;0.233602;0.000000;0.000000;0.000000;0.000000;1.000000;6611166720.000000
0.000000;-150.000000;2000.000000;0.000000;0.000000;0.000000;0.000000;0.000000;2.000000;-86.040466;-158.034790;1829.969116;0.002271;0.000000;0.000000;0.000000;0.000000;2.000000;-151.630859;-144.791870;1692.956299;0.004196;0.000000;0.000000;0.000000;0.000000;2.000000;-285.452698;-184.881775;1507.601563;0.005975;0.000000;0.000000;0.000000;0.000000;2.000000;-292.772217;-178.107910;1559.044678;0.005193;0.000000;0.000000;0.000000;0.000000;2.000000;-384.425232;-182.778503;1681.250366;0.042255;0.000000;0.000000;0.000000;0.000000;2.000000;-502.880188;84.603333;1723.150757;0.124677;0.000000;0.000000;0.000000;0.000000;1.000000;-376.310974;-76.576843;1862.738647;0.114542;0.000000;0.000000;0.000000;0.000000;1.000000;-278.611389;-105.439209;1847.926025;0.091899;0.000000;0.000000;0.000000;0.000000;0.000000;-183.294861;-143.061951;1794.597656;0.058545;0.000000;0.000000;0.000000;0.000000;0.000000;-248.445129;-109.188416;1805.316650;0.069872;0.000000;0.000000;0.000000;0.000000;0.000000;-234.278259;-176.200378;1517.199829;0.006037;0.000000;0.000000;0.000000;0.000000;2.000000;-126.444580;-182.820557;1427.226807;0.007787;0.000000;0.000000;0.000000;0.000000;2.000000;-230.615356;-18.615051;1197.446533;0.008299;0.000000;0.000000;0.000000;0.000000;2.000000;-53.731384;64.194580;1355.258911;0.022176;0.000000;0.000000;0.000000;0.000000;1.000000;-38.772705;-30.560974;1410.790649;0.021973;0.000000;0.000000;0.000000;0.000000;1.000000;-23.200928;-139.762390;1437.726929;0.023352;0.000000;0.000000;0.000000;0.000000;1.000000;-108.877014;-47.334778;1404.816406;0.017089;0.000000;0.000000;0.000000;0.000000;1.000000;-86.058044;-133.667664;2042.775879;0.001072;0.000000;0.000000;0.000000;0.000000;2.000000;82.665344;-195.462708;2431.221191;0.030042;0.000000;0.000000;0.000000;0.000000;2.000000;340.620911;-96.376953;2732.790527;0.058955;0.000000;0.000000;0.000000;0.000000;1.000000;395.384186;-172.569275;2909.731445;0.074364;0.000000;0.000000;0.000000;0.000000;1.000000;77.602295;-164.727600;1961.426880;0.000964;0.000000;0.000000;0.000000;0.000000;2.000000;329.503326;-213.888184;2303.349609;0.008982;0.000000;0.000000;0.000000;0.000000;2.000000;614.045532;-216.961731;2603.129150;0.022826;0.000000;0.000000;0.000000;0.000000;2.000000;664.925415;-293.320251;2762.927734;0.032427;0.000000;0.000000;0.000000;0.000000;2.000000;-333.377441;-213.876099;1440.601074;0.006891;0.000000;0.000000;0.000000;0.000000;2.000000;-233.075684;-264.551575;1310.665405;0.015962;0.000000;0.000000;0.000000;0.000000;2.000000;-290.321838;-281.922241;1309.316162;0.016179;0.000000;0.000000;0.000000;0.000000;2.000000;-386.146667;-304.986755;1402.342529;0.013910;0.000000;0.000000;0.000000;0.000000;1.000000;-273.988647;-229.868530;1297.152710;0.012480;0.000000;0.000000;0.000000;0.000000;2.000000;-354.054016;-135.190613;1362.312500;0.003280;0.000000;0.000000;0.000000;0.000000;1.000000;6611200000.000000
0.000000;-150.000000;2000.000000;0.000000;0.000000;0.000000;0.000000;0.000000;2.000000;-86.361816;-157.313354;1830.290649;0.025622;0.000000;0.000000;0.000000;0.000000;2.000000;-152.220642;-143.514221;1693.613281;0.046665;0.000000;0.000000;0.000000;0.000000;2.000000;-287.429993;-182.819702;1509.359863;0.100800;0.000000;0.000000;0.000000;0.000000;2.000000;-294.305969;-176.431885;1560.865967;0.087494;0.000000;0.000000;0.000000;0.000000;2.000000;-378.917725;-196.350647;1686.399780;0.466522;0.000000;0.000000;0.000000;0.000000;2.000000;-510.816650;47.382202;1787.994751;2.259237;0.000000;0.000000;0.000000;0.000000;1.000000;-368.162598;-122.404480;1898.431519;1.762506;0.000000;0.000000;0.000000;0.000000;1.000000;-271.989380;-130.324951;1862.840088;0.894192;0.000000;0.000000;0.000000;0.000000;0.000000;-181.656189;-135.712280;1791.204102;0.248182;0.000000;0.000000;0.000000;0.000000;0.000000;-255.918579;-111.881409;1809.738770;0.273189;0.000000;0.000000;0.000000;0.000000;0.000000;-236.250549;-174.013611;1518.549927;0.097342;0.000000;0.000000;0.000000;0.000000;2.000000;-128.490234;-180.643982;1428.685791;0.099888;0.000000;0.000000;0.000000;0.000000;2.000000;-230.443726;-17.736694;1197.343994;0.027068;0.000000;0.000000;0.000000;0.000000;2.000000;-52.439026;69.940552;1350.851929;0.221028;0.000000;0.000000;0.000000;0.000000;1.000000;-35.545593;-23.515564;1407.815186;0.249427;0.000000;0.000000;0.000000;0.000000;1.000000;-18.283447;-131.917114;1436.470459;0.280767;0.000000;0.000000;0.000000;0.000000;1.000000;-105.639465;-41.091614;1404.357178;0.211769;0.000000;0.000000;0.000000;0.000000;1.000000;-85.884094;-133.888184;2043.010376;0.010994;0.000000;0.000000;0.000000;0.000000;2.000000;92.315552;-185.628052;2428.260010;0.423471;0.000000;0.000000;0.000000;0.000000;2.000000;350.972382;-88.791077;2729.464355;0.398363;0.000000;0.000000;0.000000;0.000000;1.000000;405.636353;-166.679810;2905.492676;0.377411;0.000000;0.000000;0.000000;0.000000;1.000000;77.445435;-164.528748;1961.215576;0.009911;0.000000;0.000000;0.000000;0.000000;2.000000;330.609283;-215.048706;2301.526855;0.072939;0.000000;0.000000;0.000000;0.000000;2.000000;616.490051;-218.812134;2599.511719;0.142485;0.000000;0.000000;0.000000;0.000000;2.000000;667.893982;-293.987305;2759.514160;0.137402;0.000000;0.000000;0.000000;0.000000;2.000000;-335.801453;-211.515320;1442.653931;0.118921;0.000000;0.000000;0.000000;0.000000;2.000000;-233.688049;-265.496582;1315.697510;0.154945;0.000000;0.000000;0.000000;0.000000;2.000000;-289.832764;-286.036621;1316.119751;0.239361;0.000000;0.000000;0.000000;0.000000;2.000000;-383.587280;-307.770752;1411.373047;0.294182;0.000000;0.000000;0.000000;0.000000;2.000000;-276.513123;-234.185974;1300.219116;0.176278;0.000000;0.000000;0.000000;0.000000;2.000000;-361.274658;-139.830811;1359.361084;0.272727;0.000000;0.000000;0.000000;0.000000;1.000000;6611233280.000000
0.000000;-150.000000;2000.000000;0.000000;0.000000;0.000000;0.000000;0.000000;2.000000;-86.179810;-158.634583;1829.203491;0.051703;0.000000;0.000000;0.000000;0.000000;2.000000;-152.095093;-146.259033;1691.578857;0.102730;0.000000;0.000000;0.000000;0.000000;2.000000;-286.731323;-190.239990;1506.518311;0.239676;0.000000;0.000000;0.000000;0.000000;2.000000;-294.015686;-182.287659;1558.014160;0.195906;0.000000;0.000000;0.000000;0.000000;2.000000;-377.061279;-197.695129;1686.122559;0.069377;0.000000;0.000000;0.000000;0.000000;2.000000;-503.946777;42.554810;1805.152100;0.573968;0.000000;0.000000;0.000000;0.000000;1.000000;-360.430176;-131.089539;1911.137085;0.517536;0.000000;0.000000;0.000000;0.000000;1.000000;-263.517456;-136.917786;1875.675293;0.502784;0.000000;0.000000;0.000000;0.000000;0.000000;-181.432800;-139.096985;1793.759644;0.127614;0.000000;0.000000;0.000000;0.000000;0.000000;-256.369751;-113.908813;1812.220703;0.097246;0.000000;0.000000;0.000000;0.000000;0.000000;-235.318970;-181.446533;1515.917725;0.238584;0.000000;0.000000;0.000000;0.000000;2.000000;-125.042419;-186.371338;1427.928101;0.202159;0.000000;0.000000;0.000000;0.000000;2.000000;-225.724976;-18.334717;1197.764160;0.143480;0.000000;0.000000;0.000000;0.000000;2.000000;-53.046143;81.086060;1352.227295;0.337934;0.000000;0.000000;0.000000;0.000000;1.000000;-29.305847;-11.808228;1408.732300;0.399580;0.000000;0.000000;0.000000;0.000000;1.000000;-4.221375;-119.453064;1436.677002;0.564662;0.000000;0.000000;0.000000;0.000000;1.000000;-100.274658;-34.050964;1402.983521;0.269159;0.000000;0.000000;0.000000;0.000000;1.000000;-86.555786;-134.209961;2042.875732;0.022742;0.000000;0.000000;0.000000;0.000000;2.000000;84.315613;-184.410828;2433.956543;0.297356;0.000000;0.000000;0.000000;0.000000;1.000000;344.185333;-82.345703;2735.137695;0.328877;0.000000;0.000000;0.000000;0.000000;1.000000;400.025879;-158.164001;2912.820068;0.377324;0.000000;0.000000;0.000000;0.000000;1.000000;78.051208;-164.238525;1961.337158;0.020511;0.000000;0.000000;0.000000;0.000000;2.000000;332.174591;-211.827698;2304.004150;0.130846;0.000000;0.000000;0.000000;0.000000;2.000000;617.702881;-213.922913;2605.161865;0.227453;0.000000;0.000000;0.000000;0.000000;2.000000;670.073975;-292.654358;2764.186523;0.160019;0.000000;0.000000;0.000000;0.000000;2.000000;-334.985962;-220.697144;1439.943359;0.288709;0.000000;0.000000;0.000000;0.000000;2.000000;-230.657898;-265.169800;1309.986328;0.194516;0.000000;0.000000;0.000000;0.000000;2.000000;-289.722046;-271.778748;1301.184937;0.620438;0.000000;0.000000;0.000000;0.000000;2.000000;-397.556763;-293.476379;1381.297729;1.085064;0.000000;0.000000;0.000000;0.000000;1.000000;-264.048645;-221.882996;1300.214355;0.526250;0.000000;0.000000;0.000000;0.000000;2.000000;-334.659546;-126.933716;1376.227661;1.023039;0.000000;0.000000;0.000000;0.000000;1.000000;6611266560.000000
0.000000;-150.000000;2000.000000;0.000000;0.000000;0.000000;0.000000;0.000000;2.000000;-87.310791;-156.495300;1830.724487;0.085882;0.000000;0.000000;0.000000;0.000000;2.000000;-154.879761;-143.852600;1694.756592;0.146107;0.000000;0.000000;0.000000;0.000000;2.000000;-291.437195;-180.999023;1511.024292;0.339749;0.000000;0.000000;0.000000;0.000000;2.000000;-297.925110;-175.351563;1562.671875;0.277172;0.000000;0.000000;0.000000;0.000000;2.000000;-377.165710;-198.123047;1691.206543;0.153336;0.000000;0.000000;0.000000;0.000000;2.000000;-506.061462;32.584473;1822.735840;0.610699;0.000000;0.000000;0.000000;0.000000;1.000000;-359.031433;-139.267090;1923.899414;0.457388;0.000000;0.000000;0.000000;0.000000;1.000000;-262.122131;-140.959900;1889.455933;0.433559;0.000000;0.000000;0.000000;0.000000;0.000000;-188.870850;-138.116272;1800.296753;0.299005;0.000000;0.000000;0.000000;0.000000;0.000000;-264.855835;-111.162964;1819.951782;0.354673;0.000000;0.000000;0.000000;0.000000;0.000000;-240.208374;-172.164429;1519.934570;0.337555;0.000000;0.000000;0.000000;0.000000;2.000000;-129.923950;-178.174255;1433.121460;0.326395;0.000000;0.000000;0.000000;0.000000;2.000000;-234.500549;-13.564819;1204.132690;0.355941;0.000000;0.000000;0.000000;0.000000;2.000000;-64.787109;92.855530;1355.198364;0.507446;0.000000;0.000000;0.000000;0.000000;1.000000;-37.577209;1.909851;1412.250122;0.492803;0.000000;0.000000;0.000000;0.000000;1.000000;-8.776978;-103.987183;1441.036255;0.501857;0.000000;0.000000;0.000000;0.000000;1.000000;-106.985168;-22.604431;1409.958618;0.450427;0.000000;0.000000;0.000000;0.000000;1.000000;-86.059875;-137.654785;2043.915161;0.109142;0.000000;0.000000;0.000000;0.000000;2.000000;82.429382;-188.390442;2433.683105;0.132586;0.000000;0.000000;0.000000;0.000000;1.000000;332.492737;-91.785950;2742.179688;0.498676;0.000000;0.000000;0.000000;0.000000;1.000000;394.564636;-162.601379;2918.758789;0.276677;0.000000;0.000000;0.000000;0.000000;1.000000;77.603943;-161.132263;1960.399658;0.098418;0.000000;0.000000;0.000000;0.000000;2.000000;324.048096;-209.925476;2305.903320;0.257197;0.000000;0.000000;0.000000;0.000000;2.000000;600.030212;-213.561279;2613.128906;0.582598;0.000000;0.000000;0.000000;0.000000;2.000000;661.477722;-287.967712;2769.936035;0.341171;0.000000;0.000000;0.000000;0.000000;2.000000;-340.253967;-208.911011;1444.300171;0.409412;0.000000;0.000000;0.000000;0.000000;2.000000;-239.369080;-259.994263;1315.160645;0.341868;0.000000;0.000000;0.000000;0.000000;2.000000;-295.826904;-279.677734;1315.071899;0.513911;0.000000;0.000000;0.000000;0.000000;2.000000;-389.617737;-303.284546;1409.859619;0.938256;0.000000;0.000000;0.000000;0.000000;2.000000;-281.758240;-227.509399;1300.935547;0.558770;0.000000;0.000000;0.000000;0.000000;2.000000;-364.880188;-133.979614;1363.638062;1.006243;0.000000;0.000000;0.000000;0.000000;1.000000;6611299840.000000
0.000000;-150.000000;2000.000000;0.000000;0.000000;0.000000;0.000000;0.000000;2.000000;-82.523376;-153.652832;1827.819214;0.188705;0.000000;0.000000;0.000000;0.000000;2.000000;-146.488831;-142.906250;1689.610962;0.297128;0.000000;0.000000;0.000000;0.000000;2.000000;-274.721802;-196.042847;1503.223022;0.715233;0.000000;0.000000;0.000000;0.000000;2.000000;-283.331299;-188.135925;1554.371216;0.634093;0.000000;0.000000;0.000000;0.000000;2.000000;-367.896851;-208.464172;1680.270264;0.531140;0.000000;0.000000;0.000000;0.000000;2.000000;-495.880127;19.735474;1818.275269;0.510511;0.000000;0.000000;0.000000;0.000000;1.000000;-349.690186;-154.190369;1918.359741;0.554590;0.000000;0.000000;0.000000;0.000000;1.000000;-251.476440;-153.458557;1887.088745;0.498428;0.000000;0.000000;0.000000;0.000000;0.000000;-177.111511;-146.514343;1798.771851;0.436613;0.000000;0.000000;0.000000;0.000000;0.000000;-252.185608;-124.479492;1816.079468;0.564440;0.000000;0.000000;0.000000;0.000000;0.000000;-224.222961;-184.211731;1513.383179;0.632861;0.000000;0.000000;0.000000;0.000000;2.000000;-114.186279;-189.731689;1425.757080;0.627050;0.000000;0.000000;0.000000;0.000000;2.000000;-214.394348;-23.859009;1194.917480;0.733044;0.000000;0.000000;0.000000;0.000000;2.000000;-47.543335;91.360168;1343.558838;0.626747;0.000000;0.000000;0.000000;0.000000;1.000000;-16.309082;2.132202;1401.695679;0.713462;0.000000;0.000000;0.000000;0.000000;1.000000;16.898010;-102.380493;1431.693604;0.822391;0.000000;0.000000;0.000000;0.000000;1.000000;-86.683838;-24.969604;1399.072266;0.695826;0.000000;0.000000;0.000000;0.000000;1.000000;-87.159546;-135.501465;2041.466431;0.103404;0.000000;0.000000;0.000000;0.000000;2.000000;76.252441;-193.200623;2433.391113;0.235408;0.000000;0.000000;0.000000;0.000000;1.000000;334.315002;-88.690491;2733.734375;0.275765;0.000000;0.000000;0.000000;0.000000;1.000000;393.006195;-166.776978;2908.866699;0.326015;0.000000;0.000000;0.000000;0.000000;1.000000;78.595581;-163.073975;1962.607788;0.093243;0.000000;0.000000;0.000000;0.000000;2.000000;330.518311;-215.624207;2304.683838;0.261654;0.000000;0.000000;0.000000;0.000000;2.000000;619.996338;-213.767151;2600.438965;0.710891;0.000000;0.000000;0.000000;0.000000;2.000000;680.183594;-297.904358;2753.209961;0.810969;0.000000;0.000000;0.000000;0.000000;2.000000;-319.821472;-229.716980;1436.306519;0.908562;0.000000;0.000000;0.000000;0.000000;2.000000;-220.419189;-271.218689;1302.206421;0.767784;0.000000;0.000000;0.000000;0.000000;2.000000;-278.020630;-287.493958;1299.580566;0.747067;0.000000;0.000000;0.000000;0.000000;2.000000;-374.217163;-316.594940;1390.760864;0.838716;0.000000;0.000000;0.000000;0.000000;1.000000;-260.817444;-234.825439;1291.689941;0.722106;0.000000;0.000000;0.000000;0.000000;2.000000;-339.311035;-144.414551;1364.725952;0.830465;0.000000;0.000000;0.000000;0.000000;1.000000;6611333120.000000
0.000000;-150.000000;2000.000000;0.000000;0.000000;0.000000;0.000000;0.000000;2.000000;-85.926270;-156.325256;1829.774780;0.140514;0.000000;0.000000;0.000000;0.000000;2.000000;-152.025024;-143.249451;1692.939087;0.191426;0.000000;0.000000;0.000000;0.000000;2.000000;-284.243408;-175.886108;1504.903198;0.661568;0.000000;0.000000;0.000000;0.000000;2.000000;-292.050659;-170.825867;1556.487671;0.576980;0.000000;0.000000;0.000000;0.000000;2.000000;-378.867920;-173.485229;1682.289307;1.086490;0.000000;0.000000;0.000000;0.000000;2.000000;-496.870972;95.882874;1711.427246;3.882854;0.000000;0.000000;0.000000;0.000000;2.000000;-353.907471;-45.722595;1856.444702;3.698096;0.000000;0.000000;0.000000;0.000000;1.000000;-271.864929;-101.295532;1884.457642;1.659202;0.000000;0.000000;0.000000;0.000000;0.000000;-202.363098;-166.200256;1818.810669;1.117783;0.000000;0.000000;0.000000;0.000000;0.000000;-237.773682;-127.673279;1815.168579;0.437667;0.000000;0.000000;0.000000;0.000000;0.000000;-233.092163;-167.944580;1515.318726;0.551276;0.000000;0.000000;0.000000;0.000000;2.000000;-119.760132;-178.382507;1432.699707;0.426867;0.000000;0.000000;0.000000;0.000000;2.000000;-222.413025;-15.662048;1201.068481;0.385075;0.000000;0.000000;0.000000;0.000000;2.000000;-59.508057;97.789124;1354.948120;0.524554;0.000000;0.000000;0.000000;0.000000;1.000000;-24.912964;7.863281;1409.812256;0.388952;0.000000;0.000000;0.000000;0.000000;1.000000;10.721191;-95.736511;1439.780151;0.359632;0.000000;0.000000;0.000000;0.000000;1.000000;-93.539795;-19.511719;1407.812134;0.366256;0.000000;0.000000;0.000000;0.000000;1.000000;-86.339539;-135.864746;2043.057129;0.054040;0.000000;0.000000;0.000000;0.000000;2.000000;83.268311;-190.774414;2432.293213;0.222073;0.000000;0.000000;0.000000;0.000000;1.000000;335.647766;-94.896362;2739.727783;0.258340;0.000000;0.000000;0.000000;0.000000;1.000000;395.468903;-166.427734;2917.044678;0.252956;0.000000;0.000000;0.000000;0.000000;1.000000;77.856079;-162.746399;1961.173340;0.048732;0.000000;0.000000;0.000000;0.000000;2.000000;328.072968;-211.851685;2304.498779;0.133154;0.000000;0.000000;0.000000;0.000000;2.000000;611.733154;-211.765991;2605.300293;0.289824;0.000000;0.000000;0.000000;0.000000;2.000000;673.936829;-283.417847;2763.326172;0.554594;0.000000;0.000000;0.000000;0.000000;2.000000;-331.698608;-202.185120;1436.437866;0.887334;0.000000;0.000000;0.000000;0.000000;2.000000;-223.134949;-259.230469;1316.066650;0.548225;0.000000;0.000000;0.000000;0.000000;2.000000;-277.821838;-283.538025;1317.219604;0.534987;0.000000;0.000000;0.000000;0.000000;2.000000;-372.178101;-303.877808;1412.416626;0.745630;0.000000;0.000000;0.000000;0.000000;2.000000;-267.664001;-232.302551;1297.271240;0.271853;0.000000;0.000000;0.000000;0.000000;2.000000;-360.066162;-139.417603;1346.932617;0.822418;0.000000;0.000000;0.000000;0.000000;1.000000;6611366912.000000
0.000000;-150.000000;2000.000000;0.000000;0.000000;0.000000;0.000000;0.000000;2.000000;-88.813843;-159.668762;1831.729736;0.145164;0.000000;0.000000;0.000000;0.000000;2.000000;-157.069336;-148.245300;1696.052002;0.232933;0.000000;0.000000;0.000000;0.000000;2.000000;-294.476135;-185.304077;1513.030518;0.484007;0.000000;0.000000;0.000000;0.000000;2.000000;-300.735474;-179.440430;1564.665161;0.442134;0.000000;0.000000;0.000000;0.000000;2.000000;-384.628723;-199.419617;1690.627686;0.836669;0.000000;0.000000;0.000000;0.000000;2.000000;-510.112366;55.579651;1770.085083;2.175204;0.000000;0.000000;0.000000;0.000000;1.000000;-377.691833;-94.149841;1916.343140;2.422314;0.000000;0.000000;0.000000;0.000000;1.000000;-282.328674;-127.587708;1897.326538;0.934093;0.000000;0.000000;0.000000;0.000000;0.000000;-210.197693;-160.582153;1813.522461;0.330405;0.000000;0.000000;0.000000;0.000000;0.000000;-266.902893;-130.433777;1826.129761;0.938866;0.000000;0.000000;0.000000;0.000000;0.000000;-243.183960;-176.713928;1521.712524;0.445307;0.000000;0.000000;0.000000;0.000000;2.000000;-132.498596;-178.785889;1435.300171;0.390849;0.000000;0.000000;0.000000;0.000000;2.000000;-229.578064;-16.197876;1201.738281;0.216833;0.000000;0.000000;0.000000;0.000000;2.000000;-59.383850;98.075073;1346.251343;0.261489;0.000000;0.000000;0.000000;0.000000;1.000000;-31.478821;9.632874;1406.731323;0.224325;0.000000;0.000000;0.000000;0.000000;1.000000;-0.547729;-93.772217;1441.584106;0.347963;0.000000;0.000000;0.000000;0.000000;1.000000;-102.768005;-15.672791;1408.041504;0.300405;0.000000;0.000000;0.000000;0.000000;1.000000;-85.447083;-135.080200;2044.242065;0.050424;0.000000;0.000000;0.000000;0.000000;2.000000;90.020874;-186.440491;2430.684082;0.245898;0.000000;0.000000;0.000000;0.000000;2.000000;345.581665;-88.153748;2733.926270;0.400669;0.000000;0.000000;0.000000;0.000000;1.000000;398.987946;-162.803955;2911.682617;0.221353;0.000000;0.000000;0.000000;0.000000;1.000000;77.051392;-163.453857;1960.104980;0.045465;0.000000;0.000000;0.000000;0.000000;2.000000;323.807861;-214.481934;2304.893066;0.151034;0.000000;0.000000;0.000000;0.000000;2.000000;610.786255;-210.030029;2601.677734;0.124012;0.000000;0.000000;0.000000;0.000000;2.000000;665.894836;-281.445618;2762.119629;0.251434;0.000000;0.000000;0.000000;0.000000;2.000000;-343.678223;-213.183472;1446.613037;0.576429;0.000000;0.000000;0.000000;0.000000;2.000000;-229.979980;-262.808289;1328.057129;0.428569;0.000000;0.000000;0.000000;0.000000;2.000000;-285.820923;-283.406006;1322.565430;0.289119;0.000000;0.000000;0.000000;0.000000;2.000000;-387.930481;-308.378235;1407.870728;0.510867;0.000000;0.000000;0.000000;0.000000;1.000000;-271.295898;-231.054810;1309.693848;0.390704;0.000000;0.000000;0.000000;0.000000;2.000000;-361.570496;-138.822571;1363.729370;0.507046;0.000000;0.000000;0.000000;0.000000;1.000000;6611400192.000000
0.000000;-150.000000;2000.000000;0.000000;0.000000;0.000000;0.000000;0.000000;2.000000;-88.819336;-159.662720;1831.730835;0.000248;0.000000;0.000000;0.000000;0.000000;2.000000;-157.078552;-148.232178;1696.054321;0.000487;0.000000;0.000000;0.000000;0.000000;2.000000;-294.525024;-185.260986;1513.054565;0.002087;0.000000;0.000000;0.000000;0.000000;2.000000;-300.774780;-179.392761;1564.690063;0.002002;0.000000;0.000000;0.000000;0.000000;2.000000;-384.664124;-199.146484;1690.692139;0.008499;0.000000;0.000000;0.000000;0.000000;2.000000;-510.035950;56.166016;1769.322998;0.028984;0.000000;0.000000;0.000000;0.000000;2.000000;-377.654358;-93.135681;1916.055542;0.031695;0.000000;0.000000;0.000000;0.000000;1.000000;-282.309998;-126.683716;1897.135864;0.027767;0.000000;0.000000;0.000000;0.000000;0.000000;-210.205200;-159.987488;1813.430542;0.018082;0.000000;0.000000;0.000000;0.000000;0.000000;-266.893982;-129.775940;1825.947266;0.020515;0.000000;0.000000;0.000000;0.000000;0.000000;-243.228638;-176.685303;1521.728394;0.001664;0.000000;0.000000;0.000000;0.000000;2.000000;-132.560486;-178.789856;1435.293213;0.001875;0.000000;0.000000;0.000000;0.000000;2.000000;-229.643677;-16.159912;1201.759399;0.002365;0.000000;0.000000;0.000000;0.000000;2.000000;-59.392517;98.069641;1346.242798;0.000400;0.000000;0.000000;0.000000;0.000000;1.000000;-31.486206;9.621094;1406.714233;0.000662;0.000000;0.000000;0.000000;0.000000;1.000000;-0.574341;-93.793518;1441.558228;0.001286;0.000000;0.000000;0.000000;0.000000;1.000000;-102.784668;-15.657532;1408.067261;0.001030;0.000000;0.000000;0.000000;0.000000;1.000000;-85.446045;-135.079285;2044.245117;0.000101;0.000000;0.000000;0.000000;0.000000;2.000000;90.128113;-186.441711;2430.642090;0.003461;0.000000;0.000000;0.000000;0.000000;2.000000;345.757263;-88.095764;2733.811035;0.006547;0.000000;0.000000;0.000000;0.000000;1.000000;399.243286;-162.737000;2911.548828;0.008892;0.000000;0.000000;0.000000;0.000000;1.000000;77.050476;-163.454712;1960.102173;0.000092;0.000000;0.000000;0.000000;0.000000;2.000000;323.829132;-214.498718;2304.875488;0.000970;0.000000;0.000000;0.000000;0.000000;2.000000;610.828064;-210.058228;2601.644531;0.001814;0.000000;0.000000;0.000000;0.000000;2.000000;665.940857;-281.478088;2762.083984;0.002003;0.000000;0.000000;0.000000;0.000000;2.000000;-343.745667;-213.129822;1446.645752;0.002770;0.000000;0.000000;0.000000;0.000000;2.000000;-230.128296;-262.822998;1328.039307;0.004510;0.000000;0.000000;0.000000;0.000000;2.000000;-285.976990;-283.412048;1322.589478;0.004748;0.000000;0.000000;0.000000;0.000000;2.000000;-388.040222;-308.331543;1407.966919;0.004604;0.000000;0.000000;0.000000;0.000000;2.000000;-271.449524;-231.068542;1309.688599;0.004637;0.000000;0.000000;0.000000;0.000000;2.000000;-361.674011;-138.797241;1363.743530;0.003230;0.000000;0.000000;0.000000;0.000000;1.000000;6611433472.000000
0.000000;-150.000000;2000.000000;0.000000;0.000000;0.000000;0.000000;0.000000;2.000000;-87.939941;-157.220886;1831.809814;0.078022;0.000000;0.000000;0.000000;0.000000;2.000000;-155.968628;-142.979797;1696.811035;0.162904;0.000000;0.000000;0.000000;0.000000;2.000000;-293.610596;-174.054199;1513.753418;0.338513;0.000000;0.000000;0.000000;0.000000;2.000000;-299.707947;-169.424500;1565.370117;0.301930;0.000000;0.000000;0.000000;0.000000;2.000000;-388.751282;-171.154968;1688.776611;0.851957;0.000000;0.000000;0.000000;0.000000;2.000000;-509.100891;96.097778;1714.108276;2.047702;0.000000;0.000000;0.000000;0.000000;2.000000;-371.308289;-33.235474;1873.026855;2.224324;0.000000;0.000000;0.000000;0.000000;1.000000;-296.239258;-99.371521;1895.379150;0.922758;0.000000;0.000000;0.000000;0.000000;0.000000;-233.736206;-163.313843;1823.007324;0.769892;0.000000;0.000000;0.000000;0.000000;0.000000;-268.886230;-129.817749;1823.043823;0.105814;0.000000;0.000000;0.000000;0.000000;0.000000;-242.380188;-166.207520;1522.521240;0.316765;0.000000;0.000000;0.000000;0.000000;2.000000;-135.174194;-174.570984;1432.863159;0.166043;0.000000;0.000000;0.000000;0.000000;2.000000;-240.577271;-10.742432;1205.034424;0.379628;0.000000;0.000000;0.000000;0.000000;2.000000;-64.541138;100.709412;1343.281250;0.195307;0.000000;0.000000;0.000000;0.000000;1.000000;-38.517944;13.628540;1405.915283;0.244377;0.000000;0.000000;0.000000;0.000000;1.000000;-11.651184;-89.635193;1443.330078;0.359483;0.000000;0.000000;0.000000;0.000000;1.000000;-111.462158;-7.806458;1408.873413;0.352458;0.000000;0.000000;0.000000;0.000000;1.000000;-85.667725;-139.068420;2044.322998;0.120074;0.000000;0.000000;0.000000;0.000000;2.000000;102.204895;-184.796448;2424.133057;0.415189;0.000000;0.000000;0.000000;0.000000;2.000000;349.288239;-92.951233;2734.644287;0.182126;0.000000;0.000000;0.000000;0.000000;1.000000;412.092590;-168.605530;2908.162842;0.436483;0.000000;0.000000;0.000000;0.000000;1.000000;77.250366;-159.857544;1960.032104;0.108275;0.000000;0.000000;0.000000;0.000000;2.000000;319.537048;-207.867737;2306.794922;0.244252;0.000000;0.000000;0.000000;0.000000;2.000000;595.919617;-204.178406;2611.771729;0.569642;0.000000;0.000000;0.000000;0.000000;2.000000;656.815125;-277.322327;2768.655273;0.360240;0.000000;0.000000;0.000000;0.000000;2.000000;-343.041321;-199.718933;1446.965576;0.403641;0.000000;0.000000;0.000000;0.000000;2.000000;-240.772461;-255.443604;1321.663940;0.433775;0.000000;0.000000;0.000000;0.000000;2.000000;-295.446289;-278.958618;1324.585083;0.320098;0.000000;0.000000;0.000000;0.000000;2.000000;-385.669495;-299.921143;1422.742310;0.515802;0.000000;0.000000;0.000000;0.000000;2.000000;-285.462524;-227.694153;1305.338135;0.452398;0.000000;0.000000;0.000000;0.000000;2.000000;-374.064758;-135.076538;1360.361816;0.401803;0.000000;0.000000;0.000000;0.000000;1.000000;6611466752.000000
0.000000;-150.000000;2000.000000;0.000000;0.000000;0.000000;0.000000;0.000000;2.000000;-87.398987;-154.285522;1830.190186;0.102041;0.000000;0.000000;0.000000;0.000000;2.000000;-155.191711;-138.949158;1694.204712;0.146105;0.000000;0.000000;0.000000;0.000000;2.000000;-292.469421;-174.008972;1509.903931;0.120653;0.000000;0.000000;0.000000;0.000000;2.000000;-298.883484;-168.749146;1561.727539;0.114041;0.000000;0.000000;0.000000;0.000000;2.000000;-391.127197;-158.652039;1683.460327;0.414436;0.000000;0.000000;0.000000;0.000000;2.000000;-506.477417;112.919800;1661.152100;1.671446;0.000000;0.000000;0.000000;0.000000;2.000000;-359.355591;-26.264954;1804.886719;2.089267;0.000000;0.000000;0.000000;0.000000;2.000000;-296.180908;-70.439514;1873.359497;1.092498;0.000000;0.000000;0.000000;0.000000;0.000000;-240.266174;-161.294128;1828.576172;0.264921;0.000000;0.000000;0.000000;0.000000;0.000000;-255.250488;-130.916016;1820.281128;0.419353;0.000000;0.000000;0.000000;0.000000;0.000000;-241.067200;-165.467957;1518.844604;0.119395;0.000000;0.000000;0.000000;0.000000;2.000000;-130.251587;-171.334534;1432.157349;0.178286;0.000000;0.000000;0.000000;0.000000;2.000000;-233.340271;-6.489197;1201.728271;0.271091;0.000000;0.000000;0.000000;0.000000;2.000000;-61.685852;99.170593;1352.124512;0.283033;0.000000;0.000000;0.000000;0.000000;1.000000;-32.925110;9.562683;1411.014282;0.258153;0.000000;0.000000;0.000000;0.000000;1.000000;-3.910034;-94.448730;1446.697266;0.291998;0.000000;0.000000;0.000000;0.000000;1.000000;-106.335510;-12.441345;1410.749634;0.215185;0.000000;0.000000;0.000000;0.000000;1.000000;-86.446533;-139.879333;2044.237427;0.033882;0.000000;0.000000;0.000000;0.000000;2.000000;124.790649;-175.372192;2415.547363;0.779310;0.000000;0.000000;0.000000;0.000000;2.000000;375.616455;-88.143677;2727.487305;0.832451;0.000000;0.000000;0.000000;0.000000;1.000000;442.423401;-171.014038;2897.510254;0.968666;0.000000;0.000000;0.000000;0.000000;1.000000;77.952637;-159.126221;1960.109131;0.030554;0.000000;0.000000;0.000000;0.000000;2.000000;326.236389;-202.536377;2306.269531;0.257750;0.000000;0.000000;0.000000;0.000000;2.000000;603.770020;-198.260986;2613.410156;0.299471;0.000000;0.000000;0.000000;0.000000;2.000000;666.825012;-276.457764;2768.235840;0.302161;0.000000;0.000000;0.000000;0.000000;2.000000;-341.613586;-201.200500;1442.851807;0.138210;0.000000;0.000000;0.000000;0.000000;2.000000;-233.749756;-252.959045;1319.195435;0.235806;0.000000;0.000000;0.000000;0.000000;2.000000;-289.331970;-275.350037;1318.100952;0.288916;0.000000;0.000000;0.000000;0.000000;2.000000;-385.430054;-299.425018;1410.899292;0.356245;0.000000;0.000000;0.000000;0.000000;2.000000;-277.171387;-223.091614;1302.122559;0.300881;0.000000;0.000000;0.000000;0.000000;2.000000;-366.887207;-130.841614;1358.005249;0.260233;0.000000;0.000000;0.000000;0.000000;1.000000;6611500032.000000
0.000000;-150.000000;2000.000000;0.000000;0.000000;0.000000;0.000000;0.000000;2.000000;-88.122375;-155.696777;1831.132690;0.055432;0.000000;0.000000;0.000000;0.000000;2.000000;-155.879395;-138.600098;1695.759521;0.052150;0.000000;0.000000;0.000000;0.000000;2.000000;-288.654663;-177.139038;1509.579834;0.148593;0.000000;0.000000;0.000000;0.000000;2.000000;-296.117188;-171.782898;1561.122681;0.124697;0.000000;0.000000;0.000000;0.000000;2.000000;-381.777039;-187.561951;1686.537109;0.917660;0.000000;0.000000;0.000000;0.000000;2.000000;-523.597351;62.165527;1754.730469;3.239902;0.000000;0.000000;0.000000;0.000000;1.000000;-373.673279;-82.474243;1888.812256;3.065489;0.000000;0.000000;0.000000;0.000000;1.000000;-272.205383;-99.194275;1890.754761;1.240464;0.000000;0.000000;0.000000;0.000000;0.000000;-232.731384;-156.303833;1798.551147;0.942178;0.000000;0.000000;0.000000;0.000000;0.000000;-254.527588;-136.082275;1816.831787;0.187916;0.000000;0.000000;0.000000;0.000000;0.000000;-237.731934;-167.558777;1519.404541;0.119473;0.000000;0.000000;0.000000;0.000000;2.000000;-125.961121;-168.675049;1434.325562;0.165079;0.000000;0.000000;0.000000;0.000000;2.000000;-234.858643;-13.130127;1201.083008;0.205613;0.000000;0.000000;0.000000;0.000000;2.000000;-70.240784;99.956177;1352.911621;0.259222;0.000000;0.000000;0.000000;0.000000;1.000000;-37.476868;10.724548;1409.734619;0.146300;0.000000;0.000000;0.000000;0.000000;1.000000;-4.154114;-92.703003;1442.333984;0.141403;0.000000;0.000000;0.000000;0.000000;1.000000;-108.168213;-14.640015;1409.318359;0.096161;0.000000;0.000000;0.000000;0.000000;1.000000;-85.904907;-138.553101;2044.442871;0.043486;0.000000;0.000000;0.000000;0.000000;2.000000;116.643494;-175.033752;2419.273438;0.269386;0.000000;0.000000;0.000000;0.000000;2.000000;374.463226;-85.977661;2723.588623;0.138421;0.000000;0.000000;0.000000;0.000000;1.000000;437.369446;-164.753845;2896.444336;0.243869;0.000000;0.000000;0.000000;0.000000;1.000000;77.464233;-160.322144;1959.924072;0.039213;0.000000;0.000000;0.000000;0.000000;2.000000;327.827454;-209.120789;2302.558350;0.232089;0.000000;0.000000;0.000000;0.000000;2.000000;607.117493;-212.108521;2606.746094;0.472596;0.000000;0.000000;0.000000;0.000000;2.000000;661.033142;-283.046448;2767.855713;0.263844;0.000000;0.000000;0.000000;0.000000;2.000000;-335.877441;-205.542114;1441.930542;0.217930;0.000000;0.000000;0.000000;0.000000;2.000000;-239.144470;-255.538940;1309.254395;0.348588;0.000000;0.000000;0.000000;0.000000;2.000000;-295.433411;-275.608337;1311.036865;0.280585;0.000000;0.000000;0.000000;0.000000;2.000000;-385.749573;-300.142151;1408.899414;0.064557;0.000000;0.000000;0.000000;0.000000;1.000000;-282.212341;-223.306152;1296.596680;0.224844;0.000000;0.000000;0.000000;0.000000;2.000000;-363.760193;-130.545654;1362.408691;0.162527;0.000000;0.000000;0.000000;0.000000;1.000000;6611533312.000000
0.000000;-150.000000;2000.000000;0.000000;0.000000;0.000000;0.000000;0.000000;2.000000;-87.403381;-149.563782;1830.757813;0.185888;0.000000;0.000000;0.000000;0.000000;2.000000;-154.499146;-129.582642;1695.525391;0.274203;0.000000;0.000000;0.000000;0.000000;2.000000;-291.552612;-174.246338;1513.998901;0.181023;0.000000;0.000000;0.000000;0.000000;2.000000;-297.851501;-166.712708;1565.401245;0.206045;0.000000;0.000000;0.000000;0.000000;2.000000;-380.151123;-171.617249;1693.844482;0.529285;0.000000;0.000000;0.000000;0.000000;2.000000;-503.721802;94.239136;1727.036133;1.406407;0.000000;0.000000;0.000000;0.000000;2.000000;-352.523071;-33.701965;1875.670410;1.645465;0.000000;0.000000;0.000000;0.000000;1.000000;-270.072571;-91.755432;1895.708740;0.276095;0.000000;0.000000;0.000000;0.000000;0.000000;-234.152771;-158.420837;1808.673950;0.313673;0.000000;0.000000;0.000000;0.000000;0.000000;-253.528320;-133.316650;1823.526245;0.219707;0.000000;0.000000;0.000000;0.000000;0.000000;-240.361084;-164.824402;1522.344849;0.144214;0.000000;0.000000;0.000000;0.000000;2.000000;-126.641907;-167.360718;1440.024414;0.176921;0.000000;0.000000;0.000000;0.000000;2.000000;-232.100830;-10.670532;1206.138672;0.188166;0.000000;0.000000;0.000000;0.000000;2.000000;-72.615662;105.802002;1360.680298;0.300730;0.000000;0.000000;0.000000;0.000000;1.000000;-36.271240;16.882202;1415.691284;0.259967;0.000000;0.000000;0.000000;0.000000;1.000000;0.923645;-86.075684;1445.277710;0.266007;0.000000;0.000000;0.000000;0.000000;1.000000;-104.613525;-11.424011;1414.662720;0.215721;0.000000;0.000000;0.000000;0.000000;1.000000;-85.827087;-138.005981;2044.355347;0.016812;0.000000;0.000000;0.000000;0.000000;2.000000;113.052917;-185.208557;2419.739746;0.324514;0.000000;0.000000;0.000000;0.000000;2.000000;369.596436;-99.567566;2725.868164;0.439121;0.000000;0.000000;0.000000;0.000000;1.000000;438.855408;-172.984253;2898.553223;0.259172;0.000000;0.000000;0.000000;0.000000;1.000000;77.394043;-160.815491;1960.002686;0.015159;0.000000;0.000000;0.000000;0.000000;2.000000;329.382843;-206.162292;2301.685547;0.103802;0.000000;0.000000;0.000000;0.000000;2.000000;605.143677;-211.671631;2608.798340;0.086560;0.000000;0.000000;0.000000;0.000000;2.000000;664.875488;-278.002991;2769.727051;0.198640;0.000000;0.000000;0.000000;0.000000;2.000000;-340.472778;-204.866699;1448.610107;0.244463;0.000000;0.000000;0.000000;0.000000;2.000000;-232.850403;-256.338806;1325.312866;0.518823;0.000000;0.000000;0.000000;0.000000;2.000000;-289.294495;-275.692932;1322.032715;0.378418;0.000000;0.000000;0.000000;0.000000;2.000000;-388.329590;-298.870667;1411.334473;0.113240;0.000000;0.000000;0.000000;0.000000;1.000000;-274.172974;-223.614746;1308.792480;0.439015;0.000000;0.000000;0.000000;0.000000;2.000000;-360.111816;-129.739746;1366.849854;0.174393;0.000000;0.000000;0.000000;0.000000;1.000000;6611566592.000000
0.000000;-150.000000;2000.000000;0.000000;0.000000;0.000000;0.000000;0.000000;2.000000;-86.483337;-156.888550;1831.567749;0.223156;0.000000;0.000000;0.000000;0.000000;2.000000;-152.572693;-142.008179;1696.094971;0.378212;0.000000;0.000000;0.000000;0.000000;2.000000;-288.293396;-178.212585;1513.262817;0.155832;0.000000;0.000000;0.000000;0.000000;2.000000;-294.974976;-169.694885;1564.177612;0.129817;0.000000;0.000000;0.000000;0.000000;2.000000;-385.399963;-160.832397;1685.799072;0.433976;0.000000;0.000000;0.000000;0.000000;2.000000;-495.793518;111.057251;1682.087891;1.461601;0.000000;0.000000;0.000000;0.000000;2.000000;-355.751038;4.173218;1854.231323;1.311344;0.000000;0.000000;0.000000;0.000000;1.000000;-285.671326;-65.019043;1881.773560;1.020018;0.000000;0.000000;0.000000;0.000000;0.000000;-243.414673;-147.496216;1814.099487;0.460203;0.000000;0.000000;0.000000;0.000000;0.000000;-270.788940;-116.305603;1825.894043;0.731664;0.000000;0.000000;0.000000;0.000000;0.000000;-236.988953;-172.561279;1522.500000;0.253643;0.000000;0.000000;0.000000;0.000000;2.000000;-124.723145;-172.251831;1439.424316;0.158899;0.000000;0.000000;0.000000;0.000000;2.000000;-226.632568;-4.283875;1214.001953;0.345909;0.000000;0.000000;0.000000;0.000000;2.000000;-66.955627;112.293701;1366.081177;0.305469;0.000000;0.000000;0.000000;0.000000;1.000000;-32.907715;23.474304;1421.536743;0.283375;0.000000;0.000000;0.000000;0.000000;1.000000;3.920044;-79.623718;1448.680420;0.236951;0.000000;0.000000;0.000000;0.000000;1.000000;-107.824158;-5.205261;1412.951294;0.216492;0.000000;0.000000;0.000000;0.000000;1.000000;-85.408081;-135.484558;2043.260132;0.083557;0.000000;0.000000;0.000000;0.000000;2.000000;114.563599;-184.026428;2415.288818;0.145634;0.000000;0.000000;0.000000;0.000000;2.000000;371.366089;-102.100708;2719.309082;0.217864;0.000000;0.000000;0.000000;0.000000;1.000000;434.272888;-176.450500;2892.791260;0.244508;0.000000;0.000000;0.000000;0.000000;1.000000;77.016235;-163.089233;1960.990601;0.075352;0.000000;0.000000;0.000000;0.000000;2.000000;325.159576;-205.523132;2303.022217;0.134484;0.000000;0.000000;0.000000;0.000000;2.000000;600.749329;-206.557861;2607.371338;0.207086;0.000000;0.000000;0.000000;0.000000;2.000000;660.161011;-274.719421;2766.523926;0.197652;0.000000;0.000000;0.000000;0.000000;2.000000;-337.815552;-205.700439;1447.555176;0.089485;0.000000;0.000000;0.000000;0.000000;2.000000;-236.758667;-250.403198;1317.516479;0.316989;0.000000;0.000000;0.000000;0.000000;2.000000;-295.410278;-255.248535;1309.162720;0.748802;0.000000;0.000000;0.000000;0.000000;2.000000;-402.045837;-275.113708;1388.907349;1.064696;0.000000;0.000000;0.000000;0.000000;1.000000;-268.708984;-206.567688;1308.770752;0.537901;0.000000;0.000000;0.000000;0.000000;2.000000;-335.479797;-111.998108;1385.962891;1.077889;0.000000;0.000000;0.000000;0.000000;1.000000;6611599872.000000
