posX0;posY0;posZ0;posVel0;rotX0;rotY0;rotZ0;rotVel0;confidence0;posX1;posY1;posZ1;posVel1;rotX1;rotY1;rotZ1;rotVel1;confidence1;posX2;posY2;posZ2;posVel2;rotX2;rotY2;rotZ2;rotVel2;confidence2;posX3;posY3;posZ3;posVel3;rotX3;rotY3;rotZ3;rotVel3;confidence3;posX4;posY4;posZ4;posVel4;rotX4;rotY4;rotZ4;rotVel4;confidence4;posX5;posY5;posZ5;posVel5;rotX5;rotY5;rotZ5;rotVel5;confidence5;posX6;posY6;posZ6;posVel6;rotX6;rotY6;rotZ6;rotVel6;confidence6;posX7;posY7;posZ7;posVel7;rotX7;rotY7;rotZ7;rotVel7;confidence7;posX8;posY8;posZ8;posVel8;rotX8;rotY8;rotZ8;rotVel8;confidence8;posX9;posY9;posZ9;posVel9;rotX9;rotY9;rotZ9;rotVel9;confidence9;posX10;posY10;posZ10;posVel10;rotX10;rotY10;rotZ10;rotVel10;confidence10;posX11;posY11;posZ11;posVel11;rotX11;rotY11;rotZ11;rotVel11;confidence11;posX12;posY12;posZ12;posVel12;rotX12;rotY12;rotZ12;rotVel12;confidence12;posX13;posY13;posZ13;posVel13;rotX13;rotY13;rotZ13;rotVel13;confidence13;posX14;posY14;posZ14;posVel14;rotX14;rotY14;rotZ14;rotVel14;confidence14;posX15;posY15;posZ15;posVel15;rotX15;rotY15;rotZ15;rotVel15;confidence15;posX16;posY16;posZ16;posVel16;rotX16;rotY16;rotZ16;rotVel16;confidence16;posX17;posY17;posZ17;posVel17;rotX17;rotY17;rotZ17;rotVel17;confidence17;posX18;posY18;posZ18;posVel18;rotX18;rotY18;rotZ18;rotVel18;confidence18;posX19;posY19;posZ19;posVel19;rotX19;rotY19;rotZ19;rotVel19;confidence19;posX20;posY20;posZ20;posVel20;rotX20;rotY20;rotZ20;rotVel20;confidence20;posX21;posY21;posZ21;posVel21;rotX21;rotY21;rotZ21;rotVel21;confidence21;posX22;posY22;posZ22;posVel22;rotX22;rotY22;rotZ22;rotVel22;confidence22;posX23;posY23;posZ23;posVel23;rotX23;rotY23;rotZ23;rotVel23;confidence23;posX24;posY24;posZ24;posVel24;rotX24;rotY24;rotZ24;rotVel24;confidence24;posX25;posY25;posZ25;posVel25;rotX25;rotY25;rotZ25;rotVel25;confidence25;posX26;posY26;posZ26;posVel26;rotX26;rotY26;rotZ26;rotVel26;confidence26;posX27;posY27;posZ27;posVel27;rotX27;rotY27;rotZ27;rotVel27;confidence27;posX28;posY28;posZ28;posVel28;rotX28;rotY28;rotZ28;rotVel28;confidence28;posX29;posY29;posZ29;posVel29;rotX29;rotY29;rotZ29;rotVel29;confidence29;posX30;posY30;posZ30;posVel30;rotX30;rotY30;rotZ30;rotVel30;confidence30;posX31;posY31;posZ31;posVel31;rotX31;rotY31;rotZ31;rotVel31;confidence31;TimeStamp
0.000000;-150.000000;2000.000000;0.000000;0.000000;0.000000;0.000000;0.000000;2.000000;-61.865051;-195.031860;2176.182129;0.000000;0.000000;0.000000;0.000000;0.000000;2.000000;-112.836304;-215.472778;2319.586426;0.000000;0.000000;0.000000;0.000000;0.000000;2.000000;-191.291138;-234.256165;2538.972168;0.000000;0.000000;0.000000;0.000000;0.000000;2.000000;-144.576782;-227.132080;2515.479004;0.000000;0.000000;0.000000;0.000000;0.000000;2.000000;-24.105591;-210.288879;2609.773682;0.000000;0.000000;0.000000;0.000000;0.000000;2.000000;161.819489;-102.431824;2404.054688;0.000000;0.000000;0.000000;0.000000;0.000000;2.000000;325.757568;-188.090332;2236.290039;0.000000;0.000000;0.000000;0.000000;0.000000;2.000000;341.531860;-211.547607;2136.543701;0.000000;0.000000;0.000000;0.000000;0.000000;2.000000;354.083496;-96.845520;2151.385986;0.000000;0.000000;0.000000;0.000000;0.000000;1.000000;389.731049;-153.190369;2113.022949;0.000000;0.000000;0.000000;0.000000;0.000000;1.000000;-212.200806;-232.917969;2490.115723;0.000000;0.000000;0.000000;0.000000;0.000000;2.000000;-353.374756;-238.952637;2481.078125;0.000000;0.000000;0.000000;0.000000;0.000000;2.000000;-447.397888;-108.670776;2224.000488;0.000000;0.000000;0.000000;0.000000;0.000000;2.000000;-448.289001;-253.533691;2016.730591;0.000000;0.000000;0.000000;0.000000;0.000000;2.000000;-385.706665;-340.511292;1985.437744;0.000000;0.000000;0.000000;0.000000;0.000000;2.000000;-441.725159;-241.092468;1978.075439;0.000000;0.000000;0.000000;0.000000;0.000000;2.000000;-370.101318;-346.732544;1966.020752;0.000000;0.000000;0.000000;0.000000;0.000000;2.000000;92.284363;-146.493713;2033.301147;0.000000;0.000000;0.000000;0.000000;0.000000;2.000000;304.263977;-100.572632;1660.826782;0.000000;0.000000;0.000000;0.000000;0.000000;2.000000;490.851440;-16.161072;1303.416260;0.000000;0.000000;0.000000;0.000000;0.000000;2.000000;608.066772;-148.443054;1206.231323;0.000000;0.000000;0.000000;0.000000;0.000000;2.000000;-83.216797;-153.161804;1969.970947;0.000000;0.000000;0.000000;0.000000;0.000000;2.000000;86.926483;-101.559570;1577.835815;0.000000;0.000000;0.000000;0.000000;0.000000;2.000000;264.987610;22.515259;1222.630371;0.000000;0.000000;0.000000;0.000000;0.000000;2.000000;316.645935;-101.864258;1094.962646;0.000000;0.000000;0.000000;0.000000;0.000000;1.000000;-218.921326;-255.570313;2619.701660;0.000000;0.000000;0.000000;0.000000;0.000000;2.000000;-241.228821;-379.641205;2738.192871;0.000000;0.000000;0.000000;0.000000;0.000000;2.000000;-206.005981;-333.161926;2753.379883;0.000000;0.000000;0.000000;0.000000;0.000000;2.000000;-127.758728;-244.488403;2685.234131;0.000000;0.000000;0.000000;0.000000;0.000000;2.000000;-262.157043;-329.729858;2751.374268;0.000000;0.000000;0.000000;0.000000;0.000000;2.000000;-303.694763;-213.645935;2682.829590;0.000000;0.000000;0.000000;0.000000;0.000000;2.000000;6234033152.000000
0.000000;-150.000000;2000.000000;0.000000;0.000000;0.000000;0.000000;0.000000;2.000000;-64.133240;-199.763550;2175.081543;0.161100;0.000000;0.000000;0.000000;0.000000;2.000000;-117.548950;-219.726379;2318.437988;0.193853;0.000000;0.000000;0.000000;0.000000;2.000000;-194.231384;-235.827881;2539.827881;0.103426;0.000000;0.000000;0.000000;0.000000;2.000000;-147.424683;-229.826050;2515.656494;0.117915;0.000000;0.000000;0.000000;0.000000;2.000000;-21.755066;-214.542603;2604.455566;0.216474;0.000000;0.000000;0.000000;0.000000;2.000000;165.208496;-97.214355;2402.875488;0.190273;0.000000;0.000000;0.000000;0.000000;2.000000;318.565186;-211.186890;2240.279053;0.736695;0.000000;0.000000;0.000000;0.000000;2.000000;315.332764;-208.663452;2136.198242;0.792056;0.000000;0.000000;0.000000;0.000000;2.000000;309.385742;-116.580322;2207.942627;2.245780;0.000000;0.000000;0.000000;0.000000;2.000000;339.473511;-197.075378;2102.721191;2.028599;0.000000;0.000000;0.000000;0.000000;2.000000;-215.767639;-234.240051;2490.978760;0.117207;0.000000;0.000000;0.000000;0.000000;2.000000;-357.932617;-237.909607;2487.409668;0.236504;0.000000;0.000000;0.000000;0.000000;2.000000;-494.648987;-112.415649;2245.896484;1.568879;0.000000;0.000000;0.000000;0.000000;2.000000;-462.952332;-306.563416;2085.113037;2.637277;0.000000;0.000000;0.000000;0.000000;2.000000;-399.537354;-363.068146;2011.873291;1.123870;0.000000;0.000000;0.000000;0.000000;2.000000;-471.881592;-288.047913;2060.224609;2.984110;0.000000;0.000000;0.000000;0.000000;2.000000;-377.045166;-357.461151;1997.585571;1.023250;0.000000;0.000000;0.000000;0.000000;2.000000;92.165344;-145.993347;2034.899536;0.050454;0.000000;0.000000;0.000000;0.000000;2.000000;304.320923;-98.667908;1660.356934;0.058974;0.000000;0.000000;0.000000;0.000000;2.000000;493.276276;-16.365967;1301.464600;0.093733;0.000000;0.000000;0.000000;0.000000;2.000000;608.046692;-147.652161;1198.227539;0.241670;0.000000;0.000000;0.000000;0.000000;2.000000;-83.109558;-153.612976;1968.529663;0.045494;0.000000;0.000000;0.000000;0.000000;2.000000;91.618164;-98.231445;1576.698730;0.176188;0.000000;0.000000;0.000000;0.000000;2.000000;269.574738;19.974243;1217.167358;0.227540;0.000000;0.000000;0.000000;0.000000;2.000000;324.208740;-102.865662;1087.985840;0.310638;0.000000;0.000000;0.000000;0.000000;1.000000;-221.525696;-256.246826;2621.350586;0.094827;0.000000;0.000000;0.000000;0.000000;2.000000;-250.179077;-373.073822;2746.825195;0.422552;0.000000;0.000000;0.000000;0.000000;2.000000;-207.422180;-331.455841;2757.102051;0.130184;0.000000;0.000000;0.000000;0.000000;2.000000;-123.710083;-256.368591;2678.621582;0.426276;0.000000;0.000000;0.000000;0.000000;2.000000;-262.762329;-320.101501;2759.775879;0.384402;0.000000;0.000000;0.000000;0.000000;2.000000;-293.953003;-200.711853;2690.062012;0.532877;0.000000;0.000000;0.000000;0.000000;2.000000;6234066432.000000
0.000000;-150.000000;2000.000000;0.000000;0.000000;0.000000;0.000000;0.000000;2.000000;-63.837769;-199.426025;2174.497314;0.021797;0.000000;0.000000;0.000000;0.000000;2.000000;-116.750244;-219.514832;2317.408203;0.039071;0.000000;0.000000;0.000000;0.000000;2.000000;-191.981384;-231.579163;2538.631104;0.146615;0.000000;0.000000;0.000000;0.000000;2.000000;-145.442322;-226.356079;2514.193359;0.125939;0.000000;0.000000;0.000000;0.000000;2.000000;-23.632935;-212.106384;2607.436279;0.126753;0.000000;0.000000;0.000000;0.000000;2.000000;159.729614;-103.085327;2399.620605;0.256419;0.000000;0.000000;0.000000;0.000000;2.000000;309.734802;-225.990356;2241.909668;0.512372;0.000000;0.000000;0.000000;0.000000;2.000000;313.721924;-208.564575;2139.685059;0.113701;0.000000;0.000000;0.000000;0.000000;2.000000;310.181030;-138.573853;2232.688477;0.980011;0.000000;0.000000;0.000000;0.000000;2.000000;280.383118;-224.746094;2101.146973;1.931442;0.000000;0.000000;0.000000;0.000000;2.000000;-213.709656;-230.552856;2490.068848;0.127828;0.000000;0.000000;0.000000;0.000000;2.000000;-355.349670;-233.855347;2493.889648;0.238766;0.000000;0.000000;0.000000;0.000000;2.000000;-476.837158;-119.673584;2240.343262;0.592431;0.000000;0.000000;0.000000;0.000000;2.000000;-451.609314;-335.593140;2110.673828;1.192830;0.000000;0.000000;0.000000;0.000000;2.000000;-392.674316;-376.462006;2024.990479;0.590788;0.000000;0.000000;0.000000;0.000000;2.000000;-463.910034;-314.915588;2090.101563;1.212240;0.000000;0.000000;0.000000;0.000000;2.000000;-367.816589;-373.071930;2021.331543;0.884193;0.000000;0.000000;0.000000;0.000000;2.000000;91.984558;-147.157043;2034.456665;0.037233;0.000000;0.000000;0.000000;0.000000;2.000000;304.679871;-98.876404;1662.201172;0.055942;0.000000;0.000000;0.000000;0.000000;2.000000;496.914734;-22.393860;1305.535400;0.240678;0.000000;0.000000;0.000000;0.000000;2.000000;610.721375;-150.854492;1199.194702;0.126747;0.000000;0.000000;0.000000;0.000000;2.000000;-82.946472;-152.563660;1968.928833;0.033572;0.000000;0.000000;0.000000;0.000000;2.000000;91.155853;-96.584778;1578.674072;0.077323;0.000000;0.000000;0.000000;0.000000;2.000000;269.213989;25.266846;1222.222900;0.216857;0.000000;0.000000;0.000000;0.000000;2.000000;328.408478;-90.922485;1089.930420;0.379041;0.000000;0.000000;0.000000;0.000000;1.000000;-218.864685;-250.463501;2620.305908;0.190912;0.000000;0.000000;0.000000;0.000000;2.000000;-266.575867;-357.458954;2747.842285;0.670728;0.000000;0.000000;0.000000;0.000000;2.000000;-213.788147;-328.958862;2754.159668;0.220299;0.000000;0.000000;0.000000;0.000000;2.000000;-120.464294;-277.462219;2668.692383;0.696573;0.000000;0.000000;0.000000;0.000000;2.000000;-263.508789;-303.498596;2761.547119;0.494608;0.000000;0.000000;0.000000;0.000000;2.000000;-267.665283;-179.289551;2694.517090;1.012146;0.000000;0.000000;0.000000;0.000000;2.000000;6234100224.000000
0.000000;-150.000000;2000.000000;0.000000;0.000000;0.000000;0.000000;0.000000;2.000000;-63.865540;-198.451477;2178.199219;0.115028;0.000000;0.000000;0.000000;0.000000;2.000000;-116.683777;-219.632935;2323.678223;0.188446;0.000000;0.000000;0.000000;0.000000;2.000000;-179.291992;-246.323242;2551.516113;0.701114;0.000000;0.000000;0.000000;0.000000;2.000000;-134.006775;-236.353271;2524.463867;0.550953;0.000000;0.000000;0.000000;0.000000;2.000000;-0.979797;-212.217407;2603.428467;0.691262;0.000000;0.000000;0.000000;0.000000;2.000000;177.060822;-85.503418;2394.020020;0.760674;0.000000;0.000000;0.000000;0.000000;2.000000;313.601318;-234.364075;2239.979004;0.283149;0.000000;0.000000;0.000000;0.000000;2.000000;308.502411;-211.260681;2137.201416;0.191651;0.000000;0.000000;0.000000;0.000000;2.000000;313.515686;-136.721863;2228.989014;0.159668;0.000000;0.000000;0.000000;0.000000;1.000000;280.721252;-233.393494;2100.889160;0.260152;0.000000;0.000000;0.000000;0.000000;2.000000;-204.109802;-245.190674;2503.482666;0.662663;0.000000;0.000000;0.000000;0.000000;2.000000;-347.508728;-256.156189;2495.518066;0.711993;0.000000;0.000000;0.000000;0.000000;2.000000;-460.885925;-113.284302;2246.843506;0.552033;0.000000;0.000000;0.000000;0.000000;2.000000;-441.762756;-350.083466;2148.172119;1.243659;0.000000;0.000000;0.000000;0.000000;2.000000;-381.657471;-407.294861;2070.651855;1.688316;0.000000;0.000000;0.000000;0.000000;2.000000;-452.477112;-331.762238;2123.675537;1.179835;0.000000;0.000000;0.000000;0.000000;2.000000;-363.319336;-407.555939;2060.917480;1.583285;0.000000;0.000000;0.000000;0.000000;2.000000;93.652924;-146.536438;2034.506348;0.053508;0.000000;0.000000;0.000000;0.000000;2.000000;306.888947;-96.739197;1654.628784;0.245566;0.000000;0.000000;0.000000;0.000000;2.000000;499.082397;-16.359375;1291.039307;0.476289;0.000000;0.000000;0.000000;0.000000;2.000000;623.333252;-151.667480;1199.637695;0.379982;0.000000;0.000000;0.000000;0.000000;2.000000;-84.451050;-153.123291;1968.884155;0.048254;0.000000;0.000000;0.000000;0.000000;2.000000;92.571228;-95.689087;1572.390625;0.195399;0.000000;0.000000;0.000000;0.000000;2.000000;280.613281;42.881653;1219.192871;0.636995;0.000000;0.000000;0.000000;0.000000;2.000000;336.447510;-72.153809;1080.313232;0.678168;0.000000;0.000000;0.000000;0.000000;1.000000;-200.372314;-270.714111;2634.974609;0.934503;0.000000;0.000000;0.000000;0.000000;2.000000;-236.427490;-367.351440;2777.578125;1.306662;0.000000;0.000000;0.000000;0.000000;2.000000;-196.174927;-321.600342;2784.267578;1.071187;0.000000;0.000000;0.000000;0.000000;2.000000;-107.467651;-255.250305;2700.557617;1.230752;0.000000;0.000000;0.000000;0.000000;2.000000;-252.646729;-313.111023;2780.017578;0.705676;0.000000;0.000000;0.000000;0.000000;2.000000;-282.399658;-207.935913;2687.035400;0.993720;0.000000;0.000000;0.000000;0.000000;2.000000;6234133504.000000
0.000000;-150.000000;2000.000000;0.000000;0.000000;0.000000;0.000000;0.000000;2.000000;-60.009827;-200.434265;2176.322510;0.141959;0.000000;0.000000;0.000000;0.000000;2.000000;-110.312622;-223.399719;2320.334961;0.244033;0.000000;0.000000;0.000000;0.000000;2.000000;-172.772766;-240.386353;2546.056641;0.311622;0.000000;0.000000;0.000000;0.000000;2.000000;-128.200928;-230.512268;2519.105713;0.295229;0.000000;0.000000;0.000000;0.000000;2.000000;-1.897949;-200.345154;2603.032227;0.358002;0.000000;0.000000;0.000000;0.000000;2.000000;164.881104;-96.672607;2377.706299;0.697759;0.000000;0.000000;0.000000;0.000000;2.000000;308.220764;-247.632568;2237.720703;0.435545;0.000000;0.000000;0.000000;0.000000;2.000000;323.738739;-217.379150;2139.277588;0.497286;0.000000;0.000000;0.000000;0.000000;1.000000;322.232147;-144.342651;2230.503418;0.350864;0.000000;0.000000;0.000000;0.000000;1.000000;274.587738;-237.533752;2099.912354;0.224288;0.000000;0.000000;0.000000;0.000000;2.000000;-196.993591;-242.393494;2498.503906;0.274167;0.000000;0.000000;0.000000;0.000000;2.000000;-338.276428;-258.724060;2496.292969;0.288883;0.000000;0.000000;0.000000;0.000000;2.000000;-448.818970;-144.844604;2236.371582;1.062923;0.000000;0.000000;0.000000;0.000000;2.000000;-407.696838;-394.141449;2210.018066;2.500772;0.000000;0.000000;0.000000;0.000000;2.000000;-386.929749;-433.486694;2107.080566;1.357448;0.000000;0.000000;0.000000;0.000000;2.000000;-426.032166;-372.858643;2196.477539;2.634718;0.000000;0.000000;0.000000;0.000000;2.000000;-362.851440;-432.576202;2097.695801;1.336676;0.000000;0.000000;0.000000;0.000000;2.000000;92.570038;-143.451294;2033.378540;0.103928;0.000000;0.000000;0.000000;0.000000;2.000000;306.737732;-101.538696;1659.394531;0.203287;0.000000;0.000000;0.000000;0.000000;2.000000;490.913574;-10.219360;1300.254150;0.413467;0.000000;0.000000;0.000000;0.000000;2.000000;637.310364;-130.253784;1228.028931;1.148123;0.000000;0.000000;0.000000;0.000000;2.000000;-83.474487;-155.905273;1969.901123;0.093716;0.000000;0.000000;0.000000;0.000000;2.000000;93.769073;-99.944946;1579.339600;0.247483;0.000000;0.000000;0.000000;0.000000;2.000000;288.701843;54.357300;1243.102295;0.833137;0.000000;0.000000;0.000000;0.000000;2.000000;344.223999;-58.436584;1105.446289;0.891525;0.000000;0.000000;0.000000;0.000000;1.000000;-193.382019;-260.958923;2629.471680;0.396714;0.000000;0.000000;0.000000;0.000000;2.000000;-225.431030;-367.365875;2763.101318;0.546264;0.000000;0.000000;0.000000;0.000000;2.000000;-192.916504;-317.615356;2774.619873;0.328578;0.000000;0.000000;0.000000;0.000000;2.000000;-109.542969;-236.721436;2701.779785;0.561441;0.000000;0.000000;0.000000;0.000000;2.000000;-248.859741;-316.655823;2766.416016;0.437413;0.000000;0.000000;0.000000;0.000000;2.000000;-285.693604;-213.194275;2676.855469;0.358230;0.000000;0.000000;0.000000;0.000000;2.000000;6234166784.000000
0.000000;-150.000000;2000.000000;0.000000;0.000000;0.000000;0.000000;0.000000;2.000000;-60.515747;-200.384827;2176.453125;0.015771;0.000000;0.000000;0.000000;0.000000;2.000000;-111.104187;-223.213440;2320.613770;0.025831;0.000000;0.000000;0.000000;0.000000;2.000000;-174.069153;-242.055908;2546.382813;0.064267;0.000000;0.000000;0.000000;0.000000;2.000000;-129.279724;-232.471680;2519.544922;0.068494;0.000000;0.000000;0.000000;0.000000;2.000000;-0.086182;-205.803345;2600.597900;0.187651;0.000000;0.000000;0.000000;0.000000;2.000000;143.497925;-106.064636;2357.666260;0.924707;0.000000;0.000000;0.000000;0.000000;2.000000;259.611603;-293.825867;2237.804199;2.014942;0.000000;0.000000;0.000000;0.000000;2.000000;280.000488;-277.284302;2136.870605;2.229935;0.000000;0.000000;0.000000;0.000000;2.000000;286.593170;-204.740601;2228.468262;2.108123;0.000000;0.000000;0.000000;0.000000;2.000000;269.842377;-288.074463;2096.554688;1.528664;0.000000;0.000000;0.000000;0.000000;2.000000;-198.309448;-243.154236;2498.728516;0.046167;0.000000;0.000000;0.000000;0.000000;2.000000;-339.984192;-257.856567;2498.800293;0.094810;0.000000;0.000000;0.000000;0.000000;2.000000;-456.575195;-143.943604;2241.056152;0.273612;0.000000;0.000000;0.000000;0.000000;2.000000;-412.145813;-394.188995;2230.350586;0.625409;0.000000;0.000000;0.000000;0.000000;2.000000;-399.132080;-434.907745;2126.511719;0.690770;0.000000;0.000000;0.000000;0.000000;2.000000;-431.584656;-372.750244;2217.703613;0.659272;0.000000;0.000000;0.000000;0.000000;2.000000;-382.034485;-437.623657;2116.184082;0.814786;0.000000;0.000000;0.000000;0.000000;2.000000;92.733734;-144.195129;2033.461060;0.023020;0.000000;0.000000;0.000000;0.000000;2.000000;305.772186;-103.213867;1658.044434;0.070860;0.000000;0.000000;0.000000;0.000000;2.000000;489.015015;-10.667419;1298.088257;0.087586;0.000000;0.000000;0.000000;0.000000;2.000000;606.079285;-144.992493;1201.020996;1.317340;0.000000;0.000000;0.000000;0.000000;2.000000;-83.622131;-155.234436;1969.826538;0.020761;0.000000;0.000000;0.000000;0.000000;2.000000;97.204773;-99.530029;1580.215698;0.107267;0.000000;0.000000;0.000000;0.000000;2.000000;297.402588;56.789978;1247.307617;0.299436;0.000000;0.000000;0.000000;0.000000;2.000000;355.178467;-53.604614;1108.294678;0.369801;0.000000;0.000000;0.000000;0.000000;1.000000;-195.062256;-263.366150;2629.645020;0.088364;0.000000;0.000000;0.000000;0.000000;2.000000;-239.016968;-383.429901;2747.721191;0.783085;0.000000;0.000000;0.000000;0.000000;2.000000;-208.558350;-334.942749;2767.628418;0.732203;0.000000;0.000000;0.000000;0.000000;2.000000;-119.301941;-246.408325;2712.427246;0.522562;0.000000;0.000000;0.000000;0.000000;2.000000;-263.457092;-333.376831;2753.833252;0.766668;0.000000;0.000000;0.000000;0.000000;2.000000;-292.566162;-221.150696;2672.009766;0.347854;0.000000;0.000000;0.000000;0.000000;2.000000;6234200064.000000
0.000000;-150.000000;2000.000000;0.000000;0.000000;0.000000;0.000000;0.000000;2.000000;-60.186707;-202.508789;2173.566406;0.108142;0.000000;0.000000;0.000000;0.000000;2.000000;-110.259766;-223.209534;2316.378418;0.129769;0.000000;0.000000;0.000000;0.000000;2.000000;-173.967773;-224.304321;2539.984863;0.566996;0.000000;0.000000;0.000000;0.000000;2.000000;-128.919434;-221.182556;2513.220459;0.388972;0.000000;0.000000;0.000000;0.000000;2.000000;-11.083618;-207.876465;2610.047363;0.440113;0.000000;0.000000;0.000000;0.000000;2.000000;145.337646;-93.462952;2386.380859;0.943871;0.000000;0.000000;0.000000;0.000000;2.000000;224.073639;-318.327454;2316.132813;2.687354;0.000000;0.000000;0.000000;0.000000;2.000000;255.850220;-328.566589;2218.562256;2.987727;0.000000;0.000000;0.000000;0.000000;1.000000;297.697571;-223.051697;2241.069824;0.746623;0.000000;0.000000;0.000000;0.000000;1.000000;251.367004;-289.852844;2167.844238;2.213526;0.000000;0.000000;0.000000;0.000000;1.000000;-197.961304;-224.812927;2492.867188;0.578673;0.000000;0.000000;0.000000;0.000000;2.000000;-336.106201;-225.405273;2520.283691;1.175207;0.000000;0.000000;0.000000;0.000000;2.000000;-452.760559;-160.937988;2249.791992;0.585495;0.000000;0.000000;0.000000;0.000000;2.000000;-435.773376;-410.541779;2275.858887;1.617212;0.000000;0.000000;0.000000;0.000000;2.000000;-409.019836;-466.095764;2183.516846;1.974972;0.000000;0.000000;0.000000;0.000000;2.000000;-449.345398;-390.191010;2258.017090;1.423658;0.000000;0.000000;0.000000;0.000000;2.000000;-375.930664;-465.325104;2178.122803;2.047029;0.000000;0.000000;0.000000;0.000000;2.000000;92.023682;-147.747437;2032.592041;0.111940;0.000000;0.000000;0.000000;0.000000;2.000000;302.450470;-100.817322;1662.006958;0.171245;0.000000;0.000000;0.000000;0.000000;2.000000;488.083130;-15.401428;1306.856934;0.300734;0.000000;0.000000;0.000000;0.000000;2.000000;602.386230;-146.354736;1206.665161;0.206767;0.000000;0.000000;0.000000;0.000000;2.000000;-82.981750;-152.031189;1970.610352;0.100942;0.000000;0.000000;0.000000;0.000000;2.000000;99.635345;-95.989380;1587.295776;0.248822;0.000000;0.000000;0.000000;0.000000;2.000000;303.390991;56.504639;1260.696777;0.440808;0.000000;0.000000;0.000000;0.000000;2.000000;366.329163;-48.869873;1122.825684;0.568462;0.000000;0.000000;0.000000;0.000000;1.000000;-196.898010;-239.052063;2623.110352;0.758526;0.000000;0.000000;0.000000;0.000000;2.000000;-241.694946;-369.475494;2726.055176;0.778537;0.000000;0.000000;0.000000;0.000000;2.000000;-212.061340;-323.801880;2751.134277;0.607273;0.000000;0.000000;0.000000;0.000000;2.000000;-123.308960;-230.820923;2707.432129;0.506356;0.000000;0.000000;0.000000;0.000000;2.000000;-266.135925;-320.943420;2736.887207;0.636661;0.000000;0.000000;0.000000;0.000000;2.000000;-294.094421;-202.146973;2667.645508;0.587687;0.000000;0.000000;0.000000;0.000000;2.000000;6234233344.000000
0.000000;-150.000000;2000.000000;0.000000;0.000000;0.000000;0.000000;0.000000;2.000000;-63.373108;-200.964355;2173.855957;0.106754;0.000000;0.000000;0.000000;0.000000;2.000000;-115.943481;-223.386902;2316.258789;0.170906;0.000000;0.000000;0.000000;0.000000;2.000000;-185.386414;-222.320679;2539.265137;0.348918;0.000000;0.000000;0.000000;0.000000;2.000000;-139.548889;-218.785828;2513.436279;0.327477;0.000000;0.000000;0.000000;0.000000;2.000000;-26.469849;-200.825012;2616.115723;0.540268;0.000000;0.000000;0.000000;0.000000;2.000000;165.047241;-93.595947;2415.590332;1.058818;0.000000;0.000000;0.000000;0.000000;2.000000;39.396301;-251.939819;2561.886475;9.450007;0.000000;0.000000;0.000000;0.000000;2.000000;-41.177551;-312.456116;2537.850830;13.112474;0.000000;0.000000;0.000000;0.000000;2.000000;9.772888;-256.179932;2449.811523;10.732306;0.000000;0.000000;0.000000;0.000000;2.000000;-45.752869;-330.421143;2471.282715;12.818979;0.000000;0.000000;0.000000;0.000000;2.000000;-208.313110;-223.946533;2491.375488;0.315341;0.000000;0.000000;0.000000;0.000000;2.000000;-347.604004;-225.502502;2516.143066;0.367219;0.000000;0.000000;0.000000;0.000000;2.000000;-474.778809;-163.808228;2248.218018;0.668878;0.000000;0.000000;0.000000;0.000000;2.000000;-442.949158;-407.260620;2307.947754;0.992930;0.000000;0.000000;0.000000;0.000000;2.000000;-411.721497;-478.475006;2227.977051;1.389136;0.000000;0.000000;0.000000;0.000000;2.000000;-458.283569;-391.762573;2286.024414;0.884645;0.000000;0.000000;0.000000;0.000000;2.000000;-374.221558;-473.540710;2222.057129;1.344007;0.000000;0.000000;0.000000;0.000000;2.000000;91.816956;-146.851379;2034.391724;0.060728;0.000000;0.000000;0.000000;0.000000;2.000000;305.070221;-101.952942;1662.899048;0.089886;0.000000;0.000000;0.000000;0.000000;2.000000;489.590179;-11.852173;1306.164551;0.117717;0.000000;0.000000;0.000000;0.000000;2.000000;624.590637;-136.994263;1224.094238;0.893609;0.000000;0.000000;0.000000;0.000000;2.000000;-82.795349;-152.839294;1968.987671;0.054757;0.000000;0.000000;0.000000;0.000000;2.000000;108.199951;-88.777527;1588.833130;0.339592;0.000000;0.000000;0.000000;0.000000;2.000000;309.021454;49.946045;1252.031860;0.367764;0.000000;0.000000;0.000000;0.000000;2.000000;379.392700;-67.028320;1126.530518;0.681311;0.000000;0.000000;0.000000;0.000000;1.000000;-210.198303;-236.313599;2622.402344;0.408586;0.000000;0.000000;0.000000;0.000000;2.000000;-244.138977;-377.202942;2716.658691;0.372863;0.000000;0.000000;0.000000;0.000000;2.000000;-213.865356;-332.722473;2743.697754;0.353155;0.000000;0.000000;0.000000;0.000000;2.000000;-130.614624;-232.989685;2702.177490;0.278148;0.000000;0.000000;0.000000;0.000000;2.000000;-269.133362;-330.406677;2733.498291;0.315179;0.000000;0.000000;0.000000;0.000000;2.000000;-305.317871;-206.478149;2676.916748;0.456376;0.000000;0.000000;0.000000;0.000000;2.000000;6234266624.000000
0.000000;-150.000000;2000.000000;0.000000;0.000000;0.000000;0.000000;0.000000;2.000000;-61.950073;-202.173218;2169.973145;0.129460;0.000000;0.000000;0.000000;0.000000;2.000000;-112.805481;-229.442993;2308.996094;0.299382;0.000000;0.000000;0.000000;0.000000;2.000000;-178.426819;-218.707642;2528.261475;0.406006;0.000000;0.000000;0.000000;0.000000;2.000000;-133.595764;-218.871765;2502.454102;0.375367;0.000000;0.000000;0.000000;0.000000;2.000000;-36.168579;-208.683350;2617.193359;0.376478;0.000000;0.000000;0.000000;0.000000;2.000000;153.054016;-95.365540;2426.380859;0.487672;0.000000;0.000000;0.000000;0.000000;2.000000;27.135010;-256.581787;2560.805908;0.395283;0.000000;0.000000;0.000000;0.000000;2.000000;-38.012268;-331.715698;2539.871338;0.589611;0.000000;0.000000;0.000000;0.000000;2.000000;8.845581;-227.788574;2537.049805;2.756810;0.000000;0.000000;0.000000;0.000000;2.000000;-39.794983;-314.066040;2459.158691;0.637400;0.000000;0.000000;0.000000;0.000000;2.000000;-201.460327;-219.876648;2481.534668;0.380516;0.000000;0.000000;0.000000;0.000000;2.000000;-332.353882;-212.697937;2527.125488;0.683313;0.000000;0.000000;0.000000;0.000000;2.000000;-465.860596;-169.907776;2265.115723;0.602665;0.000000;0.000000;0.000000;0.000000;2.000000;-437.359924;-401.547302;2348.624756;1.245637;0.000000;0.000000;0.000000;0.000000;2.000000;-417.839294;-479.076904;2273.918213;1.392747;0.000000;0.000000;0.000000;0.000000;2.000000;-453.629395;-387.356964;2327.498779;1.261015;0.000000;0.000000;0.000000;0.000000;2.000000;-384.348511;-478.476624;2265.093750;1.336741;0.000000;0.000000;0.000000;0.000000;2.000000;90.298737;-148.911987;2033.245239;0.084271;0.000000;0.000000;0.000000;0.000000;2.000000;297.424133;-104.555908;1667.679321;0.282019;0.000000;0.000000;0.000000;0.000000;2.000000;472.568604;-9.344604;1316.541504;0.603737;0.000000;0.000000;0.000000;0.000000;2.000000;594.405945;-133.656494;1222.775146;0.913381;0.000000;0.000000;0.000000;0.000000;2.000000;-81.426392;-150.981140;1970.021362;0.075988;0.000000;0.000000;0.000000;0.000000;2.000000;107.904266;-84.136902;1598.795654;0.330358;0.000000;0.000000;0.000000;0.000000;2.000000;305.940796;55.338928;1270.444092;0.583880;0.000000;0.000000;0.000000;0.000000;2.000000;380.496094;-59.984253;1151.148071;0.770111;0.000000;0.000000;0.000000;0.000000;1.000000;-202.785583;-228.857300;2610.333008;0.480970;0.000000;0.000000;0.000000;0.000000;2.000000;-266.038635;-338.060883;2723.615967;1.363832;0.000000;0.000000;0.000000;0.000000;2.000000;-215.772583;-310.523865;2737.914551;0.691668;0.000000;0.000000;0.000000;0.000000;2.000000;-113.828613;-257.260010;2669.574219;1.321361;0.000000;0.000000;0.000000;0.000000;2.000000;-265.062622;-285.757996;2739.263672;1.358265;0.000000;0.000000;0.000000;0.000000;2.000000;-260.350586;-161.773987;2678.223633;1.905680;0.000000;0.000000;0.000000;0.000000;2.000000;6234299904.000000
0.000000;-150.000000;2000.000000;0.000000;0.000000;0.000000;0.000000;0.000000;2.000000;-62.090088;-202.314941;2170.133301;0.007681;0.000000;0.000000;0.000000;0.000000;2.000000;-113.028137;-229.884033;2309.266113;0.016918;0.000000;0.000000;0.000000;0.000000;2.000000;-179.447693;-221.133728;2528.671631;0.080045;0.000000;0.000000;0.000000;0.000000;2.000000;-134.477417;-221.070435;2502.979736;0.072911;0.000000;0.000000;0.000000;0.000000;2.000000;-37.969849;-210.752502;2618.722656;0.094375;0.000000;0.000000;0.000000;0.000000;2.000000;147.897858;-95.221802;2425.411621;0.157705;0.000000;0.000000;0.000000;0.000000;2.000000;23.888794;-256.786133;2561.725586;0.101567;0.000000;0.000000;0.000000;0.000000;2.000000;-40.409973;-323.846375;2520.236816;0.639671;0.000000;0.000000;0.000000;0.000000;2.000000;8.983398;-227.042847;2555.245361;0.547216;0.000000;0.000000;0.000000;0.000000;2.000000;-34.130981;-307.385559;2456.203613;0.277749;0.000000;0.000000;0.000000;0.000000;2.000000;-202.355835;-221.870850;2481.803711;0.066182;0.000000;0.000000;0.000000;0.000000;2.000000;-333.018799;-213.883728;2528.426270;0.056537;0.000000;0.000000;0.000000;0.000000;2.000000;-469.358948;-173.757935;2267.042969;0.166696;0.000000;0.000000;0.000000;0.000000;2.000000;-434.187195;-399.710724;2363.486084;0.459940;0.000000;0.000000;0.000000;0.000000;2.000000;-414.370117;-483.092316;2295.243652;0.660329;0.000000;0.000000;0.000000;0.000000;2.000000;-451.531799;-387.826233;2341.486816;0.425247;0.000000;0.000000;0.000000;0.000000;2.000000;-387.831360;-486.014252;2287.045654;0.705223;0.000000;0.000000;0.000000;0.000000;2.000000;90.408997;-149.040649;2033.289795;0.005265;0.000000;0.000000;0.000000;0.000000;2.000000;297.977661;-104.543701;1667.396118;0.018687;0.000000;0.000000;0.000000;0.000000;2.000000;473.544403;-9.512756;1315.853394;0.036232;0.000000;0.000000;0.000000;0.000000;2.000000;600.704163;-129.890564;1223.522461;0.221640;0.000000;0.000000;0.000000;0.000000;2.000000;-81.525818;-150.864990;1969.981201;0.004750;0.000000;0.000000;0.000000;0.000000;2.000000;108.578583;-82.264893;1598.885010;0.059849;0.000000;0.000000;0.000000;0.000000;2.000000;306.552917;54.988831;1268.944092;0.049804;0.000000;0.000000;0.000000;0.000000;2.000000;381.756287;-60.624573;1149.997437;0.054767;0.000000;0.000000;0.000000;0.000000;1.000000;-204.107605;-232.043152;2610.666504;0.104127;0.000000;0.000000;0.000000;0.000000;2.000000;-263.921021;-343.271484;2724.157959;0.169787;0.000000;0.000000;0.000000;0.000000;2.000000;-212.335083;-317.156677;2736.601563;0.227919;0.000000;0.000000;0.000000;0.000000;2.000000;-112.763733;-263.983582;2664.477051;0.255535;0.000000;0.000000;0.000000;0.000000;2.000000;-260.996948;-291.406494;2741.191895;0.216999;0.000000;0.000000;0.000000;0.000000;2.000000;-256.701294;-165.691772;2683.363281;0.223009;0.000000;0.000000;0.000000;0.000000;2.000000;6234333184.000000
0.000000;-150.000000;2000.000000;0.000000;0.000000;0.000000;0.000000;0.000000;2.000000;-62.945923;-201.646606;2169.361816;0.040025;0.000000;0.000000;0.000000;0.000000;2.000000;-114.590271;-227.842285;2307.983643;0.086326;0.000000;0.000000;0.000000;0.000000;2.000000;-177.661499;-228.607910;2527.792969;0.232414;0.000000;0.000000;0.000000;0.000000;2.000000;-133.240173;-226.555420;2501.562988;0.174235;0.000000;0.000000;0.000000;0.000000;2.000000;-42.208618;-219.843872;2621.315918;0.311321;0.000000;0.000000;0.000000;0.000000;2.000000;143.464661;-92.149597;2437.075195;0.386127;0.000000;0.000000;0.000000;0.000000;2.000000;22.209229;-263.213501;2562.446289;0.200786;0.000000;0.000000;0.000000;0.000000;2.000000;-49.313293;-324.729553;2525.194336;0.307352;0.000000;0.000000;0.000000;0.000000;2.000000;8.863037;-233.788757;2561.239258;0.271181;0.000000;0.000000;0.000000;0.000000;2.000000;-34.878967;-311.323364;2462.805908;0.232083;0.000000;0.000000;0.000000;0.000000;2.000000;-201.179626;-228.193970;2481.409180;0.193620;0.000000;0.000000;0.000000;0.000000;2.000000;-329.518433;-227.313782;2533.531250;0.444346;0.000000;0.000000;0.000000;0.000000;2.000000;-480.896179;-166.028076;2285.962891;0.705216;0.000000;0.000000;0.000000;0.000000;2.000000;-428.644592;-392.343597;2371.141113;0.360069;0.000000;0.000000;0.000000;0.000000;2.000000;-394.479065;-481.348389;2317.874512;0.906860;0.000000;0.000000;0.000000;0.000000;2.000000;-447.758972;-387.703735;2347.999023;0.226177;0.000000;0.000000;0.000000;0.000000;2.000000;-386.770691;-490.848999;2316.541016;0.898672;0.000000;0.000000;0.000000;0.000000;2.000000;89.955231;-149.309814;2033.643677;0.019089;0.000000;0.000000;0.000000;0.000000;2.000000;296.623047;-104.959595;1668.767090;0.059245;0.000000;0.000000;0.000000;0.000000;2.000000;472.204590;-12.806641;1317.933594;0.123789;0.000000;0.000000;0.000000;0.000000;2.000000;608.962830;-123.393250;1228.458008;0.348843;0.000000;0.000000;0.000000;0.000000;2.000000;-81.116516;-150.622314;1969.661865;0.017219;0.000000;0.000000;0.000000;0.000000;2.000000;109.554718;-79.071655;1600.939941;0.117811;0.000000;0.000000;0.000000;0.000000;2.000000;307.595276;54.157410;1270.985596;0.073267;0.000000;0.000000;0.000000;0.000000;2.000000;383.716553;-58.712646;1150.873779;0.086391;0.000000;0.000000;0.000000;0.000000;1.000000;-200.742859;-243.011658;2609.420410;0.346769;0.000000;0.000000;0.000000;0.000000;2.000000;-258.275391;-335.410400;2739.035889;0.533320;0.000000;0.000000;0.000000;0.000000;2.000000;-201.662231;-319.042297;2740.736328;0.348560;0.000000;0.000000;0.000000;0.000000;2.000000;-108.817932;-289.052795;2649.571289;0.884362;0.000000;0.000000;0.000000;0.000000;1.000000;-243.225403;-284.483459;2751.273438;0.648227;0.000000;0.000000;0.000000;0.000000;1.000000;-226.886292;-164.958374;2684.246582;0.896547;0.000000;0.000000;0.000000;0.000000;1.000000;6234366464.000000
0.000000;-150.000000;2000.000000;0.000000;0.000000;0.000000;0.000000;0.000000;2.000000;-65.233521;-202.636719;2168.303711;0.080136;0.000000;0.000000;0.000000;0.000000;2.000000;-119.258667;-224.393311;2306.876221;0.174862;0.000000;0.000000;0.000000;0.000000;2.000000;-193.611938;-221.756226;2523.249512;0.531028;0.000000;0.000000;0.000000;0.000000;2.000000;-147.824585;-221.554565;2499.334961;0.461000;0.000000;0.000000;0.000000;0.000000;2.000000;-73.629395;-220.173157;2630.448975;0.968362;0.000000;0.000000;0.000000;0.000000;2.000000;141.441681;-106.526611;2470.298828;1.072959;0.000000;0.000000;0.000000;0.000000;2.000000;-2.023804;-270.526123;2581.076660;0.930083;0.000000;0.000000;0.000000;0.000000;2.000000;-66.611511;-341.096558;2547.208496;0.959706;0.000000;0.000000;0.000000;0.000000;2.000000;-17.728149;-243.353394;2579.224609;0.991269;0.000000;0.000000;0.000000;0.000000;0.000000;-51.389648;-328.010132;2483.558105;0.927207;0.000000;0.000000;0.000000;0.000000;2.000000;-214.682251;-220.618713;2475.683838;0.488492;0.000000;0.000000;0.000000;0.000000;2.000000;-342.586426;-214.655640;2528.736816;0.556776;0.000000;0.000000;0.000000;0.000000;2.000000;-480.546631;-168.318848;2270.127930;0.473592;0.000000;0.000000;0.000000;0.000000;2.000000;-422.059448;-375.132904;2392.925781;0.844378;0.000000;0.000000;0.000000;0.000000;2.000000;-374.621094;-468.614532;2362.095947;1.483195;0.000000;0.000000;0.000000;0.000000;2.000000;-439.530884;-377.574646;2367.377686;0.691378;0.000000;0.000000;0.000000;0.000000;2.000000;-393.700012;-484.338409;2372.045898;1.666470;0.000000;0.000000;0.000000;0.000000;2.000000;89.454834;-148.692627;2035.080933;0.048599;0.000000;0.000000;0.000000;0.000000;2.000000;295.290955;-98.778320;1670.182495;0.191751;0.000000;0.000000;0.000000;0.000000;2.000000;479.940308;-24.109558;1319.590576;0.408276;0.000000;0.000000;0.000000;0.000000;2.000000;623.737061;-127.030090;1231.777344;0.460853;0.000000;0.000000;0.000000;0.000000;2.000000;-80.665466;-151.178894;1968.365845;0.043822;0.000000;0.000000;0.000000;0.000000;2.000000;99.947296;-88.143738;1592.821777;0.458936;0.000000;0.000000;0.000000;0.000000;2.000000;269.643097;39.388916;1245.024658;1.429197;0.000000;0.000000;0.000000;0.000000;1.000000;342.896362;-57.069519;1109.646484;1.717575;0.000000;0.000000;0.000000;0.000000;1.000000;-221.438660;-234.906616;2603.649902;0.679544;0.000000;0.000000;0.000000;0.000000;2.000000;-268.458069;-322.439453;2740.787598;0.490742;0.000000;0.000000;0.000000;0.000000;2.000000;-210.605713;-314.354004;2732.575195;0.384217;0.000000;0.000000;0.000000;0.000000;2.000000;-131.600708;-294.888123;2626.605469;0.972760;0.000000;0.000000;0.000000;0.000000;2.000000;-244.232727;-274.576050;2750.551270;0.295473;0.000000;0.000000;0.000000;0.000000;1.000000;-222.517395;-156.387512;2682.530518;0.289181;0.000000;0.000000;0.000000;0.000000;1.000000;6234400256.000000
0.000000;-150.000000;2000.000000;0.000000;0.000000;0.000000;0.000000;0.000000;2.000000;-65.302185;-203.228333;2169.423828;0.038119;0.000000;0.000000;0.000000;0.000000;2.000000;-119.263977;-225.374573;2308.992676;0.070098;0.000000;0.000000;0.000000;0.000000;2.000000;-188.819580;-222.820068;2528.479492;0.215533;0.000000;0.000000;0.000000;0.000000;2.000000;-143.338379;-223.816223;2503.322754;0.192738;0.000000;0.000000;0.000000;0.000000;2.000000;-63.863098;-225.041809;2632.430176;0.333262;0.000000;0.000000;0.000000;0.000000;2.000000;135.712250;-102.806335;2456.002930;0.476089;0.000000;0.000000;0.000000;0.000000;2.000000;4.710449;-273.207703;2575.635986;0.272332;0.000000;0.000000;0.000000;0.000000;2.000000;-59.295532;-347.571991;2547.297852;0.293585;0.000000;0.000000;0.000000;0.000000;2.000000;-18.881714;-243.558655;2573.398926;0.178556;0.000000;0.000000;0.000000;0.000000;0.000000;-52.368530;-332.840088;2482.231445;0.153353;0.000000;0.000000;0.000000;0.000000;2.000000;-211.096069;-220.449646;2481.146973;0.196431;0.000000;0.000000;0.000000;0.000000;2.000000;-337.882080;-208.581116;2538.055176;0.362901;0.000000;0.000000;0.000000;0.000000;2.000000;-476.339966;-156.198425;2278.700684;0.463649;0.000000;0.000000;0.000000;0.000000;2.000000;-421.470398;-360.342804;2410.481445;0.689991;0.000000;0.000000;0.000000;0.000000;2.000000;-367.267029;-454.955780;2396.268555;1.127668;0.000000;0.000000;0.000000;0.000000;2.000000;-437.683594;-367.842316;2384.368164;0.590968;0.000000;0.000000;0.000000;0.000000;2.000000;-410.793274;-470.841248;2411.515625;1.354569;0.000000;0.000000;0.000000;0.000000;2.000000;90.159760;-149.307495;2034.968506;0.028309;0.000000;0.000000;0.000000;0.000000;2.000000;296.615051;-96.980103;1667.662354;0.101177;0.000000;0.000000;0.000000;0.000000;2.000000;481.248108;-18.708313;1314.904175;0.218436;0.000000;0.000000;0.000000;0.000000;2.000000;634.483154;-116.355652;1234.522095;0.462541;0.000000;0.000000;0.000000;0.000000;2.000000;-81.301025;-150.624451;1968.467285;0.025526;0.000000;0.000000;0.000000;0.000000;2.000000;79.972839;-101.416504;1579.292236;0.827383;0.000000;0.000000;0.000000;0.000000;2.000000;237.286804;27.924622;1223.399536;1.219080;0.000000;0.000000;0.000000;0.000000;1.000000;302.122681;-68.302856;1082.141235;1.515931;0.000000;0.000000;0.000000;0.000000;1.000000;-215.323364;-236.076111;2609.889404;0.264860;0.000000;0.000000;0.000000;0.000000;2.000000;-244.857239;-316.585510;2757.166016;0.880937;0.000000;0.000000;0.000000;0.000000;2.000000;-188.365112;-303.781738;2744.177734;0.817968;0.000000;0.000000;0.000000;0.000000;2.000000;-118.136169;-285.688293;2630.961914;0.507189;0.000000;0.000000;0.000000;0.000000;2.000000;-224.748718;-265.721069;2761.569336;0.723301;0.000000;0.000000;0.000000;0.000000;1.000000;-219.094055;-151.270813;2682.964844;0.185444;0.000000;0.000000;0.000000;0.000000;1.000000;6234433536.000000
0.000000;-150.000000;2000.000000;0.000000;0.000000;0.000000;0.000000;0.000000;2.000000;-69.485046;-202.438110;2170.438477;0.131494;0.000000;0.000000;0.000000;0.000000;2.000000;-126.348083;-229.681152;2309.843018;0.250418;0.000000;0.000000;0.000000;0.000000;2.000000;-204.672852;-238.547363;2528.994629;0.671182;0.000000;0.000000;0.000000;0.000000;2.000000;-157.781982;-236.834717;2505.267578;0.587193;0.000000;0.000000;0.000000;0.000000;2.000000;-69.693237;-239.431458;2630.766113;0.469194;0.000000;0.000000;0.000000;0.000000;2.000000;125.933105;-97.045898;2459.492188;0.356788;0.000000;0.000000;0.000000;0.000000;2.000000;2.016113;-282.296631;2570.088379;0.330042;0.000000;0.000000;0.000000;0.000000;2.000000;-68.070374;-353.434662;2543.677734;0.335240;0.000000;0.000000;0.000000;0.000000;2.000000;-14.718506;-259.121948;2584.844727;0.593824;0.000000;0.000000;0.000000;0.000000;0.000000;-106.341797;-371.170074;2533.382080;2.513767;0.000000;0.000000;0.000000;0.000000;2.000000;-225.546875;-235.083069;2480.438965;0.618337;0.000000;0.000000;0.000000;0.000000;2.000000;-357.083618;-232.129272;2531.348633;0.934970;0.000000;0.000000;0.000000;0.000000;2.000000;-469.619507;-187.085754;2254.687256;1.192813;0.000000;0.000000;0.000000;0.000000;2.000000;-402.727539;-358.711151;2426.594727;0.744316;0.000000;0.000000;0.000000;0.000000;2.000000;-427.346436;-432.295288;2506.278809;3.827480;0.000000;0.000000;0.000000;0.000000;0.000000;-405.635864;-382.866974;2405.945313;1.245590;0.000000;0.000000;0.000000;0.000000;2.000000;-373.032104;-438.003540;2526.974609;3.781165;0.000000;0.000000;0.000000;0.000000;0.000000;90.557251;-149.826233;2036.972168;0.063328;0.000000;0.000000;0.000000;0.000000;2.000000;302.313965;-103.136292;1666.283936;0.255455;0.000000;0.000000;0.000000;0.000000;2.000000;497.229279;-29.266479;1312.730103;0.579234;0.000000;0.000000;0.000000;0.000000;2.000000;604.143616;-153.200989;1196.125244;1.840646;0.000000;0.000000;0.000000;0.000000;2.000000;-81.659485;-150.156799;1966.660522;0.057104;0.000000;0.000000;0.000000;0.000000;2.000000;95.960602;-103.769592;1578.932129;0.485697;0.000000;0.000000;0.000000;0.000000;2.000000;279.225800;14.948608;1226.325439;1.322053;0.000000;0.000000;0.000000;0.000000;2.000000;326.591064;-84.691528;1077.947754;0.893836;0.000000;0.000000;0.000000;0.000000;1.000000;-233.882996;-256.207397;2609.702148;0.822771;0.000000;0.000000;0.000000;0.000000;2.000000;-222.243835;-373.947968;2735.063477;1.968170;0.000000;0.000000;0.000000;0.000000;2.000000;-201.604919;-318.889282;2747.220459;0.610493;0.000000;0.000000;0.000000;0.000000;2.000000;-150.499451;-216.482605;2673.768799;2.631436;0.000000;0.000000;0.000000;0.000000;2.000000;-256.265503;-331.308289;2745.296631;2.240505;0.000000;0.000000;0.000000;0.000000;2.000000;-327.381104;-235.979126;2670.399902;4.148317;0.000000;0.000000;0.000000;0.000000;2.000000;6234466816.000000
0.000000;-150.000000;2000.000000;0.000000;0.000000;0.000000;0.000000;0.000000;2.000000;-74.653015;-203.595032;2173.186035;0.179273;0.000000;0.000000;0.000000;0.000000;2.000000;-135.235596;-233.214722;2314.676758;0.322004;0.000000;0.000000;0.000000;0.000000;2.000000;-204.562256;-259.129578;2541.494385;0.723581;0.000000;0.000000;0.000000;0.000000;2.000000;-157.825317;-253.648804;2515.282715;0.588067;0.000000;0.000000;0.000000;0.000000;2.000000;-60.638000;-259.347900;2638.577637;0.698049;0.000000;0.000000;0.000000;0.000000;2.000000;109.622070;-90.684082;2452.059570;0.571519;0.000000;0.000000;0.000000;0.000000;2.000000;6.472351;-294.715332;2564.746338;0.427718;0.000000;0.000000;0.000000;0.000000;2.000000;-51.663086;-374.258636;2526.130371;0.955296;0.000000;0.000000;0.000000;0.000000;2.000000;-13.738953;-268.931091;2565.734863;0.646115;0.000000;0.000000;0.000000;0.000000;0.000000;-130.723022;-354.357361;2620.321533;2.759778;0.000000;0.000000;0.000000;0.000000;0.000000;-228.351807;-253.752686;2493.024414;0.681777;0.000000;0.000000;0.000000;0.000000;2.000000;-360.013062;-260.794128;2552.208008;1.068871;0.000000;0.000000;0.000000;0.000000;2.000000;-478.068970;-199.275269;2272.876953;0.705230;0.000000;0.000000;0.000000;0.000000;2.000000;-394.128967;-357.380066;2458.831543;1.003318;0.000000;0.000000;0.000000;0.000000;2.000000;-430.612244;-414.821533;2550.218750;1.424265;0.000000;0.000000;0.000000;0.000000;0.000000;-395.973877;-385.707458;2442.627197;1.143006;0.000000;0.000000;0.000000;0.000000;0.000000;-364.315308;-417.077026;2577.261475;1.657464;0.000000;0.000000;0.000000;0.000000;0.000000;92.283112;-152.657227;2038.956787;0.116111;0.000000;0.000000;0.000000;0.000000;2.000000;307.749695;-103.615112;1658.532227;0.284848;0.000000;0.000000;0.000000;0.000000;2.000000;506.982574;-23.494202;1297.051270;0.581313;0.000000;0.000000;0.000000;0.000000;2.000000;610.496094;-159.234802;1181.967041;0.500294;0.000000;0.000000;0.000000;0.000000;2.000000;-83.215698;-147.603821;1964.870728;0.104707;0.000000;0.000000;0.000000;0.000000;2.000000;102.301788;-100.353027;1569.285156;0.361761;0.000000;0.000000;0.000000;0.000000;2.000000;312.950592;60.774292;1237.343140;1.741427;0.000000;0.000000;0.000000;0.000000;2.000000;356.627197;-29.000732;1076.372803;1.901859;0.000000;0.000000;0.000000;0.000000;1.000000;-229.791199;-283.396057;2624.157715;0.933393;0.000000;0.000000;0.000000;0.000000;2.000000;-299.826294;-345.923615;2773.720703;2.737309;0.000000;0.000000;0.000000;0.000000;2.000000;-251.153381;-308.682434;2778.973145;1.794719;0.000000;0.000000;0.000000;0.000000;2.000000;-142.121704;-276.380493;2698.489746;1.963285;0.000000;0.000000;0.000000;0.000000;2.000000;-303.886597;-289.696777;2766.321045;2.002499;0.000000;0.000000;0.000000;0.000000;1.000000;-300.799988;-197.274963;2655.956055;1.476089;0.000000;0.000000;0.000000;0.000000;1.000000;6234500096.000000
0.000000;-150.000000;2000.000000;0.000000;0.000000;0.000000;0.000000;0.000000;2.000000;-76.501221;-199.951782;2176.265137;0.153716;0.000000;0.000000;0.000000;0.000000;2.000000;-138.448242;-222.919250;2320.582031;0.369469;0.000000;0.000000;0.000000;0.000000;2.000000;-203.973145;-238.979492;2552.575195;0.691209;0.000000;0.000000;0.000000;0.000000;2.000000;-157.151245;-235.480469;2524.813477;0.616812;0.000000;0.000000;0.000000;0.000000;2.000000;-65.238525;-240.450317;2654.562500;0.756471;0.000000;0.000000;0.000000;0.000000;2.000000;115.592743;-104.656738;2446.159424;0.489789;0.000000;0.000000;0.000000;0.000000;2.000000;-4.742493;-289.215942;2580.611328;0.606729;0.000000;0.000000;0.000000;0.000000;2.000000;-62.341187;-358.139069;2522.173584;0.593035;0.000000;0.000000;0.000000;0.000000;2.000000;-22.200134;-255.177307;2569.576172;0.498756;0.000000;0.000000;0.000000;0.000000;0.000000;-142.495911;-325.342407;2630.767578;0.991854;0.000000;0.000000;0.000000;0.000000;0.000000;-229.047607;-234.841248;2503.859375;0.655243;0.000000;0.000000;0.000000;0.000000;2.000000;-361.343201;-237.211853;2566.394531;0.827905;0.000000;0.000000;0.000000;0.000000;2.000000;-509.969299;-215.478577;2291.400391;1.210641;0.000000;0.000000;0.000000;0.000000;2.000000;-401.356750;-353.431671;2485.022705;0.824987;0.000000;0.000000;0.000000;0.000000;2.000000;-425.982849;-398.254761;2588.448730;1.259663;0.000000;0.000000;0.000000;0.000000;0.000000;-404.173767;-384.302460;2473.124023;0.949856;0.000000;0.000000;0.000000;0.000000;0.000000;-364.160645;-397.311432;2609.739258;1.142424;0.000000;0.000000;0.000000;0.000000;0.000000;93.391205;-153.585266;2039.516968;0.046579;0.000000;0.000000;0.000000;0.000000;2.000000;308.471802;-102.189392;1652.764648;0.179835;0.000000;0.000000;0.000000;0.000000;2.000000;508.262329;-21.034241;1285.644287;0.352740;0.000000;0.000000;0.000000;0.000000;2.000000;615.675537;-162.835876;1176.933105;0.242507;0.000000;0.000000;0.000000;0.000000;2.000000;-84.214905;-146.766968;1964.365845;0.041999;0.000000;0.000000;0.000000;0.000000;2.000000;108.262451;-98.922180;1565.975342;0.209329;0.000000;0.000000;0.000000;0.000000;2.000000;345.762817;94.361877;1263.736328;1.618520;0.000000;0.000000;0.000000;0.000000;2.000000;397.931732;16.580078;1096.344727;1.943289;0.000000;0.000000;0.000000;0.000000;1.000000;-228.137268;-259.828430;2637.693115;0.818155;0.000000;0.000000;0.000000;0.000000;2.000000;-275.581604;-341.656036;2789.450684;0.877820;0.000000;0.000000;0.000000;0.000000;2.000000;-221.582336;-310.609802;2789.612793;0.946091;0.000000;0.000000;0.000000;0.000000;2.000000;-126.092957;-275.132263;2692.012695;0.520822;0.000000;0.000000;0.000000;0.000000;2.000000;-273.365234;-284.172119;2791.826172;1.206641;0.000000;0.000000;0.000000;0.000000;1.000000;-279.799988;-172.989807;2697.718262;1.582838;0.000000;0.000000;0.000000;0.000000;1.000000;6234533376.000000
0.000000;-150.000000;2000.000000;0.000000;0.000000;0.000000;0.000000;0.000000;2.000000;-81.561401;-191.831055;2177.119141;0.288651;0.000000;0.000000;0.000000;0.000000;2.000000;-146.850037;-208.769165;2321.585449;0.495403;0.000000;0.000000;0.000000;0.000000;2.000000;-222.573242;-237.497986;2550.366211;0.564583;0.000000;0.000000;0.000000;0.000000;2.000000;-174.354919;-234.419922;2524.527100;0.517990;0.000000;0.000000;0.000000;0.000000;2.000000;-70.859619;-249.588623;2645.336426;0.425184;0.000000;0.000000;0.000000;0.000000;2.000000;116.196228;-91.590332;2456.993164;0.510344;0.000000;0.000000;0.000000;0.000000;2.000000;-5.565552;-291.811768;2567.933105;0.389645;0.000000;0.000000;0.000000;0.000000;2.000000;-62.783752;-362.534760;2510.390625;0.378124;0.000000;0.000000;0.000000;0.000000;2.000000;-21.376160;-262.466187;2563.886719;0.278940;0.000000;0.000000;0.000000;0.000000;0.000000;-141.020142;-334.708710;2624.192871;0.346704;0.000000;0.000000;0.000000;0.000000;0.000000;-245.571533;-228.767517;2500.957520;0.536130;0.000000;0.000000;0.000000;0.000000;2.000000;-380.785400;-228.496643;2558.656250;0.681128;0.000000;0.000000;0.000000;0.000000;2.000000;-531.108215;-242.746460;2282.483398;1.070785;0.000000;0.000000;0.000000;0.000000;2.000000;-415.283936;-344.087372;2495.203125;0.589527;0.000000;0.000000;0.000000;0.000000;2.000000;-420.539001;-358.434174;2610.091797;1.371634;0.000000;0.000000;0.000000;0.000000;0.000000;-416.544128;-377.320374;2492.943604;0.732699;0.000000;0.000000;0.000000;0.000000;0.000000;-371.262695;-379.086151;2630.501465;0.857118;0.000000;0.000000;0.000000;0.000000;0.000000;92.975433;-156.691833;2041.233765;0.107381;0.000000;0.000000;0.000000;0.000000;2.000000;304.597778;-99.388428;1651.099121;0.152114;0.000000;0.000000;0.000000;0.000000;2.000000;501.790894;-13.677795;1281.387451;0.320991;0.000000;0.000000;0.000000;0.000000;2.000000;615.642395;-154.031433;1175.581055;0.267660;0.000000;0.000000;0.000000;0.000000;2.000000;-83.839966;-143.965759;1962.817627;0.096829;0.000000;0.000000;0.000000;0.000000;2.000000;109.922424;-93.482300;1563.130859;0.191080;0.000000;0.000000;0.000000;0.000000;2.000000;368.270813;106.303772;1280.061035;0.909278;0.000000;0.000000;0.000000;0.000000;2.000000;425.364014;39.119690;1108.740234;1.129989;0.000000;0.000000;0.000000;0.000000;1.000000;-251.183472;-263.002808;2633.247559;0.711681;0.000000;0.000000;0.000000;0.000000;2.000000;-290.923767;-377.705566;2765.648926;1.377459;0.000000;0.000000;0.000000;0.000000;2.000000;-242.844543;-338.794037;2775.091797;1.147070;0.000000;0.000000;0.000000;0.000000;2.000000;-150.103394;-271.320251;2691.851318;0.730520;0.000000;0.000000;0.000000;0.000000;2.000000;-298.669373;-321.721069;2777.923340;1.423249;0.000000;0.000000;0.000000;0.000000;2.000000;-319.816772;-197.407349;2703.423096;1.418990;0.000000;0.000000;0.000000;0.000000;2.000000;6234566656.000000
0.000000;-150.000000;2000.000000;0.000000;0.000000;0.000000;0.000000;0.000000;2.000000;-80.287354;-191.866089;2175.810303;0.054894;0.000000;0.000000;0.000000;0.000000;2.000000;-144.609375;-208.003357;2319.327393;0.098317;0.000000;0.000000;0.000000;0.000000;2.000000;-223.185791;-228.699341;2545.849609;0.297751;0.000000;0.000000;0.000000;0.000000;2.000000;-175.020264;-228.128052;2520.716309;0.221934;0.000000;0.000000;0.000000;0.000000;2.000000;-69.564819;-247.961609;2637.313477;0.249039;0.000000;0.000000;0.000000;0.000000;2.000000;119.298096;-88.454773;2456.429688;0.133607;0.000000;0.000000;0.000000;0.000000;2.000000;-4.463318;-289.095764;2559.017090;0.282015;0.000000;0.000000;0.000000;0.000000;2.000000;-48.924927;-368.430511;2503.140869;0.502249;0.000000;0.000000;0.000000;0.000000;2.000000;-21.693481;-262.378052;2551.694336;0.366491;0.000000;0.000000;0.000000;0.000000;0.000000;-142.121460;-334.412415;2604.700928;0.586697;0.000000;0.000000;0.000000;0.000000;0.000000;-245.099976;-220.139160;2496.433594;0.293083;0.000000;0.000000;0.000000;0.000000;2.000000;-380.267761;-212.807983;2550.530518;0.531120;0.000000;0.000000;0.000000;0.000000;2.000000;-547.082642;-303.230652;2302.718262;1.975640;0.000000;0.000000;0.000000;0.000000;2.000000;-410.833130;-339.924469;2521.513916;0.811519;0.000000;0.000000;0.000000;0.000000;2.000000;-404.358398;-335.527374;2636.174072;1.150813;0.000000;0.000000;0.000000;0.000000;0.000000;-409.693665;-372.719299;2524.599365;0.982984;0.000000;0.000000;0.000000;0.000000;0.000000;-383.376709;-356.760590;2658.970703;1.146435;0.000000;0.000000;0.000000;0.000000;0.000000;92.317017;-156.233337;2040.674072;0.029395;0.000000;0.000000;0.000000;0.000000;2.000000;303.463440;-100.256165;1654.401001;0.108098;0.000000;0.000000;0.000000;0.000000;2.000000;500.624268;-17.888672;1288.064819;0.239782;0.000000;0.000000;0.000000;0.000000;2.000000;615.527893;-153.543884;1180.744629;0.155884;0.000000;0.000000;0.000000;0.000000;2.000000;-83.246277;-144.379150;1963.322388;0.026506;0.000000;0.000000;0.000000;0.000000;2.000000;107.414154;-98.183777;1565.812500;0.179250;0.000000;0.000000;0.000000;0.000000;2.000000;364.205536;65.930237;1264.502441;1.305837;0.000000;0.000000;0.000000;0.000000;2.000000;415.028503;-7.766174;1095.715332;1.494799;0.000000;0.000000;0.000000;0.000000;1.000000;-253.431458;-251.104126;2628.203125;0.394167;0.000000;0.000000;0.000000;0.000000;2.000000;-261.006775;-373.004822;2757.854004;0.939638;0.000000;0.000000;0.000000;0.000000;2.000000;-224.341370;-323.862061;2767.343262;0.751425;0.000000;0.000000;0.000000;0.000000;2.000000;-153.382996;-234.868835;2684.930664;1.119208;0.000000;0.000000;0.000000;0.000000;2.000000;-282.118286;-321.362488;2771.133789;0.537655;0.000000;0.000000;0.000000;0.000000;2.000000;-334.437256;-206.185242;2699.792725;0.523897;0.000000;0.000000;0.000000;0.000000;2.000000;6234599936.000000
0.000000;-150.000000;2000.000000;0.000000;0.000000;0.000000;0.000000;0.000000;2.000000;-72.793213;-193.483765;2177.071045;0.233465;0.000000;0.000000;0.000000;0.000000;2.000000;-131.347412;-208.565063;2321.909668;0.406331;0.000000;0.000000;0.000000;0.000000;2.000000;-203.517700;-229.502441;2548.696777;0.597636;0.000000;0.000000;0.000000;0.000000;2.000000;-156.384277;-229.324707;2522.471680;0.563602;0.000000;0.000000;0.000000;0.000000;2.000000;-52.806763;-247.165833;2639.520020;0.508456;0.000000;0.000000;0.000000;0.000000;2.000000;105.060974;-74.613464;2445.148438;0.686218;0.000000;0.000000;0.000000;0.000000;2.000000;3.625793;-278.408447;2560.572754;0.405452;0.000000;0.000000;0.000000;0.000000;2.000000;-59.771851;-347.702850;2511.504883;0.746529;0.000000;0.000000;0.000000;0.000000;2.000000;-20.394287;-244.951355;2556.567871;0.545130;0.000000;0.000000;0.000000;0.000000;0.000000;-126.062683;-299.494934;2635.945801;1.488322;0.000000;0.000000;0.000000;0.000000;0.000000;-226.485229;-220.490417;2500.287109;0.571294;0.000000;0.000000;0.000000;0.000000;2.000000;-361.068542;-209.769348;2552.405762;0.586792;0.000000;0.000000;0.000000;0.000000;2.000000;-551.713501;-347.519806;2350.692383;1.966827;0.000000;0.000000;0.000000;0.000000;2.000000;-409.188110;-331.940704;2565.745361;1.351451;0.000000;0.000000;0.000000;0.000000;2.000000;-378.592163;-326.915955;2675.546387;1.437365;0.000000;0.000000;0.000000;0.000000;0.000000;-413.523560;-365.172455;2570.775879;1.410626;0.000000;0.000000;0.000000;0.000000;0.000000;-357.625610;-333.875092;2689.644043;1.386034;0.000000;0.000000;0.000000;0.000000;0.000000;93.094818;-154.491028;2037.167969;0.119942;0.000000;0.000000;0.000000;0.000000;2.000000;301.549866;-99.054199;1653.038696;0.079286;0.000000;0.000000;0.000000;0.000000;2.000000;496.426239;-17.624207;1288.818481;0.128405;0.000000;0.000000;0.000000;0.000000;2.000000;610.535339;-152.415771;1182.465576;0.162259;0.000000;0.000000;0.000000;0.000000;2.000000;-83.947754;-145.950256;1966.483887;0.108154;0.000000;0.000000;0.000000;0.000000;2.000000;85.048401;-101.280273;1562.615845;0.685224;0.000000;0.000000;0.000000;0.000000;2.000000;257.974854;56.842285;1207.500610;3.632806;0.000000;0.000000;0.000000;0.000000;1.000000;327.959503;-36.930176;1058.217407;2.980315;0.000000;0.000000;0.000000;0.000000;1.000000;-231.586975;-251.867676;2631.113281;0.662581;0.000000;0.000000;0.000000;0.000000;2.000000;-224.279419;-382.482147;2750.089111;1.163374;0.000000;0.000000;0.000000;0.000000;2.000000;-209.065369;-326.011841;2769.415527;0.467701;0.000000;0.000000;0.000000;0.000000;2.000000;-157.138916;-211.337219;2709.289063;1.023919;0.000000;0.000000;0.000000;0.000000;2.000000;-263.424194;-342.344238;2759.996582;0.908297;0.000000;0.000000;0.000000;0.000000;2.000000;-335.020630;-243.357239;2683.420898;1.220608;0.000000;0.000000;0.000000;0.000000;2.000000;6234633216.000000
0.000000;-150.000000;2000.000000;0.000000;0.000000;0.000000;0.000000;0.000000;2.000000;-70.345581;-193.039368;2177.795898;0.077858;0.000000;0.000000;0.000000;0.000000;2.000000;-127.584351;-206.324280;2323.045410;0.135954;0.000000;0.000000;0.000000;0.000000;2.000000;-208.587219;-196.519958;2547.159180;1.003762;0.000000;0.000000;0.000000;0.000000;2.000000;-160.479797;-196.909363;2522.973633;0.981878;0.000000;0.000000;0.000000;0.000000;2.000000;-67.530945;-196.152039;2649.553223;1.623674;0.000000;0.000000;0.000000;0.000000;2.000000;119.248199;-111.977295;2425.523682;1.337887;0.000000;0.000000;0.000000;0.000000;2.000000;-12.963501;-258.061768;2587.082520;1.121063;0.000000;0.000000;0.000000;0.000000;2.000000;-94.470215;-321.690918;2609.404785;3.217388;0.000000;0.000000;0.000000;0.000000;0.000000;-26.139771;-232.542419;2571.007324;0.597564;0.000000;0.000000;0.000000;0.000000;0.000000;-153.555420;-286.977478;2656.273193;1.094072;0.000000;0.000000;0.000000;0.000000;0.000000;-229.783875;-197.065979;2497.233887;0.716700;0.000000;0.000000;0.000000;0.000000;2.000000;-364.838928;-191.565735;2548.246826;0.572401;0.000000;0.000000;0.000000;0.000000;2.000000;-557.429749;-374.013275;2389.177734;1.414400;0.000000;0.000000;0.000000;0.000000;2.000000;-406.091248;-338.018921;2595.034668;0.903642;0.000000;0.000000;0.000000;0.000000;2.000000;-355.438721;-322.988403;2695.938721;0.934565;0.000000;0.000000;0.000000;0.000000;0.000000;-408.693420;-369.402985;2603.075195;0.989524;0.000000;0.000000;0.000000;0.000000;0.000000;-333.225891;-331.215424;2708.119629;0.923101;0.000000;0.000000;0.000000;0.000000;0.000000;93.220276;-150.978577;2036.645996;0.106768;0.000000;0.000000;0.000000;0.000000;2.000000;306.162537;-98.212708;1655.475464;0.158780;0.000000;0.000000;0.000000;0.000000;2.000000;503.225464;-18.695435;1292.843262;0.239587;0.000000;0.000000;0.000000;0.000000;2.000000;613.327698;-152.684509;1182.028076;0.085312;0.000000;0.000000;0.000000;0.000000;2.000000;-84.060852;-149.117615;1966.954590;0.096278;0.000000;0.000000;0.000000;0.000000;2.000000;96.779694;-96.112549;1570.103760;0.446087;0.000000;0.000000;0.000000;0.000000;2.000000;286.725586;48.963379;1219.007202;0.960168;0.000000;0.000000;0.000000;0.000000;2.000000;342.230835;-54.502319;1070.454834;0.773238;0.000000;0.000000;0.000000;0.000000;1.000000;-238.832764;-207.598877;2630.917480;1.347905;0.000000;0.000000;0.000000;0.000000;2.000000;-229.595032;-362.908630;2714.317627;1.235622;0.000000;0.000000;0.000000;0.000000;2.000000;-207.013367;-313.885681;2743.774902;0.854495;0.000000;0.000000;0.000000;0.000000;2.000000;-152.264343;-191.801392;2705.130615;0.617781;0.000000;0.000000;0.000000;0.000000;2.000000;-263.297546;-324.032471;2738.468018;0.849259;0.000000;0.000000;0.000000;0.000000;2.000000;-333.858948;-205.474792;2697.448730;1.214332;0.000000;0.000000;0.000000;0.000000;2.000000;6234666496.000000
0.000000;-150.000000;2000.000000;0.000000;0.000000;0.000000;0.000000;0.000000;2.000000;-70.323547;-193.033508;2177.847656;0.001699;0.000000;0.000000;0.000000;0.000000;2.000000;-127.546814;-206.283325;2323.138916;0.003268;0.000000;0.000000;0.000000;0.000000;2.000000;-208.275146;-196.329712;2547.393555;0.013046;0.000000;0.000000;0.000000;0.000000;2.000000;-160.190247;-196.710815;2523.140381;0.011679;0.000000;0.000000;0.000000;0.000000;2.000000;-67.059021;-195.668213;2649.621094;0.020411;0.000000;0.000000;0.000000;0.000000;2.000000;119.378448;-112.339478;2424.912598;0.021701;0.000000;0.000000;0.000000;0.000000;2.000000;-12.690674;-257.741211;2587.279297;0.013962;0.000000;0.000000;0.000000;0.000000;2.000000;-94.505188;-320.612915;2610.691162;0.050442;0.000000;0.000000;0.000000;0.000000;0.000000;-25.837402;-232.163391;2571.223633;0.015953;0.000000;0.000000;0.000000;0.000000;0.000000;-152.529663;-284.660034;2658.806641;0.107676;0.000000;0.000000;0.000000;0.000000;0.000000;-229.541382;-196.932922;2497.487061;0.011267;0.000000;0.000000;0.000000;0.000000;2.000000;-364.456787;-191.521912;2548.955566;0.024230;0.000000;0.000000;0.000000;0.000000;2.000000;-557.427307;-375.333557;2391.813721;0.088586;0.000000;0.000000;0.000000;0.000000;2.000000;-405.114014;-337.776794;2596.732422;0.059310;0.000000;0.000000;0.000000;0.000000;2.000000;-352.999207;-322.200378;2696.830322;0.081558;0.000000;0.000000;0.000000;0.000000;0.000000;-407.592651;-369.129089;2604.979980;0.066615;0.000000;0.000000;0.000000;0.000000;0.000000;-329.821533;-330.337128;2708.379395;0.105932;0.000000;0.000000;0.000000;0.000000;0.000000;93.244781;-150.966370;2036.636597;0.000870;0.000000;0.000000;0.000000;0.000000;2.000000;306.121918;-98.276001;1655.322021;0.005135;0.000000;0.000000;0.000000;0.000000;2.000000;503.134918;-18.842957;1292.550781;0.010212;0.000000;0.000000;0.000000;0.000000;2.000000;613.113342;-152.963928;1181.699097;0.014481;0.000000;0.000000;0.000000;0.000000;2.000000;-84.082886;-149.128601;1966.963135;0.000783;0.000000;0.000000;0.000000;0.000000;2.000000;97.079041;-95.918091;1570.193115;0.011057;0.000000;0.000000;0.000000;0.000000;2.000000;286.995514;49.964661;1219.316528;0.032517;0.000000;0.000000;0.000000;0.000000;2.000000;343.173584;-53.348755;1070.864868;0.046430;0.000000;0.000000;0.000000;0.000000;1.000000;-238.408936;-207.355652;2631.217773;0.017234;0.000000;0.000000;0.000000;0.000000;2.000000;-228.027466;-362.432556;2714.987305;0.053181;0.000000;0.000000;0.000000;0.000000;2.000000;-205.473450;-313.228149;2744.187012;0.051815;0.000000;0.000000;0.000000;0.000000;2.000000;-151.454346;-190.996643;2704.890137;0.035062;0.000000;0.000000;0.000000;0.000000;2.000000;-261.755798;-323.625610;2739.238770;0.053216;0.000000;0.000000;0.000000;0.000000;2.000000;-333.067017;-205.450073;2698.316895;0.035317;0.000000;0.000000;0.000000;0.000000;2.000000;6234699776.000000
0.000000;-150.000000;2000.000000;0.000000;0.000000;0.000000;0.000000;0.000000;2.000000;-72.839050;-193.275452;2178.675781;0.078697;0.000000;0.000000;0.000000;0.000000;2.000000;-132.607910;-205.570313;2324.512695;0.156619;0.000000;0.000000;0.000000;0.000000;2.000000;-214.382446;-185.620850;2549.951660;0.372591;0.000000;0.000000;0.000000;0.000000;2.000000;-165.855103;-186.465210;2525.539551;0.353654;0.000000;0.000000;0.000000;0.000000;2.000000;-68.452820;-201.980835;2649.548096;0.191320;0.000000;0.000000;0.000000;0.000000;2.000000;121.559540;-109.927856;2427.645996;0.125707;0.000000;0.000000;0.000000;0.000000;2.000000;-14.258545;-269.472961;2576.604248;0.471677;0.000000;0.000000;0.000000;0.000000;2.000000;-102.836853;-265.069031;2635.985107;1.822860;0.000000;0.000000;0.000000;0.000000;0.000000;-28.466003;-289.827271;2545.429199;1.871001;0.000000;0.000000;0.000000;0.000000;2.000000;-141.990967;-324.716736;2628.276367;1.522722;0.000000;0.000000;0.000000;0.000000;0.000000;-235.779968;-189.047424;2499.697754;0.304660;0.000000;0.000000;0.000000;0.000000;2.000000;-371.969177;-182.758850;2551.281494;0.348438;0.000000;0.000000;0.000000;0.000000;2.000000;-562.522705;-406.627716;2446.520996;1.871186;0.000000;0.000000;0.000000;0.000000;2.000000;-387.246704;-339.456665;2626.909668;1.039010;0.000000;0.000000;0.000000;0.000000;2.000000;-312.615234;-329.742615;2713.756592;1.314883;0.000000;0.000000;0.000000;0.000000;0.000000;-387.645508;-371.722076;2633.338379;1.028881;0.000000;0.000000;0.000000;0.000000;0.000000;-281.927917;-324.454590;2706.203857;1.429407;0.000000;0.000000;0.000000;0.000000;0.000000;93.471619;-148.713135;2038.416382;0.085236;0.000000;0.000000;0.000000;0.000000;2.000000;307.160461;-97.377747;1652.928467;0.081660;0.000000;0.000000;0.000000;0.000000;2.000000;504.032227;-19.233826;1285.542969;0.209394;0.000000;0.000000;0.000000;0.000000;2.000000;628.671875;-150.994019;1184.440308;0.471133;0.000000;0.000000;0.000000;0.000000;2.000000;-84.287476;-151.160339;1965.358276;0.076858;0.000000;0.000000;0.000000;0.000000;2.000000;92.998901;-98.138245;1562.575684;0.264027;0.000000;0.000000;0.000000;0.000000;2.000000;262.557983;40.717529;1194.323975;1.069988;0.000000;0.000000;0.000000;0.000000;1.000000;336.899200;-69.319763;1056.977783;0.653252;0.000000;0.000000;0.000000;0.000000;1.000000;-244.677734;-193.018982;2634.953613;0.476062;0.000000;0.000000;0.000000;0.000000;2.000000;-240.846130;-362.011139;2691.074951;0.802994;0.000000;0.000000;0.000000;0.000000;2.000000;-224.732239;-318.249084;2731.991699;0.690747;0.000000;0.000000;0.000000;0.000000;2.000000;-169.802673;-189.184692;2723.659180;0.778590;0.000000;0.000000;0.000000;0.000000;2.000000;-279.662598;-328.328186;2716.517578;0.867337;0.000000;0.000000;0.000000;0.000000;2.000000;-349.229370;-204.473328;2686.342773;0.595952;0.000000;0.000000;0.000000;0.000000;2.000000;6234733568.000000
0.000000;-150.000000;2000.000000;0.000000;0.000000;0.000000;0.000000;0.000000;2.000000;-72.829590;-193.678406;2179.091553;0.017400;0.000000;0.000000;0.000000;0.000000;2.000000;-132.318787;-205.925842;2325.445313;0.031224;0.000000;0.000000;0.000000;0.000000;2.000000;-214.301025;-186.229004;2551.429443;0.048080;0.000000;0.000000;0.000000;0.000000;2.000000;-165.658447;-187.054443;2526.964111;0.046698;0.000000;0.000000;0.000000;0.000000;2.000000;-68.221741;-201.785461;2651.512451;0.059721;0.000000;0.000000;0.000000;0.000000;2.000000;115.201477;-108.067322;2423.851563;0.229399;0.000000;0.000000;0.000000;0.000000;2.000000;-17.469116;-264.307190;2580.010742;0.209470;0.000000;0.000000;0.000000;0.000000;2.000000;-102.197754;-313.568298;2622.895996;1.509572;0.000000;0.000000;0.000000;0.000000;0.000000;-57.409180;-317.473267;2511.585449;1.574992;0.000000;0.000000;0.000000;0.000000;2.000000;-137.837646;-295.233032;2655.117188;1.204538;0.000000;0.000000;0.000000;0.000000;0.000000;-235.744263;-189.585266;2501.051270;0.043777;0.000000;0.000000;0.000000;0.000000;2.000000;-372.246216;-183.755371;2552.822754;0.055774;0.000000;0.000000;0.000000;0.000000;2.000000;-573.406433;-410.358307;2475.089111;0.925417;0.000000;0.000000;0.000000;0.000000;2.000000;-379.076477;-337.449249;2633.234375;0.316268;0.000000;0.000000;0.000000;0.000000;2.000000;-305.543823;-324.621643;2720.964355;0.340196;0.000000;0.000000;0.000000;0.000000;0.000000;-377.380554;-369.711090;2638.927979;0.356367;0.000000;0.000000;0.000000;0.000000;0.000000;-269.283325;-319.450684;2710.084229;0.424925;0.000000;0.000000;0.000000;0.000000;0.000000;93.848450;-150.108459;2038.138062;0.044227;0.000000;0.000000;0.000000;0.000000;2.000000;298.589935;-99.124146;1646.603760;0.324332;0.000000;0.000000;0.000000;0.000000;2.000000;478.578491;33.914673;1285.244263;1.770733;0.000000;0.000000;0.000000;0.000000;1.000000;550.730408;-104.200867;1147.270264;2.951156;0.000000;0.000000;0.000000;0.000000;1.000000;-84.627258;-149.902100;1965.609253;0.039881;0.000000;0.000000;0.000000;0.000000;2.000000;87.252533;-95.785522;1559.505127;0.208145;0.000000;0.000000;0.000000;0.000000;2.000000;256.610382;66.140564;1199.512085;0.799878;0.000000;0.000000;0.000000;0.000000;1.000000;315.286621;-51.944458;1060.652344;0.840545;0.000000;0.000000;0.000000;0.000000;1.000000;-244.677673;-193.757324;2636.615723;0.054649;0.000000;0.000000;0.000000;0.000000;2.000000;-251.525269;-365.968445;2683.166992;0.416619;0.000000;0.000000;0.000000;0.000000;2.000000;-236.215393;-325.192291;2727.549316;0.424738;0.000000;0.000000;0.000000;0.000000;2.000000;-175.381104;-198.190979;2730.054688;0.371838;0.000000;0.000000;0.000000;0.000000;2.000000;-290.541199;-331.926056;2708.122559;0.426815;0.000000;0.000000;0.000000;0.000000;2.000000;-352.944092;-203.281982;2680.826904;0.203004;0.000000;0.000000;0.000000;0.000000;2.000000;6234766848.000000
0.000000;-150.000000;2000.000000;0.000000;0.000000;0.000000;0.000000;0.000000;2.000000;-74.432678;-191.870361;2176.658936;0.103028;0.000000;0.000000;0.000000;0.000000;2.000000;-134.398315;-203.359558;2321.156250;0.162666;0.000000;0.000000;0.000000;0.000000;2.000000;-217.291870;-182.416992;2544.106934;0.263835;0.000000;0.000000;0.000000;0.000000;2.000000;-168.939148;-183.815918;2520.311523;0.243200;0.000000;0.000000;0.000000;0.000000;2.000000;-74.443054;-202.023193;2644.645264;0.278524;0.000000;0.000000;0.000000;0.000000;2.000000;119.917633;-106.266357;2431.501221;0.275400;0.000000;0.000000;0.000000;0.000000;2.000000;-20.676270;-265.513733;2572.734375;0.241672;0.000000;0.000000;0.000000;0.000000;2.000000;-93.260864;-281.800903;2648.117188;1.248042;0.000000;0.000000;0.000000;0.000000;0.000000;-148.779846;-348.079468;2566.578857;3.333795;0.000000;0.000000;0.000000;0.000000;0.000000;-134.578552;-299.485779;2665.215820;0.343509;0.000000;0.000000;0.000000;0.000000;0.000000;-238.118713;-185.636597;2494.058350;0.251635;0.000000;0.000000;0.000000;0.000000;2.000000;-373.768494;-178.239624;2543.711914;0.323276;0.000000;0.000000;0.000000;0.000000;2.000000;-576.489014;-410.111359;2511.401123;1.095056;0.000000;0.000000;0.000000;0.000000;2.000000;-378.286560;-338.255524;2660.677734;0.825317;0.000000;0.000000;0.000000;0.000000;2.000000;-293.648804;-323.328064;2735.625000;0.568615;0.000000;0.000000;0.000000;0.000000;0.000000;-369.502441;-370.590912;2660.404297;0.687879;0.000000;0.000000;0.000000;0.000000;0.000000;-252.372498;-320.410889;2718.212402;0.564524;0.000000;0.000000;0.000000;0.000000;0.000000;92.667084;-153.730469;2038.159668;0.114479;0.000000;0.000000;0.000000;0.000000;2.000000;299.903381;-98.331482;1653.641846;0.216447;0.000000;0.000000;0.000000;0.000000;2.000000;497.483612;4.790283;1296.712891;1.098775;0.000000;0.000000;0.000000;0.000000;2.000000;567.434814;-123.011902;1151.015869;0.764262;0.000000;0.000000;0.000000;0.000000;2.000000;-83.562012;-146.636108;1965.589600;0.103227;0.000000;0.000000;0.000000;0.000000;2.000000;89.614136;-94.091248;1564.713257;0.179214;0.000000;0.000000;0.000000;0.000000;2.000000;281.711761;28.324829;1205.647583;1.376239;0.000000;0.000000;0.000000;0.000000;2.000000;316.637390;-83.695679;1056.755493;0.962078;0.000000;0.000000;0.000000;0.000000;1.000000;-248.177734;-189.330444;2628.190430;0.304708;0.000000;0.000000;0.000000;0.000000;2.000000;-224.052673;-353.784241;2688.252930;0.915882;0.000000;0.000000;0.000000;0.000000;2.000000;-218.917114;-307.970642;2729.050781;0.734840;0.000000;0.000000;0.000000;0.000000;2.000000;-184.191895;-173.086060;2722.657715;0.829785;0.000000;0.000000;0.000000;0.000000;2.000000;-269.500854;-326.482422;2708.918457;0.653477;0.000000;0.000000;0.000000;0.000000;2.000000;-353.375183;-216.128479;2669.513672;0.514522;0.000000;0.000000;0.000000;0.000000;2.000000;6234800128.000000
0.000000;-150.000000;2000.000000;0.000000;0.000000;0.000000;0.000000;0.000000;2.000000;-71.570007;-191.404358;2179.074463;0.113416;0.000000;0.000000;0.000000;0.000000;2.000000;-129.573669;-202.104065;2325.312988;0.195039;0.000000;0.000000;0.000000;0.000000;2.000000;-213.865845;-185.982178;2549.473389;0.219263;0.000000;0.000000;0.000000;0.000000;2.000000;-165.150635;-187.424438;2525.781738;0.227449;0.000000;0.000000;0.000000;0.000000;2.000000;-71.714844;-202.441833;2652.361572;0.246247;0.000000;0.000000;0.000000;0.000000;2.000000;115.848053;-113.992798;2427.999512;0.282710;0.000000;0.000000;0.000000;0.000000;2.000000;-22.404358;-265.238403;2582.156250;0.287951;0.000000;0.000000;0.000000;0.000000;2.000000;-100.256042;-270.653625;2654.567627;0.440389;0.000000;0.000000;0.000000;0.000000;0.000000;-196.048889;-281.476013;2725.122070;5.358873;0.000000;0.000000;0.000000;0.000000;0.000000;-134.077332;-291.191040;2670.784912;0.300584;0.000000;0.000000;0.000000;0.000000;0.000000;-234.558899;-187.551758;2498.984375;0.191475;0.000000;0.000000;0.000000;0.000000;2.000000;-371.018677;-178.676514;2548.377930;0.163269;0.000000;0.000000;0.000000;0.000000;2.000000;-580.411621;-408.603729;2534.424316;0.703232;0.000000;0.000000;0.000000;0.000000;2.000000;-370.897461;-339.118622;2671.187988;0.386920;0.000000;0.000000;0.000000;0.000000;2.000000;-276.146545;-325.711212;2734.289795;0.532276;0.000000;0.000000;0.000000;0.000000;0.000000;-361.863525;-370.338684;2667.586426;0.315146;0.000000;0.000000;0.000000;0.000000;0.000000;-240.664734;-319.011597;2714.435303;0.372034;0.000000;0.000000;0.000000;0.000000;0.000000;93.736938;-151.796326;2037.048340;0.074338;0.000000;0.000000;0.000000;0.000000;2.000000;301.873566;-95.021118;1650.586914;0.147734;0.000000;0.000000;0.000000;0.000000;2.000000;498.618011;-9.998840;1285.916870;0.551248;0.000000;0.000000;0.000000;0.000000;2.000000;578.041199;-130.808594;1137.609985;0.564553;0.000000;0.000000;0.000000;0.000000;2.000000;-84.526733;-148.380188;1966.592163;0.067039;0.000000;0.000000;0.000000;0.000000;2.000000;86.313171;-94.724365;1562.352173;0.123424;0.000000;0.000000;0.000000;0.000000;2.000000;259.837036;33.075806;1193.215210;0.769395;0.000000;0.000000;0.000000;0.000000;1.000000;317.345490;-74.267334;1046.643799;0.415969;0.000000;0.000000;0.000000;0.000000;1.000000;-245.485596;-194.789307;2633.608887;0.244862;0.000000;0.000000;0.000000;0.000000;2.000000;-216.941650;-361.531586;2687.861572;0.316207;0.000000;0.000000;0.000000;0.000000;2.000000;-226.518005;-318.866882;2731.648926;0.406763;0.000000;0.000000;0.000000;0.000000;2.000000;-206.734009;-180.488892;2741.843262;0.916852;0.000000;0.000000;0.000000;0.000000;2.000000;-268.973083;-340.506134;2698.929443;0.517598;0.000000;0.000000;0.000000;0.000000;2.000000;-354.134155;-235.269958;2647.396484;0.879204;0.000000;0.000000;0.000000;0.000000;2.000000;6234833408.000000
0.000000;-150.000000;2000.000000;0.000000;0.000000;0.000000;0.000000;0.000000;2.000000;-71.594604;-191.688293;2179.329102;0.011484;0.000000;0.000000;0.000000;0.000000;2.000000;-129.729309;-202.756592;2325.746338;0.023997;0.000000;0.000000;0.000000;0.000000;2.000000;-212.533386;-186.205261;2550.819092;0.057298;0.000000;0.000000;0.000000;0.000000;2.000000;-163.942749;-186.496094;2526.645996;0.052629;0.000000;0.000000;0.000000;0.000000;2.000000;-77.313843;-209.479980;2657.112061;0.305622;0.000000;0.000000;0.000000;0.000000;2.000000;117.754761;-114.220520;2441.475586;0.409020;0.000000;0.000000;0.000000;0.000000;2.000000;-26.908386;-271.248779;2584.191895;0.233825;0.000000;0.000000;0.000000;0.000000;2.000000;-105.784912;-277.316406;2655.674316;0.262273;0.000000;0.000000;0.000000;0.000000;0.000000;-197.260498;-288.720337;2731.943115;0.301193;0.000000;0.000000;0.000000;0.000000;0.000000;-136.398621;-289.253052;2678.533203;0.249924;0.000000;0.000000;0.000000;0.000000;0.000000;-233.664429;-189.062317;2500.478271;0.069265;0.000000;0.000000;0.000000;0.000000;2.000000;-369.911011;-184.304260;2551.647461;0.198382;0.000000;0.000000;0.000000;0.000000;2.000000;-583.687927;-411.165710;2557.531738;0.705491;0.000000;0.000000;0.000000;0.000000;2.000000;-363.175415;-339.549438;2675.341309;0.263783;0.000000;0.000000;0.000000;0.000000;2.000000;-274.022278;-325.243469;2746.238281;0.364930;0.000000;0.000000;0.000000;0.000000;0.000000;-357.319763;-371.616058;2677.380371;0.326681;0.000000;0.000000;0.000000;0.000000;0.000000;-238.404419;-312.926758;2721.151367;0.280656;0.000000;0.000000;0.000000;0.000000;0.000000;93.862061;-151.309143;2037.168823;0.015542;0.000000;0.000000;0.000000;0.000000;2.000000;302.318542;-96.372437;1649.844238;0.048223;0.000000;0.000000;0.000000;0.000000;2.000000;499.430573;-15.210144;1283.749878;0.171337;0.000000;0.000000;0.000000;0.000000;2.000000;579.169861;-136.773438;1135.788818;0.190444;0.000000;0.000000;0.000000;0.000000;2.000000;-84.639526;-148.819458;1966.483276;0.014015;0.000000;0.000000;0.000000;0.000000;2.000000;88.705566;-94.892273;1562.610840;0.072482;0.000000;0.000000;0.000000;0.000000;2.000000;279.898193;35.344666;1202.409546;0.666589;0.000000;0.000000;0.000000;0.000000;2.000000;329.705811;-66.330139;1048.770874;0.445990;0.000000;0.000000;0.000000;0.000000;1.000000;-243.146179;-194.865234;2635.487793;0.090189;0.000000;0.000000;0.000000;0.000000;2.000000;-213.437500;-356.147217;2704.499512;0.535911;0.000000;0.000000;0.000000;0.000000;2.000000;-230.783936;-311.395935;2743.708984;0.445136;0.000000;0.000000;0.000000;0.000000;2.000000;-219.496948;-171.512146;2746.650391;0.490606;0.000000;0.000000;0.000000;0.000000;2.000000;-267.543213;-337.553040;2707.432617;0.273865;0.000000;0.000000;0.000000;0.000000;2.000000;-350.640503;-240.821838;2638.263184;0.337885;0.000000;0.000000;0.000000;0.000000;2.000000;6234866688.000000
0.000000;-150.000000;2000.000000;0.000000;0.000000;0.000000;0.000000;0.000000;2.000000;-71.617676;-191.882813;2179.379395;0.006077;0.000000;0.000000;0.000000;0.000000;2.000000;-129.827393;-202.830933;2325.857910;0.004992;0.000000;0.000000;0.000000;0.000000;2.000000;-211.610107;-184.637512;2551.300781;0.056554;0.000000;0.000000;0.000000;0.000000;2.000000;-163.118347;-184.908020;2526.871582;0.054191;0.000000;0.000000;0.000000;0.000000;2.000000;-76.833191;-206.283936;2657.930176;0.100178;0.000000;0.000000;0.000000;0.000000;2.000000;117.806213;-112.383423;2441.103516;0.056343;0.000000;0.000000;0.000000;0.000000;2.000000;-26.442200;-268.123901;2585.859375;0.107346;0.000000;0.000000;0.000000;0.000000;2.000000;-102.858643;-277.850281;2659.648926;0.149172;0.000000;0.000000;0.000000;0.000000;0.000000;-201.935059;-289.129639;2725.869629;0.230620;0.000000;0.000000;0.000000;0.000000;0.000000;-140.223022;-269.595032;2685.871338;0.640885;0.000000;0.000000;0.000000;0.000000;0.000000;-232.991882;-188.057251;2501.072754;0.040491;0.000000;0.000000;0.000000;0.000000;2.000000;-368.960693;-183.571838;2553.196045;0.058864;0.000000;0.000000;0.000000;0.000000;2.000000;-582.881348;-409.406403;2576.255859;0.565621;0.000000;0.000000;0.000000;0.000000;2.000000;-357.520203;-338.465546;2685.245117;0.344233;0.000000;0.000000;0.000000;0.000000;2.000000;-264.328491;-325.531189;2751.123779;0.326295;0.000000;0.000000;0.000000;0.000000;0.000000;-351.177307;-370.535400;2685.736328;0.313307;0.000000;0.000000;0.000000;0.000000;0.000000;-232.996887;-309.729431;2726.092529;0.240158;0.000000;0.000000;0.000000;0.000000;0.000000;93.892761;-151.099731;2037.230225;0.006622;0.000000;0.000000;0.000000;0.000000;2.000000;302.190613;-94.628235;1649.796753;0.052570;0.000000;0.000000;0.000000;0.000000;2.000000;499.009308;-12.751526;1283.467529;0.075432;0.000000;0.000000;0.000000;0.000000;2.000000;580.542603;-135.478760;1137.316162;0.072946;0.000000;0.000000;0.000000;0.000000;2.000000;-84.667236;-149.008362;1966.427979;0.005973;0.000000;0.000000;0.000000;0.000000;2.000000;93.892792;-94.018127;1564.742676;0.170551;0.000000;0.000000;0.000000;0.000000;2.000000;288.346100;46.969666;1210.132813;0.490214;0.000000;0.000000;0.000000;0.000000;2.000000;344.832092;-52.070923;1056.970093;0.671463;0.000000;0.000000;0.000000;0.000000;1.000000;-241.764221;-192.683472;2636.241211;0.080837;0.000000;0.000000;0.000000;0.000000;2.000000;-212.708679;-352.785736;2708.426025;0.156851;0.000000;0.000000;0.000000;0.000000;2.000000;-233.190063;-308.056763;2746.168701;0.144073;0.000000;0.000000;0.000000;0.000000;2.000000;-224.968567;-167.878296;2748.389648;0.204169;0.000000;0.000000;0.000000;0.000000;2.000000;-267.291382;-335.305420;2708.099609;0.070853;0.000000;0.000000;0.000000;0.000000;2.000000;-348.323853;-240.897583;2633.348633;0.163273;0.000000;0.000000;0.000000;0.000000;2.000000;6234899968.000000
0.000000;-150.000000;2000.000000;0.000000;0.000000;0.000000;0.000000;0.000000;2.000000;-69.188782;-197.133850;2178.871826;0.174513;0.000000;0.000000;0.000000;0.000000;2.000000;-125.597778;-212.708069;2325.513184;0.323022;0.000000;0.000000;0.000000;0.000000;2.000000;-203.333923;-195.296753;2552.260254;0.406522;0.000000;0.000000;0.000000;0.000000;2.000000;-155.413147;-193.960083;2526.846191;0.357194;0.000000;0.000000;0.000000;0.000000;2.000000;-57.442749;-195.391968;2651.111816;0.698974;0.000000;0.000000;0.000000;0.000000;2.000000;126.932465;-108.063477;2423.165039;0.618538;0.000000;0.000000;0.000000;0.000000;2.000000;-2.924683;-258.529480;2585.703125;0.763216;0.000000;0.000000;0.000000;0.000000;2.000000;-97.993408;-259.144104;2633.912598;0.967133;0.000000;0.000000;0.000000;0.000000;0.000000;-202.099731;-261.961853;2692.749512;1.287187;0.000000;0.000000;0.000000;0.000000;0.000000;-131.410645;-272.837463;2655.032227;0.968659;0.000000;0.000000;0.000000;0.000000;0.000000;-225.575195;-200.067200;2502.561279;0.426494;0.000000;0.000000;0.000000;0.000000;2.000000;-361.746826;-200.040405;2554.050537;0.540852;0.000000;0.000000;0.000000;0.000000;2.000000;-592.216553;-405.779053;2595.400879;0.649230;0.000000;0.000000;0.000000;0.000000;2.000000;-360.145569;-346.526367;2696.560791;0.424852;0.000000;0.000000;0.000000;0.000000;2.000000;-267.386658;-311.818726;2754.562012;0.434613;0.000000;0.000000;0.000000;0.000000;0.000000;-344.163818;-374.943481;2691.759277;0.307749;0.000000;0.000000;0.000000;0.000000;0.000000;-228.678528;-302.533081;2729.251465;0.269454;0.000000;0.000000;0.000000;0.000000;0.000000;94.245758;-151.278076;2036.118164;0.035466;0.000000;0.000000;0.000000;0.000000;2.000000;306.026550;-96.203430;1650.743652;0.127810;0.000000;0.000000;0.000000;0.000000;2.000000;506.300751;-15.650513;1286.352905;0.251211;0.000000;0.000000;0.000000;0.000000;2.000000;584.050720;-136.856079;1137.115234;0.113406;0.000000;0.000000;0.000000;0.000000;2.000000;-84.985535;-148.847595;1967.430786;0.031981;0.000000;0.000000;0.000000;0.000000;2.000000;94.972870;-93.218750;1566.811523;0.074126;0.000000;0.000000;0.000000;0.000000;2.000000;319.195679;72.133606;1241.918213;1.530752;0.000000;0.000000;0.000000;0.000000;2.000000;366.121826;-9.247925;1075.843262;1.544851;0.000000;0.000000;0.000000;0.000000;1.000000;-231.387939;-203.589417;2637.824463;0.454823;0.000000;0.000000;0.000000;0.000000;2.000000;-223.666016;-364.100922;2714.102051;0.503082;0.000000;0.000000;0.000000;0.000000;2.000000;-241.841003;-316.755249;2749.699707;0.383593;0.000000;0.000000;0.000000;0.000000;2.000000;-219.455078;-178.218506;2750.381836;0.357164;0.000000;0.000000;0.000000;0.000000;2.000000;-275.992126;-341.202698;2709.876953;0.320318;0.000000;0.000000;0.000000;0.000000;2.000000;-341.839905;-240.771973;2628.549561;0.242420;0.000000;0.000000;0.000000;0.000000;2.000000;6234933248.000000
0.000000;-150.000000;2000.000000;0.000000;0.000000;0.000000;0.000000;0.000000;2.000000;-70.850159;-196.612305;2178.283203;0.055232;0.000000;0.000000;0.000000;0.000000;2.000000;-128.666504;-211.781555;2324.359863;0.102365;0.000000;0.000000;0.000000;0.000000;2.000000;-211.495056;-191.235718;2548.945068;0.291461;0.000000;0.000000;0.000000;0.000000;2.000000;-163.060425;-189.851807;2524.567871;0.269680;0.000000;0.000000;0.000000;0.000000;2.000000;-67.471436;-176.648193;2649.921875;0.639763;0.000000;0.000000;0.000000;0.000000;2.000000;127.710297;-114.257324;2422.923828;0.187715;0.000000;0.000000;0.000000;0.000000;2.000000;-7.729675;-247.341248;2595.612793;0.471732;0.000000;0.000000;0.000000;0.000000;2.000000;-107.108154;-264.358521;2630.097656;0.335709;0.000000;0.000000;0.000000;0.000000;0.000000;-210.951050;-266.647461;2689.339355;0.317899;0.000000;0.000000;0.000000;0.000000;0.000000;-140.536499;-278.388245;2647.519775;0.392388;0.000000;0.000000;0.000000;0.000000;0.000000;-232.586182;-197.093750;2498.882324;0.254133;0.000000;0.000000;0.000000;0.000000;2.000000;-367.448120;-197.709595;2553.575684;0.185625;0.000000;0.000000;0.000000;0.000000;2.000000;-599.459900;-399.669830;2603.287354;0.370439;0.000000;0.000000;0.000000;0.000000;2.000000;-359.829285;-347.673431;2689.478027;0.215806;0.000000;0.000000;0.000000;0.000000;2.000000;-266.672119;-313.790344;2747.250977;0.228541;0.000000;0.000000;0.000000;0.000000;0.000000;-343.940979;-376.357330;2684.568115;0.220319;0.000000;0.000000;0.000000;0.000000;0.000000;-226.341553;-302.804688;2716.593750;0.386854;0.000000;0.000000;0.000000;0.000000;0.000000;93.851654;-150.957458;2037.046509;0.031799;0.000000;0.000000;0.000000;0.000000;2.000000;304.332764;-92.066833;1651.697144;0.137335;0.000000;0.000000;0.000000;0.000000;2.000000;504.722717;0.548035;1290.416504;0.504052;0.000000;0.000000;0.000000;0.000000;1.000000;545.306641;-134.182983;1138.169922;1.167383;0.000000;0.000000;0.000000;0.000000;1.000000;-84.630127;-149.136597;1966.593506;0.028678;0.000000;0.000000;0.000000;0.000000;2.000000;95.217560;-93.501221;1566.091553;0.024375;0.000000;0.000000;0.000000;0.000000;2.000000;320.991394;80.976929;1247.293457;0.315608;0.000000;0.000000;0.000000;0.000000;2.000000;352.936859;-10.274475;1082.873901;0.450047;0.000000;0.000000;0.000000;0.000000;1.000000;-241.325439;-198.324463;2633.982422;0.357098;0.000000;0.000000;0.000000;0.000000;2.000000;-214.890259;-355.049622;2713.724365;0.378990;0.000000;0.000000;0.000000;0.000000;2.000000;-240.948608;-310.189636;2747.562988;0.209194;0.000000;0.000000;0.000000;0.000000;2.000000;-237.932922;-169.939331;2746.360840;0.620290;0.000000;0.000000;0.000000;0.000000;2.000000;-269.620605;-339.695190;2706.882813;0.216333;0.000000;0.000000;0.000000;0.000000;2.000000;-345.048096;-250.572327;2620.918213;0.385479;0.000000;0.000000;0.000000;0.000000;2.000000;6234966528.000000
0.000000;-150.000000;2000.000000;0.000000;0.000000;0.000000;0.000000;0.000000;2.000000;-70.843994;-196.504761;2178.322754;0.003448;0.000000;0.000000;0.000000;0.000000;2.000000;-128.653564;-211.490723;2324.428223;0.008986;0.000000;0.000000;0.000000;0.000000;2.000000;-211.304077;-190.453369;2549.043945;0.024380;0.000000;0.000000;0.000000;0.000000;2.000000;-162.884705;-189.150208;2524.627441;0.021806;0.000000;0.000000;0.000000;0.000000;2.000000;-67.197937;-175.816650;2649.901123;0.026310;0.000000;0.000000;0.000000;0.000000;2.000000;128.405640;-113.588257;2423.204590;0.030198;0.000000;0.000000;0.000000;0.000000;2.000000;-7.341614;-246.616333;2595.711182;0.024883;0.000000;0.000000;0.000000;0.000000;2.000000;-106.897827;-264.365112;2629.317383;0.024283;0.000000;0.000000;0.000000;0.000000;0.000000;-211.509094;-267.968201;2687.134277;0.079034;0.000000;0.000000;0.000000;0.000000;0.000000;-139.808472;-278.687927;2647.158936;0.026023;0.000000;0.000000;0.000000;0.000000;0.000000;-232.437317;-196.393250;2499.006836;0.021842;0.000000;0.000000;0.000000;0.000000;2.000000;-367.245483;-196.711060;2553.850586;0.031710;0.000000;0.000000;0.000000;0.000000;2.000000;-599.506287;-397.956604;2605.346680;0.080505;0.000000;0.000000;0.000000;0.000000;2.000000;-359.493530;-346.135620;2690.606934;0.058204;0.000000;0.000000;0.000000;0.000000;2.000000;-266.158936;-312.056763;2747.986328;0.058647;0.000000;0.000000;0.000000;0.000000;0.000000;-343.776306;-374.950378;2686.056152;0.061733;0.000000;0.000000;0.000000;0.000000;0.000000;-225.854736;-301.802002;2717.557617;0.044278;0.000000;0.000000;0.000000;0.000000;0.000000;93.859009;-150.954834;2037.039307;0.000319;0.000000;0.000000;0.000000;0.000000;2.000000;304.249084;-92.368042;1651.572998;0.010107;0.000000;0.000000;0.000000;0.000000;2.000000;504.572723;0.125916;1290.204102;0.014897;0.000000;0.000000;0.000000;0.000000;2.000000;545.552612;-133.947815;1137.472412;0.023320;0.000000;0.000000;0.000000;0.000000;2.000000;-84.636780;-149.138916;1966.600098;0.000290;0.000000;0.000000;0.000000;0.000000;2.000000;95.591614;-93.497009;1566.250122;0.012208;0.000000;0.000000;0.000000;0.000000;2.000000;321.654846;82.058411;1248.225830;0.047311;0.000000;0.000000;0.000000;0.000000;2.000000;354.250122;-8.907593;1083.766479;0.062956;0.000000;0.000000;0.000000;0.000000;1.000000;-241.077393;-197.357605;2634.120605;0.030279;0.000000;0.000000;0.000000;0.000000;2.000000;-214.064026;-353.693054;2714.448242;0.052450;0.000000;0.000000;0.000000;0.000000;2.000000;-240.046082;-308.719849;2748.199707;0.055245;0.000000;0.000000;0.000000;0.000000;2.000000;-237.246887;-168.466125;2746.360840;0.048831;0.000000;0.000000;0.000000;0.000000;2.000000;-268.848511;-338.450043;2707.772461;0.051504;0.000000;0.000000;0.000000;0.000000;2.000000;-344.780273;-249.819580;2621.732910;0.034288;0.000000;0.000000;0.000000;0.000000;2.000000;6234999808.000000
