posX0;posY0;posZ0;posVel0;rotX0;rotY0;rotZ0;rotVel0;confidence0;posX1;posY1;posZ1;posVel1;rotX1;rotY1;rotZ1;rotVel1;confidence1;posX2;posY2;posZ2;posVel2;rotX2;rotY2;rotZ2;rotVel2;confidence2;posX3;posY3;posZ3;posVel3;rotX3;rotY3;rotZ3;rotVel3;confidence3;posX4;posY4;posZ4;posVel4;rotX4;rotY4;rotZ4;rotVel4;confidence4;posX5;posY5;posZ5;posVel5;rotX5;rotY5;rotZ5;rotVel5;confidence5;posX6;posY6;posZ6;posVel6;rotX6;rotY6;rotZ6;rotVel6;confidence6;posX7;posY7;posZ7;posVel7;rotX7;rotY7;rotZ7;rotVel7;confidence7;posX8;posY8;posZ8;posVel8;rotX8;rotY8;rotZ8;rotVel8;confidence8;posX9;posY9;posZ9;posVel9;rotX9;rotY9;rotZ9;rotVel9;confidence9;posX10;posY10;posZ10;posVel10;rotX10;rotY10;rotZ10;rotVel10;confidence10;posX11;posY11;posZ11;posVel11;rotX11;rotY11;rotZ11;rotVel11;confidence11;posX12;posY12;posZ12;posVel12;rotX12;rotY12;rotZ12;rotVel12;confidence12;posX13;posY13;posZ13;posVel13;rotX13;rotY13;rotZ13;rotVel13;confidence13;posX14;posY14;posZ14;posVel14;rotX14;rotY14;rotZ14;rotVel14;confidence14;posX15;posY15;posZ15;posVel15;rotX15;rotY15;rotZ15;rotVel15;confidence15;posX16;posY16;posZ16;posVel16;rotX16;rotY16;rotZ16;rotVel16;confidence16;posX17;posY17;posZ17;posVel17;rotX17;rotY17;rotZ17;rotVel17;confidence17;posX18;posY18;posZ18;posVel18;rotX18;rotY18;rotZ18;rotVel18;confidence18;posX19;posY19;posZ19;posVel19;rotX19;rotY19;rotZ19;rotVel19;confidence19;posX20;posY20;posZ20;posVel20;rotX20;rotY20;rotZ20;rotVel20;confidence20;posX21;posY21;posZ21;posVel21;rotX21;rotY21;rotZ21;rotVel21;confidence21;posX22;posY22;posZ22;posVel22;rotX22;rotY22;rotZ22;rotVel22;confidence22;posX23;posY23;posZ23;posVel23;rotX23;rotY23;rotZ23;rotVel23;confidence23;posX24;posY24;posZ24;posVel24;rotX24;rotY24;rotZ24;rotVel24;confidence24;posX25;posY25;posZ25;posVel25;rotX25;rotY25;rotZ25;rotVel25;confidence25;posX26;posY26;posZ26;posVel26;rotX26;rotY26;rotZ26;rotVel26;confidence26;posX27;posY27;posZ27;posVel27;rotX27;rotY27;rotZ27;rotVel27;confidence27;posX28;posY28;posZ28;posVel28;rotX28;rotY28;rotZ28;rotVel28;confidence28;posX29;posY29;posZ29;posVel29;rotX29;rotY29;rotZ29;rotVel29;confidence29;posX30;posY30;posZ30;posVel30;rotX30;rotY30;rotZ30;rotVel30;confidence30;posX31;posY31;posZ31;posVel31;rotX31;rotY31;rotZ31;rotVel31;confidence31;TimeStamp
0.000000;-150.000000;2000.000000;0.000000;0.000000;0.000000;0.000000;0.000000;2.000000;-0.421478;-338.353455;1979.950073;0.000000;0.000000;0.000000;0.000000;0.000000;2.000000;2.824471;-488.766907;1962.732178;0.000000;0.000000;0.000000;0.000000;0.000000;2.000000;5.269531;-713.650146;1912.188110;0.000000;0.000000;0.000000;0.000000;0.000000;2.000000;-5.515961;-669.396118;1887.019531;0.000000;0.000000;0.000000;0.000000;0.000000;2.000000;-54.231644;-581.458801;1773.309937;0.000000;0.000000;0.000000;0.000000;0.000000;2.000000;-60.223053;-289.934906;1740.730469;0.000000;0.000000;0.000000;0.000000;0.000000;2.000000;-139.512650;-60.425812;1781.709839;0.000000;0.000000;0.000000;0.000000;0.000000;2.000000;-208.006134;-78.673233;1855.385010;0.000000;0.000000;0.000000;0.000000;0.000000;2.000000;-168.114899;23.150562;1820.711670;0.000000;0.000000;0.000000;0.000000;0.000000;2.000000;-228.539795;28.695915;1805.167236;0.000000;0.000000;0.000000;0.000000;0.000000;2.000000;17.321350;-683.386414;1953.260742;0.000000;0.000000;0.000000;0.000000;0.000000;2.000000;44.947002;-679.424866;2090.071289;0.000000;0.000000;0.000000;0.000000;0.000000;2.000000;58.935070;-472.836548;2305.703125;0.000000;0.000000;0.000000;0.000000;0.000000;2.000000;-80.072174;-322.007385;2447.523682;0.000000;0.000000;0.000000;0.000000;0.000000;2.000000;-151.981995;-249.496490;2406.428223;0.000000;0.000000;0.000000;0.000000;0.000000;0.000000;-205.883972;-176.353531;2339.638184;0.000000;0.000000;0.000000;0.000000;0.000000;0.000000;-113.878387;-249.582031;2334.965088;0.000000;0.000000;0.000000;0.000000;0.000000;0.000000;-30.747192;-140.215240;1908.725098;0.000000;0.000000;0.000000;0.000000;0.000000;2.000000;-34.938599;284.480133;1925.478760;0.000000;0.000000;0.000000;0.000000;0.000000;2.000000;-7.207352;689.051819;1949.181396;0.000000;0.000000;0.000000;0.000000;0.000000;2.000000;-170.670044;796.136108;1912.096436;0.000000;0.000000;0.000000;0.000000;0.000000;2.000000;27.726097;-158.823380;2082.306396;0.000000;0.000000;0.000000;0.000000;0.000000;2.000000;14.256577;265.209381;2099.351807;0.000000;0.000000;0.000000;0.000000;0.000000;2.000000;46.769806;674.395630;2102.277344;0.000000;0.000000;0.000000;0.000000;0.000000;2.000000;-84.117691;790.502869;2155.914795;0.000000;0.000000;0.000000;0.000000;0.000000;2.000000;-7.311226;-798.253662;1897.838013;0.000000;0.000000;0.000000;0.000000;0.000000;2.000000;-146.507095;-888.966675;1859.073730;0.000000;0.000000;0.000000;0.000000;0.000000;2.000000;-100.925766;-891.704895;1821.041870;0.000000;0.000000;0.000000;0.000000;0.000000;2.000000;0.640511;-810.003540;1787.492798;0.000000;0.000000;0.000000;0.000000;0.000000;2.000000;-101.298553;-918.275391;1869.779419;0.000000;0.000000;0.000000;0.000000;0.000000;2.000000;18.471207;-899.699402;1938.052979;0.000000;0.000000;0.000000;0.000000;0.000000;2.000000;13246566400.000000
0.000000;-150.000000;2000.000000;0.000000;0.000000;0.000000;0.000000;0.000000;2.000000;-0.384094;-339.048553;1983.177490;0.097705;0.000000;0.000000;0.000000;0.000000;2.000000;2.871773;-490.040375;1968.560913;0.176563;0.000000;0.000000;0.000000;0.000000;2.000000;5.900192;-716.123047;1921.413452;0.283257;0.000000;0.000000;0.000000;0.000000;2.000000;-4.776207;-672.186523;1895.440063;0.263424;0.000000;0.000000;0.000000;0.000000;2.000000;-50.199997;-585.436279;1779.082275;0.239308;0.000000;0.000000;0.000000;0.000000;2.000000;-49.744751;-293.599030;1743.611694;0.339379;0.000000;0.000000;0.000000;0.000000;2.000000;-128.235779;-63.808777;1787.411377;0.387112;0.000000;0.000000;0.000000;0.000000;2.000000;-196.910400;-82.144501;1861.179199;0.384408;0.000000;0.000000;0.000000;0.000000;2.000000;-153.650879;15.199963;1817.971802;0.495118;0.000000;0.000000;0.000000;0.000000;2.000000;-225.291168;15.804993;1803.877563;0.395253;0.000000;0.000000;0.000000;0.000000;2.000000;17.659584;-685.155029;1962.178467;0.269227;0.000000;0.000000;0.000000;0.000000;2.000000;45.197136;-677.261353;2099.121094;0.275455;0.000000;0.000000;0.000000;0.000000;2.000000;63.802074;-468.790436;2313.415771;0.295252;0.000000;0.000000;0.000000;0.000000;2.000000;-58.172318;-309.103119;2461.928955;0.864614;0.000000;0.000000;0.000000;0.000000;2.000000;-140.066315;-248.734039;2419.325684;0.520118;0.000000;0.000000;0.000000;0.000000;0.000000;-197.883606;-186.193329;2345.077148;0.408348;0.000000;0.000000;0.000000;0.000000;0.000000;-110.241470;-255.588287;2338.026367;0.226677;0.000000;0.000000;0.000000;0.000000;0.000000;-30.409912;-141.774292;1908.254517;0.049215;0.000000;0.000000;0.000000;0.000000;2.000000;-34.428711;283.843567;1923.062134;0.075478;0.000000;0.000000;0.000000;0.000000;2.000000;-6.857986;689.444946;1942.948975;0.185090;0.000000;0.000000;0.000000;0.000000;2.000000;-170.815033;796.447021;1905.679077;0.190179;0.000000;0.000000;0.000000;0.000000;2.000000;27.421959;-157.417480;2082.730957;0.044382;0.000000;0.000000;0.000000;0.000000;2.000000;18.445869;267.699219;2096.551514;0.166329;0.000000;0.000000;0.000000;0.000000;2.000000;50.344563;677.765625;2096.663330;0.220765;0.000000;0.000000;0.000000;0.000000;2.000000;-77.994019;793.979492;2157.051270;0.211082;0.000000;0.000000;0.000000;0.000000;2.000000;-6.520142;-801.120850;1908.256348;0.320626;0.000000;0.000000;0.000000;0.000000;2.000000;-146.286423;-892.824707;1872.492310;0.413232;0.000000;0.000000;0.000000;0.000000;2.000000;-100.546768;-897.161011;1834.613892;0.433019;0.000000;0.000000;0.000000;0.000000;2.000000;1.628525;-817.008545;1798.219971;0.380263;0.000000;0.000000;0.000000;0.000000;2.000000;-101.131546;-921.958008;1884.398926;0.446174;0.000000;0.000000;0.000000;0.000000;2.000000;18.810532;-901.312378;1952.341064;0.425629;0.000000;0.000000;0.000000;0.000000;1.000000;13246600192.000000
0.000000;-150.000000;2000.000000;0.000000;0.000000;0.000000;0.000000;0.000000;2.000000;-0.408600;-339.046997;1983.264893;0.002771;0.000000;0.000000;0.000000;0.000000;2.000000;2.689537;-490.045715;1968.761719;0.008277;0.000000;0.000000;0.000000;0.000000;2.000000;5.364365;-716.205627;1922.020020;0.024827;0.000000;0.000000;0.000000;0.000000;2.000000;-5.345055;-672.308350;1895.999023;0.024620;0.000000;0.000000;0.000000;0.000000;2.000000;-51.126358;-585.740723;1779.654907;0.034510;0.000000;0.000000;0.000000;0.000000;2.000000;-50.637543;-293.982910;1743.653687;0.029685;0.000000;0.000000;0.000000;0.000000;2.000000;-128.793396;-64.055679;1787.266113;0.019131;0.000000;0.000000;0.000000;0.000000;2.000000;-197.154968;-82.210449;1861.361694;0.009528;0.000000;0.000000;0.000000;0.000000;2.000000;-153.966858;15.166836;1818.171631;0.011454;0.000000;0.000000;0.000000;0.000000;2.000000;-225.184875;16.376892;1804.511841;0.026264;0.000000;0.000000;0.000000;0.000000;2.000000;17.271400;-685.176331;1962.692261;0.019663;0.000000;0.000000;0.000000;0.000000;2.000000;46.112114;-676.898376;2099.336670;0.030752;0.000000;0.000000;0.000000;0.000000;2.000000;68.814812;-466.742310;2311.560303;0.174685;0.000000;0.000000;0.000000;0.000000;2.000000;-49.242096;-304.670410;2460.634521;0.306809;0.000000;0.000000;0.000000;0.000000;2.000000;-131.930511;-244.803085;2418.880127;0.276082;0.000000;0.000000;0.000000;0.000000;0.000000;-191.468201;-182.917374;2345.455322;0.220134;0.000000;0.000000;0.000000;0.000000;0.000000;-104.534897;-252.828781;2337.192383;0.195111;0.000000;0.000000;0.000000;0.000000;0.000000;-30.441071;-141.813614;1908.266357;0.001573;0.000000;0.000000;0.000000;0.000000;2.000000;-34.423950;283.785583;1923.028076;0.002057;0.000000;0.000000;0.000000;0.000000;2.000000;-6.786560;689.367554;1942.816528;0.005164;0.000000;0.000000;0.000000;0.000000;2.000000;-170.779114;796.548462;1906.275391;0.018492;0.000000;0.000000;0.000000;0.000000;2.000000;27.450050;-157.382019;2082.720215;0.001419;0.000000;0.000000;0.000000;0.000000;2.000000;18.569214;267.716217;2096.534180;0.003836;0.000000;0.000000;0.000000;0.000000;2.000000;50.445118;677.764343;2096.645020;0.003119;0.000000;0.000000;0.000000;0.000000;2.000000;-77.827759;793.991272;2157.120361;0.005506;0.000000;0.000000;0.000000;0.000000;2.000000;-7.174889;-801.211121;1909.054688;0.031629;0.000000;0.000000;0.000000;0.000000;2.000000;-147.385986;-892.303955;1873.510620;0.048418;0.000000;0.000000;0.000000;0.000000;2.000000;-101.713806;-896.865662;1835.581909;0.047142;0.000000;0.000000;0.000000;0.000000;2.000000;0.770485;-817.195374;1799.022949;0.036314;0.000000;0.000000;0.000000;0.000000;2.000000;-102.349915;-921.630981;1885.379150;0.048754;0.000000;0.000000;0.000000;0.000000;2.000000;17.758743;-901.485596;1953.162964;0.041077;0.000000;0.000000;0.000000;0.000000;1.000000;13246632960.000000
0.000000;-150.000000;2000.000000;0.000000;0.000000;0.000000;0.000000;0.000000;2.000000;-2.901253;-340.672638;1989.793457;0.212323;0.000000;0.000000;0.000000;0.000000;2.000000;-0.026367;-493.004791;1980.068848;0.355093;0.000000;0.000000;0.000000;0.000000;2.000000;3.854866;-720.881836;1934.647461;0.400977;0.000000;0.000000;0.000000;0.000000;2.000000;-7.789253;-677.003784;1908.344727;0.397511;0.000000;0.000000;0.000000;0.000000;2.000000;-53.800377;-592.872070;1789.099854;0.359054;0.000000;0.000000;0.000000;0.000000;2.000000;-57.588722;-300.268219;1745.898071;0.285170;0.000000;0.000000;0.000000;0.000000;2.000000;-130.366486;-65.551010;1781.225952;0.189935;0.000000;0.000000;0.000000;0.000000;2.000000;-196.698242;-78.716736;1859.013062;0.125310;0.000000;0.000000;0.000000;0.000000;2.000000;-157.215546;18.563290;1810.478760;0.266779;0.000000;0.000000;0.000000;0.000000;2.000000;-226.388184;17.084492;1796.607666;0.237526;0.000000;0.000000;0.000000;0.000000;2.000000;16.294250;-689.252075;1975.120605;0.388140;0.000000;0.000000;0.000000;0.000000;2.000000;50.933018;-681.907715;2111.364990;0.411132;0.000000;0.000000;0.000000;0.000000;2.000000;74.672684;-478.126129;2332.157227;0.717672;0.000000;0.000000;0.000000;0.000000;2.000000;-37.773048;-318.078888;2490.106689;1.016518;0.000000;0.000000;0.000000;0.000000;2.000000;-75.193642;-224.410034;2443.818359;1.930772;0.000000;0.000000;0.000000;0.000000;0.000000;-135.753418;-131.253159;2419.747070;3.144727;0.000000;0.000000;0.000000;0.000000;0.000000;-73.844002;-231.035126;2376.240723;1.605029;0.000000;0.000000;0.000000;0.000000;0.000000;-28.209053;-144.577591;1906.720703;0.114653;0.000000;0.000000;0.000000;0.000000;2.000000;-36.906517;283.727448;1917.285156;0.185156;0.000000;0.000000;0.000000;0.000000;2.000000;-10.437088;692.064087;1934.035645;0.292507;0.000000;0.000000;0.000000;0.000000;2.000000;-174.386536;800.549805;1894.491455;0.383436;0.000000;0.000000;0.000000;0.000000;2.000000;25.437347;-154.889633;2084.114258;0.103390;0.000000;0.000000;0.000000;0.000000;2.000000;16.886528;273.058228;2089.100342;0.275436;0.000000;0.000000;0.000000;0.000000;2.000000;44.347546;685.953125;2083.548096;0.491424;0.000000;0.000000;0.000000;0.000000;2.000000;-89.335930;797.425659;2144.721436;0.510822;0.000000;0.000000;0.000000;0.000000;2.000000;-8.228592;-806.618774;1922.453735;0.428726;0.000000;0.000000;0.000000;0.000000;2.000000;-149.876617;-899.386108;1892.199951;0.596022;0.000000;0.000000;0.000000;0.000000;2.000000;-107.514610;-899.609497;1849.832397;0.462495;0.000000;0.000000;0.000000;0.000000;2.000000;-10.039627;-813.771362;1810.532959;0.478144;0.000000;0.000000;0.000000;0.000000;2.000000;-102.999168;-928.369263;1897.629761;0.414197;0.000000;0.000000;0.000000;0.000000;2.000000;23.101723;-909.876587;1956.158691;0.307439;0.000000;0.000000;0.000000;0.000000;1.000000;13246666752.000000
0.000000;-150.000000;2000.000000;0.000000;0.000000;0.000000;0.000000;0.000000;2.000000;-3.187485;-340.847595;1992.960449;0.097190;0.000000;0.000000;0.000000;0.000000;2.000000;-0.775574;-493.366394;1985.961670;0.181618;0.000000;0.000000;0.000000;0.000000;2.000000;3.021118;-721.993042;1944.223877;0.295308;0.000000;0.000000;0.000000;0.000000;2.000000;-7.268517;-678.440063;1916.819214;0.262790;0.000000;0.000000;0.000000;0.000000;2.000000;-44.518433;-596.210083;1793.230835;0.326355;0.000000;0.000000;0.000000;0.000000;2.000000;-46.445877;-303.840759;1747.981812;0.362720;0.000000;0.000000;0.000000;0.000000;2.000000;-120.040314;-68.128464;1774.131836;0.390338;0.000000;0.000000;0.000000;0.000000;2.000000;-191.604507;-79.620926;1847.443481;0.386766;0.000000;0.000000;0.000000;0.000000;2.000000;-148.555695;18.589233;1804.032593;0.329458;0.000000;0.000000;0.000000;0.000000;2.000000;-213.591415;18.572701;1784.321289;0.543288;0.000000;0.000000;0.000000;0.000000;2.000000;14.166306;-689.819031;1984.658203;0.298722;0.000000;0.000000;0.000000;0.000000;2.000000;43.848499;-680.137085;2121.950195;0.392447;0.000000;0.000000;0.000000;0.000000;2.000000;64.256332;-481.868958;2348.108643;0.592510;0.000000;0.000000;0.000000;0.000000;2.000000;-33.073395;-320.049866;2514.158936;0.750312;0.000000;0.000000;0.000000;0.000000;2.000000;-88.454926;-234.567490;2470.033203;0.948627;0.000000;0.000000;0.000000;0.000000;0.000000;-150.417130;-145.060501;2437.181396;0.812950;0.000000;0.000000;0.000000;0.000000;0.000000;-69.650955;-223.452164;2417.832031;1.296519;0.000000;0.000000;0.000000;0.000000;0.000000;-26.029160;-146.097839;1905.994385;0.084079;0.000000;0.000000;0.000000;0.000000;2.000000;-34.838501;282.308868;1915.604004;0.092137;0.000000;0.000000;0.000000;0.000000;2.000000;-9.886841;690.877686;1930.856934;0.104896;0.000000;0.000000;0.000000;0.000000;2.000000;-173.006668;801.484497;1893.631958;0.057227;0.000000;0.000000;0.000000;0.000000;2.000000;23.471649;-153.518723;2084.769043;0.075817;0.000000;0.000000;0.000000;0.000000;2.000000;19.253029;274.552948;2091.397217;0.110498;0.000000;0.000000;0.000000;0.000000;2.000000;48.429691;687.430603;2087.779053;0.184998;0.000000;0.000000;0.000000;0.000000;2.000000;-81.923126;801.963745;2150.570557;0.319716;0.000000;0.000000;0.000000;0.000000;2.000000;-9.272583;-807.835876;1932.896362;0.322419;0.000000;0.000000;0.000000;0.000000;2.000000;-146.769272;-905.633789;1899.330200;0.304457;0.000000;0.000000;0.000000;0.000000;2.000000;-100.692474;-909.267761;1861.189819;0.500353;0.000000;0.000000;0.000000;0.000000;2.000000;-0.752022;-825.977478;1822.516235;0.593994;0.000000;0.000000;0.000000;0.000000;2.000000;-100.329346;-933.115662;1911.829956;0.464130;0.000000;0.000000;0.000000;0.000000;2.000000;19.733002;-906.733765;1979.399170;0.723045;0.000000;0.000000;0.000000;0.000000;1.000000;13246699520.000000
0.000000;-150.000000;2000.000000;0.000000;0.000000;0.000000;0.000000;0.000000;2.000000;-2.560715;-340.470825;1994.744385;0.057055;0.000000;0.000000;0.000000;0.000000;2.000000;-0.969200;-492.720032;1989.617188;0.110004;0.000000;0.000000;0.000000;0.000000;2.000000;4.598900;-720.604309;1947.028076;0.103708;0.000000;0.000000;0.000000;0.000000;2.000000;-5.242500;-677.064941;1919.670288;0.111217;0.000000;0.000000;0.000000;0.000000;2.000000;-43.077797;-594.007629;1797.258057;0.142368;0.000000;0.000000;0.000000;0.000000;2.000000;-39.487923;-301.875092;1755.177612;0.301871;0.000000;0.000000;0.000000;0.000000;2.000000;-111.242317;-65.887100;1778.313599;0.295803;0.000000;0.000000;0.000000;0.000000;2.000000;-178.164185;-58.286926;1856.047241;0.788417;0.000000;0.000000;0.000000;0.000000;2.000000;-148.853027;51.057640;1878.530518;2.404901;0.000000;0.000000;0.000000;0.000000;2.000000;-173.500397;41.739319;1804.698242;1.497057;0.000000;0.000000;0.000000;0.000000;2.000000;14.720818;-688.650818;1987.745117;0.099042;0.000000;0.000000;0.000000;0.000000;2.000000;38.455940;-679.288330;2125.878662;0.199028;0.000000;0.000000;0.000000;0.000000;2.000000;50.101593;-472.674500;2344.117188;0.513268;0.000000;0.000000;0.000000;0.000000;2.000000;-43.675774;-303.287323;2503.653320;0.664199;0.000000;0.000000;0.000000;0.000000;2.000000;-93.110771;-216.194733;2456.373535;0.691372;0.000000;0.000000;0.000000;0.000000;0.000000;-161.668182;-128.427826;2434.765137;0.598529;0.000000;0.000000;0.000000;0.000000;0.000000;-106.957100;-212.281982;2430.891113;1.215490;0.000000;0.000000;0.000000;0.000000;0.000000;-24.020210;-147.074036;1905.659668;0.066836;0.000000;0.000000;0.000000;0.000000;2.000000;-31.273994;280.402527;1913.499756;0.134859;0.000000;0.000000;0.000000;0.000000;2.000000;-7.529182;688.132385;1927.576172;0.144547;0.000000;0.000000;0.000000;0.000000;2.000000;-169.776337;798.303223;1887.835938;0.217762;0.000000;0.000000;0.000000;0.000000;2.000000;21.660080;-152.638474;2085.070801;0.060268;0.000000;0.000000;0.000000;0.000000;2.000000;17.609268;274.463623;2090.007080;0.063761;0.000000;0.000000;0.000000;0.000000;2.000000;47.049362;686.349915;2085.456055;0.086122;0.000000;0.000000;0.000000;0.000000;2.000000;-87.205849;798.650879;2142.540283;0.300870;0.000000;0.000000;0.000000;0.000000;2.000000;-7.088066;-806.240051;1935.074219;0.102776;0.000000;0.000000;0.000000;0.000000;2.000000;-143.690491;-898.913513;1888.056885;0.398931;0.000000;0.000000;0.000000;0.000000;2.000000;-95.495461;-901.578247;1852.780151;0.370632;0.000000;0.000000;0.000000;0.000000;2.000000;7.978340;-818.810547;1824.883057;0.341519;0.000000;0.000000;0.000000;0.000000;2.000000;-98.755013;-927.950378;1901.898682;0.334528;0.000000;0.000000;0.000000;0.000000;2.000000;17.025482;-907.784729;1977.882324;0.096963;0.000000;0.000000;0.000000;0.000000;2.000000;13246733312.000000
0.000000;-150.000000;2000.000000;0.000000;0.000000;0.000000;0.000000;0.000000;2.000000;-2.514061;-340.395660;1994.839600;0.003846;0.000000;0.000000;0.000000;0.000000;2.000000;-0.741615;-492.581543;1989.752930;0.008848;0.000000;0.000000;0.000000;0.000000;2.000000;5.394531;-720.395142;1947.383423;0.026519;0.000000;0.000000;0.000000;0.000000;2.000000;-4.435471;-676.914246;1919.969849;0.025862;0.000000;0.000000;0.000000;0.000000;2.000000;-41.905769;-593.996216;1797.429199;0.035053;0.000000;0.000000;0.000000;0.000000;2.000000;-38.614555;-301.946503;1755.601196;0.028802;0.000000;0.000000;0.000000;0.000000;2.000000;-111.168236;-66.322205;1778.859985;0.020785;0.000000;0.000000;0.000000;0.000000;2.000000;-178.937561;-60.448669;1855.950562;0.068003;0.000000;0.000000;0.000000;0.000000;2.000000;-149.846436;48.953598;1878.194092;0.069572;0.000000;0.000000;0.000000;0.000000;2.000000;-174.637115;40.272144;1804.630005;0.054961;0.000000;0.000000;0.000000;0.000000;2.000000;15.318443;-688.403137;1988.091064;0.021710;0.000000;0.000000;0.000000;0.000000;2.000000;37.673508;-677.916504;2126.315430;0.048490;0.000000;0.000000;0.000000;0.000000;2.000000;44.692013;-467.628723;2341.043701;0.237056;0.000000;0.000000;0.000000;0.000000;2.000000;-54.105507;-297.075775;2496.082275;0.423377;0.000000;0.000000;0.000000;0.000000;2.000000;-102.327065;-210.597137;2446.581299;0.431041;0.000000;0.000000;0.000000;0.000000;0.000000;-170.406219;-123.255524;2422.165039;0.478881;0.000000;0.000000;0.000000;0.000000;0.000000;-107.437462;-200.723969;2430.311768;0.342758;0.000000;0.000000;0.000000;0.000000;0.000000;-23.987038;-147.127213;1905.691040;0.002074;0.000000;0.000000;0.000000;0.000000;2.000000;-31.336937;280.171387;1913.553955;0.007268;0.000000;0.000000;0.000000;0.000000;2.000000;-7.680603;687.739868;1927.572998;0.012450;0.000000;0.000000;0.000000;0.000000;2.000000;-169.916840;798.102600;1888.744995;0.027861;0.000000;0.000000;0.000000;0.000000;2.000000;21.630173;-152.590530;2085.042480;0.001870;0.000000;0.000000;0.000000;0.000000;2.000000;17.785492;274.349548;2088.822266;0.035608;0.000000;0.000000;0.000000;0.000000;2.000000;48.127163;685.982178;2082.868896;0.083650;0.000000;0.000000;0.000000;0.000000;2.000000;-84.366539;799.526245;2141.348145;0.094739;0.000000;0.000000;0.000000;0.000000;2.000000;-6.086464;-806.027161;1935.465332;0.032438;0.000000;0.000000;0.000000;0.000000;2.000000;-143.103302;-898.086731;1888.706421;0.035638;0.000000;0.000000;0.000000;0.000000;2.000000;-95.059715;-900.820740;1853.270264;0.029650;0.000000;0.000000;0.000000;0.000000;2.000000;8.550003;-818.361145;1825.235962;0.023919;0.000000;0.000000;0.000000;0.000000;2.000000;-98.235847;-927.296509;1902.312500;0.027576;0.000000;0.000000;0.000000;0.000000;2.000000;17.826126;-907.718872;1977.913574;0.023791;0.000000;0.000000;0.000000;0.000000;2.000000;13246767104.000000
0.000000;-150.000000;2000.000000;0.000000;0.000000;0.000000;0.000000;0.000000;2.000000;-3.102142;-340.489197;1996.252197;0.046783;0.000000;0.000000;0.000000;0.000000;2.000000;-2.155411;-492.776337;1992.491211;0.094234;0.000000;0.000000;0.000000;0.000000;2.000000;5.363907;-721.465942;1954.869263;0.230777;0.000000;0.000000;0.000000;0.000000;2.000000;-3.194862;-678.504272;1926.203003;0.199930;0.000000;0.000000;0.000000;0.000000;2.000000;-34.810760;-597.221924;1800.878906;0.260107;0.000000;0.000000;0.000000;0.000000;2.000000;-24.646515;-305.350525;1758.165283;0.445670;0.000000;0.000000;0.000000;0.000000;2.000000;-91.760742;-67.393860;1773.679321;0.613880;0.000000;0.000000;0.000000;0.000000;2.000000;-169.890854;-74.465546;1840.188477;0.700416;0.000000;0.000000;0.000000;0.000000;2.000000;-134.123169;35.262539;1840.045044;1.326731;0.000000;0.000000;0.000000;0.000000;2.000000;-174.318008;26.759010;1785.932007;0.704105;0.000000;0.000000;0.000000;0.000000;2.000000;13.589172;-688.681396;1995.348877;0.227849;0.000000;0.000000;0.000000;0.000000;2.000000;34.111610;-679.015625;2133.968506;0.259785;0.000000;0.000000;0.000000;0.000000;2.000000;37.405563;-457.514862;2337.366699;0.396615;0.000000;0.000000;0.000000;0.000000;2.000000;-83.412415;-283.347473;2471.533203;1.239637;0.000000;0.000000;0.000000;0.000000;2.000000;-120.395523;-190.018036;2424.789307;1.068054;0.000000;0.000000;0.000000;0.000000;0.000000;-180.450211;-96.160080;2403.506348;1.049730;0.000000;0.000000;0.000000;0.000000;0.000000;-98.500397;-173.832657;2436.134521;0.882860;0.000000;0.000000;0.000000;0.000000;0.000000;-21.197189;-147.785049;1904.971313;0.090190;0.000000;0.000000;0.000000;0.000000;2.000000;-29.507919;279.707764;1908.638916;0.160668;0.000000;0.000000;0.000000;0.000000;2.000000;-7.310555;687.585205;1920.159180;0.226583;0.000000;0.000000;0.000000;0.000000;2.000000;-168.911301;796.954102;1875.877319;0.395444;0.000000;0.000000;0.000000;0.000000;2.000000;19.114441;-151.997330;2085.691650;0.081329;0.000000;0.000000;0.000000;0.000000;2.000000;12.088066;275.073975;2085.577148;0.201315;0.000000;0.000000;0.000000;0.000000;2.000000;47.051579;686.417358;2075.812500;0.218236;0.000000;0.000000;0.000000;0.000000;2.000000;-87.008316;799.853027;2131.053955;0.324487;0.000000;0.000000;0.000000;0.000000;2.000000;-5.762115;-807.333740;1944.138062;0.267840;0.000000;0.000000;0.000000;0.000000;2.000000;-144.515396;-904.528442;1916.623169;0.875400;0.000000;0.000000;0.000000;0.000000;2.000000;-100.614807;-907.620483;1876.161499;0.748213;0.000000;0.000000;0.000000;0.000000;2.000000;-3.071930;-823.962646;1833.493652;0.467463;0.000000;0.000000;0.000000;0.000000;2.000000;-97.596115;-932.080688;1926.271973;0.745875;0.000000;0.000000;0.000000;0.000000;2.000000;25.566666;-906.587646;1987.626953;0.380609;0.000000;0.000000;0.000000;0.000000;2.000000;13246799872.000000
0.000000;-150.000000;2000.000000;0.000000;0.000000;0.000000;0.000000;0.000000;2.000000;-2.895462;-340.147888;1996.398438;0.012576;0.000000;0.000000;0.000000;0.000000;2.000000;-1.363518;-492.153320;1992.670166;0.030284;0.000000;0.000000;0.000000;0.000000;2.000000;7.892349;-720.505859;1956.003296;0.086787;0.000000;0.000000;0.000000;0.000000;2.000000;-0.311127;-677.753296;1927.095581;0.092055;0.000000;0.000000;0.000000;0.000000;2.000000;-29.126556;-597.447571;1800.809082;0.168357;0.000000;0.000000;0.000000;0.000000;2.000000;-18.215866;-306.573853;1755.281372;0.211680;0.000000;0.000000;0.000000;0.000000;2.000000;-89.809250;-70.325256;1769.628906;0.158832;0.000000;0.000000;0.000000;0.000000;2.000000;-170.303055;-82.864151;1832.101196;0.345249;0.000000;0.000000;0.000000;0.000000;2.000000;-143.747086;28.847610;1822.808594;0.614267;0.000000;0.000000;0.000000;0.000000;2.000000;-183.706711;13.014496;1770.690796;0.667876;0.000000;0.000000;0.000000;0.000000;2.000000;15.194885;-687.615967;1996.449463;0.065672;0.000000;0.000000;0.000000;0.000000;2.000000;31.266052;-675.035950;2135.163330;0.149033;0.000000;0.000000;0.000000;0.000000;2.000000;23.727203;-452.694946;2336.713379;0.429612;0.000000;0.000000;0.000000;0.000000;2.000000;-106.760712;-280.713074;2463.590576;0.733978;0.000000;0.000000;0.000000;0.000000;2.000000;-148.167587;-195.255142;2407.014160;0.988006;0.000000;0.000000;0.000000;0.000000;0.000000;-214.193192;-110.357590;2371.588379;1.437283;0.000000;0.000000;0.000000;0.000000;0.000000;-156.303421;-186.490738;2405.149414;1.976634;0.000000;0.000000;0.000000;0.000000;0.000000;-20.950676;-147.883423;1905.095947;0.008677;0.000000;0.000000;0.000000;0.000000;2.000000;-29.873871;278.822632;1908.107300;0.032417;0.000000;0.000000;0.000000;0.000000;2.000000;-8.424217;686.010437;1919.033691;0.066085;0.000000;0.000000;0.000000;0.000000;2.000000;-169.615738;795.288147;1874.682129;0.064156;0.000000;0.000000;0.000000;0.000000;2.000000;18.892143;-151.908600;2085.578857;0.007830;0.000000;0.000000;0.000000;0.000000;2.000000;11.581276;274.378693;2084.806152;0.034188;0.000000;0.000000;0.000000;0.000000;2.000000;45.438137;685.054443;2074.835693;0.068862;0.000000;0.000000;0.000000;0.000000;2.000000;-93.055298;792.873047;2129.264893;0.278372;0.000000;0.000000;0.000000;0.000000;2.000000;-2.617027;-806.301270;1945.363647;0.104457;0.000000;0.000000;0.000000;0.000000;2.000000;-141.071960;-896.656372;1900.471802;0.541389;0.000000;0.000000;0.000000;0.000000;2.000000;-92.120438;-903.472778;1867.031738;0.388907;0.000000;0.000000;0.000000;0.000000;2.000000;15.058769;-826.814392;1836.979492;0.552844;0.000000;0.000000;0.000000;0.000000;2.000000;-97.799072;-926.277222;1917.576904;0.309419;0.000000;0.000000;0.000000;0.000000;2.000000;16.246422;-905.351624;1995.473389;0.362390;0.000000;0.000000;0.000000;0.000000;2.000000;13246833664.000000
0.000000;-150.000000;2000.000000;0.000000;0.000000;0.000000;0.000000;0.000000;2.000000;-2.860657;-340.044800;1996.651611;0.008410;0.000000;0.000000;0.000000;0.000000;2.000000;-1.383392;-491.969482;1993.144775;0.015544;0.000000;0.000000;0.000000;0.000000;2.000000;7.663681;-720.251099;1956.816406;0.026924;0.000000;0.000000;0.000000;0.000000;2.000000;-0.457031;-677.553101;1927.858521;0.024480;0.000000;0.000000;0.000000;0.000000;2.000000;-28.967392;-597.176208;1801.652588;0.027474;0.000000;0.000000;0.000000;0.000000;2.000000;-17.474670;-306.308716;1757.328003;0.066919;0.000000;0.000000;0.000000;0.000000;2.000000;-89.770599;-70.513733;1773.119141;0.106675;0.000000;0.000000;0.000000;0.000000;2.000000;-171.132202;-82.516281;1834.466553;0.077225;0.000000;0.000000;0.000000;0.000000;2.000000;-144.327042;28.133472;1817.316895;0.169929;0.000000;0.000000;0.000000;0.000000;2.000000;-186.302704;9.468021;1767.870605;0.159365;0.000000;0.000000;0.000000;0.000000;2.000000;14.952080;-687.333313;1997.203613;0.025671;0.000000;0.000000;0.000000;0.000000;2.000000;31.329582;-674.526245;2135.780518;0.024505;0.000000;0.000000;0.000000;0.000000;2.000000;24.504242;-451.534241;2336.380127;0.043823;0.000000;0.000000;0.000000;0.000000;2.000000;-106.909790;-279.608612;2462.091309;0.057010;0.000000;0.000000;0.000000;0.000000;2.000000;-149.325851;-195.636078;2404.177002;0.094240;0.000000;0.000000;0.000000;0.000000;0.000000;-216.010193;-111.924210;2367.395020;0.147435;0.000000;0.000000;0.000000;0.000000;0.000000;-157.284760;-186.833191;2402.116455;0.097843;0.000000;0.000000;0.000000;0.000000;0.000000;-20.919861;-148.013840;1905.143066;0.004335;0.000000;0.000000;0.000000;0.000000;2.000000;-29.818756;278.455322;1907.252319;0.028448;0.000000;0.000000;0.000000;0.000000;2.000000;-8.308205;685.426453;1917.440063;0.051917;0.000000;0.000000;0.000000;0.000000;2.000000;-169.054749;794.604553;1871.759644;0.093181;0.000000;0.000000;0.000000;0.000000;2.000000;18.864365;-151.791016;2085.536621;0.003906;0.000000;0.000000;0.000000;0.000000;2.000000;11.091385;274.244659;2084.365723;0.020516;0.000000;0.000000;0.000000;0.000000;2.000000;43.581188;684.794556;2074.355713;0.059067;0.000000;0.000000;0.000000;0.000000;2.000000;-97.751068;790.081543;2126.020996;0.193890;0.000000;0.000000;0.000000;0.000000;2.000000;-2.919670;-806.000671;1946.286377;0.031023;0.000000;0.000000;0.000000;0.000000;2.000000;-142.560120;-893.791504;1900.362061;0.098578;0.000000;0.000000;0.000000;0.000000;2.000000;-93.764816;-900.822327;1866.798828;0.095453;0.000000;0.000000;0.000000;0.000000;2.000000;14.364899;-825.282593;1837.678833;0.055580;0.000000;0.000000;0.000000;0.000000;2.000000;-99.705643;-924.211609;1917.010498;0.087509;0.000000;0.000000;0.000000;0.000000;2.000000;14.621613;-905.908142;1995.011475;0.054276;0.000000;0.000000;0.000000;0.000000;2.000000;13246866432.000000
0.000000;-150.000000;2000.000000;0.000000;0.000000;0.000000;0.000000;0.000000;2.000000;-1.143234;-338.877991;1990.633545;0.188393;0.000000;0.000000;0.000000;0.000000;2.000000;3.079887;-489.795654;1982.661377;0.343261;0.000000;0.000000;0.000000;0.000000;2.000000;8.293915;-716.168030;1941.541016;0.468283;0.000000;0.000000;0.000000;0.000000;2.000000;2.553818;-672.856201;1913.422363;0.457999;0.000000;0.000000;0.000000;0.000000;2.000000;-19.869278;-585.831421;1791.414307;0.526305;0.000000;0.000000;0.000000;0.000000;2.000000;13.223862;-299.564453;1738.849854;1.078952;0.000000;0.000000;0.000000;0.000000;2.000000;-77.397560;-75.166824;1782.199951;0.474597;0.000000;0.000000;0.000000;0.000000;2.000000;-157.432098;-95.552338;1842.180542;0.604402;0.000000;0.000000;0.000000;0.000000;2.000000;-161.054413;12.863167;1805.406738;0.757275;0.000000;0.000000;0.000000;0.000000;2.000000;-189.333588;-25.463593;1758.094116;1.077188;0.000000;0.000000;0.000000;0.000000;2.000000;14.484703;-684.536316;1982.776611;0.435105;0.000000;0.000000;0.000000;0.000000;2.000000;27.555450;-670.733887;2120.878174;0.468563;0.000000;0.000000;0.000000;0.000000;2.000000;49.632664;-444.893921;2314.768311;1.000308;0.000000;0.000000;0.000000;0.000000;2.000000;-102.207329;-274.010498;2413.405273;1.456911;0.000000;0.000000;0.000000;0.000000;2.000000;-169.647614;-196.116608;2375.154785;1.048560;0.000000;0.000000;0.000000;0.000000;0.000000;-195.250488;-99.025757;2324.230957;1.467896;0.000000;0.000000;0.000000;0.000000;0.000000;-175.802032;-186.258240;2378.895264;0.879082;0.000000;0.000000;0.000000;0.000000;0.000000;-9.133743;-145.179001;1903.898804;0.360616;0.000000;0.000000;0.000000;0.000000;2.000000;-24.967247;278.883606;1901.829346;0.215701;0.000000;0.000000;0.000000;0.000000;2.000000;-7.826729;683.979065;1910.937622;0.197649;0.000000;0.000000;0.000000;0.000000;2.000000;-164.011475;794.050720;1856.846313;0.466168;0.000000;0.000000;0.000000;0.000000;2.000000;8.236298;-154.347321;2086.658691;0.325184;0.000000;0.000000;0.000000;0.000000;2.000000;-1.960213;269.365479;2078.902832;0.442898;0.000000;0.000000;0.000000;0.000000;2.000000;45.652439;676.278320;2068.284912;0.315508;0.000000;0.000000;0.000000;0.000000;2.000000;-98.926537;784.377075;2096.451660;0.891853;0.000000;0.000000;0.000000;0.000000;2.000000;-3.779922;-800.924255;1928.564331;0.546130;0.000000;0.000000;0.000000;0.000000;2.000000;-142.166138;-883.101074;1872.799072;0.874946;0.000000;0.000000;0.000000;0.000000;2.000000;-91.795464;-891.330566;1842.544922;0.772947;0.000000;0.000000;0.000000;0.000000;2.000000;19.813232;-819.470764;1821.620239;0.530479;0.000000;0.000000;0.000000;0.000000;2.000000;-101.708183;-914.940918;1891.696411;0.799969;0.000000;0.000000;0.000000;0.000000;2.000000;7.240868;-901.368591;1976.754395;0.598041;0.000000;0.000000;0.000000;0.000000;2.000000;13246900224.000000
0.000000;-150.000000;2000.000000;0.000000;0.000000;0.000000;0.000000;0.000000;2.000000;-1.146141;-338.874878;1990.649658;0.000509;0.000000;0.000000;0.000000;0.000000;2.000000;3.076180;-489.790161;1982.690186;0.000902;0.000000;0.000000;0.000000;0.000000;2.000000;8.317719;-716.166626;1941.622681;0.002596;0.000000;0.000000;0.000000;0.000000;2.000000;2.581261;-672.862427;1913.493774;0.002342;0.000000;0.000000;0.000000;0.000000;2.000000;-19.817909;-585.875061;1791.458618;0.002462;0.000000;0.000000;0.000000;0.000000;2.000000;13.262001;-299.630066;1738.799194;0.002785;0.000000;0.000000;0.000000;0.000000;2.000000;-77.340240;-75.203690;1782.011841;0.006106;0.000000;0.000000;0.000000;0.000000;2.000000;-157.426224;-95.492218;1841.953125;0.007181;0.000000;0.000000;0.000000;0.000000;2.000000;-160.818771;12.834106;1804.902954;0.016996;0.000000;0.000000;0.000000;0.000000;2.000000;-189.251144;-25.535461;1757.730347;0.011592;0.000000;0.000000;0.000000;0.000000;2.000000;14.495857;-684.525940;1982.852051;0.002349;0.000000;0.000000;0.000000;0.000000;2.000000;27.378479;-670.562500;2120.952148;0.007850;0.000000;0.000000;0.000000;0.000000;2.000000;48.725258;-444.244568;2314.356689;0.036295;0.000000;0.000000;0.000000;0.000000;2.000000;-103.816071;-273.559814;2412.239746;0.062166;0.000000;0.000000;0.000000;0.000000;2.000000;-171.602615;-196.102951;2373.721191;0.073985;0.000000;0.000000;0.000000;0.000000;0.000000;-197.988693;-99.337524;2322.583252;0.097989;0.000000;0.000000;0.000000;0.000000;0.000000;-176.795853;-185.428360;2378.403809;0.042263;0.000000;0.000000;0.000000;0.000000;0.000000;-9.131447;-145.187195;1903.900024;0.000262;0.000000;0.000000;0.000000;0.000000;2.000000;-24.938660;278.867188;1901.759399;0.002360;0.000000;0.000000;0.000000;0.000000;2.000000;-7.778900;683.954468;1910.818481;0.003989;0.000000;0.000000;0.000000;0.000000;2.000000;-163.900162;793.973145;1856.452271;0.012718;0.000000;0.000000;0.000000;0.000000;2.000000;8.234222;-154.339920;2086.657471;0.000237;0.000000;0.000000;0.000000;0.000000;2.000000;-1.956558;269.363861;2078.880127;0.000704;0.000000;0.000000;0.000000;0.000000;2.000000;45.680901;676.264038;2068.214600;0.002356;0.000000;0.000000;0.000000;0.000000;2.000000;-98.940704;784.195496;2096.776611;0.011368;0.000000;0.000000;0.000000;0.000000;2.000000;-3.746124;-800.924988;1928.662476;0.003168;0.000000;0.000000;0.000000;0.000000;2.000000;-142.069122;-883.096619;1872.743652;0.003412;0.000000;0.000000;0.000000;0.000000;2.000000;-91.669876;-891.313354;1842.536133;0.003878;0.000000;0.000000;0.000000;0.000000;2.000000;19.950264;-819.439575;1821.738403;0.005603;0.000000;0.000000;0.000000;0.000000;2.000000;-101.627274;-914.937561;1891.670532;0.002594;0.000000;0.000000;0.000000;0.000000;2.000000;7.237076;-901.379395;1976.834961;0.002483;0.000000;0.000000;0.000000;0.000000;2.000000;13246932992.000000
0.000000;-150.000000;2000.000000;0.000000;0.000000;0.000000;0.000000;0.000000;2.000000;-1.713318;-338.610352;1990.057861;0.025489;0.000000;0.000000;0.000000;0.000000;2.000000;-0.689629;-489.388916;1981.940918;0.114244;0.000000;0.000000;0.000000;0.000000;2.000000;3.086754;-716.262695;1945.256226;0.188501;0.000000;0.000000;0.000000;0.000000;2.000000;-0.495430;-673.457336;1916.140747;0.121390;0.000000;0.000000;0.000000;0.000000;2.000000;-16.565269;-588.331482;1792.041138;0.121845;0.000000;0.000000;0.000000;0.000000;2.000000;10.147820;-300.397400;1747.594482;0.277043;0.000000;0.000000;0.000000;0.000000;2.000000;-81.735558;-77.092209;1792.190308;0.332819;0.000000;0.000000;0.000000;0.000000;2.000000;-166.264313;-90.013947;1847.696777;0.351536;0.000000;0.000000;0.000000;0.000000;2.000000;-103.874519;-16.907219;1785.649292;1.984682;0.000000;0.000000;0.000000;0.000000;2.000000;-189.409058;-25.276459;1757.138672;0.019676;0.000000;0.000000;0.000000;0.000000;2.000000;7.615463;-684.000061;1986.135742;0.226146;0.000000;0.000000;0.000000;0.000000;2.000000;12.365860;-665.782288;2124.088379;0.475391;0.000000;0.000000;0.000000;0.000000;2.000000;23.465523;-435.868835;2313.511475;0.787926;0.000000;0.000000;0.000000;0.000000;2.000000;-127.279945;-260.282837;2404.495850;0.830077;0.000000;0.000000;0.000000;0.000000;2.000000;-167.911774;-179.850784;2341.816895;1.065193;0.000000;0.000000;0.000000;0.000000;0.000000;-193.924927;-92.339874;2276.172119;1.394155;0.000000;0.000000;0.000000;0.000000;0.000000;-182.474457;-177.559341;2332.938965;1.375737;0.000000;0.000000;0.000000;0.000000;0.000000;-6.794533;-144.869492;1903.840942;0.069814;0.000000;0.000000;0.000000;0.000000;2.000000;-20.449669;278.727051;1899.480591;0.149036;0.000000;0.000000;0.000000;0.000000;2.000000;-2.367561;683.301331;1907.588013;0.187500;0.000000;0.000000;0.000000;0.000000;2.000000;-155.442444;789.374084;1839.363403;0.580437;0.000000;0.000000;0.000000;0.000000;2.000000;6.126915;-154.626389;2086.710938;0.062955;0.000000;0.000000;0.000000;0.000000;2.000000;1.231148;268.534363;2073.905762;0.176552;0.000000;0.000000;0.000000;0.000000;2.000000;43.592892;675.382568;2058.967529;0.281746;0.000000;0.000000;0.000000;0.000000;2.000000;-102.847725;781.228760;2084.484131;0.391668;0.000000;0.000000;0.000000;0.000000;2.000000;-9.613037;-800.954285;1933.201050;0.219506;0.000000;0.000000;0.000000;0.000000;2.000000;-140.615356;-875.394409;1854.213989;0.595386;0.000000;0.000000;0.000000;0.000000;2.000000;-86.494270;-885.787964;1832.432617;0.373618;0.000000;0.000000;0.000000;0.000000;2.000000;30.179451;-819.458679;1831.312378;0.414614;0.000000;0.000000;0.000000;0.000000;2.000000;-105.393639;-909.382263;1878.801880;0.429503;0.000000;0.000000;0.000000;0.000000;2.000000;-11.403358;-902.222351;1980.566162;0.563118;0.000000;0.000000;0.000000;0.000000;2.000000;13246966784.000000
0.000000;-150.000000;2000.000000;0.000000;0.000000;0.000000;0.000000;0.000000;2.000000;0.304146;-338.881317;1988.092773;0.086345;0.000000;0.000000;0.000000;0.000000;2.000000;5.121811;-489.811066;1978.653320;0.204170;0.000000;0.000000;0.000000;0.000000;2.000000;2.179024;-717.809082;1946.237183;0.062375;0.000000;0.000000;0.000000;0.000000;2.000000;3.240059;-675.423096;1916.139282;0.128819;0.000000;0.000000;0.000000;0.000000;2.000000;-2.486336;-591.810791;1789.755005;0.448046;0.000000;0.000000;0.000000;0.000000;2.000000;24.809952;-303.058899;1747.164063;0.454954;0.000000;0.000000;0.000000;0.000000;2.000000;-60.253914;-78.430511;1800.487793;0.703958;0.000000;0.000000;0.000000;0.000000;2.000000;-145.314331;-90.311615;1855.787842;0.685428;0.000000;0.000000;0.000000;0.000000;2.000000;-118.298424;-2.552589;1787.175049;0.622762;0.000000;0.000000;0.000000;0.000000;2.000000;-170.999878;-42.279305;1755.719482;0.765990;0.000000;0.000000;0.000000;0.000000;2.000000;4.315323;-684.857178;1986.894775;0.106601;0.000000;0.000000;0.000000;0.000000;2.000000;-7.130737;-662.861572;2124.182617;0.601635;0.000000;0.000000;0.000000;0.000000;2.000000;18.563080;-414.679413;2288.391602;1.014008;0.000000;0.000000;0.000000;0.000000;2.000000;-152.293427;-233.571991;2297.756592;3.443542;0.000000;0.000000;0.000000;0.000000;2.000000;-175.403198;-167.533722;2212.892334;3.958987;0.000000;0.000000;0.000000;0.000000;0.000000;-184.431061;-94.374146;2127.682617;4.541217;0.000000;0.000000;0.000000;0.000000;0.000000;-165.660248;-164.399857;2186.340332;4.521038;0.000000;0.000000;0.000000;0.000000;0.000000;1.588654;-143.912613;1903.477051;0.257735;0.000000;0.000000;0.000000;0.000000;2.000000;-13.100906;280.473938;1897.421753;0.238925;0.000000;0.000000;0.000000;0.000000;2.000000;4.434563;685.899170;1904.542847;0.240858;0.000000;0.000000;0.000000;0.000000;2.000000;-149.633423;792.163452;1837.715576;0.202983;0.000000;0.000000;0.000000;0.000000;2.000000;-1.432556;-155.489273;2087.038818;0.232410;0.000000;0.000000;0.000000;0.000000;2.000000;-8.000786;268.213654;2067.010986;0.351773;0.000000;0.000000;0.000000;0.000000;2.000000;49.487030;673.928345;2049.617920;0.340200;0.000000;0.000000;0.000000;0.000000;2.000000;-95.678886;784.110352;2064.418701;0.656176;0.000000;0.000000;0.000000;0.000000;2.000000;-13.134575;-802.280884;1934.441772;0.120922;0.000000;0.000000;0.000000;0.000000;2.000000;-127.209206;-852.725708;1818.253418;1.360262;0.000000;0.000000;0.000000;0.000000;2.000000;-70.353035;-866.532959;1808.139038;1.066576;0.000000;0.000000;0.000000;0.000000;2.000000;48.385822;-813.596924;1842.553223;0.677042;0.000000;0.000000;0.000000;0.000000;2.000000;-101.700264;-892.980957;1845.476563;1.139095;0.000000;0.000000;0.000000;0.000000;2.000000;-34.401176;-907.592651;1966.205566;0.843504;0.000000;0.000000;0.000000;0.000000;2.000000;13246999552.000000
0.000000;-150.000000;2000.000000;0.000000;0.000000;0.000000;0.000000;0.000000;2.000000;-1.561218;-338.824768;1992.514160;0.142019;0.000000;0.000000;0.000000;0.000000;2.000000;3.148735;-489.730896;1987.009521;0.254094;0.000000;0.000000;0.000000;0.000000;2.000000;-1.360687;-716.752869;1950.565918;0.168401;0.000000;0.000000;0.000000;0.000000;2.000000;0.244789;-673.911072;1921.279663;0.181656;0.000000;0.000000;0.000000;0.000000;2.000000;-9.194672;-585.521606;1798.691895;0.379462;0.000000;0.000000;0.000000;0.000000;2.000000;8.992653;-297.269104;1751.098633;0.511870;0.000000;0.000000;0.000000;0.000000;2.000000;-82.843559;-69.647125;1761.798096;1.351044;0.000000;0.000000;0.000000;0.000000;2.000000;-171.533142;-83.101715;1810.348511;1.567062;0.000000;0.000000;0.000000;0.000000;2.000000;-124.779869;15.886982;1776.939941;0.652912;0.000000;0.000000;0.000000;0.000000;2.000000;-181.811401;1.182724;1734.421387;1.467590;0.000000;0.000000;0.000000;0.000000;2.000000;0.746521;-684.594421;1991.758301;0.178686;0.000000;0.000000;0.000000;0.000000;2.000000;-1.588669;-666.426453;2129.853760;0.257278;0.000000;0.000000;0.000000;0.000000;2.000000;26.548683;-406.825165;2273.984375;0.540040;0.000000;0.000000;0.000000;0.000000;2.000000;-128.967316;-212.686768;2269.185303;1.254336;0.000000;0.000000;0.000000;0.000000;2.000000;-199.887787;-167.972687;2198.244629;0.844429;0.000000;0.000000;0.000000;0.000000;0.000000;-207.473541;-68.021790;2147.159424;1.185467;0.000000;0.000000;0.000000;0.000000;0.000000;-167.770874;-135.487564;2152.236816;1.324563;0.000000;0.000000;0.000000;0.000000;0.000000;7.719521;-146.249847;1903.795898;0.194395;0.000000;0.000000;0.000000;0.000000;2.000000;-8.600624;277.297058;1890.736084;0.256355;0.000000;0.000000;0.000000;0.000000;2.000000;9.798935;682.080933;1898.320801;0.268087;0.000000;0.000000;0.000000;0.000000;2.000000;-141.310089;791.344177;1830.445679;0.327934;0.000000;0.000000;0.000000;0.000000;2.000000;-6.961037;-153.381683;2086.751465;0.175295;0.000000;0.000000;0.000000;0.000000;2.000000;-28.212852;261.785858;2005.349365;1.929669;0.000000;0.000000;0.000000;0.000000;2.000000;50.119198;662.119568;1969.062500;2.409411;0.000000;0.000000;0.000000;0.000000;2.000000;-105.642509;756.808350;1958.728027;3.243780;0.000000;0.000000;0.000000;0.000000;2.000000;-17.234612;-800.752869;1937.179932;0.152748;0.000000;0.000000;0.000000;0.000000;2.000000;-104.960106;-840.939514;1796.959717;0.975826;0.000000;0.000000;0.000000;0.000000;2.000000;-48.585289;-859.094543;1799.703613;0.725067;0.000000;0.000000;0.000000;0.000000;2.000000;62.569916;-816.094971;1861.575562;0.706071;0.000000;0.000000;0.000000;0.000000;2.000000;-89.495522;-883.260132;1828.157227;0.689842;0.000000;0.000000;0.000000;0.000000;2.000000;-53.019447;-904.166077;1960.422607;0.585776;0.000000;0.000000;0.000000;0.000000;2.000000;13247033344.000000
0.000000;-150.000000;2000.000000;0.000000;0.000000;0.000000;0.000000;0.000000;2.000000;-1.174858;-341.673645;1999.588379;0.225973;0.000000;0.000000;0.000000;0.000000;2.000000;-3.247765;-494.895325;1998.943604;0.428849;0.000000;0.000000;0.000000;0.000000;2.000000;-11.592407;-726.348572;1971.226318;0.739002;0.000000;0.000000;0.000000;0.000000;2.000000;-9.367699;-684.147461;1939.804321;0.687895;0.000000;0.000000;0.000000;0.000000;2.000000;-16.480064;-600.658020;1811.088013;0.617811;0.000000;0.000000;0.000000;0.000000;2.000000;16.284988;-309.093811;1765.629761;0.594922;0.000000;0.000000;0.000000;0.000000;2.000000;-56.111404;-73.383499;1801.622559;1.423705;0.000000;0.000000;0.000000;0.000000;2.000000;-143.027847;-85.596481;1856.391113;1.604218;0.000000;0.000000;0.000000;0.000000;2.000000;-140.508270;6.861374;1786.228760;0.602943;0.000000;0.000000;0.000000;0.000000;2.000000;-168.625671;-44.977432;1751.360596;1.506492;0.000000;0.000000;0.000000;0.000000;2.000000;-8.806396;-692.126831;2011.663574;0.690353;0.000000;0.000000;0.000000;0.000000;2.000000;4.163315;-673.972229;2151.184814;0.690875;0.000000;0.000000;0.000000;0.000000;2.000000;10.448120;-401.053894;2281.540527;0.553339;0.000000;0.000000;0.000000;0.000000;2.000000;-146.230743;-203.687408;2268.261719;0.576769;0.000000;0.000000;0.000000;0.000000;2.000000;-223.558929;-168.448868;2196.239990;0.703144;0.000000;0.000000;0.000000;0.000000;0.000000;-211.064941;-65.616241;2148.377930;0.132903;0.000000;0.000000;0.000000;0.000000;0.000000;-183.943054;-123.159103;2147.812012;0.615864;0.000000;0.000000;0.000000;0.000000;0.000000;26.281242;-149.958420;1905.626099;0.562762;0.000000;0.000000;0.000000;0.000000;2.000000;-3.982567;278.720123;1887.753540;0.168047;0.000000;0.000000;0.000000;0.000000;2.000000;15.280350;689.109436;1901.137817;0.276628;0.000000;0.000000;0.000000;0.000000;2.000000;-139.152359;789.276245;1819.718628;0.329534;0.000000;0.000000;0.000000;0.000000;2.000000;-23.698936;-150.037506;2085.101074;0.507467;0.000000;0.000000;0.000000;0.000000;2.000000;-58.369659;237.893204;1903.689209;3.216655;0.000000;0.000000;0.000000;0.000000;2.000000;45.531639;639.903442;1915.328735;1.726029;0.000000;0.000000;0.000000;0.000000;2.000000;-96.245224;745.319458;1859.831787;2.959394;0.000000;0.000000;0.000000;0.000000;2.000000;-29.086014;-811.753784;1961.106201;0.854583;0.000000;0.000000;0.000000;0.000000;2.000000;-95.492889;-830.335022;1802.832886;0.455169;0.000000;0.000000;0.000000;0.000000;2.000000;-53.077728;-869.552612;1819.544800;0.676910;0.000000;0.000000;0.000000;0.000000;2.000000;51.964657;-867.365601;1906.219482;2.036155;0.000000;0.000000;0.000000;0.000000;2.000000;-105.978027;-871.831055;1838.300903;0.665141;0.000000;0.000000;0.000000;0.000000;2.000000;-109.711884;-889.815247;1977.865479;1.805945;0.000000;0.000000;0.000000;0.000000;1.000000;13247067136.000000
0.000000;-150.000000;2000.000000;0.000000;0.000000;0.000000;0.000000;0.000000;2.000000;2.875008;-337.414429;1987.236816;0.417437;0.000000;0.000000;0.000000;0.000000;2.000000;6.233772;-487.248108;1977.407471;0.755077;0.000000;0.000000;0.000000;0.000000;2.000000;-3.668274;-713.878845;1948.964844;0.815373;0.000000;0.000000;0.000000;0.000000;2.000000;3.037109;-672.586487;1918.730469;0.825467;0.000000;0.000000;0.000000;0.000000;2.000000;11.556374;-590.555420;1792.796021;1.067113;0.000000;0.000000;0.000000;0.000000;2.000000;36.744965;-303.646667;1751.183960;0.782205;0.000000;0.000000;0.000000;0.000000;2.000000;-44.113327;-80.374969;1808.328125;0.470604;0.000000;0.000000;0.000000;0.000000;2.000000;-129.048889;-88.420364;1863.132080;0.481391;0.000000;0.000000;0.000000;0.000000;2.000000;-125.032440;2.851288;1795.302856;0.560994;0.000000;0.000000;0.000000;0.000000;2.000000;-153.580124;-46.990425;1760.733032;0.544432;0.000000;0.000000;0.000000;0.000000;2.000000;-4.893707;-680.389587;1988.718506;0.795537;0.000000;0.000000;0.000000;0.000000;2.000000;-17.900604;-659.033691;2124.929688;1.141581;0.000000;0.000000;0.000000;0.000000;2.000000;-8.408730;-405.698608;2278.709961;0.598927;0.000000;0.000000;0.000000;0.000000;2.000000;-155.162003;-206.711563;2272.285645;0.312868;0.000000;0.000000;0.000000;0.000000;2.000000;-221.172867;-155.322098;2202.127441;0.445042;0.000000;0.000000;0.000000;0.000000;0.000000;-212.626297;-53.423309;2156.818848;0.455065;0.000000;0.000000;0.000000;0.000000;0.000000;-181.657303;-128.250305;2151.617432;0.206138;0.000000;0.000000;0.000000;0.000000;0.000000;31.914986;-143.359665;1909.683716;0.292311;0.000000;0.000000;0.000000;0.000000;2.000000;11.758781;277.335205;1891.408447;0.494974;0.000000;0.000000;0.000000;0.000000;2.000000;23.905869;679.991394;1898.061768;0.394374;0.000000;0.000000;0.000000;0.000000;2.000000;-120.989685;788.431702;1819.546997;0.554904;0.000000;0.000000;0.000000;0.000000;2.000000;-28.779144;-155.987885;2081.442139;0.263590;0.000000;0.000000;0.000000;0.000000;2.000000;-54.227509;218.556076;1890.624756;0.723313;0.000000;0.000000;0.000000;0.000000;2.000000;56.035599;610.018799;1909.488403;0.982995;0.000000;0.000000;0.000000;0.000000;2.000000;-47.314316;743.331055;1842.473389;1.585594;0.000000;0.000000;0.000000;0.000000;1.000000;-21.360703;-797.192566;1936.908936;0.893502;0.000000;0.000000;0.000000;0.000000;2.000000;-89.227509;-814.721375;1782.895386;0.796120;0.000000;0.000000;0.000000;0.000000;2.000000;-41.511032;-847.107483;1795.077271;1.073001;0.000000;0.000000;0.000000;0.000000;2.000000;63.303802;-834.524048;1876.790649;1.389539;0.000000;0.000000;0.000000;0.000000;2.000000;-91.560562;-858.819336;1814.805542;0.930261;0.000000;0.000000;0.000000;0.000000;2.000000;-86.701462;-886.239929;1949.937744;1.109691;0.000000;0.000000;0.000000;0.000000;1.000000;13247099904.000000
0.000000;-150.000000;2000.000000;0.000000;0.000000;0.000000;0.000000;0.000000;2.000000;4.429924;-337.698364;1987.856689;0.050244;0.000000;0.000000;0.000000;0.000000;2.000000;11.352112;-487.686035;1978.952148;0.158743;0.000000;0.000000;0.000000;0.000000;2.000000;7.375015;-714.756042;1949.907227;0.329015;0.000000;0.000000;0.000000;0.000000;2.000000;11.375237;-673.115173;1919.544434;0.248415;0.000000;0.000000;0.000000;0.000000;2.000000;9.356850;-590.153503;1793.686401;0.071221;0.000000;0.000000;0.000000;0.000000;2.000000;36.081833;-303.250549;1750.087280;0.039696;0.000000;0.000000;0.000000;0.000000;2.000000;-44.220398;-75.971420;1791.591797;0.512141;0.000000;0.000000;0.000000;0.000000;2.000000;-129.752625;-81.875320;1846.011230;0.542813;0.000000;0.000000;0.000000;0.000000;2.000000;-128.410248;18.107983;1791.361694;0.476903;0.000000;0.000000;0.000000;0.000000;2.000000;-176.719055;-73.085556;1813.219849;1.864871;0.000000;0.000000;0.000000;0.000000;2.000000;6.905586;-681.399780;1989.886963;0.352153;0.000000;0.000000;0.000000;0.000000;2.000000;-2.280556;-658.258118;2126.322021;0.464641;0.000000;0.000000;0.000000;0.000000;2.000000;2.216660;-402.187653;2276.588379;0.337055;0.000000;0.000000;0.000000;0.000000;2.000000;-159.073029;-214.373871;2268.667236;0.276182;0.000000;0.000000;0.000000;0.000000;2.000000;-220.896759;-157.327240;2198.820068;0.114748;0.000000;0.000000;0.000000;0.000000;0.000000;-211.083679;-58.177643;2147.647217;0.309103;0.000000;0.000000;0.000000;0.000000;0.000000;-185.041504;-133.596527;2151.485352;0.187284;0.000000;0.000000;0.000000;0.000000;0.000000;22.046249;-143.439346;1906.633057;0.305688;0.000000;0.000000;0.000000;0.000000;2.000000;11.600426;278.243347;1888.889771;0.079370;0.000000;0.000000;0.000000;0.000000;2.000000;31.297371;681.218262;1893.158203;0.264991;0.000000;0.000000;0.000000;0.000000;2.000000;-108.045029;792.194092;1807.720459;0.530683;0.000000;0.000000;0.000000;0.000000;2.000000;-19.880081;-155.916031;2084.192871;0.275650;0.000000;0.000000;0.000000;0.000000;2.000000;-110.131882;253.997269;2043.174805;4.921034;0.000000;0.000000;0.000000;0.000000;1.000000;-2.886223;646.609131;2067.513916;5.107026;0.000000;0.000000;0.000000;0.000000;1.000000;-118.637878;784.562927;2042.809570;6.410221;0.000000;0.000000;0.000000;0.000000;1.000000;-8.211151;-798.676941;1938.272339;0.393677;0.000000;0.000000;0.000000;0.000000;2.000000;-90.802902;-829.580322;1793.565674;0.543353;0.000000;0.000000;0.000000;0.000000;2.000000;-39.356491;-857.367493;1801.649048;0.366160;0.000000;0.000000;0.000000;0.000000;2.000000;72.419380;-832.118774;1870.510620;0.335220;0.000000;0.000000;0.000000;0.000000;2.000000;-85.830261;-872.085510;1827.411255;0.567481;0.000000;0.000000;0.000000;0.000000;2.000000;-63.905914;-892.070374;1962.361084;0.787397;0.000000;0.000000;0.000000;0.000000;2.000000;13247133696.000000
0.000000;-150.000000;2000.000000;0.000000;0.000000;0.000000;0.000000;0.000000;2.000000;0.469398;-337.629944;1986.786865;0.125215;0.000000;0.000000;0.000000;0.000000;2.000000;5.546509;-487.607849;1977.149658;0.185531;0.000000;0.000000;0.000000;0.000000;2.000000;0.364227;-714.439697;1946.915283;0.232821;0.000000;0.000000;0.000000;0.000000;2.000000;4.647179;-672.673889;1916.785889;0.222320;0.000000;0.000000;0.000000;0.000000;2.000000;3.766617;-588.610413;1791.693970;0.187134;0.000000;0.000000;0.000000;0.000000;2.000000;32.828987;-301.693573;1750.227295;0.110138;0.000000;0.000000;0.000000;0.000000;2.000000;-43.584099;-72.219696;1786.273682;0.199564;0.000000;0.000000;0.000000;0.000000;2.000000;-130.888977;-79.839737;1837.524536;0.268587;0.000000;0.000000;0.000000;0.000000;2.000000;-134.262329;18.860924;1780.733276;0.370983;0.000000;0.000000;0.000000;0.000000;2.000000;-176.239075;-57.673996;1782.974487;1.036039;0.000000;0.000000;0.000000;0.000000;2.000000;0.009483;-681.299500;1987.058350;0.227489;0.000000;0.000000;0.000000;0.000000;2.000000;-12.276375;-657.155273;2123.039063;0.322839;0.000000;0.000000;0.000000;0.000000;2.000000;-7.542229;-399.382233;2270.206543;0.366000;0.000000;0.000000;0.000000;0.000000;2.000000;-151.131042;-197.650116;2267.669189;0.565815;0.000000;0.000000;0.000000;0.000000;2.000000;-217.326691;-153.828262;2192.523926;0.245339;0.000000;0.000000;0.000000;0.000000;0.000000;-217.366425;-49.936081;2150.742920;0.330069;0.000000;0.000000;0.000000;0.000000;0.000000;-189.459534;-130.636383;2147.842285;0.196722;0.000000;0.000000;0.000000;0.000000;0.000000;18.501801;-143.327042;1905.899170;0.110515;0.000000;0.000000;0.000000;0.000000;2.000000;7.346199;278.184662;1887.104736;0.140806;0.000000;0.000000;0.000000;0.000000;2.000000;26.331100;681.108582;1889.179810;0.194221;0.000000;0.000000;0.000000;0.000000;2.000000;-112.535515;794.690857;1806.554932;0.160781;0.000000;0.000000;0.000000;0.000000;2.000000;-16.683891;-156.017288;2084.854492;0.099656;0.000000;0.000000;0.000000;0.000000;2.000000;-60.780205;257.764954;2016.984131;1.708912;0.000000;0.000000;0.000000;0.000000;2.000000;16.731911;657.709656;2003.204346;2.079637;0.000000;0.000000;0.000000;0.000000;2.000000;-114.904396;780.735168;1979.542969;1.937627;0.000000;0.000000;0.000000;0.000000;1.000000;-15.661957;-798.189636;1934.816772;0.251086;0.000000;0.000000;0.000000;0.000000;2.000000;-99.286659;-827.207153;1790.363403;0.286053;0.000000;0.000000;0.000000;0.000000;2.000000;-46.340889;-852.569153;1796.359009;0.304856;0.000000;0.000000;0.000000;0.000000;2.000000;65.253342;-824.444092;1864.328979;0.371846;0.000000;0.000000;0.000000;0.000000;2.000000;-91.477638;-870.779785;1822.236206;0.237133;0.000000;0.000000;0.000000;0.000000;2.000000;-65.970863;-895.289063;1955.767090;0.232625;0.000000;0.000000;0.000000;0.000000;2.000000;13247166464.000000
0.000000;-150.000000;2000.000000;0.000000;0.000000;0.000000;0.000000;0.000000;2.000000;3.400269;-337.101044;1989.947754;0.128519;0.000000;0.000000;0.000000;0.000000;2.000000;9.012978;-486.632568;1982.570068;0.192577;0.000000;0.000000;0.000000;0.000000;2.000000;4.080856;-712.371277;1950.542236;0.165419;0.000000;0.000000;0.000000;0.000000;2.000000;8.954941;-670.526978;1920.942139;0.188189;0.000000;0.000000;0.000000;0.000000;2.000000;6.329773;-585.881714;1796.939941;0.190720;0.000000;0.000000;0.000000;0.000000;2.000000;39.515114;-299.645691;1761.892700;0.402484;0.000000;0.000000;0.000000;0.000000;2.000000;-21.377380;-66.437576;1797.425171;0.755009;0.000000;0.000000;0.000000;0.000000;2.000000;-105.606979;-78.320465;1852.153442;0.865554;0.000000;0.000000;0.000000;0.000000;2.000000;-122.839005;15.538628;1790.700684;0.459289;0.000000;0.000000;0.000000;0.000000;2.000000;-151.282578;-57.257355;1784.034302;0.739301;0.000000;0.000000;0.000000;0.000000;2.000000;3.043274;-679.674133;1990.788330;0.150192;0.000000;0.000000;0.000000;0.000000;2.000000;-12.805542;-658.555725;2126.383301;0.108429;0.000000;0.000000;0.000000;0.000000;2.000000;-12.749298;-410.719452;2287.802490;0.638316;0.000000;0.000000;0.000000;0.000000;2.000000;-166.424393;-218.252747;2273.335938;0.777602;0.000000;0.000000;0.000000;0.000000;2.000000;-215.578690;-153.580154;2200.793701;0.250241;0.000000;0.000000;0.000000;0.000000;0.000000;-214.210861;-54.095200;2150.317871;0.155007;0.000000;0.000000;0.000000;0.000000;0.000000;-190.555313;-134.629166;2165.810303;0.545658;0.000000;0.000000;0.000000;0.000000;0.000000;21.142303;-144.605118;1906.738892;0.090299;0.000000;0.000000;0.000000;0.000000;2.000000;15.481331;275.447144;1887.693604;0.254603;0.000000;0.000000;0.000000;0.000000;2.000000;37.970062;676.686768;1891.681641;0.375813;0.000000;0.000000;0.000000;0.000000;2.000000;-89.933792;795.914551;1801.404419;0.686950;0.000000;0.000000;0.000000;0.000000;2.000000;-19.064941;-154.864807;2084.097656;0.081423;0.000000;0.000000;0.000000;0.000000;2.000000;-98.795517;257.547302;2079.914551;2.175715;0.000000;0.000000;0.000000;0.000000;1.000000;2.636139;649.202637;2115.250244;3.351356;0.000000;0.000000;0.000000;0.000000;1.000000;-110.934540;789.700928;2103.327637;3.674610;0.000000;0.000000;0.000000;0.000000;1.000000;-11.781540;-795.688110;1937.528198;0.158445;0.000000;0.000000;0.000000;0.000000;2.000000;-89.872345;-830.019714;1791.878540;0.294200;0.000000;0.000000;0.000000;0.000000;2.000000;-38.380325;-856.675842;1801.616211;0.307357;0.000000;0.000000;0.000000;0.000000;2.000000;70.755249;-828.577942;1872.557373;0.317439;0.000000;0.000000;0.000000;0.000000;2.000000;-85.041702;-871.763977;1826.340332;0.227756;0.000000;0.000000;0.000000;0.000000;2.000000;-66.240662;-889.306274;1961.544434;0.246251;0.000000;0.000000;0.000000;0.000000;2.000000;13247200256.000000
0.000000;-150.000000;2000.000000;0.000000;0.000000;0.000000;0.000000;0.000000;2.000000;-1.451637;-336.891235;1992.042725;0.161409;0.000000;0.000000;0.000000;0.000000;2.000000;3.266663;-486.279175;1986.917480;0.220161;0.000000;0.000000;0.000000;0.000000;2.000000;-4.110519;-712.131775;1959.383789;0.367897;0.000000;0.000000;0.000000;0.000000;2.000000;1.665016;-671.028564;1929.076172;0.333686;0.000000;0.000000;0.000000;0.000000;2.000000;4.609390;-589.353821;1803.425415;0.230557;0.000000;0.000000;0.000000;0.000000;2.000000;39.922554;-304.227417;1765.809814;0.184378;0.000000;0.000000;0.000000;0.000000;2.000000;-14.102409;-69.251373;1797.615479;0.238113;0.000000;0.000000;0.000000;0.000000;2.000000;-98.913200;-78.901993;1851.544922;0.205887;0.000000;0.000000;0.000000;0.000000;2.000000;-135.042145;5.220909;1784.800171;0.519864;0.000000;0.000000;0.000000;0.000000;2.000000;-148.028107;-56.196396;1785.139771;0.109775;0.000000;0.000000;0.000000;0.000000;2.000000;-5.247360;-678.682007;1998.881836;0.354876;0.000000;0.000000;0.000000;0.000000;2.000000;-27.586098;-656.305847;2133.102295;0.500220;0.000000;0.000000;0.000000;0.000000;2.000000;-39.305397;-406.846252;2290.577881;0.823370;0.000000;0.000000;0.000000;0.000000;2.000000;-174.381256;-201.318710;2277.777344;0.586858;0.000000;0.000000;0.000000;0.000000;2.000000;-228.649261;-153.880310;2196.394287;0.420971;0.000000;0.000000;0.000000;0.000000;0.000000;-221.380524;-49.523361;2158.194824;0.353730;0.000000;0.000000;0.000000;0.000000;0.000000;-209.798615;-132.688492;2165.706299;0.590246;0.000000;0.000000;0.000000;0.000000;0.000000;19.643433;-146.172073;1906.509888;0.066542;0.000000;0.000000;0.000000;0.000000;2.000000;19.011322;273.375854;1892.908691;0.202312;0.000000;0.000000;0.000000;0.000000;2.000000;43.028343;673.770752;1899.537354;0.298701;0.000000;0.000000;0.000000;0.000000;2.000000;-81.067146;791.229675;1802.636719;0.308339;0.000000;0.000000;0.000000;0.000000;2.000000;-17.713348;-153.451813;2084.304199;0.060004;0.000000;0.000000;0.000000;0.000000;2.000000;-51.501839;261.123566;2031.272217;2.073300;0.000000;0.000000;0.000000;0.000000;2.000000;28.635712;658.074585;2012.604004;3.242762;0.000000;0.000000;0.000000;0.000000;2.000000;-95.791527;786.881958;2036.881592;2.081544;0.000000;0.000000;0.000000;0.000000;2.000000;-20.832596;-795.339905;1947.847168;0.419019;0.000000;0.000000;0.000000;0.000000;2.000000;-88.685387;-827.739014;1797.065796;0.176681;0.000000;0.000000;0.000000;0.000000;2.000000;-40.957222;-858.416565;1812.077148;0.333050;0.000000;0.000000;0.000000;0.000000;2.000000;63.535294;-837.593506;1891.556641;0.678548;0.000000;0.000000;0.000000;0.000000;2.000000;-90.675301;-868.423889;1832.895264;0.282779;0.000000;0.000000;0.000000;0.000000;2.000000;-85.346214;-882.719788;1969.426758;0.661982;0.000000;0.000000;0.000000;0.000000;2.000000;13247233024.000000
0.000000;-150.000000;2000.000000;0.000000;0.000000;0.000000;0.000000;0.000000;2.000000;1.175705;-334.647827;1980.960449;0.343522;0.000000;0.000000;0.000000;0.000000;2.000000;4.429268;-482.301270;1966.427246;0.618642;0.000000;0.000000;0.000000;0.000000;2.000000;7.873161;-706.768555;1941.283569;0.661709;0.000000;0.000000;0.000000;0.000000;2.000000;17.791588;-666.102112;1912.148560;0.707064;0.000000;0.000000;0.000000;0.000000;2.000000;51.076996;-587.852600;1790.111206;1.431130;0.000000;0.000000;0.000000;0.000000;2.000000;51.777607;-301.942749;1759.607056;0.401674;0.000000;0.000000;0.000000;0.000000;2.000000;-23.813782;-75.841583;1797.076904;0.347677;0.000000;0.000000;0.000000;0.000000;2.000000;-105.462036;-86.400742;1854.178467;0.304754;0.000000;0.000000;0.000000;0.000000;2.000000;-122.002045;8.584221;1796.343872;0.524898;0.000000;0.000000;0.000000;0.000000;2.000000;-153.325302;-60.281769;1857.358765;2.146312;0.000000;0.000000;0.000000;0.000000;2.000000;-1.048866;-673.277527;1979.205566;0.616491;0.000000;0.000000;0.000000;0.000000;2.000000;-55.273560;-646.669189;2101.989014;1.265070;0.000000;0.000000;0.000000;0.000000;2.000000;-76.020691;-411.018433;2274.822754;1.188748;0.000000;0.000000;0.000000;0.000000;2.000000;-184.940567;-192.985428;2292.758789;0.595828;0.000000;0.000000;0.000000;0.000000;2.000000;-218.684677;-155.081055;2197.561279;0.299014;0.000000;0.000000;0.000000;0.000000;0.000000;-220.732193;-53.252441;2154.671875;0.153020;0.000000;0.000000;0.000000;0.000000;0.000000;-195.807266;-132.388321;2172.980225;0.466740;0.000000;0.000000;0.000000;0.000000;0.000000;27.038025;-140.502014;1909.557251;0.290124;0.000000;0.000000;0.000000;0.000000;2.000000;27.747444;275.937866;1900.119507;0.343684;0.000000;0.000000;0.000000;0.000000;2.000000;53.484226;673.070374;1910.098877;0.440289;0.000000;0.000000;0.000000;0.000000;2.000000;-63.239014;790.412048;1807.129395;0.544616;0.000000;0.000000;0.000000;0.000000;2.000000;-24.381378;-158.564758;2081.556396;0.261617;0.000000;0.000000;0.000000;0.000000;2.000000;-15.459274;257.413208;2076.948242;1.725322;0.000000;0.000000;0.000000;0.000000;2.000000;31.576515;656.888062;2082.914551;2.082801;0.000000;0.000000;0.000000;0.000000;2.000000;-91.938599;785.425842;2063.279541;0.790641;0.000000;0.000000;0.000000;0.000000;2.000000;-4.284447;-789.865784;1928.199097;0.777257;0.000000;0.000000;0.000000;0.000000;2.000000;-85.841949;-827.565674;1787.196411;0.303986;0.000000;0.000000;0.000000;0.000000;2.000000;-34.955414;-854.351746;1796.406982;0.510935;0.000000;0.000000;0.000000;0.000000;2.000000;75.315598;-825.723083;1862.888672;0.982167;0.000000;0.000000;0.000000;0.000000;2.000000;-80.710983;-867.818359;1822.570923;0.424990;0.000000;0.000000;0.000000;0.000000;2.000000;-58.810211;-880.983643;1956.481445;0.875244;0.000000;0.000000;0.000000;0.000000;1.000000;13247266816.000000
0.000000;-150.000000;2000.000000;0.000000;0.000000;0.000000;0.000000;0.000000;2.000000;-1.567192;-334.780884;1981.711426;0.086882;0.000000;0.000000;0.000000;0.000000;2.000000;-1.317719;-482.555420;1967.563965;0.178950;0.000000;0.000000;0.000000;0.000000;2.000000;1.178825;-707.086731;1942.227661;0.206545;0.000000;0.000000;0.000000;0.000000;2.000000;12.346581;-666.453613;1913.471680;0.171340;0.000000;0.000000;0.000000;0.000000;2.000000;46.822739;-588.120056;1791.760742;0.139486;0.000000;0.000000;0.000000;0.000000;2.000000;54.539703;-302.416595;1759.470947;0.085625;0.000000;0.000000;0.000000;0.000000;2.000000;-26.713158;-77.820847;1794.571045;0.131627;0.000000;0.000000;0.000000;0.000000;2.000000;-110.458565;-92.181961;1847.726196;0.305206;0.000000;0.000000;0.000000;0.000000;2.000000;-127.888680;7.007805;1797.663452;0.190286;0.000000;0.000000;0.000000;0.000000;2.000000;-152.927856;-62.086090;1867.184204;0.305104;0.000000;0.000000;0.000000;0.000000;2.000000;-8.695419;-673.558472;1979.902100;0.234477;0.000000;0.000000;0.000000;0.000000;2.000000;-67.787086;-643.693909;2099.704102;0.398674;0.000000;0.000000;0.000000;0.000000;2.000000;-116.804482;-395.719849;2248.010254;1.560960;0.000000;0.000000;0.000000;0.000000;2.000000;-214.780060;-173.205399;2273.508545;1.240462;0.000000;0.000000;0.000000;0.000000;2.000000;-246.938507;-147.319580;2173.802734;1.151200;0.000000;0.000000;0.000000;0.000000;0.000000;-236.638947;-40.760216;2146.240967;0.668719;0.000000;0.000000;0.000000;0.000000;0.000000;-220.148407;-113.316559;2149.356934;1.187555;0.000000;0.000000;0.000000;0.000000;0.000000;28.671028;-141.330063;1909.945679;0.057120;0.000000;0.000000;0.000000;0.000000;2.000000;26.199112;275.320129;1905.462280;0.170801;0.000000;0.000000;0.000000;0.000000;2.000000;48.845097;672.618591;1920.276123;0.341609;0.000000;0.000000;0.000000;0.000000;2.000000;-58.047523;789.082214;1806.123779;0.166401;0.000000;0.000000;0.000000;0.000000;2.000000;-25.853920;-157.818054;2081.205811;0.051509;0.000000;0.000000;0.000000;0.000000;2.000000;-16.701897;258.304626;2078.336670;0.063035;0.000000;0.000000;0.000000;0.000000;2.000000;26.113052;658.394287;2083.570313;0.174106;0.000000;0.000000;0.000000;0.000000;2.000000;-98.077873;786.955383;2068.309570;0.246667;0.000000;0.000000;0.000000;0.000000;2.000000;-11.205452;-790.097961;1928.642090;0.211763;0.000000;0.000000;0.000000;0.000000;2.000000;-95.035271;-830.179504;1789.578247;0.300598;0.000000;0.000000;0.000000;0.000000;2.000000;-43.366661;-855.817688;1797.762695;0.263824;0.000000;0.000000;0.000000;0.000000;2.000000;67.726303;-824.497742;1861.698242;0.237402;0.000000;0.000000;0.000000;0.000000;2.000000;-88.242317;-870.173035;1824.992920;0.251898;0.000000;0.000000;0.000000;0.000000;2.000000;-63.101341;-882.292847;1958.477295;0.149851;0.000000;0.000000;0.000000;0.000000;1.000000;13247299584.000000
0.000000;-150.000000;2000.000000;0.000000;0.000000;0.000000;0.000000;0.000000;2.000000;-2.671539;-334.564636;1976.300537;0.163550;0.000000;0.000000;0.000000;0.000000;2.000000;-4.880203;-482.110779;1957.328369;0.320992;0.000000;0.000000;0.000000;0.000000;2.000000;-1.238022;-707.613464;1936.765869;0.177433;0.000000;0.000000;0.000000;0.000000;2.000000;10.748856;-667.479187;1907.445313;0.186978;0.000000;0.000000;0.000000;0.000000;2.000000;49.589001;-592.455200;1784.568481;0.261648;0.000000;0.000000;0.000000;0.000000;2.000000;52.424446;-305.220154;1760.458130;0.107958;0.000000;0.000000;0.000000;0.000000;2.000000;-23.912018;-78.906403;1799.046265;0.159506;0.000000;0.000000;0.000000;0.000000;2.000000;-109.271538;-92.633728;1850.179321;0.081748;0.000000;0.000000;0.000000;0.000000;2.000000;-129.228180;-2.567558;1785.416016;0.461763;0.000000;0.000000;0.000000;0.000000;2.000000;-161.996460;-51.855247;1804.040527;1.911895;0.000000;0.000000;0.000000;0.000000;2.000000;-12.322693;-673.249146;1973.492920;0.218126;0.000000;0.000000;0.000000;0.000000;2.000000;-71.921455;-640.905151;2092.743652;0.253391;0.000000;0.000000;0.000000;0.000000;2.000000;-114.779930;-395.868469;2248.907959;0.065685;0.000000;0.000000;0.000000;0.000000;2.000000;-208.632721;-172.779755;2286.968018;0.438062;0.000000;0.000000;0.000000;0.000000;2.000000;-248.343170;-157.535873;2187.532227;0.508139;0.000000;0.000000;0.000000;0.000000;0.000000;-247.393463;-55.003052;2145.572266;0.528516;0.000000;0.000000;0.000000;0.000000;0.000000;-219.870056;-118.504791;2157.822266;0.293934;0.000000;0.000000;0.000000;0.000000;0.000000;32.045135;-139.050888;1911.118652;0.125395;0.000000;0.000000;0.000000;0.000000;2.000000;34.811203;278.523468;1907.528320;0.278704;0.000000;0.000000;0.000000;0.000000;2.000000;60.333813;676.524109;1922.411133;0.364607;0.000000;0.000000;0.000000;0.000000;2.000000;-53.627693;785.117676;1806.616699;0.176308;0.000000;0.000000;0.000000;0.000000;2.000000;-28.896507;-159.873306;2080.148193;0.113074;0.000000;0.000000;0.000000;0.000000;2.000000;-16.671394;257.025085;2087.895508;0.285397;0.000000;0.000000;0.000000;0.000000;2.000000;25.459274;657.726990;2105.476318;0.648849;0.000000;0.000000;0.000000;0.000000;2.000000;-99.543480;780.592224;2065.419678;0.211313;0.000000;0.000000;0.000000;0.000000;2.000000;-13.094666;-791.103394;1924.537842;0.136976;0.000000;0.000000;0.000000;0.000000;2.000000;-103.390785;-833.020203;1789.683960;0.261181;0.000000;0.000000;0.000000;0.000000;2.000000;-50.634026;-857.453369;1795.037354;0.234732;0.000000;0.000000;0.000000;0.000000;2.000000;63.151817;-823.479553;1853.223755;0.286576;0.000000;0.000000;0.000000;0.000000;2.000000;-93.730247;-872.999878;1824.625610;0.183005;0.000000;0.000000;0.000000;0.000000;2.000000;-61.171822;-884.815491;1956.835205;0.105805;0.000000;0.000000;0.000000;0.000000;1.000000;13247333376.000000
0.000000;-150.000000;2000.000000;0.000000;0.000000;0.000000;0.000000;0.000000;2.000000;-1.089081;-334.757721;1976.341797;0.047192;0.000000;0.000000;0.000000;0.000000;2.000000;-1.107811;-482.506500;1957.754395;0.112954;0.000000;0.000000;0.000000;0.000000;2.000000;3.364105;-708.139404;1936.511597;0.137283;0.000000;0.000000;0.000000;0.000000;2.000000;16.395630;-667.860352;1907.759277;0.167742;0.000000;0.000000;0.000000;0.000000;2.000000;54.909271;-593.707153;1784.087891;0.162366;0.000000;0.000000;0.000000;0.000000;2.000000;60.719368;-306.504791;1757.133667;0.267169;0.000000;0.000000;0.000000;0.000000;2.000000;-13.799927;-79.924210;1798.960571;0.300768;0.000000;0.000000;0.000000;0.000000;2.000000;-98.221313;-88.643509;1852.856445;0.356586;0.000000;0.000000;0.000000;0.000000;2.000000;-103.109772;3.395020;1787.796875;0.795927;0.000000;0.000000;0.000000;0.000000;2.000000;-149.836014;-51.579773;1810.881958;0.412984;0.000000;0.000000;0.000000;0.000000;2.000000;-9.060883;-673.878540;1972.971191;0.099512;0.000000;0.000000;0.000000;0.000000;2.000000;-76.475998;-641.822632;2088.213867;0.192022;0.000000;0.000000;0.000000;0.000000;2.000000;-129.757996;-391.797394;2233.381104;0.649695;0.000000;0.000000;0.000000;0.000000;2.000000;-220.108856;-166.346512;2267.204590;0.702592;0.000000;0.000000;0.000000;0.000000;2.000000;-252.477753;-148.717194;2165.422363;0.714965;0.000000;0.000000;0.000000;0.000000;0.000000;-242.403442;-43.403542;2132.187988;0.544530;0.000000;0.000000;0.000000;0.000000;0.000000;-219.135254;-107.961472;2138.394043;0.654501;0.000000;0.000000;0.000000;0.000000;0.000000;34.328049;-138.920761;1911.897461;0.071485;0.000000;0.000000;0.000000;0.000000;2.000000;37.878258;279.045166;1911.707886;0.154189;0.000000;0.000000;0.000000;0.000000;2.000000;64.238464;677.153687;1931.298340;0.287865;0.000000;0.000000;0.000000;0.000000;2.000000;-41.346527;784.069336;1806.082764;0.365098;0.000000;0.000000;0.000000;0.000000;2.000000;-30.955109;-159.990631;2079.446045;0.064459;0.000000;0.000000;0.000000;0.000000;2.000000;-16.518433;257.073608;2092.910645;0.148488;0.000000;0.000000;0.000000;0.000000;2.000000;26.827866;657.805664;2114.790283;0.278596;0.000000;0.000000;0.000000;0.000000;2.000000;-96.189835;779.494873;2065.356934;0.104438;0.000000;0.000000;0.000000;0.000000;2.000000;-8.022469;-791.664307;1923.554199;0.153795;0.000000;0.000000;0.000000;0.000000;2.000000;-102.207520;-833.632446;1791.208740;0.059920;0.000000;0.000000;0.000000;0.000000;2.000000;-49.095139;-857.739136;1794.828003;0.046731;0.000000;0.000000;0.000000;0.000000;2.000000;66.290184;-823.200562;1849.713501;0.139586;0.000000;0.000000;0.000000;0.000000;2.000000;-91.193268;-873.740601;1825.675781;0.084159;0.000000;0.000000;0.000000;0.000000;2.000000;-54.479523;-885.947754;1956.886475;0.200864;0.000000;0.000000;0.000000;0.000000;2.000000;13247367168.000000
0.000000;-150.000000;2000.000000;0.000000;0.000000;0.000000;0.000000;0.000000;2.000000;0.181915;-334.644714;1973.401367;0.097820;0.000000;0.000000;0.000000;0.000000;2.000000;0.917938;-482.293335;1952.387695;0.175179;0.000000;0.000000;0.000000;0.000000;2.000000;5.732101;-708.678040;1936.153809;0.074911;0.000000;0.000000;0.000000;0.000000;2.000000;20.170792;-668.986694;1907.120117;0.121799;0.000000;0.000000;0.000000;0.000000;2.000000;63.330421;-594.628296;1784.841797;0.259548;0.000000;0.000000;0.000000;0.000000;2.000000;64.597511;-306.746460;1759.951538;0.146481;0.000000;0.000000;0.000000;0.000000;2.000000;-14.825630;-81.007751;1799.354492;0.047093;0.000000;0.000000;0.000000;0.000000;2.000000;-100.454140;-87.917633;1851.874146;0.077669;0.000000;0.000000;0.000000;0.000000;2.000000;-102.440590;10.182793;1795.851440;0.322098;0.000000;0.000000;0.000000;0.000000;2.000000;-148.922363;-51.952263;1809.495483;0.051932;0.000000;0.000000;0.000000;0.000000;2.000000;-8.243042;-673.569885;1971.334229;0.056633;0.000000;0.000000;0.000000;0.000000;2.000000;-79.006508;-641.258728;2084.730469;0.132516;0.000000;0.000000;0.000000;0.000000;2.000000;-140.118866;-391.662659;2228.443359;0.350284;0.000000;0.000000;0.000000;0.000000;2.000000;-230.654053;-165.135773;2256.835205;0.452845;0.000000;0.000000;0.000000;0.000000;2.000000;-255.183960;-146.925934;2152.814453;0.397305;0.000000;0.000000;0.000000;0.000000;0.000000;-239.029816;-40.064117;2127.246094;0.209119;0.000000;0.000000;0.000000;0.000000;0.000000;-219.168304;-106.584763;2128.309570;0.310610;0.000000;0.000000;0.000000;0.000000;0.000000;37.516495;-137.466156;1913.247314;0.114610;0.000000;0.000000;0.000000;0.000000;2.000000;45.754551;281.020996;1919.318848;0.339647;0.000000;0.000000;0.000000;0.000000;2.000000;73.159027;679.422241;1943.333496;0.462387;0.000000;0.000000;0.000000;0.000000;2.000000;-29.858406;784.377441;1813.928955;0.424660;0.000000;0.000000;0.000000;0.000000;2.000000;-33.830284;-161.302307;2078.228760;0.103350;0.000000;0.000000;0.000000;0.000000;2.000000;-16.467072;256.235413;2093.061523;0.026038;0.000000;0.000000;0.000000;0.000000;2.000000;30.465645;656.840637;2120.431396;0.206951;0.000000;0.000000;0.000000;0.000000;2.000000;-98.795616;772.337585;2071.084473;0.290834;0.000000;0.000000;0.000000;0.000000;2.000000;-5.305565;-792.567566;1924.463257;0.091674;0.000000;0.000000;0.000000;0.000000;2.000000;-97.801765;-839.920471;1792.422974;0.237222;0.000000;0.000000;0.000000;0.000000;2.000000;-44.534508;-863.620178;1797.560913;0.241946;0.000000;0.000000;0.000000;0.000000;2.000000;70.171417;-826.410400;1852.606567;0.177257;0.000000;0.000000;0.000000;0.000000;2.000000;-86.985603;-878.743591;1828.513550;0.217484;0.000000;0.000000;0.000000;0.000000;2.000000;-51.751701;-885.971558;1960.710693;0.143355;0.000000;0.000000;0.000000;0.000000;1.000000;13247399936.000000
0.000000;-150.000000;2000.000000;0.000000;0.000000;0.000000;0.000000;0.000000;2.000000;-1.561638;-332.734802;1971.968994;0.087484;0.000000;0.000000;0.000000;0.000000;2.000000;-1.080856;-478.964844;1950.477905;0.128043;0.000000;0.000000;0.000000;0.000000;2.000000;3.690269;-703.272217;1933.728760;0.185452;0.000000;0.000000;0.000000;0.000000;2.000000;20.463821;-663.896973;1906.375366;0.152470;0.000000;0.000000;0.000000;0.000000;2.000000;75.804520;-593.448120;1788.394043;0.385405;0.000000;0.000000;0.000000;0.000000;2.000000;70.454010;-307.965942;1766.522095;0.262957;0.000000;0.000000;0.000000;0.000000;2.000000;-9.187653;-84.035950;1802.320679;0.208740;0.000000;0.000000;0.000000;0.000000;2.000000;-96.143822;-88.615356;1851.055176;0.131468;0.000000;0.000000;0.000000;0.000000;2.000000;-98.007362;7.474678;1793.595459;0.167603;0.000000;0.000000;0.000000;0.000000;2.000000;-138.788940;-55.098633;1860.795654;1.550249;0.000000;0.000000;0.000000;0.000000;2.000000;-12.692093;-668.549988;1967.551270;0.227892;0.000000;0.000000;0.000000;0.000000;2.000000;-90.667915;-638.416138;2075.182861;0.453867;0.000000;0.000000;0.000000;0.000000;2.000000;-157.890076;-393.042725;2218.055176;0.610527;0.000000;0.000000;0.000000;0.000000;2.000000;-237.704163;-167.249176;2261.504395;0.257936;0.000000;0.000000;0.000000;0.000000;2.000000;-252.986359;-141.311554;2158.365723;0.242530;0.000000;0.000000;0.000000;0.000000;0.000000;-232.695282;-35.596680;2135.415771;0.333268;0.000000;0.000000;0.000000;0.000000;0.000000;-225.123718;-107.824493;2139.455078;0.375754;0.000000;0.000000;0.000000;0.000000;0.000000;44.731209;-137.753738;1917.673950;0.250632;0.000000;0.000000;0.000000;0.000000;2.000000;52.347832;276.907898;1928.018433;0.345199;0.000000;0.000000;0.000000;0.000000;2.000000;79.362846;671.290405;1958.480713;0.540871;0.000000;0.000000;0.000000;0.000000;2.000000;-21.861855;788.489197;1841.403931;0.855496;0.000000;0.000000;0.000000;0.000000;2.000000;-40.336098;-161.042999;2074.236816;0.226009;0.000000;0.000000;0.000000;0.000000;2.000000;-22.295799;252.047058;2101.988525;0.338974;0.000000;0.000000;0.000000;0.000000;2.000000;22.612358;648.021423;2143.310547;0.761926;0.000000;0.000000;0.000000;0.000000;2.000000;-88.473640;770.940430;2076.569336;0.348365;0.000000;0.000000;0.000000;0.000000;2.000000;-6.760742;-786.290894;1920.905762;0.217804;0.000000;0.000000;0.000000;0.000000;2.000000;-98.170143;-839.391174;1792.245605;0.019792;0.000000;0.000000;0.000000;0.000000;2.000000;-44.671806;-861.188660;1797.456177;0.072137;0.000000;0.000000;0.000000;0.000000;2.000000;68.356079;-819.561340;1849.899902;0.224459;0.000000;0.000000;0.000000;0.000000;2.000000;-86.011757;-876.555359;1828.927124;0.071928;0.000000;0.000000;0.000000;0.000000;2.000000;-49.738853;-879.148193;1959.741455;0.212470;0.000000;0.000000;0.000000;0.000000;2.000000;13247433728.000000
0.000000;-150.000000;2000.000000;0.000000;0.000000;0.000000;0.000000;0.000000;2.000000;-0.383034;-330.598206;1968.901978;0.119607;0.000000;0.000000;0.000000;0.000000;2.000000;1.570183;-475.217468;1945.556030;0.205390;0.000000;0.000000;0.000000;0.000000;2.000000;6.568832;-697.608154;1929.742188;0.228903;0.000000;0.000000;0.000000;0.000000;2.000000;25.074493;-658.697144;1903.696777;0.227292;0.000000;0.000000;0.000000;0.000000;2.000000;86.749466;-590.454102;1789.237915;0.347241;0.000000;0.000000;0.000000;0.000000;2.000000;74.731949;-307.342102;1772.583618;0.227212;0.000000;0.000000;0.000000;0.000000;2.000000;-8.632706;-87.207565;1809.335571;0.235551;0.000000;0.000000;0.000000;0.000000;2.000000;-96.097610;-89.650055;1855.458496;0.138046;0.000000;0.000000;0.000000;0.000000;2.000000;-95.971710;7.581631;1801.930176;0.261852;0.000000;0.000000;0.000000;0.000000;2.000000;-140.499420;-44.899078;1823.754517;1.173639;0.000000;0.000000;0.000000;0.000000;2.000000;-11.702950;-663.059509;1962.064941;0.238786;0.000000;0.000000;0.000000;0.000000;2.000000;-94.557617;-629.617188;2063.381104;0.464662;0.000000;0.000000;0.000000;0.000000;2.000000;-166.582748;-388.670349;2206.240234;0.467101;0.000000;0.000000;0.000000;0.000000;2.000000;-250.050919;-167.409088;2254.012939;0.440754;0.000000;0.000000;0.000000;0.000000;2.000000;-265.733582;-136.792435;2153.221924;0.441581;0.000000;0.000000;0.000000;0.000000;0.000000;-247.363358;-31.270226;2132.486084;0.475187;0.000000;0.000000;0.000000;0.000000;0.000000;-232.889755;-99.860138;2135.889893;0.356485;0.000000;0.000000;0.000000;0.000000;0.000000;52.608448;-136.958603;1923.614868;0.302074;0.000000;0.000000;0.000000;0.000000;2.000000;64.706726;273.980042;1932.829468;0.414478;0.000000;0.000000;0.000000;0.000000;2.000000;90.876160;665.094421;1960.993164;0.406307;0.000000;0.000000;0.000000;0.000000;2.000000;-4.035919;777.951294;1837.358887;0.643895;0.000000;0.000000;0.000000;0.000000;2.000000;-47.439362;-161.760010;2068.879395;0.272398;0.000000;0.000000;0.000000;0.000000;2.000000;-31.446503;246.663284;2109.778564;0.401866;0.000000;0.000000;0.000000;0.000000;2.000000;9.186790;637.606323;2166.590332;0.879557;0.000000;0.000000;0.000000;0.000000;2.000000;-89.365860;761.502625;2087.323975;0.437510;0.000000;0.000000;0.000000;0.000000;2.000000;-3.235283;-779.889771;1916.545410;0.259697;0.000000;0.000000;0.000000;0.000000;2.000000;-92.617981;-840.359741;1791.652222;0.172948;0.000000;0.000000;0.000000;0.000000;2.000000;-44.997116;-869.132446;1806.141724;0.359341;0.000000;0.000000;0.000000;0.000000;2.000000;68.708557;-837.939331;1861.413086;0.661907;0.000000;0.000000;0.000000;0.000000;2.000000;-90.211151;-870.913147;1835.068848;0.284960;0.000000;0.000000;0.000000;0.000000;2.000000;-64.740921;-854.212769;1966.160645;0.909426;0.000000;0.000000;0.000000;0.000000;2.000000;13247466496.000000
0.000000;-150.000000;2000.000000;0.000000;0.000000;0.000000;0.000000;0.000000;2.000000;0.783455;-331.306671;1970.618164;0.064888;0.000000;0.000000;0.000000;0.000000;2.000000;4.387344;-476.550354;1949.340698;0.145085;0.000000;0.000000;0.000000;0.000000;2.000000;13.270584;-699.276917;1932.807617;0.223607;0.000000;0.000000;0.000000;0.000000;2.000000;32.268661;-659.894775;1907.617065;0.245030;0.000000;0.000000;0.000000;0.000000;2.000000;97.242729;-589.118225;1796.131226;0.373633;0.000000;0.000000;0.000000;0.000000;2.000000;82.116905;-305.998779;1772.551758;0.222130;0.000000;0.000000;0.000000;0.000000;2.000000;-2.051750;-84.238586;1800.053345;0.347994;0.000000;0.000000;0.000000;0.000000;2.000000;-88.842728;-88.495041;1847.773438;0.314614;0.000000;0.000000;0.000000;0.000000;2.000000;-92.118469;11.309299;1798.744873;0.184544;0.000000;0.000000;0.000000;0.000000;2.000000;-133.811905;-40.547585;1821.755981;0.243404;0.000000;0.000000;0.000000;0.000000;2.000000;-6.816048;-665.066101;1964.589478;0.173267;0.000000;0.000000;0.000000;0.000000;2.000000;-94.568161;-631.825378;2062.191162;0.074231;0.000000;0.000000;0.000000;0.000000;2.000000;-167.645782;-391.902832;2207.552246;0.107924;0.000000;0.000000;0.000000;0.000000;2.000000;-256.683044;-168.214737;2230.068848;0.735638;0.000000;0.000000;0.000000;0.000000;2.000000;-257.601624;-117.086227;2136.373291;0.804108;0.000000;0.000000;0.000000;0.000000;0.000000;-254.562805;-38.952469;2059.937012;2.169420;0.000000;0.000000;0.000000;0.000000;0.000000;-237.172668;-90.232666;2126.883789;0.410201;0.000000;0.000000;0.000000;0.000000;0.000000;56.285927;-137.744873;1925.877686;0.129880;0.000000;0.000000;0.000000;0.000000;2.000000;69.283730;274.069580;1936.492798;0.173508;0.000000;0.000000;0.000000;0.000000;2.000000;96.065010;665.964539;1965.711060;0.209127;0.000000;0.000000;0.000000;0.000000;2.000000;-1.371429;782.882813;1847.239624;0.336173;0.000000;0.000000;0.000000;0.000000;2.000000;-50.755493;-161.050995;2066.839111;0.117115;0.000000;0.000000;0.000000;0.000000;2.000000;-28.942841;247.492004;2112.927246;0.121544;0.000000;0.000000;0.000000;0.000000;2.000000;14.632957;638.277405;2174.748779;0.290961;0.000000;0.000000;0.000000;0.000000;2.000000;-78.064178;763.422791;2089.690918;0.346397;0.000000;0.000000;0.000000;0.000000;2.000000;5.179626;-781.817261;1918.869751;0.264568;0.000000;0.000000;0.000000;0.000000;2.000000;-86.746002;-837.125977;1792.937378;0.201989;0.000000;0.000000;0.000000;0.000000;2.000000;-36.014008;-862.987549;1801.773438;0.347054;0.000000;0.000000;0.000000;0.000000;2.000000;78.231873;-827.598083;1854.019775;0.470047;0.000000;0.000000;0.000000;0.000000;2.000000;-79.149734;-871.645325;1832.785767;0.334940;0.000000;0.000000;0.000000;0.000000;2.000000;-46.978790;-866.050171;1963.663452;0.635972;0.000000;0.000000;0.000000;0.000000;1.000000;13247500288.000000
0.000000;-150.000000;2000.000000;0.000000;0.000000;0.000000;0.000000;0.000000;2.000000;0.907204;-330.676392;1969.994385;0.027324;0.000000;0.000000;0.000000;0.000000;2.000000;2.612694;-475.237305;1946.785156;0.103059;0.000000;0.000000;0.000000;0.000000;2.000000;9.822052;-697.463684;1931.289063;0.127614;0.000000;0.000000;0.000000;0.000000;2.000000;29.801155;-658.462097;1906.555664;0.092904;0.000000;0.000000;0.000000;0.000000;2.000000;96.077591;-588.567017;1795.832642;0.040377;0.000000;0.000000;0.000000;0.000000;2.000000;78.563850;-306.377411;1772.471069;0.109072;0.000000;0.000000;0.000000;0.000000;2.000000;0.252663;-82.712555;1795.645996;0.158761;0.000000;0.000000;0.000000;0.000000;2.000000;-86.036095;-87.162613;1843.675415;0.156940;0.000000;0.000000;0.000000;0.000000;2.000000;-97.107750;10.394382;1792.047119;0.256402;0.000000;0.000000;0.000000;0.000000;2.000000;-123.690773;-48.964989;1864.298706;1.359034;0.000000;0.000000;0.000000;0.000000;2.000000;-10.728661;-663.050720;1962.317383;0.151155;0.000000;0.000000;0.000000;0.000000;2.000000;-102.390541;-632.506775;2056.619629;0.293819;0.000000;0.000000;0.000000;0.000000;2.000000;-175.898438;-396.088318;2205.819092;0.287301;0.000000;0.000000;0.000000;0.000000;2.000000;-260.492004;-172.465393;2237.074219;0.275761;0.000000;0.000000;0.000000;0.000000;2.000000;-264.445770;-136.536636;2136.959961;0.629510;0.000000;0.000000;0.000000;0.000000;0.000000;-244.449249;-33.239578;2108.344482;1.519213;0.000000;0.000000;0.000000;0.000000;0.000000;-240.027588;-93.695526;2130.068604;0.167944;0.000000;0.000000;0.000000;0.000000;0.000000;58.628464;-137.758301;1928.059937;0.097703;0.000000;0.000000;0.000000;0.000000;2.000000;66.909477;273.023682;1938.115234;0.093382;0.000000;0.000000;0.000000;0.000000;2.000000;89.232162;663.978699;1968.620850;0.234605;0.000000;0.000000;0.000000;0.000000;2.000000;0.235481;781.383911;1844.991211;0.095945;0.000000;0.000000;0.000000;0.000000;2.000000;-52.867882;-161.038864;2064.871338;0.088103;0.000000;0.000000;0.000000;0.000000;2.000000;-31.424385;246.287628;2111.491211;0.094903;0.000000;0.000000;0.000000;0.000000;2.000000;10.902016;635.848389;2174.644287;0.135901;0.000000;0.000000;0.000000;0.000000;2.000000;-79.041939;758.613892;2084.370117;0.220894;0.000000;0.000000;0.000000;0.000000;2.000000;1.356422;-779.741211;1917.455933;0.139602;0.000000;0.000000;0.000000;0.000000;2.000000;-82.783257;-832.220215;1785.622681;0.294735;0.000000;0.000000;0.000000;0.000000;2.000000;-35.726707;-861.823975;1800.153564;0.061495;0.000000;0.000000;0.000000;0.000000;2.000000;75.546387;-834.168457;1861.727051;0.319756;0.000000;0.000000;0.000000;0.000000;2.000000;-82.024040;-865.424377;1827.071899;0.272292;0.000000;0.000000;0.000000;0.000000;2.000000;-61.840843;-857.002075;1959.789673;0.543997;0.000000;0.000000;0.000000;0.000000;2.000000;13247533056.000000
