posX0;posY0;posZ0;posVel0;rotX0;rotY0;rotZ0;rotVel0;confidence0;posX1;posY1;posZ1;posVel1;rotX1;rotY1;rotZ1;rotVel1;confidence1;posX2;posY2;posZ2;posVel2;rotX2;rotY2;rotZ2;rotVel2;confidence2;posX3;posY3;posZ3;posVel3;rotX3;rotY3;rotZ3;rotVel3;confidence3;posX4;posY4;posZ4;posVel4;rotX4;rotY4;rotZ4;rotVel4;confidence4;posX5;posY5;posZ5;posVel5;rotX5;rotY5;rotZ5;rotVel5;confidence5;posX6;posY6;posZ6;posVel6;rotX6;rotY6;rotZ6;rotVel6;confidence6;posX7;posY7;posZ7;posVel7;rotX7;rotY7;rotZ7;rotVel7;confidence7;posX8;posY8;posZ8;posVel8;rotX8;rotY8;rotZ8;rotVel8;confidence8;posX9;posY9;posZ9;posVel9;rotX9;rotY9;rotZ9;rotVel9;confidence9;posX10;posY10;posZ10;posVel10;rotX10;rotY10;rotZ10;rotVel10;confidence10;posX11;posY11;posZ11;posVel11;rotX11;rotY11;rotZ11;rotVel11;confidence11;posX12;posY12;posZ12;posVel12;rotX12;rotY12;rotZ12;rotVel12;confidence12;posX13;posY13;posZ13;posVel13;rotX13;rotY13;rotZ13;rotVel13;confidence13;posX14;posY14;posZ14;posVel14;rotX14;rotY14;rotZ14;rotVel14;confidence14;posX15;posY15;posZ15;posVel15;rotX15;rotY15;rotZ15;rotVel15;confidence15;posX16;posY16;posZ16;posVel16;rotX16;rotY16;rotZ16;rotVel16;confidence16;posX17;posY17;posZ17;posVel17;rotX17;rotY17;rotZ17;rotVel17;confidence17;posX18;posY18;posZ18;posVel18;rotX18;rotY18;rotZ18;rotVel18;confidence18;posX19;posY19;posZ19;posVel19;rotX19;rotY19;rotZ19;rotVel19;confidence19;posX20;posY20;posZ20;posVel20;rotX20;rotY20;rotZ20;rotVel20;confidence20;posX21;posY21;posZ21;posVel21;rotX21;rotY21;rotZ21;rotVel21;confidence21;posX22;posY22;posZ22;posVel22;rotX22;rotY22;rotZ22;rotVel22;confidence22;posX23;posY23;posZ23;posVel23;rotX23;rotY23;rotZ23;rotVel23;confidence23;posX24;posY24;posZ24;posVel24;rotX24;rotY24;rotZ24;rotVel24;confidence24;posX25;posY25;posZ25;posVel25;rotX25;rotY25;rotZ25;rotVel25;confidence25;posX26;posY26;posZ26;posVel26;rotX26;rotY26;rotZ26;rotVel26;confidence26;posX27;posY27;posZ27;posVel27;rotX27;rotY27;rotZ27;rotVel27;confidence27;posX28;posY28;posZ28;posVel28;rotX28;rotY28;rotZ28;rotVel28;confidence28;posX29;posY29;posZ29;posVel29;rotX29;rotY29;rotZ29;rotVel29;confidence29;posX30;posY30;posZ30;posVel30;rotX30;rotY30;rotZ30;rotVel30;confidence30;posX31;posY31;posZ31;posVel31;rotX31;rotY31;rotZ31;rotVel31;confidence31;TimeStamp
0.000000;-150.000015;2000.000000;0.000000;0.000000;0.000000;0.000000;0.000000;2.000000;3.169378;-295.163147;2107.428711;0.000000;0.000000;0.000000;0.000000;0.000000;2.000000;6.372471;-407.011536;2198.697266;0.000000;0.000000;0.000000;0.000000;0.000000;2.000000;-15.606886;-610.180908;2279.633789;0.000000;0.000000;0.000000;0.000000;0.000000;2.000000;21.622326;-581.807678;2263.159668;0.000000;0.000000;0.000000;0.000000;0.000000;2.000000;165.996216;-586.855408;2254.422363;0.000000;0.000000;0.000000;0.000000;0.000000;2.000000;301.312500;-627.948486;2013.025024;0.000000;0.000000;0.000000;0.000000;0.000000;2.000000;116.020630;-761.192871;2068.257324;0.000000;0.000000;0.000000;0.000000;0.000000;2.000000;64.432144;-826.228394;2119.373535;0.000000;0.000000;0.000000;0.000000;0.000000;2.000000;-31.600788;-841.272949;2169.559082;0.000000;0.000000;0.000000;0.000000;0.000000;2.000000;17.611967;-804.777344;2167.790283;0.000000;0.000000;0.000000;0.000000;0.000000;2.000000;-45.100605;-570.690308;2271.306396;0.000000;0.000000;0.000000;0.000000;0.000000;2.000000;-172.781769;-539.271240;2292.215820;0.000000;0.000000;0.000000;0.000000;0.000000;2.000000;-279.797211;-275.778595;2272.702637;0.000000;0.000000;0.000000;0.000000;0.000000;2.000000;-187.755432;-252.881836;2054.650879;0.000000;0.000000;0.000000;0.000000;0.000000;2.000000;-125.999947;-239.847610;1970.779541;0.000000;0.000000;0.000000;0.000000;0.000000;2.000000;-18.966257;-250.038925;1969.292725;0.000000;0.000000;0.000000;0.000000;0.000000;2.000000;-59.032188;-305.692719;2008.823608;0.000000;0.000000;0.000000;0.000000;0.000000;1.000000;91.854843;-154.085022;1991.770142;0.000000;0.000000;0.000000;0.000000;0.000000;2.000000;242.281586;-32.506378;1635.595581;0.000000;0.000000;0.000000;0.000000;0.000000;2.000000;271.425934;351.335388;1592.568726;0.000000;0.000000;0.000000;0.000000;0.000000;2.000000;310.574738;428.692627;1423.881226;0.000000;0.000000;0.000000;0.000000;0.000000;2.000000;-82.829552;-146.316391;2007.421143;0.000000;0.000000;0.000000;0.000000;0.000000;2.000000;-308.084717;-30.713104;1691.490234;0.000000;0.000000;0.000000;0.000000;0.000000;2.000000;-368.444611;355.383484;1713.729004;0.000000;0.000000;0.000000;0.000000;0.000000;2.000000;-440.252014;428.753174;1572.622803;0.000000;0.000000;0.000000;0.000000;0.000000;2.000000;-26.080402;-690.320801;2297.162842;0.000000;0.000000;0.000000;0.000000;0.000000;2.000000;15.491320;-757.644531;2155.018555;0.000000;0.000000;0.000000;0.000000;0.000000;2.000000;19.010992;-790.397583;2201.126465;0.000000;0.000000;0.000000;0.000000;0.000000;2.000000;37.865559;-769.761597;2326.390625;0.000000;0.000000;0.000000;0.000000;0.000000;2.000000;-26.965714;-777.870117;2178.082275;0.000000;0.000000;0.000000;0.000000;0.000000;2.000000;-116.584877;-739.144653;2267.881348;0.000000;0.000000;0.000000;0.000000;0.000000;2.000000;9830200320.000000
0.000000;-150.000000;2000.000000;0.000000;0.000000;0.000000;0.000000;0.000000;2.000000;0.456503;-297.601013;2105.028809;0.133241;0.000000;0.000000;0.000000;0.000000;2.000000;1.169655;-409.990784;2196.364990;0.196322;0.000000;0.000000;0.000000;0.000000;2.000000;-22.801731;-611.752075;2281.902344;0.235165;0.000000;0.000000;0.000000;0.000000;2.000000;14.892062;-583.770386;2265.370605;0.224334;0.000000;0.000000;0.000000;0.000000;2.000000;159.763016;-590.417603;2259.172363;0.262707;0.000000;0.000000;0.000000;0.000000;2.000000;294.505615;-627.252075;2015.810669;0.225455;0.000000;0.000000;0.000000;0.000000;2.000000;109.409920;-762.480591;2069.833008;0.211085;0.000000;0.000000;0.000000;0.000000;2.000000;58.017429;-828.013428;2121.063965;0.209646;0.000000;0.000000;0.000000;0.000000;2.000000;-39.384815;-843.728882;2169.066895;0.249545;0.000000;0.000000;0.000000;0.000000;2.000000;5.001678;-804.590576;2163.866943;0.403071;0.000000;0.000000;0.000000;0.000000;2.000000;-52.132534;-572.288574;2272.107910;0.221426;0.000000;0.000000;0.000000;0.000000;2.000000;-180.532562;-541.891968;2292.644531;0.250033;0.000000;0.000000;0.000000;0.000000;2.000000;-288.091614;-277.415100;2277.554199;0.297469;0.000000;0.000000;0.000000;0.000000;2.000000;-193.540161;-254.370758;2059.821289;0.241095;0.000000;0.000000;0.000000;0.000000;2.000000;-134.116806;-242.269608;1973.762939;0.274064;0.000000;0.000000;0.000000;0.000000;2.000000;-26.796612;-252.416382;1970.528442;0.252566;0.000000;0.000000;0.000000;0.000000;2.000000;-66.141464;-308.207336;2009.832031;0.232178;0.000000;0.000000;0.000000;0.000000;1.000000;92.521294;-151.831818;1997.023560;0.175627;0.000000;0.000000;0.000000;0.000000;2.000000;234.768585;-35.559998;1634.403564;0.250152;0.000000;0.000000;0.000000;0.000000;2.000000;261.868561;349.211792;1588.102539;0.328401;0.000000;0.000000;0.000000;0.000000;2.000000;303.105164;429.581787;1420.691772;0.249345;0.000000;0.000000;0.000000;0.000000;2.000000;-83.430527;-148.348175;2002.683960;0.158369;0.000000;0.000000;0.000000;0.000000;2.000000;-316.900330;-24.837677;1694.255371;0.334138;0.000000;0.000000;0.000000;0.000000;2.000000;-386.932831;360.007813;1727.555298;0.718535;0.000000;0.000000;0.000000;0.000000;2.000000;-440.513916;426.579102;1574.817627;0.094616;0.000000;0.000000;0.000000;0.000000;2.000000;-33.814758;-691.672058;2301.177979;0.269122;0.000000;0.000000;0.000000;0.000000;2.000000;2.318303;-754.485413;2154.986328;0.413408;0.000000;0.000000;0.000000;0.000000;2.000000;9.181267;-788.316284;2200.136963;0.308113;0.000000;0.000000;0.000000;0.000000;2.000000;34.000244;-770.086060;2325.125000;0.124517;0.000000;0.000000;0.000000;0.000000;2.000000;-38.410007;-776.577942;2179.746094;0.355120;0.000000;0.000000;0.000000;0.000000;2.000000;-124.561050;-742.600525;2275.262207;0.348007;0.000000;0.000000;0.000000;0.000000;2.000000;9830233088.000000
0.000000;-150.000000;2000.000000;0.000000;0.000000;0.000000;0.000000;0.000000;2.000000;-0.136239;-295.597290;2106.344727;0.073076;0.000000;0.000000;0.000000;0.000000;2.000000;0.357359;-407.047577;2197.750488;0.099222;0.000000;0.000000;0.000000;0.000000;2.000000;-23.539446;-608.182068;2282.096924;0.108032;0.000000;0.000000;0.000000;0.000000;2.000000;13.990973;-580.247314;2265.822754;0.108442;0.000000;0.000000;0.000000;0.000000;2.000000;158.188477;-587.325684;2260.490723;0.109842;0.000000;0.000000;0.000000;0.000000;2.000000;290.980347;-623.290039;2017.452759;0.164291;0.000000;0.000000;0.000000;0.000000;2.000000;108.414314;-759.790283;2072.039795;0.107103;0.000000;0.000000;0.000000;0.000000;2.000000;61.445648;-826.130127;2125.548096;0.176088;0.000000;0.000000;0.000000;0.000000;2.000000;-37.793716;-838.710388;2169.345215;0.156014;0.000000;0.000000;0.000000;0.000000;2.000000;4.379374;-802.723389;2165.234375;0.070921;0.000000;0.000000;0.000000;0.000000;2.000000;-52.738087;-568.889160;2272.433105;0.102634;0.000000;0.000000;0.000000;0.000000;2.000000;-180.616684;-538.384521;2291.941895;0.105887;0.000000;0.000000;0.000000;0.000000;2.000000;-287.741058;-275.042786;2279.730713;0.095837;0.000000;0.000000;0.000000;0.000000;2.000000;-192.423538;-248.706451;2063.945557;0.209965;0.000000;0.000000;0.000000;0.000000;2.000000;-134.509003;-239.236420;1977.139648;0.134822;0.000000;0.000000;0.000000;0.000000;2.000000;-27.766886;-249.335480;1972.093872;0.106221;0.000000;0.000000;0.000000;0.000000;2.000000;-67.482933;-305.034698;2011.960938;0.119832;0.000000;0.000000;0.000000;0.000000;1.000000;91.894379;-154.098038;1994.507080;0.101919;0.000000;0.000000;0.000000;0.000000;2.000000;234.892014;-31.340576;1636.498291;0.139453;0.000000;0.000000;0.000000;0.000000;2.000000;261.600281;351.712311;1591.100830;0.115807;0.000000;0.000000;0.000000;0.000000;2.000000;301.601532;431.123566;1423.952393;0.115638;0.000000;0.000000;0.000000;0.000000;2.000000;-82.865219;-146.304611;2004.953125;0.091904;0.000000;0.000000;0.000000;0.000000;2.000000;-312.995361;-26.588867;1695.043213;0.128775;0.000000;0.000000;0.000000;0.000000;2.000000;-381.381653;357.401825;1718.286133;0.328899;0.000000;0.000000;0.000000;0.000000;2.000000;-445.153748;431.022980;1573.871582;0.192174;0.000000;0.000000;0.000000;0.000000;2.000000;-34.485950;-687.801392;2300.967285;0.116420;0.000000;0.000000;0.000000;0.000000;2.000000;3.378418;-751.029114;2156.258789;0.113418;0.000000;0.000000;0.000000;0.000000;2.000000;10.585946;-784.140564;2201.551270;0.136929;0.000000;0.000000;0.000000;0.000000;2.000000;34.296211;-764.365356;2325.892822;0.171034;0.000000;0.000000;0.000000;0.000000;2.000000;-36.878250;-773.520630;2180.904785;0.106846;0.000000;0.000000;0.000000;0.000000;2.000000;-123.725159;-740.377686;2275.201904;0.070300;0.000000;0.000000;0.000000;0.000000;2.000000;9830266880.000000
0.000000;-150.000000;2000.000000;0.000000;0.000000;0.000000;0.000000;0.000000;2.000000;0.085627;-295.467865;2107.457764;0.034860;0.000000;0.000000;0.000000;0.000000;2.000000;0.838649;-407.290649;2199.106934;0.044546;0.000000;0.000000;0.000000;0.000000;2.000000;-22.608791;-609.642700;2282.419678;0.053764;0.000000;0.000000;0.000000;0.000000;2.000000;14.945519;-581.476257;2266.135498;0.048438;0.000000;0.000000;0.000000;0.000000;2.000000;159.389038;-591.946594;2260.986084;0.146483;0.000000;0.000000;0.000000;0.000000;2.000000;292.651611;-620.686768;2016.260986;0.101172;0.000000;0.000000;0.000000;0.000000;2.000000;110.968735;-758.937012;2072.467773;0.083220;0.000000;0.000000;0.000000;0.000000;2.000000;64.704208;-824.703064;2127.812012;0.128682;0.000000;0.000000;0.000000;0.000000;2.000000;-36.943138;-837.971741;2166.414307;0.095824;0.000000;0.000000;0.000000;0.000000;2.000000;5.998283;-802.812256;2165.114746;0.049614;0.000000;0.000000;0.000000;0.000000;2.000000;-51.971237;-570.189758;2273.117188;0.050585;0.000000;0.000000;0.000000;0.000000;2.000000;-180.228455;-539.240234;2292.225098;0.029950;0.000000;0.000000;0.000000;0.000000;2.000000;-287.416199;-274.946899;2280.715576;0.031783;0.000000;0.000000;0.000000;0.000000;2.000000;-190.506683;-247.722031;2064.945313;0.072494;0.000000;0.000000;0.000000;0.000000;2.000000;-134.648300;-239.468964;1976.297607;0.026996;0.000000;0.000000;0.000000;0.000000;2.000000;-27.513407;-249.348389;1972.192749;0.008313;0.000000;0.000000;0.000000;0.000000;2.000000;-65.948395;-305.368561;2011.504517;0.049909;0.000000;0.000000;0.000000;0.000000;1.000000;92.026482;-155.110596;1993.008301;0.055346;0.000000;0.000000;0.000000;0.000000;2.000000;233.572586;-33.937195;1632.483032;0.151380;0.000000;0.000000;0.000000;0.000000;2.000000;261.741974;350.670410;1591.147705;0.032121;0.000000;0.000000;0.000000;0.000000;2.000000;302.267548;430.874390;1423.843384;0.021955;0.000000;0.000000;0.000000;0.000000;2.000000;-82.984329;-145.391541;2006.304565;0.049906;0.000000;0.000000;0.000000;0.000000;2.000000;-311.135406;-28.286499;1692.336426;0.112825;0.000000;0.000000;0.000000;0.000000;2.000000;-382.807953;355.607544;1725.427490;0.228887;0.000000;0.000000;0.000000;0.000000;2.000000;-444.160156;427.987793;1578.708496;0.176884;0.000000;0.000000;0.000000;0.000000;2.000000;-33.441368;-689.645142;2300.842529;0.064782;0.000000;0.000000;0.000000;0.000000;2.000000;1.988686;-749.893494;2153.705566;0.095242;0.000000;0.000000;0.000000;0.000000;2.000000;10.315868;-783.971497;2198.301270;0.099658;0.000000;0.000000;0.000000;0.000000;2.000000;36.476723;-766.509827;2322.904297;0.130495;0.000000;0.000000;0.000000;0.000000;2.000000;-37.759396;-773.194824;2178.762695;0.071382;0.000000;0.000000;0.000000;0.000000;2.000000;-123.151573;-742.398010;2275.719482;0.066010;0.000000;0.000000;0.000000;0.000000;2.000000;9830299648.000000
0.000000;-150.000000;2000.000000;0.000000;0.000000;0.000000;0.000000;0.000000;2.000000;-0.162676;-294.618347;2109.995605;0.079538;0.000000;0.000000;0.000000;0.000000;2.000000;-0.089438;-408.414001;2200.274414;0.055254;0.000000;0.000000;0.000000;0.000000;2.000000;-23.519150;-611.585571;2284.308594;0.084594;0.000000;0.000000;0.000000;0.000000;2.000000;14.181366;-583.323181;2267.822266;0.077397;0.000000;0.000000;0.000000;0.000000;2.000000;159.284378;-593.870911;2262.341797;0.069728;0.000000;0.000000;0.000000;0.000000;2.000000;294.823151;-617.382446;2016.812866;0.118144;0.000000;0.000000;0.000000;0.000000;2.000000;114.215652;-759.128723;2072.365967;0.096300;0.000000;0.000000;0.000000;0.000000;2.000000;66.749687;-821.552734;2131.253418;0.150754;0.000000;0.000000;0.000000;0.000000;2.000000;-36.258942;-836.969971;2166.777344;0.037473;0.000000;0.000000;0.000000;0.000000;2.000000;6.778784;-801.156677;2163.658691;0.069213;0.000000;0.000000;0.000000;0.000000;2.000000;-53.026779;-571.951782;2274.977051;0.081999;0.000000;0.000000;0.000000;0.000000;2.000000;-181.889679;-539.921692;2292.506836;0.053786;0.000000;0.000000;0.000000;0.000000;2.000000;-289.506378;-274.228546;2284.810547;0.137706;0.000000;0.000000;0.000000;0.000000;2.000000;-195.537079;-246.997467;2066.528320;0.157527;0.000000;0.000000;0.000000;0.000000;2.000000;-139.379364;-239.151062;1977.452148;0.144421;0.000000;0.000000;0.000000;0.000000;2.000000;-31.722746;-248.963760;1973.664795;0.132453;0.000000;0.000000;0.000000;0.000000;2.000000;-70.323555;-304.572205;2012.894165;0.137876;0.000000;0.000000;0.000000;0.000000;1.000000;92.646347;-153.909592;1994.996826;0.071151;0.000000;0.000000;0.000000;0.000000;2.000000;232.906952;-38.252380;1630.051514;0.147894;0.000000;0.000000;0.000000;0.000000;2.000000;259.046234;348.310028;1588.625000;0.129677;0.000000;0.000000;0.000000;0.000000;2.000000;301.334595;431.783112;1422.352783;0.058576;0.000000;0.000000;0.000000;0.000000;2.000000;-83.543282;-146.474564;2004.511597;0.064156;0.000000;0.000000;0.000000;0.000000;2.000000;-309.570679;-32.072021;1685.605957;0.233160;0.000000;0.000000;0.000000;0.000000;2.000000;-384.893616;352.589935;1723.058350;0.129225;0.000000;0.000000;0.000000;0.000000;2.000000;-444.233093;427.164520;1575.640381;0.094031;0.000000;0.000000;0.000000;0.000000;2.000000;-34.385956;-691.931580;2302.953125;0.096232;0.000000;0.000000;0.000000;0.000000;2.000000;-2.998091;-745.363770;2151.486816;0.209899;0.000000;0.000000;0.000000;0.000000;2.000000;8.875059;-780.804321;2194.527588;0.151900;0.000000;0.000000;0.000000;0.000000;2.000000;40.064587;-766.683960;2319.015625;0.156660;0.000000;0.000000;0.000000;0.000000;2.000000;-40.692390;-771.444946;2177.474121;0.108024;0.000000;0.000000;0.000000;0.000000;2.000000;-123.200653;-747.961914;2279.682129;0.202147;0.000000;0.000000;0.000000;0.000000;2.000000;9830333440.000000
0.000000;-150.000015;2000.000000;0.000000;0.000000;0.000000;0.000000;0.000000;2.000000;-2.147065;-299.840271;2104.164307;0.246438;0.000000;0.000000;0.000000;0.000000;2.000000;-2.829747;-412.292206;2197.123047;0.173926;0.000000;0.000000;0.000000;0.000000;2.000000;-26.790264;-616.750488;2280.469482;0.220309;0.000000;0.000000;0.000000;0.000000;2.000000;11.126447;-588.384949;2263.984375;0.215108;0.000000;0.000000;0.000000;0.000000;2.000000;156.725922;-600.729797;2258.243652;0.256029;0.000000;0.000000;0.000000;0.000000;2.000000;294.390594;-617.935059;2011.942261;0.150174;0.000000;0.000000;0.000000;0.000000;2.000000;111.849945;-759.192444;2066.882080;0.182274;0.000000;0.000000;0.000000;0.000000;2.000000;65.582558;-818.880371;2130.125000;0.095423;0.000000;0.000000;0.000000;0.000000;2.000000;-39.576279;-839.058105;2157.557617;0.305737;0.000000;0.000000;0.000000;0.000000;2.000000;4.513129;-803.859863;2157.721436;0.210751;0.000000;0.000000;0.000000;0.000000;2.000000;-56.330322;-576.803345;2271.375488;0.210156;0.000000;0.000000;0.000000;0.000000;2.000000;-185.517242;-543.047180;2287.793945;0.205035;0.000000;0.000000;0.000000;0.000000;2.000000;-292.294006;-275.609375;2281.467773;0.139354;0.000000;0.000000;0.000000;0.000000;2.000000;-194.004761;-247.740051;2064.005371;0.092889;0.000000;0.000000;0.000000;0.000000;2.000000;-144.885391;-242.453186;1970.152832;0.296665;0.000000;0.000000;0.000000;0.000000;2.000000;-36.650917;-251.789551;1968.508301;0.234134;0.000000;0.000000;0.000000;0.000000;2.000000;-70.273674;-307.927399;2006.474487;0.221062;0.000000;0.000000;0.000000;0.000000;1.000000;92.936447;-155.389496;1994.162964;0.052590;0.000000;0.000000;0.000000;0.000000;2.000000;228.748001;-41.631805;1624.938599;0.226035;0.000000;0.000000;0.000000;0.000000;2.000000;259.288879;346.879517;1588.808105;0.044631;0.000000;0.000000;0.000000;0.000000;2.000000;298.823151;429.397522;1420.422119;0.121020;0.000000;0.000000;0.000000;0.000000;2.000000;-83.804886;-145.140076;2005.263550;0.047422;0.000000;0.000000;0.000000;0.000000;2.000000;-313.175598;-29.147736;1687.008789;0.147986;0.000000;0.000000;0.000000;0.000000;2.000000;-389.249542;357.315674;1722.753906;0.196357;0.000000;0.000000;0.000000;0.000000;2.000000;-447.901886;426.800659;1571.690308;0.164895;0.000000;0.000000;0.000000;0.000000;2.000000;-37.904861;-697.520874;2298.780762;0.238411;0.000000;0.000000;0.000000;0.000000;2.000000;-2.631810;-747.065186;2146.066895;0.173721;0.000000;0.000000;0.000000;0.000000;2.000000;8.901199;-783.547607;2188.663086;0.197585;0.000000;0.000000;0.000000;0.000000;2.000000;37.532585;-772.008423;2314.618164;0.224462;0.000000;0.000000;0.000000;0.000000;2.000000;-40.654701;-774.373108;2170.757813;0.223601;0.000000;0.000000;0.000000;0.000000;2.000000;-125.870499;-754.355530;2272.253906;0.309997;0.000000;0.000000;0.000000;0.000000;2.000000;9830366208.000000
0.000000;-150.000000;2000.000000;0.000000;0.000000;0.000000;0.000000;0.000000;2.000000;2.368408;-292.152100;2113.463379;0.381242;0.000000;0.000000;0.000000;0.000000;2.000000;4.070065;-407.389740;2202.141602;0.291196;0.000000;0.000000;0.000000;0.000000;2.000000;-18.791965;-610.482117;2287.163574;0.360105;0.000000;0.000000;0.000000;0.000000;2.000000;18.882713;-582.106567;2270.644531;0.355034;0.000000;0.000000;0.000000;0.000000;2.000000;163.947906;-595.620300;2266.563965;0.359393;0.000000;0.000000;0.000000;0.000000;2.000000;299.368164;-609.940796;2019.906250;0.364976;0.000000;0.000000;0.000000;0.000000;2.000000;118.762703;-751.105347;2078.003174;0.455447;0.000000;0.000000;0.000000;0.000000;2.000000;73.422356;-812.787720;2139.471680;0.403530;0.000000;0.000000;0.000000;0.000000;2.000000;-31.830265;-834.349731;2163.849121;0.326531;0.000000;0.000000;0.000000;0.000000;2.000000;10.074541;-798.013550;2165.638672;0.334531;0.000000;0.000000;0.000000;0.000000;2.000000;-48.470367;-570.975586;2277.538086;0.342202;0.000000;0.000000;0.000000;0.000000;2.000000;-177.876312;-538.969666;2291.973633;0.284583;0.000000;0.000000;0.000000;0.000000;2.000000;-286.132782;-273.097046;2289.127197;0.300246;0.000000;0.000000;0.000000;0.000000;2.000000;-183.375122;-240.400879;2075.310547;0.507980;0.000000;0.000000;0.000000;0.000000;2.000000;-141.478714;-237.162201;1978.311646;0.304915;0.000000;0.000000;0.000000;0.000000;2.000000;-33.675735;-247.216675;1976.321289;0.281996;0.000000;0.000000;0.000000;0.000000;2.000000;-63.694111;-303.598633;2012.828735;0.299466;0.000000;0.000000;0.000000;0.000000;1.000000;92.703880;-153.347748;1993.870728;0.061424;0.000000;0.000000;0.000000;0.000000;2.000000;232.155273;-32.827179;1629.684570;0.312698;0.000000;0.000000;0.000000;0.000000;2.000000;263.129517;354.260376;1592.666016;0.271402;0.000000;0.000000;0.000000;0.000000;2.000000;303.930847;432.907410;1423.452759;0.204153;0.000000;0.000000;0.000000;0.000000;2.000000;-83.595169;-146.981186;2005.526978;0.055387;0.000000;0.000000;0.000000;0.000000;2.000000;-307.034851;-22.560974;1687.975098;0.268020;0.000000;0.000000;0.000000;0.000000;2.000000;-384.255981;362.127197;1725.879517;0.225092;0.000000;0.000000;0.000000;0.000000;2.000000;-440.992249;431.211060;1574.580566;0.257216;0.000000;0.000000;0.000000;0.000000;2.000000;-29.389053;-690.873047;2306.177246;0.387452;0.000000;0.000000;0.000000;0.000000;2.000000;-2.339508;-743.195557;2153.297119;0.242833;0.000000;0.000000;0.000000;0.000000;2.000000;11.785331;-778.578003;2195.785889;0.270818;0.000000;0.000000;0.000000;0.000000;2.000000;47.152187;-764.248047;2319.277588;0.390883;0.000000;0.000000;0.000000;0.000000;2.000000;-38.592621;-770.150024;2180.532227;0.320950;0.000000;0.000000;0.000000;0.000000;2.000000;-117.938271;-748.663086;2285.830078;0.494861;0.000000;0.000000;0.000000;0.000000;2.000000;9830400000.000000
0.000000;-150.000000;2000.000000;0.000000;0.000000;0.000000;0.000000;0.000000;2.000000;3.981003;-294.206299;2110.941650;0.107432;0.000000;0.000000;0.000000;0.000000;2.000000;7.361613;-408.485107;2200.920898;0.108828;0.000000;0.000000;0.000000;0.000000;2.000000;-16.925934;-611.623169;2285.721924;0.077522;0.000000;0.000000;0.000000;0.000000;2.000000;20.980637;-583.426208;2269.353760;0.082695;0.000000;0.000000;0.000000;0.000000;2.000000;166.041046;-597.958801;2266.129639;0.093760;0.000000;0.000000;0.000000;0.000000;2.000000;297.729858;-609.730713;2017.169067;0.094606;0.000000;0.000000;0.000000;0.000000;2.000000;119.287514;-752.715942;2077.911621;0.050202;0.000000;0.000000;0.000000;0.000000;2.000000;76.792145;-814.014160;2141.825684;0.126942;0.000000;0.000000;0.000000;0.000000;2.000000;-29.548126;-835.274048;2161.549072;0.099709;0.000000;0.000000;0.000000;0.000000;2.000000;9.755339;-801.349976;2163.520508;0.117332;0.000000;0.000000;0.000000;0.000000;2.000000;-46.367680;-571.926636;2276.021484;0.081720;0.000000;0.000000;0.000000;0.000000;2.000000;-175.547852;-538.468201;2289.783691;0.095750;0.000000;0.000000;0.000000;0.000000;2.000000;-287.647766;-274.058167;2285.541992;0.118640;0.000000;0.000000;0.000000;0.000000;2.000000;-189.694290;-241.863937;2069.275879;0.262176;0.000000;0.000000;0.000000;0.000000;2.000000;-141.533386;-237.599792;1975.212646;0.092632;0.000000;0.000000;0.000000;0.000000;2.000000;-33.647190;-247.521637;1974.749268;0.047395;0.000000;0.000000;0.000000;0.000000;2.000000;-70.286819;-285.323181;1999.797974;0.692280;0.000000;0.000000;0.000000;0.000000;2.000000;92.313126;-155.230270;1989.888916;0.130850;0.000000;0.000000;0.000000;0.000000;2.000000;233.823639;-33.408875;1626.705811;0.102490;0.000000;0.000000;0.000000;0.000000;2.000000;264.761444;354.032074;1591.366211;0.062108;0.000000;0.000000;0.000000;0.000000;2.000000;305.188416;434.092377;1422.620239;0.056759;0.000000;0.000000;0.000000;0.000000;2.000000;-83.242805;-145.283630;2009.117676;0.117997;0.000000;0.000000;0.000000;0.000000;2.000000;-307.322083;-26.589630;1689.572754;0.128533;0.000000;0.000000;0.000000;0.000000;2.000000;-383.198273;358.582306;1727.299805;0.117265;0.000000;0.000000;0.000000;0.000000;2.000000;-441.592438;427.043854;1576.248535;0.134013;0.000000;0.000000;0.000000;0.000000;2.000000;-28.036022;-692.010986;2304.635742;0.069413;0.000000;0.000000;0.000000;0.000000;2.000000;-2.473858;-743.633789;2151.176270;0.064211;0.000000;0.000000;0.000000;0.000000;2.000000;12.798588;-778.913391;2193.390625;0.077601;0.000000;0.000000;0.000000;0.000000;2.000000;49.790245;-764.322754;2316.441406;0.114646;0.000000;0.000000;0.000000;0.000000;2.000000;-37.941566;-771.186340;2178.893066;0.060536;0.000000;0.000000;0.000000;0.000000;2.000000;-116.067352;-751.074463;2285.450684;0.091014;0.000000;0.000000;0.000000;0.000000;2.000000;9830433792.000000
0.000000;-150.000000;2000.000000;0.000000;0.000000;0.000000;0.000000;0.000000;2.000000;4.383904;-294.239746;2111.022217;0.012580;0.000000;0.000000;0.000000;0.000000;2.000000;7.875514;-409.628082;2199.681152;0.053796;0.000000;0.000000;0.000000;0.000000;2.000000;-16.258776;-612.912964;2284.443848;0.059035;0.000000;0.000000;0.000000;0.000000;2.000000;21.613098;-584.752625;2267.862549;0.063891;0.000000;0.000000;0.000000;0.000000;2.000000;166.931717;-596.558105;2262.656738;0.117468;0.000000;0.000000;0.000000;0.000000;2.000000;302.288849;-608.201233;2015.515259;0.155187;0.000000;0.000000;0.000000;0.000000;2.000000;123.891922;-752.125854;2074.579590;0.174381;0.000000;0.000000;0.000000;0.000000;2.000000;81.059631;-813.066528;2138.680908;0.164340;0.000000;0.000000;0.000000;0.000000;2.000000;-25.813915;-834.808533;2154.987793;0.230830;0.000000;0.000000;0.000000;0.000000;2.000000;13.295397;-803.838867;2156.207031;0.259334;0.000000;0.000000;0.000000;0.000000;2.000000;-45.702637;-573.134033;2274.968262;0.052940;0.000000;0.000000;0.000000;0.000000;2.000000;-174.914429;-538.847229;2286.880859;0.091407;0.000000;0.000000;0.000000;0.000000;2.000000;-285.383179;-273.596527;2283.311523;0.098020;0.000000;0.000000;0.000000;0.000000;2.000000;-185.782410;-247.280670;2066.879150;0.216628;0.000000;0.000000;0.000000;0.000000;2.000000;-139.504944;-237.993958;1972.178711;0.112024;0.000000;0.000000;0.000000;0.000000;2.000000;-31.592161;-248.015945;1970.325073;0.149633;0.000000;0.000000;0.000000;0.000000;2.000000;-66.209068;-285.504089;1994.972900;0.192870;0.000000;0.000000;0.000000;0.000000;1.000000;92.510910;-154.215042;1990.870850;0.043524;0.000000;0.000000;0.000000;0.000000;2.000000;237.622452;-36.091034;1627.672974;0.144952;0.000000;0.000000;0.000000;0.000000;2.000000;265.286194;351.480499;1589.180420;0.103776;0.000000;0.000000;0.000000;0.000000;2.000000;307.053894;434.503571;1422.099854;0.060421;0.000000;0.000000;0.000000;0.000000;2.000000;-83.421158;-146.199097;2008.232056;0.039251;0.000000;0.000000;0.000000;0.000000;2.000000;-305.341095;-31.518646;1685.487549;0.204510;0.000000;0.000000;0.000000;0.000000;2.000000;-378.753021;354.950653;1716.069458;0.384897;0.000000;0.000000;0.000000;0.000000;2.000000;-438.666077;429.765594;1568.572510;0.264101;0.000000;0.000000;0.000000;0.000000;2.000000;-27.400652;-693.339600;2303.345215;0.059758;0.000000;0.000000;0.000000;0.000000;2.000000;-0.321456;-738.155640;2147.937988;0.205012;0.000000;0.000000;0.000000;0.000000;2.000000;14.599964;-775.266357;2188.719238;0.189031;0.000000;0.000000;0.000000;0.000000;2.000000;50.430229;-766.078064;2312.695801;0.127738;0.000000;0.000000;0.000000;0.000000;2.000000;-36.033775;-766.941589;2174.089844;0.204100;0.000000;0.000000;0.000000;0.000000;2.000000;-115.220291;-751.592529;2280.735107;0.147064;0.000000;0.000000;0.000000;0.000000;2.000000;9830466560.000000
0.000000;-150.000015;2000.000000;0.000000;0.000000;0.000000;0.000000;0.000000;2.000000;0.175668;-293.820343;2111.237305;0.125312;0.000000;0.000000;0.000000;0.000000;2.000000;0.210852;-409.754883;2198.914551;0.227981;0.000000;0.000000;0.000000;0.000000;2.000000;-23.442713;-612.743652;2283.717041;0.213737;0.000000;0.000000;0.000000;0.000000;2.000000;14.323821;-584.524841;2267.205078;0.216691;0.000000;0.000000;0.000000;0.000000;2.000000;159.440033;-596.449829;2262.322266;0.221944;0.000000;0.000000;0.000000;0.000000;2.000000;296.675201;-600.327637;2016.423096;0.287417;0.000000;0.000000;0.000000;0.000000;2.000000;120.814186;-746.653137;2075.872803;0.189707;0.000000;0.000000;0.000000;0.000000;2.000000;83.169250;-817.633179;2132.221680;0.242275;0.000000;0.000000;0.000000;0.000000;2.000000;-22.669336;-834.251282;2157.692871;0.123853;0.000000;0.000000;0.000000;0.000000;2.000000;19.062363;-805.438721;2164.977539;0.314213;0.000000;0.000000;0.000000;0.000000;2.000000;-52.946873;-573.118774;2274.156738;0.215719;0.000000;0.000000;0.000000;0.000000;2.000000;-181.611664;-538.147217;2287.773926;0.201015;0.000000;0.000000;0.000000;0.000000;2.000000;-289.305603;-272.186523;2284.418457;0.127623;0.000000;0.000000;0.000000;0.000000;2.000000;-194.821320;-240.061066;2066.848389;0.342338;0.000000;0.000000;0.000000;0.000000;2.000000;-148.738007;-237.101074;1971.809082;0.274725;0.000000;0.000000;0.000000;0.000000;2.000000;-40.965611;-247.101929;1973.015625;0.289852;0.000000;0.000000;0.000000;0.000000;2.000000;-75.079605;-284.415375;1998.324097;0.282456;0.000000;0.000000;0.000000;0.000000;1.000000;92.719559;-153.718704;1995.045532;0.124564;0.000000;0.000000;0.000000;0.000000;2.000000;233.588547;-31.835938;1632.058594;0.216679;0.000000;0.000000;0.000000;0.000000;2.000000;262.748138;355.093689;1593.721191;0.187431;0.000000;0.000000;0.000000;0.000000;2.000000;301.438751;429.812622;1422.339355;0.216639;0.000000;0.000000;0.000000;0.000000;2.000000;-83.609299;-146.646698;2004.467529;0.112326;0.000000;0.000000;0.000000;0.000000;2.000000;-313.535156;-25.866516;1690.386475;0.328318;0.000000;0.000000;0.000000;0.000000;2.000000;-383.869415;360.551697;1721.758301;0.280605;0.000000;0.000000;0.000000;0.000000;2.000000;-443.277405;430.076721;1571.781250;0.166503;0.000000;0.000000;0.000000;0.000000;2.000000;-34.363335;-693.072632;2302.651367;0.207217;0.000000;0.000000;0.000000;0.000000;2.000000;-5.596741;-738.244385;2147.892334;0.156138;0.000000;0.000000;0.000000;0.000000;2.000000;10.015435;-774.650146;2188.938477;0.137043;0.000000;0.000000;0.000000;0.000000;2.000000;45.038967;-763.755310;2312.819824;0.173759;0.000000;0.000000;0.000000;0.000000;2.000000;-40.670162;-767.655884;2174.064453;0.138824;0.000000;0.000000;0.000000;0.000000;2.000000;-120.543282;-753.489990;2280.126953;0.168197;0.000000;0.000000;0.000000;0.000000;2.000000;9830500352.000000
0.000000;-150.000000;2000.000000;0.000000;0.000000;0.000000;0.000000;0.000000;2.000000;-0.411633;-293.883545;2110.889404;0.020921;0.000000;0.000000;0.000000;0.000000;2.000000;-0.822121;-410.271851;2197.746094;0.050142;0.000000;0.000000;0.000000;0.000000;2.000000;-23.646915;-611.492737;2286.387451;0.090208;0.000000;0.000000;0.000000;0.000000;2.000000;13.977807;-583.460144;2269.376465;0.074554;0.000000;0.000000;0.000000;0.000000;2.000000;159.082809;-593.861572;2264.551758;0.104819;0.000000;0.000000;0.000000;0.000000;2.000000;297.158447;-597.982544;2019.415894;0.116966;0.000000;0.000000;0.000000;0.000000;2.000000;122.307838;-745.667114;2077.634766;0.076646;0.000000;0.000000;0.000000;0.000000;2.000000;87.984001;-818.327026;2133.810547;0.156171;0.000000;0.000000;0.000000;0.000000;2.000000;-17.342016;-835.458984;2160.607422;0.188947;0.000000;0.000000;0.000000;0.000000;2.000000;24.558968;-806.250549;2170.325195;0.235340;0.000000;0.000000;0.000000;0.000000;2.000000;-53.288742;-572.226746;2276.040527;0.064458;0.000000;0.000000;0.000000;0.000000;2.000000;-182.347855;-539.042908;2289.217285;0.056499;0.000000;0.000000;0.000000;0.000000;2.000000;-289.862579;-273.271362;2287.314941;0.095908;0.000000;0.000000;0.000000;0.000000;2.000000;-196.016159;-243.766266;2069.333008;0.140942;0.000000;0.000000;0.000000;0.000000;2.000000;-149.927017;-237.365082;1974.571289;0.092127;0.000000;0.000000;0.000000;0.000000;2.000000;-42.216652;-247.006989;1975.567871;0.086791;0.000000;0.000000;0.000000;0.000000;2.000000;-75.329727;-284.525635;2000.737915;0.074135;0.000000;0.000000;0.000000;0.000000;1.000000;92.782478;-152.215393;1997.469849;0.087075;0.000000;0.000000;0.000000;0.000000;2.000000;232.584030;-35.449463;1632.800903;0.116678;0.000000;0.000000;0.000000;0.000000;2.000000;261.139282;350.967224;1592.423340;0.140846;0.000000;0.000000;0.000000;0.000000;2.000000;302.045959;431.723083;1424.519287;0.090379;0.000000;0.000000;0.000000;0.000000;2.000000;-83.666039;-148.002289;2002.281494;0.078517;0.000000;0.000000;0.000000;0.000000;2.000000;-313.925781;-24.604980;1689.938477;0.042558;0.000000;0.000000;0.000000;0.000000;2.000000;-386.768951;360.903442;1722.350098;0.090947;0.000000;0.000000;0.000000;0.000000;2.000000;-445.642120;431.192017;1572.701782;0.084590;0.000000;0.000000;0.000000;0.000000;2.000000;-34.224251;-691.413574;2306.855469;0.137993;0.000000;0.000000;0.000000;0.000000;2.000000;-5.804941;-734.273438;2151.530273;0.164474;0.000000;0.000000;0.000000;0.000000;2.000000;9.429502;-771.456177;2191.946289;0.135078;0.000000;0.000000;0.000000;0.000000;2.000000;44.442787;-762.923035;2315.895508;0.098926;0.000000;0.000000;0.000000;0.000000;2.000000;-41.134521;-763.756348;2177.177734;0.152937;0.000000;0.000000;0.000000;0.000000;2.000000;-120.868896;-750.599182;2283.324463;0.131922;0.000000;0.000000;0.000000;0.000000;2.000000;9830533120.000000
0.000000;-150.000000;2000.000000;0.000000;0.000000;0.000000;0.000000;0.000000;2.000000;1.655626;-293.050537;2111.274902;0.066935;0.000000;0.000000;0.000000;0.000000;2.000000;2.799805;-408.875885;2198.322266;0.116127;0.000000;0.000000;0.000000;0.000000;2.000000;-22.974842;-609.914795;2285.291992;0.060224;0.000000;0.000000;0.000000;0.000000;2.000000;14.985476;-582.366211;2268.573242;0.050022;0.000000;0.000000;0.000000;0.000000;2.000000;159.226181;-598.887512;2265.148926;0.149838;0.000000;0.000000;0.000000;0.000000;2.000000;294.753540;-595.810974;2019.314819;0.095935;0.000000;0.000000;0.000000;0.000000;2.000000;121.722237;-745.175720;2076.483398;0.040899;0.000000;0.000000;0.000000;0.000000;2.000000;87.367615;-817.537720;2132.634033;0.045722;0.000000;0.000000;0.000000;0.000000;2.000000;-16.532660;-836.264404;2162.697998;0.070492;0.000000;0.000000;0.000000;0.000000;2.000000;32.476410;-806.678955;2176.578125;0.298827;0.000000;0.000000;0.000000;0.000000;2.000000;-51.969967;-570.246887;2275.207275;0.074591;0.000000;0.000000;0.000000;0.000000;2.000000;-180.647232;-537.512939;2290.030273;0.071843;0.000000;0.000000;0.000000;0.000000;2.000000;-291.321045;-273.764099;2286.929199;0.046965;0.000000;0.000000;0.000000;0.000000;2.000000;-196.591644;-244.520538;2069.895508;0.032640;0.000000;0.000000;0.000000;0.000000;2.000000;-150.762390;-237.853729;1975.295044;0.035763;0.000000;0.000000;0.000000;0.000000;2.000000;-43.295986;-247.454193;1976.194946;0.039239;0.000000;0.000000;0.000000;0.000000;2.000000;-76.175423;-284.848663;2001.304443;0.031603;0.000000;0.000000;0.000000;0.000000;1.000000;92.371361;-153.557037;1994.052979;0.109309;0.000000;0.000000;0.000000;0.000000;2.000000;230.524811;-35.342102;1630.265381;0.096714;0.000000;0.000000;0.000000;0.000000;2.000000;259.961334;350.364258;1592.398193;0.039167;0.000000;0.000000;0.000000;0.000000;2.000000;300.839569;431.782654;1425.304443;0.042632;0.000000;0.000000;0.000000;0.000000;2.000000;-83.295319;-146.792465;2005.362915;0.098577;0.000000;0.000000;0.000000;0.000000;2.000000;-315.050415;-27.987274;1693.559082;0.150352;0.000000;0.000000;0.000000;0.000000;2.000000;-379.933990;358.544373;1719.020996;0.235565;0.000000;0.000000;0.000000;0.000000;2.000000;-446.704010;430.822815;1574.183472;0.055040;0.000000;0.000000;0.000000;0.000000;2.000000;-34.697971;-689.636963;2305.127930;0.074660;0.000000;0.000000;0.000000;0.000000;2.000000;-6.944865;-737.623779;2151.585938;0.104741;0.000000;0.000000;0.000000;0.000000;2.000000;8.668519;-773.215454;2193.091309;0.066074;0.000000;0.000000;0.000000;0.000000;2.000000;44.216785;-760.219360;2316.190430;0.080761;0.000000;0.000000;0.000000;0.000000;2.000000;-41.898281;-766.311523;2178.377441;0.086538;0.000000;0.000000;0.000000;0.000000;2.000000;-120.951538;-749.914429;2284.198975;0.032960;0.000000;0.000000;0.000000;0.000000;2.000000;9830566912.000000
0.000000;-149.999985;2000.000000;0.000000;0.000000;0.000000;0.000000;0.000000;2.000000;1.569090;-296.624664;2109.051270;0.128487;0.000000;0.000000;0.000000;0.000000;2.000000;2.925929;-413.265228;2197.003906;0.139917;0.000000;0.000000;0.000000;0.000000;2.000000;-22.595354;-616.229736;2284.216797;0.195833;0.000000;0.000000;0.000000;0.000000;2.000000;15.567499;-588.460938;2267.097656;0.192192;0.000000;0.000000;0.000000;0.000000;2.000000;161.188095;-602.635376;2261.282227;0.174903;0.000000;0.000000;0.000000;0.000000;2.000000;296.098328;-596.859253;2012.514526;0.213953;0.000000;0.000000;0.000000;0.000000;2.000000;117.781082;-742.997803;2069.836670;0.245007;0.000000;0.000000;0.000000;0.000000;2.000000;84.526367;-819.760132;2122.084473;0.340247;0.000000;0.000000;0.000000;0.000000;2.000000;-18.119205;-838.152954;2159.170654;0.131353;0.000000;0.000000;0.000000;0.000000;2.000000;44.669651;-812.846741;2178.935059;0.423163;0.000000;0.000000;0.000000;0.000000;2.000000;-51.853237;-576.146973;2274.466797;0.181504;0.000000;0.000000;0.000000;0.000000;2.000000;-181.410110;-541.050842;2285.806396;0.169750;0.000000;0.000000;0.000000;0.000000;2.000000;-290.954926;-274.270325;2283.003418;0.121313;0.000000;0.000000;0.000000;0.000000;2.000000;-188.228104;-246.062836;2067.297852;0.271375;0.000000;0.000000;0.000000;0.000000;2.000000;-150.257370;-239.721115;1968.322388;0.220826;0.000000;0.000000;0.000000;0.000000;2.000000;-41.949429;-249.570023;1971.082886;0.173771;0.000000;0.000000;0.000000;0.000000;2.000000;-70.744545;-287.266235;1991.119629;0.359887;0.000000;0.000000;0.000000;0.000000;1.000000;92.870247;-155.249237;1991.605957;0.092062;0.000000;0.000000;0.000000;0.000000;2.000000;229.625427;-38.998260;1622.917114;0.251975;0.000000;0.000000;0.000000;0.000000;2.000000;255.862930;350.452881;1588.039551;0.182603;0.000000;0.000000;0.000000;0.000000;2.000000;300.997009;429.945557;1419.322998;0.191015;0.000000;0.000000;0.000000;0.000000;2.000000;-83.745178;-145.266495;2007.569336;0.083013;0.000000;0.000000;0.000000;0.000000;2.000000;-306.995239;-29.350006;1684.291260;0.377032;0.000000;0.000000;0.000000;0.000000;2.000000;-389.143280;356.272827;1721.330322;0.297924;0.000000;0.000000;0.000000;0.000000;2.000000;-446.460907;425.443481;1569.345825;0.220908;0.000000;0.000000;0.000000;0.000000;2.000000;-34.369732;-696.660400;2304.043457;0.217110;0.000000;0.000000;0.000000;0.000000;2.000000;-10.882768;-735.955322;2145.946289;0.216000;0.000000;0.000000;0.000000;0.000000;2.000000;7.393916;-773.522888;2185.208984;0.243855;0.000000;0.000000;0.000000;0.000000;2.000000;47.482475;-765.945068;2308.483887;0.309478;0.000000;0.000000;0.000000;0.000000;2.000000;-44.282127;-767.290527;2172.610107;0.192777;0.000000;0.000000;0.000000;0.000000;2.000000;-120.363716;-758.767944;2282.834473;0.273966;0.000000;0.000000;0.000000;0.000000;2.000000;9830599680.000000
0.000000;-149.999985;2000.000000;0.000000;0.000000;0.000000;0.000000;0.000000;2.000000;1.892390;-297.393799;2107.113281;0.062439;0.000000;0.000000;0.000000;0.000000;2.000000;3.977975;-412.427826;2196.459717;0.042927;0.000000;0.000000;0.000000;0.000000;2.000000;-21.501247;-614.838379;2283.344238;0.058398;0.000000;0.000000;0.000000;0.000000;2.000000;16.553551;-587.156006;2266.267090;0.054285;0.000000;0.000000;0.000000;0.000000;2.000000;161.656204;-602.410706;2260.833496;0.020309;0.000000;0.000000;0.000000;0.000000;2.000000;294.209381;-593.845703;2011.803467;0.107333;0.000000;0.000000;0.000000;0.000000;2.000000;118.361816;-743.045898;2065.953857;0.116190;0.000000;0.000000;0.000000;0.000000;2.000000;81.591438;-815.880371;2120.866699;0.148405;0.000000;0.000000;0.000000;0.000000;2.000000;-19.284901;-838.391663;2159.553711;0.036992;0.000000;0.000000;0.000000;0.000000;2.000000;44.135952;-811.072021;2173.444580;0.171485;0.000000;0.000000;0.000000;0.000000;2.000000;-50.665039;-574.855591;2273.655029;0.057218;0.000000;0.000000;0.000000;0.000000;2.000000;-180.273407;-540.857361;2282.979004;0.090361;0.000000;0.000000;0.000000;0.000000;2.000000;-291.931061;-275.838928;2282.760498;0.055144;0.000000;0.000000;0.000000;0.000000;2.000000;-190.301041;-245.824997;2067.550049;0.062196;0.000000;0.000000;0.000000;0.000000;2.000000;-150.177185;-239.398010;1969.763672;0.043775;0.000000;0.000000;0.000000;0.000000;2.000000;-42.174252;-249.455688;1970.988770;0.007967;0.000000;0.000000;0.000000;0.000000;2.000000;-72.698257;-287.009186;1992.666992;0.074144;0.000000;0.000000;0.000000;0.000000;1.000000;92.423019;-155.923386;1990.216309;0.047585;0.000000;0.000000;0.000000;0.000000;2.000000;230.185822;-35.402069;1624.595703;0.118609;0.000000;0.000000;0.000000;0.000000;2.000000;264.129913;352.262207;1589.104736;0.252410;0.000000;0.000000;0.000000;0.000000;2.000000;301.227905;430.720398;1418.581787;0.032459;0.000000;0.000000;0.000000;0.000000;2.000000;-83.341888;-144.658585;2008.822510;0.042911;0.000000;0.000000;0.000000;0.000000;2.000000;-310.434021;-35.868469;1687.237793;0.234881;0.000000;0.000000;0.000000;0.000000;2.000000;-383.564575;351.170593;1715.122803;0.289478;0.000000;0.000000;0.000000;0.000000;2.000000;-446.938263;428.087646;1570.009521;0.081903;0.000000;0.000000;0.000000;0.000000;2.000000;-33.261669;-695.042358;2303.083984;0.064608;0.000000;0.000000;0.000000;0.000000;2.000000;-6.672167;-740.092163;2147.525391;0.180822;0.000000;0.000000;0.000000;0.000000;2.000000;8.681273;-777.049438;2188.348145;0.144818;0.000000;0.000000;0.000000;0.000000;2.000000;45.101097;-767.358032;2312.219482;0.137605;0.000000;0.000000;0.000000;0.000000;2.000000;-42.111938;-769.048950;2173.940918;0.091560;0.000000;0.000000;0.000000;0.000000;2.000000;-120.917160;-753.906372;2281.027344;0.154357;0.000000;0.000000;0.000000;0.000000;2.000000;9830633472.000000
0.000000;-150.000000;2000.000000;0.000000;0.000000;0.000000;0.000000;0.000000;2.000000;1.930562;-297.334290;2107.100586;0.002192;0.000000;0.000000;0.000000;0.000000;2.000000;4.039995;-412.347198;2196.401611;0.003575;0.000000;0.000000;0.000000;0.000000;2.000000;-21.256588;-614.799133;2283.071777;0.011239;0.000000;0.000000;0.000000;0.000000;2.000000;16.762836;-587.076111;2266.026123;0.010041;0.000000;0.000000;0.000000;0.000000;2.000000;161.854416;-602.003052;2260.573242;0.015951;0.000000;0.000000;0.000000;0.000000;2.000000;294.741577;-592.079102;2011.868896;0.056341;0.000000;0.000000;0.000000;0.000000;2.000000;119.222908;-741.942932;2064.929199;0.052928;0.000000;0.000000;0.000000;0.000000;2.000000;82.645187;-815.197510;2119.356445;0.059939;0.000000;0.000000;0.000000;0.000000;2.000000;-18.083300;-838.373291;2157.940674;0.061386;0.000000;0.000000;0.000000;0.000000;2.000000;45.234802;-810.677979;2172.105957;0.054203;0.000000;0.000000;0.000000;0.000000;2.000000;-50.446213;-574.844849;2273.421875;0.009764;0.000000;0.000000;0.000000;0.000000;2.000000;-180.040619;-540.977905;2282.831543;0.009179;0.000000;0.000000;0.000000;0.000000;2.000000;-291.734924;-276.069458;2283.050293;0.012788;0.000000;0.000000;0.000000;0.000000;2.000000;-190.353867;-245.778107;2067.842285;0.009175;0.000000;0.000000;0.000000;0.000000;2.000000;-150.356522;-239.247864;1970.045654;0.011180;0.000000;0.000000;0.000000;0.000000;2.000000;-42.385578;-249.310822;1971.130615;0.008937;0.000000;0.000000;0.000000;0.000000;2.000000;-72.870941;-286.900177;1992.810791;0.007622;0.000000;0.000000;0.000000;0.000000;1.000000;92.397804;-155.892731;1990.228149;0.001264;0.000000;0.000000;0.000000;0.000000;2.000000;229.970825;-35.487274;1624.636230;0.007165;0.000000;0.000000;0.000000;0.000000;2.000000;263.837799;352.046997;1588.955322;0.011975;0.000000;0.000000;0.000000;0.000000;2.000000;300.908142;430.427002;1418.455322;0.013795;0.000000;0.000000;0.000000;0.000000;2.000000;-83.319168;-144.686279;2008.811890;0.001140;0.000000;0.000000;0.000000;0.000000;2.000000;-309.924164;-36.438141;1686.858154;0.026049;0.000000;0.000000;0.000000;0.000000;2.000000;-383.607605;350.409363;1714.248291;0.035407;0.000000;0.000000;0.000000;0.000000;2.000000;-447.003723;426.894165;1568.981323;0.048116;0.000000;0.000000;0.000000;0.000000;2.000000;-32.943890;-695.007324;2302.730469;0.014546;0.000000;0.000000;0.000000;0.000000;2.000000;-6.367519;-739.162354;2146.965820;0.034398;0.000000;0.000000;0.000000;0.000000;2.000000;9.001822;-776.330017;2187.566406;0.033865;0.000000;0.000000;0.000000;0.000000;2.000000;45.424980;-767.320068;2311.447266;0.025581;0.000000;0.000000;0.000000;0.000000;2.000000;-41.781265;-768.271606;2173.216309;0.033965;0.000000;0.000000;0.000000;0.000000;2.000000;-120.552872;-753.763794;2280.364746;0.023482;0.000000;0.000000;0.000000;0.000000;2.000000;9830666240.000000
0.000000;-150.000000;2000.000000;0.000000;0.000000;0.000000;0.000000;0.000000;2.000000;-0.456180;-295.294006;2108.374512;0.100276;0.000000;0.000000;0.000000;0.000000;2.000000;-0.801964;-410.882507;2195.769531;0.150864;0.000000;0.000000;0.000000;0.000000;2.000000;-26.317623;-611.595581;2283.626465;0.178011;0.000000;0.000000;0.000000;0.000000;2.000000;11.673566;-583.866455;2267.263184;0.181780;0.000000;0.000000;0.000000;0.000000;2.000000;156.309326;-596.894287;2264.911377;0.257418;0.000000;0.000000;0.000000;0.000000;2.000000;287.859589;-592.776306;2016.906006;0.253222;0.000000;0.000000;0.000000;0.000000;2.000000;107.660049;-736.690674;2065.352539;0.376033;0.000000;0.000000;0.000000;0.000000;2.000000;68.902527;-811.930298;2114.427246;0.442739;0.000000;0.000000;0.000000;0.000000;2.000000;-25.584656;-841.881104;2161.625000;0.268218;0.000000;0.000000;0.000000;0.000000;2.000000;37.761662;-808.645630;2172.626465;0.229700;0.000000;0.000000;0.000000;0.000000;2.000000;-55.461842;-572.200623;2272.894287;0.168515;0.000000;0.000000;0.000000;0.000000;2.000000;-184.539566;-539.463257;2283.860352;0.143740;0.000000;0.000000;0.000000;0.000000;2.000000;-290.535217;-273.761200;2286.572021;0.129568;0.000000;0.000000;0.000000;0.000000;2.000000;-197.284668;-237.202515;2069.978271;0.332362;0.000000;0.000000;0.000000;0.000000;2.000000;-158.287567;-238.050415;1972.126343;0.245218;0.000000;0.000000;0.000000;0.000000;2.000000;-50.775658;-247.300949;1972.596802;0.258971;0.000000;0.000000;0.000000;0.000000;2.000000;-82.177063;-284.826202;1995.996826;0.297487;0.000000;0.000000;0.000000;0.000000;1.000000;92.622406;-151.295456;1998.653076;0.284098;0.000000;0.000000;0.000000;0.000000;2.000000;222.361893;-32.133148;1632.036743;0.329417;0.000000;0.000000;0.000000;0.000000;2.000000;253.926910;352.410431;1584.778320;0.318456;0.000000;0.000000;0.000000;0.000000;2.000000;294.143951;433.807587;1417.489746;0.225595;0.000000;0.000000;0.000000;0.000000;2.000000;-83.521698;-148.831818;2001.214478;0.256191;0.000000;0.000000;0.000000;0.000000;2.000000;-323.596710;-39.499146;1692.193726;0.443672;0.000000;0.000000;0.000000;0.000000;2.000000;-384.580170;348.030243;1712.225830;0.096784;0.000000;0.000000;0.000000;0.000000;2.000000;-457.110931;431.551971;1576.466553;0.396896;0.000000;0.000000;0.000000;0.000000;2.000000;-37.734276;-691.288818;2303.793457;0.182194;0.000000;0.000000;0.000000;0.000000;2.000000;-18.343613;-734.918091;2147.669434;0.376580;0.000000;0.000000;0.000000;0.000000;2.000000;0.027475;-771.383423;2187.251953;0.303390;0.000000;0.000000;0.000000;0.000000;2.000000;42.467430;-761.149536;2308.428467;0.221325;0.000000;0.000000;0.000000;0.000000;2.000000;-51.381573;-764.731812;2175.647461;0.311226;0.000000;0.000000;0.000000;0.000000;2.000000;-124.391434;-752.083069;2286.236816;0.213480;0.000000;0.000000;0.000000;0.000000;2.000000;9830700032.000000
0.000000;-150.000000;2000.000000;0.000000;0.000000;0.000000;0.000000;0.000000;2.000000;1.589699;-300.245117;2102.550781;0.234167;0.000000;0.000000;0.000000;0.000000;2.000000;3.471010;-415.745300;2190.905029;0.239626;0.000000;0.000000;0.000000;0.000000;2.000000;-19.095261;-617.043213;2280.217285;0.286090;0.000000;0.000000;0.000000;0.000000;2.000000;18.486609;-589.130676;2262.713623;0.288174;0.000000;0.000000;0.000000;0.000000;2.000000;163.722931;-599.506104;2255.946045;0.352838;0.000000;0.000000;0.000000;0.000000;2.000000;296.912811;-592.953186;2007.720947;0.381687;0.000000;0.000000;0.000000;0.000000;2.000000;114.513107;-736.871094;2051.870117;0.447598;0.000000;0.000000;0.000000;0.000000;2.000000;72.876671;-810.244263;2102.103516;0.386422;0.000000;0.000000;0.000000;0.000000;2.000000;-16.653601;-845.108521;2156.032227;0.326138;0.000000;0.000000;0.000000;0.000000;2.000000;38.209328;-808.269897;2154.640869;0.532525;0.000000;0.000000;0.000000;0.000000;2.000000;-48.754105;-577.629456;2270.137939;0.268078;0.000000;0.000000;0.000000;0.000000;2.000000;-178.294464;-543.994629;2278.500000;0.278028;0.000000;0.000000;0.000000;0.000000;2.000000;-285.156311;-277.516235;2279.287354;0.290099;0.000000;0.000000;0.000000;0.000000;2.000000;-191.550919;-241.275513;2061.845947;0.318174;0.000000;0.000000;0.000000;0.000000;2.000000;-150.216370;-241.429596;1964.541992;0.342671;0.000000;0.000000;0.000000;0.000000;2.000000;-42.389492;-251.526062;1964.242798;0.371939;0.000000;0.000000;0.000000;0.000000;2.000000;-75.285965;-288.754272;1988.930664;0.314364;0.000000;0.000000;0.000000;0.000000;1.000000;92.690804;-153.400772;1993.580688;0.162535;0.000000;0.000000;0.000000;0.000000;2.000000;229.864136;-39.219299;1626.457031;0.347171;0.000000;0.000000;0.000000;0.000000;2.000000;263.317566;346.459351;1578.216919;0.382024;0.000000;0.000000;0.000000;0.000000;2.000000;301.542145;431.031494;1411.254883;0.297865;0.000000;0.000000;0.000000;0.000000;2.000000;-83.583366;-146.933395;2005.788574;0.146567;0.000000;0.000000;0.000000;0.000000;2.000000;-312.352692;-45.018646;1683.991821;0.443067;0.000000;0.000000;0.000000;0.000000;2.000000;-379.662445;342.833191;1705.288086;0.294929;0.000000;0.000000;0.000000;0.000000;2.000000;-448.314362;427.667480;1567.525146;0.388577;0.000000;0.000000;0.000000;0.000000;2.000000;-29.740158;-697.009766;2300.949219;0.302838;0.000000;0.000000;0.000000;0.000000;2.000000;-16.190493;-736.721619;2142.563965;0.172439;0.000000;0.000000;0.000000;0.000000;2.000000;2.451147;-774.919678;2180.651855;0.232902;0.000000;0.000000;0.000000;0.000000;2.000000;48.950871;-769.285767;2301.132080;0.376039;0.000000;0.000000;0.000000;0.000000;2.000000;-49.273872;-766.577148;2170.799072;0.165705;0.000000;0.000000;0.000000;0.000000;2.000000;-118.801384;-755.216797;2284.312012;0.198015;0.000000;0.000000;0.000000;0.000000;2.000000;9830733824.000000
0.000000;-150.000000;2000.000000;0.000000;0.000000;0.000000;0.000000;0.000000;2.000000;2.194880;-292.728302;2110.699219;0.338822;0.000000;0.000000;0.000000;0.000000;2.000000;3.379577;-409.201324;2196.065918;0.254354;0.000000;0.000000;0.000000;0.000000;2.000000;-19.526691;-608.480042;2285.985352;0.315358;0.000000;0.000000;0.000000;0.000000;2.000000;17.814589;-581.092896;2268.136719;0.296614;0.000000;0.000000;0.000000;0.000000;2.000000;161.848450;-593.401917;2260.858643;0.245867;0.000000;0.000000;0.000000;0.000000;2.000000;294.017059;-588.086548;2014.297852;0.264862;0.000000;0.000000;0.000000;0.000000;2.000000;111.814331;-730.232056;2056.091064;0.253822;0.000000;0.000000;0.000000;0.000000;2.000000;67.325844;-801.324463;2105.815918;0.340044;0.000000;0.000000;0.000000;0.000000;2.000000;-18.116028;-838.927551;2162.873779;0.284894;0.000000;0.000000;0.000000;0.000000;2.000000;27.459284;-794.095520;2156.069336;0.544649;0.000000;0.000000;0.000000;0.000000;2.000000;-48.814098;-569.206848;2276.028320;0.313664;0.000000;0.000000;0.000000;0.000000;2.000000;-177.445755;-537.437012;2289.268555;0.385639;0.000000;0.000000;0.000000;0.000000;2.000000;-285.428040;-273.598083;2286.417969;0.248435;0.000000;0.000000;0.000000;0.000000;2.000000;-189.694153;-239.078247;2071.479980;0.306835;0.000000;0.000000;0.000000;0.000000;2.000000;-150.585144;-236.772491;1974.085693;0.324273;0.000000;0.000000;0.000000;0.000000;2.000000;-43.480198;-246.345978;1975.389526;0.376583;0.000000;0.000000;0.000000;0.000000;2.000000;-73.961868;-283.779419;1997.723389;0.310942;0.000000;0.000000;0.000000;0.000000;1.000000;91.360878;-157.243088;1988.849731;0.190372;0.000000;0.000000;0.000000;0.000000;2.000000;230.465240;-32.722900;1629.057129;0.214330;0.000000;0.000000;0.000000;0.000000;2.000000;260.023407;351.260620;1587.210693;0.326968;0.000000;0.000000;0.000000;0.000000;2.000000;301.205017;437.531921;1423.376953;0.419895;0.000000;0.000000;0.000000;0.000000;2.000000;-82.384125;-143.468582;2010.054688;0.171667;0.000000;0.000000;0.000000;0.000000;2.000000;-313.991760;-47.427155;1692.113892;0.263329;0.000000;0.000000;0.000000;0.000000;2.000000;-371.090698;339.421936;1710.267456;0.319934;0.000000;0.000000;0.000000;0.000000;2.000000;-453.395233;432.012207;1587.344482;0.638319;0.000000;0.000000;0.000000;0.000000;2.000000;-30.422302;-687.709473;2307.076660;0.340522;0.000000;0.000000;0.000000;0.000000;2.000000;-11.680931;-731.709290;2151.563965;0.343183;0.000000;0.000000;0.000000;0.000000;2.000000;4.111605;-769.131958;2191.085449;0.367626;0.000000;0.000000;0.000000;0.000000;2.000000;45.460468;-761.671753;2312.372803;0.427802;0.000000;0.000000;0.000000;0.000000;2.000000;-46.532894;-759.634949;2178.944824;0.337161;0.000000;0.000000;0.000000;0.000000;2.000000;-119.792999;-743.355591;2288.338135;0.383456;0.000000;0.000000;0.000000;0.000000;2.000000;9830766592.000000
0.000000;-149.999985;2000.000000;0.000000;0.000000;0.000000;0.000000;0.000000;2.000000;2.879426;-294.625732;2109.690430;0.066741;0.000000;0.000000;0.000000;0.000000;2.000000;4.988090;-411.316376;2195.959717;0.078697;0.000000;0.000000;0.000000;0.000000;2.000000;-16.752476;-611.579590;2286.666016;0.124736;0.000000;0.000000;0.000000;0.000000;2.000000;20.596895;-583.851379;2268.671387;0.117018;0.000000;0.000000;0.000000;0.000000;2.000000;165.301758;-596.982178;2261.748535;0.149540;0.000000;0.000000;0.000000;0.000000;2.000000;300.565277;-588.173462;2015.378174;0.196416;0.000000;0.000000;0.000000;0.000000;2.000000;117.613716;-732.724548;2051.919922;0.223898;0.000000;0.000000;0.000000;0.000000;2.000000;65.027412;-801.187134;2098.272461;0.233400;0.000000;0.000000;0.000000;0.000000;2.000000;-10.287341;-843.881348;2166.055664;0.289878;0.000000;0.000000;0.000000;0.000000;2.000000;35.109032;-787.110718;2159.686523;0.324699;0.000000;0.000000;0.000000;0.000000;2.000000;-46.435291;-572.311890;2276.603027;0.116996;0.000000;0.000000;0.000000;0.000000;2.000000;-175.840195;-541.312622;2290.799316;0.132149;0.000000;0.000000;0.000000;0.000000;2.000000;-282.435150;-275.374084;2288.218994;0.115962;0.000000;0.000000;0.000000;0.000000;2.000000;-187.566345;-241.921661;2071.420410;0.105111;0.000000;0.000000;0.000000;0.000000;2.000000;-147.719360;-240.181198;1973.748169;0.132164;0.000000;0.000000;0.000000;0.000000;2.000000;-40.149479;-250.059845;1977.162842;0.156677;0.000000;0.000000;0.000000;0.000000;2.000000;-70.394272;-287.485962;1998.939331;0.156436;0.000000;0.000000;0.000000;0.000000;1.000000;92.231056;-154.882309;1991.141602;0.100716;0.000000;0.000000;0.000000;0.000000;2.000000;232.335236;-36.457977;1627.416260;0.132806;0.000000;0.000000;0.000000;0.000000;2.000000;262.592499;349.966370;1590.943970;0.139472;0.000000;0.000000;0.000000;0.000000;2.000000;303.605530;432.273315;1423.960083;0.171933;0.000000;0.000000;0.000000;0.000000;2.000000;-83.168793;-145.597351;2007.988037;0.090819;0.000000;0.000000;0.000000;0.000000;2.000000;-311.723663;-46.529449;1686.210205;0.189032;0.000000;0.000000;0.000000;0.000000;2.000000;-372.356018;340.517639;1722.174316;0.355822;0.000000;0.000000;0.000000;0.000000;2.000000;-444.638458;425.316528;1586.726318;0.326723;0.000000;0.000000;0.000000;0.000000;2.000000;-27.197899;-691.236023;2307.997559;0.144009;0.000000;0.000000;0.000000;0.000000;2.000000;-8.831340;-739.166748;2152.750488;0.238845;0.000000;0.000000;0.000000;0.000000;2.000000;6.790407;-775.974731;2193.310059;0.227207;0.000000;0.000000;0.000000;0.000000;2.000000;48.505890;-765.999634;2314.970215;0.174451;0.000000;0.000000;0.000000;0.000000;2.000000;-44.043941;-766.328369;2180.928223;0.219328;0.000000;0.000000;0.000000;0.000000;2.000000;-117.449532;-746.896851;2290.514160;0.141203;0.000000;0.000000;0.000000;0.000000;2.000000;9830800384.000000
0.000000;-150.000000;2000.000000;0.000000;0.000000;0.000000;0.000000;0.000000;2.000000;2.879269;-294.631531;2109.679199;0.000386;0.000000;0.000000;0.000000;0.000000;2.000000;4.985489;-411.339935;2195.921143;0.001382;0.000000;0.000000;0.000000;0.000000;2.000000;-16.740707;-611.641479;2286.539307;0.004318;0.000000;0.000000;0.000000;0.000000;2.000000;20.606474;-583.902527;2268.558594;0.003791;0.000000;0.000000;0.000000;0.000000;2.000000;165.310104;-597.017090;2261.619141;0.004098;0.000000;0.000000;0.000000;0.000000;2.000000;300.626007;-588.001709;2015.289063;0.006189;0.000000;0.000000;0.000000;0.000000;2.000000;117.656937;-732.582764;2051.604004;0.010650;0.000000;0.000000;0.000000;0.000000;2.000000;64.989723;-801.071289;2097.823730;0.014190;0.000000;0.000000;0.000000;0.000000;2.000000;-10.427800;-843.766418;2165.489502;0.018144;0.000000;0.000000;0.000000;0.000000;2.000000;34.975658;-787.038940;2159.188721;0.015879;0.000000;0.000000;0.000000;0.000000;2.000000;-46.426231;-572.372620;2276.492188;0.003867;0.000000;0.000000;0.000000;0.000000;2.000000;-175.833618;-541.392334;2290.690918;0.004111;0.000000;0.000000;0.000000;0.000000;2.000000;-282.459412;-275.469177;2288.208984;0.003011;0.000000;0.000000;0.000000;0.000000;2.000000;-187.572220;-241.916931;2071.437256;0.000563;0.000000;0.000000;0.000000;0.000000;2.000000;-147.713226;-240.131744;1973.771973;0.001685;0.000000;0.000000;0.000000;0.000000;2.000000;-40.143860;-249.997543;1977.196533;0.002168;0.000000;0.000000;0.000000;0.000000;2.000000;-70.386337;-287.436707;1998.953735;0.001585;0.000000;0.000000;0.000000;0.000000;1.000000;92.230408;-154.878708;1991.145264;0.000158;0.000000;0.000000;0.000000;0.000000;2.000000;232.401398;-36.401917;1627.468506;0.003090;0.000000;0.000000;0.000000;0.000000;2.000000;262.619324;350.024902;1591.042969;0.003604;0.000000;0.000000;0.000000;0.000000;2.000000;303.642120;432.326843;1424.061768;0.003680;0.000000;0.000000;0.000000;0.000000;2.000000;-83.168213;-145.600647;2007.984619;0.000146;0.000000;0.000000;0.000000;0.000000;2.000000;-311.681427;-46.536224;1686.182617;0.001553;0.000000;0.000000;0.000000;0.000000;2.000000;-372.351349;340.502197;1722.122314;0.001662;0.000000;0.000000;0.000000;0.000000;2.000000;-444.583984;425.298889;1586.649414;0.002926;0.000000;0.000000;0.000000;0.000000;2.000000;-27.179758;-691.307007;2307.836426;0.005402;0.000000;0.000000;0.000000;0.000000;2.000000;-8.715385;-739.200684;2152.591553;0.006093;0.000000;0.000000;0.000000;0.000000;2.000000;6.909112;-776.005859;2193.151367;0.006122;0.000000;0.000000;0.000000;0.000000;2.000000;48.563194;-766.026978;2314.830566;0.004682;0.000000;0.000000;0.000000;0.000000;2.000000;-43.924553;-766.387024;2180.748535;0.006823;0.000000;0.000000;0.000000;0.000000;2.000000;-117.390053;-747.016418;2290.303223;0.007619;0.000000;0.000000;0.000000;0.000000;2.000000;9830833152.000000
0.000000;-150.000000;2000.000000;0.000000;0.000000;0.000000;0.000000;0.000000;2.000000;0.629641;-300.308350;2101.990723;0.290552;0.000000;0.000000;0.000000;0.000000;2.000000;1.808964;-415.063507;2190.972656;0.205968;0.000000;0.000000;0.000000;0.000000;2.000000;-22.157097;-616.308716;2279.223145;0.302725;0.000000;0.000000;0.000000;0.000000;2.000000;15.583979;-588.577759;2261.985840;0.281185;0.000000;0.000000;0.000000;0.000000;2.000000;160.503418;-600.639771;2255.886230;0.245984;0.000000;0.000000;0.000000;0.000000;2.000000;288.907806;-591.122864;2005.715332;0.457220;0.000000;0.000000;0.000000;0.000000;2.000000;105.493507;-733.987854;2047.126343;0.385812;0.000000;0.000000;0.000000;0.000000;2.000000;48.222809;-805.769592;2081.471680;0.706886;0.000000;0.000000;0.000000;0.000000;2.000000;-26.063587;-842.803467;2153.677246;0.580603;0.000000;0.000000;0.000000;0.000000;2.000000;30.182280;-786.713684;2162.676270;0.175686;0.000000;0.000000;0.000000;0.000000;2.000000;-51.515015;-576.742798;2269.229980;0.292556;0.000000;0.000000;0.000000;0.000000;2.000000;-180.593826;-543.674927;2282.422363;0.290309;0.000000;0.000000;0.000000;0.000000;2.000000;-287.734161;-277.788727;2286.030273;0.182302;0.000000;0.000000;0.000000;0.000000;2.000000;-192.192352;-243.512253;2069.503906;0.155548;0.000000;0.000000;0.000000;0.000000;2.000000;-153.581360;-241.372803;1971.278198;0.192226;0.000000;0.000000;0.000000;0.000000;2.000000;-45.980118;-252.140793;1971.557373;0.248395;0.000000;0.000000;0.000000;0.000000;2.000000;-76.915443;-289.440613;1994.270386;0.245065;0.000000;0.000000;0.000000;0.000000;1.000000;92.586746;-153.560669;1994.180908;0.098502;0.000000;0.000000;0.000000;0.000000;2.000000;225.525299;-39.915649;1626.004150;0.232584;0.000000;0.000000;0.000000;0.000000;2.000000;259.388641;345.972656;1584.912231;0.237562;0.000000;0.000000;0.000000;0.000000;2.000000;298.089325;430.034668;1418.124756;0.249942;0.000000;0.000000;0.000000;0.000000;2.000000;-83.489540;-146.789185;2005.247314;0.088821;0.000000;0.000000;0.000000;0.000000;2.000000;-316.563263;-56.999023;1683.690430;0.349538;0.000000;0.000000;0.000000;0.000000;2.000000;-379.270599;330.098267;1718.011475;0.389251;0.000000;0.000000;0.000000;0.000000;2.000000;-445.709076;420.026978;1582.748291;0.196915;0.000000;0.000000;0.000000;0.000000;2.000000;-33.307388;-696.182434;2299.549805;0.337391;0.000000;0.000000;0.000000;0.000000;2.000000;-8.587268;-746.100830;2145.717285;0.288259;0.000000;0.000000;0.000000;0.000000;2.000000;6.298326;-782.008118;2187.392090;0.246829;0.000000;0.000000;0.000000;0.000000;2.000000;43.541771;-769.397278;2310.331055;0.223066;0.000000;0.000000;0.000000;0.000000;2.000000;-44.271446;-773.528625;2173.089355;0.310070;0.000000;0.000000;0.000000;0.000000;2.000000;-121.877892;-753.867798;2279.796143;0.394241;0.000000;0.000000;0.000000;0.000000;2.000000;9830866944.000000
0.000000;-150.000000;2000.000000;0.000000;0.000000;0.000000;0.000000;0.000000;2.000000;3.233253;-296.631622;2106.067871;0.185431;0.000000;0.000000;0.000000;0.000000;2.000000;6.115234;-412.143372;2193.174072;0.172410;0.000000;0.000000;0.000000;0.000000;2.000000;-14.599529;-612.789307;2281.653809;0.265013;0.000000;0.000000;0.000000;0.000000;2.000000;22.483311;-584.850098;2263.844727;0.245949;0.000000;0.000000;0.000000;0.000000;2.000000;166.865036;-595.887085;2255.683594;0.242417;0.000000;0.000000;0.000000;0.000000;2.000000;296.030884;-593.346558;2006.859253;0.230386;0.000000;0.000000;0.000000;0.000000;2.000000;111.994423;-732.835022;2052.083008;0.251949;0.000000;0.000000;0.000000;0.000000;2.000000;54.876846;-803.952393;2087.069824;0.271105;0.000000;0.000000;0.000000;0.000000;2.000000;-19.787565;-841.093445;2158.229980;0.242303;0.000000;0.000000;0.000000;0.000000;2.000000;36.613022;-784.982666;2167.339111;0.248101;0.000000;0.000000;0.000000;0.000000;2.000000;-44.350803;-573.626587;2272.141602;0.254441;0.000000;0.000000;0.000000;0.000000;2.000000;-173.019028;-541.348877;2286.448730;0.271246;0.000000;0.000000;0.000000;0.000000;2.000000;-281.361877;-277.026794;2287.805176;0.203204;0.000000;0.000000;0.000000;0.000000;2.000000;-186.564011;-242.377869;2071.946045;0.190409;0.000000;0.000000;0.000000;0.000000;2.000000;-146.689941;-240.028595;1974.635498;0.237508;0.000000;0.000000;0.000000;0.000000;2.000000;-39.463120;-250.511749;1976.597778;0.256294;0.000000;0.000000;0.000000;0.000000;2.000000;-70.231415;-287.834259;1999.008057;0.254785;0.000000;0.000000;0.000000;0.000000;1.000000;92.002296;-154.251770;1991.317749;0.091639;0.000000;0.000000;0.000000;0.000000;2.000000;234.844986;-41.315491;1628.263916;0.295757;0.000000;0.000000;0.000000;0.000000;2.000000;262.758179;343.614563;1586.773193;0.137761;0.000000;0.000000;0.000000;0.000000;2.000000;304.362885;431.092712;1423.245117;0.249228;0.000000;0.000000;0.000000;0.000000;2.000000;-82.962517;-146.166000;2007.829102;0.082633;0.000000;0.000000;0.000000;0.000000;2.000000;-313.534607;-53.478821;1687.115234;0.176089;0.000000;0.000000;0.000000;0.000000;2.000000;-370.508484;333.137512;1720.882080;0.296275;0.000000;0.000000;0.000000;0.000000;2.000000;-442.597870;424.156311;1590.121826;0.274828;0.000000;0.000000;0.000000;0.000000;2.000000;-24.691847;-692.453247;2302.151855;0.297300;0.000000;0.000000;0.000000;0.000000;2.000000;-2.216421;-746.224670;2149.897461;0.232569;0.000000;0.000000;0.000000;0.000000;2.000000;12.904279;-781.031372;2192.141846;0.250082;0.000000;0.000000;0.000000;0.000000;2.000000;51.571926;-765.592407;2313.833008;0.291477;0.000000;0.000000;0.000000;0.000000;2.000000;-37.603893;-772.629883;2178.282959;0.259377;0.000000;0.000000;0.000000;0.000000;2.000000;-113.522781;-749.859497;2284.995605;0.324275;0.000000;0.000000;0.000000;0.000000;2.000000;9830899712.000000
0.000000;-149.999985;2000.000000;0.000000;0.000000;0.000000;0.000000;0.000000;2.000000;2.734118;-296.667511;2104.991699;0.035122;0.000000;0.000000;0.000000;0.000000;2.000000;5.612442;-410.924835;2192.942383;0.039607;0.000000;0.000000;0.000000;0.000000;2.000000;-15.399529;-611.928833;2278.658447;0.095216;0.000000;0.000000;0.000000;0.000000;2.000000;21.618406;-583.912903;2261.306152;0.084070;0.000000;0.000000;0.000000;0.000000;2.000000;165.584000;-593.930115;2253.117676;0.102746;0.000000;0.000000;0.000000;0.000000;2.000000;292.545593;-591.908569;2004.212769;0.136316;0.000000;0.000000;0.000000;0.000000;2.000000;110.810707;-732.917236;2049.922852;0.072934;0.000000;0.000000;0.000000;0.000000;2.000000;52.955036;-802.977722;2084.915039;0.090180;0.000000;0.000000;0.000000;0.000000;2.000000;-21.086002;-840.745361;2155.830566;0.081390;0.000000;0.000000;0.000000;0.000000;2.000000;35.202766;-784.921387;2164.163574;0.102839;0.000000;0.000000;0.000000;0.000000;2.000000;-44.991413;-572.750977;2269.606934;0.081590;0.000000;0.000000;0.000000;0.000000;2.000000;-173.162781;-540.754883;2284.807129;0.051837;0.000000;0.000000;0.000000;0.000000;2.000000;-282.498779;-277.877075;2284.752441;0.099630;0.000000;0.000000;0.000000;0.000000;2.000000;-188.816010;-244.946625;2069.019043;0.133126;0.000000;0.000000;0.000000;0.000000;2.000000;-147.719635;-240.662216;1972.668945;0.068314;0.000000;0.000000;0.000000;0.000000;2.000000;-40.749748;-250.194824;1972.941528;0.115085;0.000000;0.000000;0.000000;0.000000;2.000000;-71.783775;-287.490021;1996.815308;0.080155;0.000000;0.000000;0.000000;0.000000;1.000000;91.315414;-156.239349;1988.906128;0.094689;0.000000;0.000000;0.000000;0.000000;2.000000;234.589615;-35.673584;1630.022705;0.175048;0.000000;0.000000;0.000000;0.000000;2.000000;262.606293;347.810425;1587.399902;0.125625;0.000000;0.000000;0.000000;0.000000;2.000000;302.382538;430.692261;1421.776367;0.073919;0.000000;0.000000;0.000000;0.000000;2.000000;-82.343124;-144.373657;2010.004028;0.085392;0.000000;0.000000;0.000000;0.000000;2.000000;-317.920227;-55.802124;1693.512573;0.239606;0.000000;0.000000;0.000000;0.000000;2.000000;-369.465851;331.140198;1714.624512;0.196817;0.000000;0.000000;0.000000;0.000000;2.000000;-444.589905;424.985107;1588.433838;0.081067;0.000000;0.000000;0.000000;0.000000;2.000000;-25.580656;-691.555786;2298.106445;0.125415;0.000000;0.000000;0.000000;0.000000;2.000000;1.128276;-745.365845;2147.140137;0.130770;0.000000;0.000000;0.000000;0.000000;2.000000;16.221294;-779.448486;2189.727295;0.130135;0.000000;0.000000;0.000000;0.000000;2.000000;51.967594;-762.471069;2311.650879;0.113310;0.000000;0.000000;0.000000;0.000000;2.000000;-34.027477;-772.404358;2174.884766;0.146146;0.000000;0.000000;0.000000;0.000000;2.000000;-112.312668;-751.045776;2279.605957;0.167193;0.000000;0.000000;0.000000;0.000000;2.000000;9830933504.000000
0.000000;-150.000000;2000.000000;0.000000;0.000000;0.000000;0.000000;0.000000;2.000000;2.309177;-298.644135;2103.198242;0.082477;0.000000;0.000000;0.000000;0.000000;2.000000;5.211981;-411.998718;2193.052246;0.035137;0.000000;0.000000;0.000000;0.000000;2.000000;-16.313221;-613.274658;2279.794434;0.060549;0.000000;0.000000;0.000000;0.000000;2.000000;20.892242;-585.298035;2262.327637;0.057006;0.000000;0.000000;0.000000;0.000000;2.000000;165.282120;-596.096191;2254.447266;0.078108;0.000000;0.000000;0.000000;0.000000;2.000000;291.834229;-592.890747;2004.345947;0.037232;0.000000;0.000000;0.000000;0.000000;2.000000;109.717926;-734.268372;2051.231934;0.066395;0.000000;0.000000;0.000000;0.000000;2.000000;53.396637;-804.856506;2088.461426;0.123216;0.000000;0.000000;0.000000;0.000000;2.000000;-22.847933;-842.585388;2157.578369;0.094284;0.000000;0.000000;0.000000;0.000000;2.000000;33.939945;-786.150879;2166.832031;0.097594;0.000000;0.000000;0.000000;0.000000;2.000000;-45.922787;-573.958618;2270.521973;0.054276;0.000000;0.000000;0.000000;0.000000;2.000000;-174.575867;-541.987915;2285.424316;0.060253;0.000000;0.000000;0.000000;0.000000;2.000000;-283.676178;-278.030914;2286.653320;0.068398;0.000000;0.000000;0.000000;0.000000;2.000000;-189.313492;-241.725159;2070.921875;0.115186;0.000000;0.000000;0.000000;0.000000;2.000000;-148.741409;-240.493896;1973.899536;0.049082;0.000000;0.000000;0.000000;0.000000;2.000000;-41.510303;-250.922440;1973.766357;0.040809;0.000000;0.000000;0.000000;0.000000;2.000000;-73.418335;-288.063385;1998.093628;0.065699;0.000000;0.000000;0.000000;0.000000;1.000000;91.871902;-155.101105;1990.596802;0.064476;0.000000;0.000000;0.000000;0.000000;2.000000;231.888626;-36.413788;1628.356934;0.099443;0.000000;0.000000;0.000000;0.000000;2.000000;260.214081;348.455933;1587.222900;0.075808;0.000000;0.000000;0.000000;0.000000;2.000000;301.745911;431.183838;1421.260864;0.029155;0.000000;0.000000;0.000000;0.000000;2.000000;-82.844940;-145.400116;2008.479370;0.058144;0.000000;0.000000;0.000000;0.000000;2.000000;-313.371857;-54.666504;1687.264404;0.238383;0.000000;0.000000;0.000000;0.000000;2.000000;-372.870361;331.530518;1720.678223;0.212290;0.000000;0.000000;0.000000;0.000000;2.000000;-443.679504;423.257080;1589.753906;0.071943;0.000000;0.000000;0.000000;0.000000;2.000000;-26.684235;-693.062744;2299.600586;0.072995;0.000000;0.000000;0.000000;0.000000;2.000000;0.445349;-745.640625;2147.718262;0.028565;0.000000;0.000000;0.000000;0.000000;2.000000;17.576200;-779.215088;2190.178711;0.044161;0.000000;0.000000;0.000000;0.000000;2.000000;54.241280;-760.840698;2312.057861;0.086281;0.000000;0.000000;0.000000;0.000000;2.000000;-33.274994;-774.284058;2175.945557;0.069756;0.000000;0.000000;0.000000;0.000000;2.000000;-111.300514;-756.373474;2282.034180;0.181330;0.000000;0.000000;0.000000;0.000000;2.000000;9830966272.000000
0.000000;-150.000015;2000.000000;0.000000;0.000000;0.000000;0.000000;0.000000;2.000000;3.036322;-293.487488;2108.718262;0.224575;0.000000;0.000000;0.000000;0.000000;2.000000;5.455051;-408.233856;2195.586914;0.134502;0.000000;0.000000;0.000000;0.000000;2.000000;-14.869749;-609.246460;2280.367188;0.127757;0.000000;0.000000;0.000000;0.000000;2.000000;22.008003;-581.043579;2263.292480;0.133254;0.000000;0.000000;0.000000;0.000000;2.000000;165.639587;-592.689026;2256.373779;0.116311;0.000000;0.000000;0.000000;0.000000;2.000000;287.422791;-591.128601;2005.486450;0.144571;0.000000;0.000000;0.000000;0.000000;2.000000;110.846214;-736.817993;2054.325195;0.123235;0.000000;0.000000;0.000000;0.000000;2.000000;53.969070;-804.028564;2095.454590;0.209080;0.000000;0.000000;0.000000;0.000000;2.000000;-23.916094;-840.199158;2162.666016;0.169273;0.000000;0.000000;0.000000;0.000000;2.000000;33.783886;-783.277588;2170.759033;0.144070;0.000000;0.000000;0.000000;0.000000;2.000000;-44.560928;-570.258545;2271.347900;0.119209;0.000000;0.000000;0.000000;0.000000;2.000000;-172.688858;-539.278137;2286.790283;0.105748;0.000000;0.000000;0.000000;0.000000;2.000000;-283.182129;-277.498535;2290.184326;0.106680;0.000000;0.000000;0.000000;0.000000;2.000000;-190.667023;-239.790558;2075.230957;0.145406;0.000000;0.000000;0.000000;0.000000;2.000000;-148.679840;-236.640945;1979.441040;0.199740;0.000000;0.000000;0.000000;0.000000;2.000000;-42.042751;-247.301727;1977.385254;0.152308;0.000000;0.000000;0.000000;0.000000;2.000000;-75.039040;-284.717896;2002.775269;0.176906;0.000000;0.000000;0.000000;0.000000;1.000000;90.996170;-156.997772;1988.223022;0.093576;0.000000;0.000000;0.000000;0.000000;2.000000;232.911148;-32.262024;1631.102783;0.150378;0.000000;0.000000;0.000000;0.000000;2.000000;261.051514;350.781433;1591.420654;0.144158;0.000000;0.000000;0.000000;0.000000;2.000000;300.883209;433.492859;1426.140381;0.161777;0.000000;0.000000;0.000000;0.000000;2.000000;-82.055260;-143.689835;2010.619873;0.084381;0.000000;0.000000;0.000000;0.000000;2.000000;-318.810455;-53.023499;1696.599365;0.323388;0.000000;0.000000;0.000000;0.000000;2.000000;-374.865295;331.355408;1733.377686;0.380457;0.000000;0.000000;0.000000;0.000000;2.000000;-437.857361;422.753845;1599.449951;0.335019;0.000000;0.000000;0.000000;0.000000;2.000000;-24.717121;-688.836182;2299.465088;0.138017;0.000000;0.000000;0.000000;0.000000;2.000000;6.310081;-742.185303;2149.498535;0.208212;0.000000;0.000000;0.000000;0.000000;2.000000;21.722322;-775.542603;2192.400879;0.176606;0.000000;0.000000;0.000000;0.000000;2.000000;54.690315;-757.011719;2314.622559;0.137026;0.000000;0.000000;0.000000;0.000000;2.000000;-28.364300;-770.200073;2176.686035;0.190275;0.000000;0.000000;0.000000;0.000000;2.000000;-108.972473;-751.062439;2279.740234;0.184544;0.000000;0.000000;0.000000;0.000000;2.000000;9831000064.000000
0.000000;-150.000015;2000.000000;0.000000;0.000000;0.000000;0.000000;0.000000;2.000000;3.478049;-296.961426;2102.438721;0.219421;0.000000;0.000000;0.000000;0.000000;2.000000;7.603137;-408.427307;2192.307129;0.119793;0.000000;0.000000;0.000000;0.000000;2.000000;-10.727820;-607.440979;2279.480957;0.140516;0.000000;0.000000;0.000000;0.000000;2.000000;25.643839;-579.432251;2261.709473;0.130627;0.000000;0.000000;0.000000;0.000000;2.000000;168.447937;-591.992371;2253.893066;0.116312;0.000000;0.000000;0.000000;0.000000;2.000000;291.139465;-595.335510;2004.975098;0.172021;0.000000;0.000000;0.000000;0.000000;2.000000;113.648445;-737.715027;2054.815918;0.091032;0.000000;0.000000;0.000000;0.000000;2.000000;57.194378;-805.298645;2094.788086;0.107723;0.000000;0.000000;0.000000;0.000000;2.000000;-20.151546;-842.119995;2161.409180;0.134558;0.000000;0.000000;0.000000;0.000000;2.000000;35.395103;-784.213501;2169.202148;0.074101;0.000000;0.000000;0.000000;0.000000;2.000000;-40.555935;-568.896362;2270.342529;0.132695;0.000000;0.000000;0.000000;0.000000;2.000000;-168.276001;-540.018372;2287.605225;0.138798;0.000000;0.000000;0.000000;0.000000;2.000000;-280.887817;-280.627808;2288.873779;0.124987;0.000000;0.000000;0.000000;0.000000;2.000000;-189.084854;-243.207367;2074.833008;0.115549;0.000000;0.000000;0.000000;0.000000;2.000000;-145.704285;-238.471893;1980.291138;0.109732;0.000000;0.000000;0.000000;0.000000;2.000000;-39.547134;-248.837860;1979.176392;0.104813;0.000000;0.000000;0.000000;0.000000;2.000000;-73.048920;-285.970276;2003.440186;0.074573;0.000000;0.000000;0.000000;0.000000;1.000000;90.729980;-155.579437;1988.915039;0.048842;0.000000;0.000000;0.000000;0.000000;2.000000;237.402832;-36.533630;1633.996216;0.208759;0.000000;0.000000;0.000000;0.000000;2.000000;263.883667;343.884155;1586.822510;0.267332;0.000000;0.000000;0.000000;0.000000;2.000000;305.557465;433.662415;1426.815674;0.144221;0.000000;0.000000;0.000000;0.000000;2.000000;-81.815201;-144.968811;2009.995728;0.044044;0.000000;0.000000;0.000000;0.000000;2.000000;-309.666931;-55.919617;1691.470703;0.331919;0.000000;0.000000;0.000000;0.000000;2.000000;-367.624451;326.710876;1723.122314;0.408496;0.000000;0.000000;0.000000;0.000000;2.000000;-437.138977;424.674866;1598.479126;0.069248;0.000000;0.000000;0.000000;0.000000;2.000000;-19.940472;-686.434265;2299.619629;0.163232;0.000000;0.000000;0.000000;0.000000;2.000000;8.307337;-738.623169;2149.544922;0.124637;0.000000;0.000000;0.000000;0.000000;2.000000;23.615950;-772.453125;2191.748535;0.112362;0.000000;0.000000;0.000000;0.000000;2.000000;58.156525;-755.665771;2313.136230;0.122205;0.000000;0.000000;0.000000;0.000000;2.000000;-26.317850;-766.198486;2176.758789;0.137180;0.000000;0.000000;0.000000;0.000000;2.000000;-104.996101;-746.830200;2280.437988;0.178496;0.000000;0.000000;0.000000;0.000000;2.000000;9831032832.000000
0.000000;-149.999985;2000.000000;0.000001;0.000000;0.000000;0.000000;0.000000;2.000000;3.491083;-296.966949;2102.461182;0.000786;0.000000;0.000000;0.000000;0.000000;2.000000;7.630861;-408.416107;2192.372559;0.002129;0.000000;0.000000;0.000000;0.000000;2.000000;-10.663041;-607.394775;2279.687500;0.006550;0.000000;0.000000;0.000000;0.000000;2.000000;25.706585;-579.388428;2261.894775;0.005933;0.000000;0.000000;0.000000;0.000000;2.000000;168.525452;-591.955566;2254.099609;0.006619;0.000000;0.000000;0.000000;0.000000;2.000000;291.108612;-595.669312;2005.102783;0.010615;0.000000;0.000000;0.000000;0.000000;2.000000;113.661255;-737.999878;2055.344727;0.017779;0.000000;0.000000;0.000000;0.000000;2.000000;57.330704;-805.561768;2095.550781;0.024214;0.000000;0.000000;0.000000;0.000000;2.000000;-19.866360;-842.336182;2162.387451;0.030826;0.000000;0.000000;0.000000;0.000000;2.000000;35.704563;-784.435425;2169.985352;0.025772;0.000000;0.000000;0.000000;0.000000;2.000000;-40.501404;-568.857910;2270.523438;0.005706;0.000000;0.000000;0.000000;0.000000;2.000000;-168.235703;-539.972229;2287.768066;0.005149;0.000000;0.000000;0.000000;0.000000;2.000000;-280.752716;-280.509033;2288.792236;0.005845;0.000000;0.000000;0.000000;0.000000;2.000000;-189.003708;-243.318176;2074.662598;0.006477;0.000000;0.000000;0.000000;0.000000;2.000000;-145.769852;-238.662079;1980.038330;0.009561;0.000000;0.000000;0.000000;0.000000;2.000000;-39.608486;-249.035309;1978.474731;0.021647;0.000000;0.000000;0.000000;0.000000;2.000000;-73.071365;-286.161346;2003.128662;0.010835;0.000000;0.000000;0.000000;0.000000;1.000000;90.738853;-155.575409;1988.911011;0.000312;0.000000;0.000000;0.000000;0.000000;2.000000;237.226105;-36.633087;1633.835938;0.007649;0.000000;0.000000;0.000000;0.000000;2.000000;263.786011;343.803345;1586.547241;0.008968;0.000000;0.000000;0.000000;0.000000;2.000000;305.348694;433.323242;1426.345093;0.018244;0.000000;0.000000;0.000000;0.000000;2.000000;-81.823219;-144.972366;2009.999390;0.000281;0.000000;0.000000;0.000000;0.000000;2.000000;-309.710938;-55.941742;1691.444824;0.001647;0.000000;0.000000;0.000000;0.000000;2.000000;-367.689087;326.717590;1723.181030;0.002592;0.000000;0.000000;0.000000;0.000000;2.000000;-437.330139;424.739380;1598.630249;0.007460;0.000000;0.000000;0.000000;0.000000;2.000000;-19.861584;-686.384155;2299.880859;0.008210;0.000000;0.000000;0.000000;0.000000;2.000000;8.619207;-738.619934;2149.849609;0.012903;0.000000;0.000000;0.000000;0.000000;2.000000;24.075268;-772.339966;2192.094238;0.017339;0.000000;0.000000;0.000000;0.000000;2.000000;58.543049;-755.267456;2313.476563;0.019267;0.000000;0.000000;0.000000;0.000000;2.000000;-25.889830;-766.318298;2177.095703;0.016505;0.000000;0.000000;0.000000;0.000000;2.000000;-104.661789;-747.176392;2280.762207;0.017172;0.000000;0.000000;0.000000;0.000000;2.000000;9831066624.000000
0.000000;-149.999985;2000.000000;0.000000;0.000000;0.000000;0.000000;0.000000;2.000000;3.630805;-297.212158;2104.405762;0.058148;0.000000;0.000000;0.000000;0.000000;2.000000;7.208444;-411.628693;2192.280518;0.095926;0.000000;0.000000;0.000000;0.000000;2.000000;-12.241961;-611.141846;2282.121094;0.140233;0.000000;0.000000;0.000000;0.000000;2.000000;24.483362;-583.427246;2263.608398;0.134785;0.000000;0.000000;0.000000;0.000000;2.000000;168.310272;-594.928833;2253.474854;0.090134;0.000000;0.000000;0.000000;0.000000;2.000000;293.449341;-597.820129;2003.450317;0.106022;0.000000;0.000000;0.000000;0.000000;2.000000;114.531555;-740.606079;2055.160156;0.081495;0.000000;0.000000;0.000000;0.000000;2.000000;57.748547;-808.566406;2095.778320;0.090024;0.000000;0.000000;0.000000;0.000000;2.000000;-21.486897;-845.175903;2161.617188;0.099405;0.000000;0.000000;0.000000;0.000000;2.000000;28.814875;-790.539917;2162.592773;0.349374;0.000000;0.000000;0.000000;0.000000;2.000000;-42.024521;-572.119202;2272.845215;0.126755;0.000000;0.000000;0.000000;0.000000;2.000000;-170.716553;-543.021667;2290.102539;0.135299;0.000000;0.000000;0.000000;0.000000;2.000000;-282.956909;-281.187408;2286.726563;0.091621;0.000000;0.000000;0.000000;0.000000;2.000000;-186.457336;-243.238831;2072.894531;0.091768;0.000000;0.000000;0.000000;0.000000;2.000000;-145.966568;-241.350586;1976.136475;0.140344;0.000000;0.000000;0.000000;0.000000;2.000000;-38.931488;-250.923798;1976.921875;0.075075;0.000000;0.000000;0.000000;0.000000;2.000000;-70.679626;-288.447418;1999.830078;0.138256;0.000000;0.000000;0.000000;0.000000;1.000000;91.546188;-155.034317;1989.717896;0.037381;0.000000;0.000000;0.000000;0.000000;2.000000;235.354202;-37.052704;1629.888184;0.129888;0.000000;0.000000;0.000000;0.000000;2.000000;266.562042;346.684814;1589.496338;0.147093;0.000000;0.000000;0.000000;0.000000;2.000000;304.922302;431.443054;1424.345581;0.082196;0.000000;0.000000;0.000000;0.000000;2.000000;-82.551224;-145.460281;2009.271729;0.033709;0.000000;0.000000;0.000000;0.000000;2.000000;-311.722961;-55.677490;1688.111084;0.115495;0.000000;0.000000;0.000000;0.000000;2.000000;-370.778839;328.980042;1727.865723;0.179059;0.000000;0.000000;0.000000;0.000000;2.000000;-437.551208;421.447449;1595.933838;0.126096;0.000000;0.000000;0.000000;0.000000;2.000000;-22.053797;-690.448242;2303.229980;0.168807;0.000000;0.000000;0.000000;0.000000;2.000000;2.885848;-733.844299;2148.538330;0.224199;0.000000;0.000000;0.000000;0.000000;2.000000;21.754881;-769.130859;2188.615479;0.155986;0.000000;0.000000;0.000000;0.000000;2.000000;60.590031;-756.496033;2310.210449;0.119721;0.000000;0.000000;0.000000;0.000000;2.000000;-29.382189;-764.775757;2175.785645;0.119447;0.000000;0.000000;0.000000;0.000000;2.000000;-105.227028;-754.738647;2284.051270;0.244611;0.000000;0.000000;0.000000;0.000000;2.000000;9831100416.000000
0.000000;-149.999985;2000.000000;0.000000;0.000000;0.000000;0.000000;0.000000;2.000000;3.830365;-294.342987;2107.985352;0.140133;0.000000;0.000000;0.000000;0.000000;2.000000;6.998219;-409.338348;2194.842773;0.105075;0.000000;0.000000;0.000000;0.000000;2.000000;-13.407172;-610.319092;2280.486328;0.066210;0.000000;0.000000;0.000000;0.000000;2.000000;23.428406;-582.404541;2262.657959;0.053403;0.000000;0.000000;0.000000;0.000000;2.000000;167.253174;-590.581787;2251.669922;0.147220;0.000000;0.000000;0.000000;0.000000;2.000000;295.741455;-603.664917;2004.039795;0.192437;0.000000;0.000000;0.000000;0.000000;2.000000;113.946190;-742.034668;2056.492188;0.062228;0.000000;0.000000;0.000000;0.000000;2.000000;60.224274;-810.892822;2099.428223;0.152170;0.000000;0.000000;0.000000;0.000000;2.000000;-23.504011;-845.703613;2160.285645;0.075498;0.000000;0.000000;0.000000;0.000000;2.000000;18.182426;-788.998657;2155.422363;0.394184;0.000000;0.000000;0.000000;0.000000;2.000000;-42.987434;-571.052734;2271.927734;0.052026;0.000000;0.000000;0.000000;0.000000;2.000000;-171.540192;-541.022461;2287.351318;0.106787;0.000000;0.000000;0.000000;0.000000;2.000000;-282.684692;-279.055084;2286.798828;0.065639;0.000000;0.000000;0.000000;0.000000;2.000000;-187.149078;-242.764587;2072.549316;0.027678;0.000000;0.000000;0.000000;0.000000;2.000000;-146.615814;-241.507080;1975.929443;0.021338;0.000000;0.000000;0.000000;0.000000;2.000000;-39.721436;-251.298035;1975.832642;0.042621;0.000000;0.000000;0.000000;0.000000;2.000000;-72.103050;-288.699524;1999.178955;0.048384;0.000000;0.000000;0.000000;0.000000;1.000000;90.981163;-157.152191;1987.212524;0.101590;0.000000;0.000000;0.000000;0.000000;2.000000;234.096176;-38.617432;1627.811401;0.088153;0.000000;0.000000;0.000000;0.000000;2.000000;265.215057;344.590271;1586.584839;0.116920;0.000000;0.000000;0.000000;0.000000;2.000000;304.322510;431.421631;1422.942749;0.046565;0.000000;0.000000;0.000000;0.000000;2.000000;-82.041718;-143.550522;2011.531128;0.091612;0.000000;0.000000;0.000000;0.000000;2.000000;-310.282318;-57.946228;1689.153320;0.087967;0.000000;0.000000;0.000000;0.000000;2.000000;-370.964813;326.346375;1725.419434;0.109843;0.000000;0.000000;0.000000;0.000000;2.000000;-437.504852;420.617249;1594.918579;0.040048;0.000000;0.000000;0.000000;0.000000;2.000000;-23.555063;-689.907043;2299.940918;0.111565;0.000000;0.000000;0.000000;0.000000;2.000000;8.481604;-733.937378;2146.940674;0.177616;0.000000;0.000000;0.000000;0.000000;2.000000;25.151804;-769.165039;2187.942139;0.105688;0.000000;0.000000;0.000000;0.000000;2.000000;58.133411;-756.375610;2311.084473;0.079658;0.000000;0.000000;0.000000;0.000000;2.000000;-25.221415;-764.535706;2172.669434;0.158810;0.000000;0.000000;0.000000;0.000000;2.000000;-106.029152;-753.662048;2277.006104;0.218870;0.000000;0.000000;0.000000;0.000000;2.000000;9831133184.000000
0.000000;-149.999985;2000.000000;0.000000;0.000000;0.000000;0.000000;0.000000;2.000000;-0.554148;-296.396301;2105.694336;0.158505;0.000000;0.000000;0.000000;0.000000;2.000000;-0.488878;-410.433289;2194.199463;0.224729;0.000000;0.000000;0.000000;0.000000;2.000000;-21.707071;-611.980469;2279.115234;0.253754;0.000000;0.000000;0.000000;0.000000;2.000000;15.365106;-583.913696;2261.827637;0.243999;0.000000;0.000000;0.000000;0.000000;2.000000;159.512085;-592.422180;2252.764160;0.237682;0.000000;0.000000;0.000000;0.000000;2.000000;289.859955;-609.352966;2005.889893;0.248243;0.000000;0.000000;0.000000;0.000000;2.000000;107.987350;-748.602661;2057.232422;0.263350;0.000000;0.000000;0.000000;0.000000;2.000000;54.639061;-817.815857;2100.377930;0.264727;0.000000;0.000000;0.000000;0.000000;2.000000;-31.005606;-852.140015;2159.087891;0.294647;0.000000;0.000000;0.000000;0.000000;2.000000;7.408254;-796.079590;2150.341797;0.410087;0.000000;0.000000;0.000000;0.000000;2.000000;-51.281143;-572.682800;2270.267822;0.254907;0.000000;0.000000;0.000000;0.000000;2.000000;-179.778061;-542.327332;2287.094727;0.246938;0.000000;0.000000;0.000000;0.000000;2.000000;-289.563629;-279.347046;2286.384277;0.204119;0.000000;0.000000;0.000000;0.000000;2.000000;-196.775284;-246.407700;2070.020264;0.313645;0.000000;0.000000;0.000000;0.000000;2.000000;-153.353043;-242.122681;1974.587036;0.204107;0.000000;0.000000;0.000000;0.000000;2.000000;-46.295414;-251.707199;1973.153564;0.210426;0.000000;0.000000;0.000000;0.000000;2.000000;-78.354301;-287.911743;1999.988525;0.187988;0.000000;0.000000;0.000000;0.000000;2.000000;91.813034;-155.683105;1992.609741;0.167350;0.000000;0.000000;0.000000;0.000000;2.000000;228.475174;-35.413208;1630.631104;0.208862;0.000000;0.000000;0.000000;0.000000;2.000000;261.335663;347.938477;1586.976929;0.152091;0.000000;0.000000;0.000000;0.000000;2.000000;297.887451;429.821655;1419.915527;0.215711;0.000000;0.000000;0.000000;0.000000;2.000000;-82.791840;-144.875244;2006.664185;0.150908;0.000000;0.000000;0.000000;0.000000;2.000000;-315.349274;-60.175751;1686.414551;0.182772;0.000000;0.000000;0.000000;0.000000;2.000000;-375.630188;324.636902;1723.840454;0.154284;0.000000;0.000000;0.000000;0.000000;2.000000;-444.194702;420.147949;1594.967041;0.198463;0.000000;0.000000;0.000000;0.000000;2.000000;-31.989290;-691.754639;2298.235352;0.260448;0.000000;0.000000;0.000000;0.000000;2.000000;2.271105;-735.189087;2145.299805;0.193668;0.000000;0.000000;0.000000;0.000000;2.000000;19.382711;-770.091553;2186.508545;0.178040;0.000000;0.000000;0.000000;0.000000;2.000000;51.128529;-756.549255;2310.084961;0.209457;0.000000;0.000000;0.000000;0.000000;2.000000;-31.024473;-766.540161;2170.803711;0.189889;0.000000;0.000000;0.000000;0.000000;2.000000;-113.007011;-757.359558;2274.625488;0.244081;0.000000;0.000000;0.000000;0.000000;2.000000;9831166976.000000
0.000000;-150.000000;2000.000000;0.000000;0.000000;0.000000;0.000000;0.000000;2.000000;0.750191;-296.100586;2105.571289;0.040988;0.000000;0.000000;0.000000;0.000000;2.000000;1.812936;-409.924164;2193.939453;0.072380;0.000000;0.000000;0.000000;0.000000;2.000000;-18.015495;-611.479980;2278.189941;0.117143;0.000000;0.000000;0.000000;0.000000;2.000000;18.812853;-583.145142;2261.064209;0.110288;0.000000;0.000000;0.000000;0.000000;2.000000;162.820465;-589.476501;2251.977295;0.137300;0.000000;0.000000;0.000000;0.000000;2.000000;295.260620;-608.663086;2006.933594;0.169180;0.000000;0.000000;0.000000;0.000000;2.000000;113.591354;-748.083252;2056.661133;0.172636;0.000000;0.000000;0.000000;0.000000;2.000000;59.992317;-817.530029;2098.728516;0.171170;0.000000;0.000000;0.000000;0.000000;2.000000;-26.012299;-850.664429;2157.244873;0.168559;0.000000;0.000000;0.000000;0.000000;2.000000;11.783207;-794.661011;2148.241455;0.154300;0.000000;0.000000;0.000000;0.000000;2.000000;-47.814850;-572.449829;2269.399902;0.109280;0.000000;0.000000;0.000000;0.000000;2.000000;-175.941574;-541.136475;2285.465332;0.132292;0.000000;0.000000;0.000000;0.000000;2.000000;-282.777313;-277.487671;2282.647949;0.243131;0.000000;0.000000;0.000000;0.000000;2.000000;-188.348938;-247.237564;2067.051270;0.273821;0.000000;0.000000;0.000000;0.000000;2.000000;-146.966553;-241.056473;1971.016113;0.225656;0.000000;0.000000;0.000000;0.000000;2.000000;-40.089821;-250.692108;1971.064697;0.202208;0.000000;0.000000;0.000000;0.000000;2.000000;-70.133339;-286.912659;1995.948364;0.281201;0.000000;0.000000;0.000000;0.000000;1.000000;91.726082;-154.708832;1992.831665;0.030609;0.000000;0.000000;0.000000;0.000000;2.000000;235.392822;-34.816528;1634.236328;0.238755;0.000000;0.000000;0.000000;0.000000;2.000000;263.972961;347.134583;1582.040039;0.172565;0.000000;0.000000;0.000000;0.000000;2.000000;303.759735;431.037903;1417.104004;0.202126;0.000000;0.000000;0.000000;0.000000;2.000000;-82.713440;-145.753815;2006.464111;0.027602;0.000000;0.000000;0.000000;0.000000;2.000000;-307.417877;-60.989258;1681.539917;0.285190;0.000000;0.000000;0.000000;0.000000;2.000000;-369.080505;322.942505;1718.720703;0.258916;0.000000;0.000000;0.000000;0.000000;2.000000;-440.760040;423.255981;1595.731567;0.143274;0.000000;0.000000;0.000000;0.000000;2.000000;-27.719234;-691.236694;2297.067871;0.136016;0.000000;0.000000;0.000000;0.000000;2.000000;7.660410;-729.217773;2143.236084;0.253425;0.000000;0.000000;0.000000;0.000000;2.000000;24.710676;-765.325500;2183.281494;0.239357;0.000000;0.000000;0.000000;0.000000;2.000000;55.580101;-755.786743;2307.224121;0.163154;0.000000;0.000000;0.000000;0.000000;2.000000;-25.535982;-761.553101;2167.421387;0.248741;0.000000;0.000000;0.000000;0.000000;2.000000;-108.050186;-756.376892;2270.806641;0.193298;0.000000;0.000000;0.000000;0.000000;2.000000;9831199744.000000
0.000000;-149.999985;2000.000000;0.000000;0.000000;0.000000;0.000000;0.000000;2.000000;0.710695;-292.892578;2110.829590;0.182284;0.000000;0.000000;0.000000;0.000000;2.000000;1.177988;-407.568573;2198.862305;0.162589;0.000000;0.000000;0.000000;0.000000;2.000000;-18.769499;-609.549927;2283.913574;0.180136;0.000000;0.000000;0.000000;0.000000;2.000000;18.192867;-581.159790;2266.703857;0.177881;0.000000;0.000000;0.000000;0.000000;2.000000;162.721954;-586.041870;2257.557373;0.193926;0.000000;0.000000;0.000000;0.000000;2.000000;294.977020;-605.374939;2011.395996;0.164248;0.000000;0.000000;0.000000;0.000000;2.000000;113.409859;-745.739014;2062.405762;0.183688;0.000000;0.000000;0.000000;0.000000;2.000000;60.226303;-814.806580;2106.313965;0.238605;0.000000;0.000000;0.000000;0.000000;2.000000;-28.315542;-847.596191;2161.823730;0.176778;0.000000;0.000000;0.000000;0.000000;2.000000;9.787890;-796.117798;2150.206055;0.093408;0.000000;0.000000;0.000000;0.000000;2.000000;-48.664806;-570.426575;2274.947754;0.176554;0.000000;0.000000;0.000000;0.000000;2.000000;-177.201935;-538.124756;2289.244141;0.147781;0.000000;0.000000;0.000000;0.000000;2.000000;-282.534607;-272.869720;2287.764160;0.204083;0.000000;0.000000;0.000000;0.000000;2.000000;-183.649750;-242.572189;2073.328613;0.270014;0.000000;0.000000;0.000000;0.000000;2.000000;-147.835602;-238.112991;1974.626343;0.140225;0.000000;0.000000;0.000000;0.000000;2.000000;-40.555004;-247.055206;1975.665649;0.174101;0.000000;0.000000;0.000000;0.000000;2.000000;-68.056641;-283.540222;1997.238159;0.123262;0.000000;0.000000;0.000000;0.000000;1.000000;91.530724;-157.570984;1989.651855;0.126736;0.000000;0.000000;0.000000;0.000000;2.000000;232.251434;-32.918091;1630.033569;0.165126;0.000000;0.000000;0.000000;0.000000;2.000000;265.506470;351.372253;1589.882568;0.267671;0.000000;0.000000;0.000000;0.000000;2.000000;302.238678;435.143433;1423.473145;0.228718;0.000000;0.000000;0.000000;0.000000;2.000000;-82.537285;-143.172882;2009.331543;0.114285;0.000000;0.000000;0.000000;0.000000;2.000000;-315.472412;-58.055573;1688.694824;0.330427;0.000000;0.000000;0.000000;0.000000;2.000000;-367.607330;329.350403;1716.560181;0.204810;0.000000;0.000000;0.000000;0.000000;2.000000;-442.339111;429.114990;1594.142822;0.185624;0.000000;0.000000;0.000000;0.000000;2.000000;-28.506910;-689.515381;2303.059570;0.185950;0.000000;0.000000;0.000000;0.000000;2.000000;5.031051;-724.657898;2147.593262;0.202210;0.000000;0.000000;0.000000;0.000000;2.000000;22.714188;-761.598511;2186.855957;0.163842;0.000000;0.000000;0.000000;0.000000;2.000000;55.286942;-754.305481;2310.944336;0.118815;0.000000;0.000000;0.000000;0.000000;2.000000;-27.903994;-757.606018;2171.675049;0.185471;0.000000;0.000000;0.000000;0.000000;2.000000;-109.334274;-754.504456;2276.541992;0.182540;0.000000;0.000000;0.000000;0.000000;2.000000;9831233536.000000
0.000000;-150.000015;2000.000000;0.000001;0.000000;0.000000;0.000000;0.000000;2.000000;3.580328;-292.626953;2110.905762;0.087979;0.000000;0.000000;0.000000;0.000000;2.000000;5.844267;-409.421722;2195.903320;0.177852;0.000000;0.000000;0.000000;0.000000;2.000000;-11.677253;-610.157471;2283.978027;0.217240;0.000000;0.000000;0.000000;0.000000;2.000000;24.943077;-581.540527;2266.517090;0.206406;0.000000;0.000000;0.000000;0.000000;2.000000;169.447220;-587.110840;2259.187988;0.213690;0.000000;0.000000;0.000000;0.000000;2.000000;301.875122;-612.460999;2013.894775;0.311279;0.000000;0.000000;0.000000;0.000000;2.000000;121.083908;-753.159058;2065.956787;0.343316;0.000000;0.000000;0.000000;0.000000;2.000000;71.770073;-824.561584;2110.487549;0.478491;0.000000;0.000000;0.000000;0.000000;2.000000;-18.862423;-851.276733;2165.724121;0.331676;0.000000;0.000000;0.000000;0.000000;2.000000;18.209654;-804.792603;2154.176758;0.388359;0.000000;0.000000;0.000000;0.000000;2.000000;-42.053402;-571.636108;2274.252930;0.206206;0.000000;0.000000;0.000000;0.000000;2.000000;-170.588333;-541.118042;2291.331055;0.230513;0.000000;0.000000;0.000000;0.000000;2.000000;-276.325195;-276.265167;2287.606689;0.216031;0.000000;0.000000;0.000000;0.000000;2.000000;-185.843277;-241.313019;2070.375488;0.118658;0.000000;0.000000;0.000000;0.000000;2.000000;-141.542572;-239.495926;1975.175537;0.197344;0.000000;0.000000;0.000000;0.000000;2.000000;-34.439770;-249.589432;1976.038452;0.202333;0.000000;0.000000;0.000000;0.000000;2.000000;-66.980232;-285.569916;2002.280396;0.169097;0.000000;0.000000;0.000000;0.000000;1.000000;91.570816;-155.871689;1989.492798;0.052099;0.000000;0.000000;0.000000;0.000000;2.000000;239.705948;-34.570953;1632.039063;0.240922;0.000000;0.000000;0.000000;0.000000;2.000000;268.305023;349.496338;1588.947021;0.106708;0.000000;0.000000;0.000000;0.000000;2.000000;308.437958;430.170898;1421.948486;0.246951;0.000000;0.000000;0.000000;0.000000;2.000000;-82.573433;-144.705276;2009.474976;0.046982;0.000000;0.000000;0.000000;0.000000;2.000000;-315.865784;-52.988800;1691.292480;0.174177;0.000000;0.000000;0.000000;0.000000;2.000000;-359.839142;335.128967;1719.395020;0.307869;0.000000;0.000000;0.000000;0.000000;2.000000;-437.021362;426.208618;1592.007202;0.196089;0.000000;0.000000;0.000000;0.000000;2.000000;-20.377533;-689.884583;2304.324219;0.251326;0.000000;0.000000;0.000000;0.000000;2.000000;8.064146;-727.048218;2148.434570;0.120616;0.000000;0.000000;0.000000;0.000000;2.000000;27.518524;-763.154419;2187.576904;0.155676;0.000000;0.000000;0.000000;0.000000;2.000000;64.312164;-753.587341;2310.227783;0.277162;0.000000;0.000000;0.000000;0.000000;2.000000;-23.606583;-759.949219;2174.140381;0.167252;0.000000;0.000000;0.000000;0.000000;2.000000;-101.283218;-756.102417;2281.676270;0.295460;0.000000;0.000000;0.000000;0.000000;2.000000;9831266304.000000
0.000000;-150.000000;2000.000000;0.000000;0.000000;0.000000;0.000000;0.000000;2.000000;0.192055;-292.417145;2111.541992;0.102210;0.000000;0.000000;0.000000;0.000000;2.000000;0.225323;-408.466675;2197.839844;0.178135;0.000000;0.000000;0.000000;0.000000;2.000000;-18.779510;-609.257202;2286.062012;0.220651;0.000000;0.000000;0.000000;0.000000;2.000000;18.214548;-580.464050;2269.555420;0.220786;0.000000;0.000000;0.000000;0.000000;2.000000;163.086456;-582.540344;2265.277588;0.293599;0.000000;0.000000;0.000000;0.000000;2.000000;293.998779;-610.827026;2019.155762;0.284437;0.000000;0.000000;0.000000;0.000000;2.000000;114.292419;-752.482727;2073.448730;0.299912;0.000000;0.000000;0.000000;0.000000;2.000000;70.458504;-826.825684;2119.110352;0.266662;0.000000;0.000000;0.000000;0.000000;2.000000;-26.424868;-848.378418;2165.515137;0.239746;0.000000;0.000000;0.000000;0.000000;2.000000;10.921353;-810.459045;2158.100586;0.296850;0.000000;0.000000;0.000000;0.000000;2.000000;-49.098225;-570.885376;2275.345703;0.212136;0.000000;0.000000;0.000000;0.000000;2.000000;-177.649933;-539.371460;2291.564453;0.215380;0.000000;0.000000;0.000000;0.000000;2.000000;-285.179474;-274.898651;2293.692383;0.320507;0.000000;0.000000;0.000000;0.000000;2.000000;-189.557373;-238.966171;2078.557861;0.274836;0.000000;0.000000;0.000000;0.000000;2.000000;-149.756866;-237.857193;1981.260010;0.306369;0.000000;0.000000;0.000000;0.000000;2.000000;-42.595028;-248.501755;1980.204346;0.272906;0.000000;0.000000;0.000000;0.000000;2.000000;-74.126816;-284.651733;2005.070190;0.228650;0.000000;0.000000;0.000000;0.000000;1.000000;92.404877;-151.817215;1997.520630;0.267288;0.000000;0.000000;0.000000;0.000000;2.000000;235.832214;-36.565155;1635.686523;0.168150;0.000000;0.000000;0.000000;0.000000;2.000000;259.951904;348.051727;1591.101929;0.258840;0.000000;0.000000;0.000000;0.000000;2.000000;302.442108;433.307098;1426.755615;0.245628;0.000000;0.000000;0.000000;0.000000;2.000000;-83.325539;-148.361328;2002.235718;0.241030;0.000000;0.000000;0.000000;0.000000;2.000000;-316.007782;-36.894287;1689.413330;0.479536;0.000000;0.000000;0.000000;0.000000;2.000000;-374.880463;349.164764;1723.693726;0.621959;0.000000;0.000000;0.000000;0.000000;2.000000;-448.702240;429.319916;1587.054932;0.386578;0.000000;0.000000;0.000000;0.000000;2.000000;-27.650061;-689.056519;2306.407227;0.225205;0.000000;0.000000;0.000000;0.000000;2.000000;-0.312487;-726.633179;2150.239746;0.253876;0.000000;0.000000;0.000000;0.000000;2.000000;18.662304;-763.133911;2189.338379;0.267215;0.000000;0.000000;0.000000;0.000000;2.000000;56.039997;-754.276367;2312.008057;0.251230;0.000000;0.000000;0.000000;0.000000;2.000000;-32.496220;-759.037842;2176.051514;0.270428;0.000000;0.000000;0.000000;0.000000;2.000000;-109.838089;-753.928345;2283.948242;0.269724;0.000000;0.000000;0.000000;0.000000;2.000000;9831300096.000000
0.000000;-150.000000;2000.000000;0.000000;0.000000;0.000000;0.000000;0.000000;2.000000;2.534713;-295.139618;2108.198242;0.149756;0.000000;0.000000;0.000000;0.000000;2.000000;4.842439;-409.644745;2196.702148;0.149505;0.000000;0.000000;0.000000;0.000000;2.000000;-13.300251;-611.345825;2283.474365;0.195600;0.000000;0.000000;0.000000;0.000000;2.000000;23.546284;-582.428345;2266.731934;0.193631;0.000000;0.000000;0.000000;0.000000;2.000000;168.471283;-586.114136;2261.380615;0.230311;0.000000;0.000000;0.000000;0.000000;2.000000;299.339783;-609.767944;2014.482178;0.218984;0.000000;0.000000;0.000000;0.000000;2.000000;122.274384;-753.637146;2072.361816;0.248350;0.000000;0.000000;0.000000;0.000000;2.000000;78.938728;-827.495850;2119.437012;0.259794;0.000000;0.000000;0.000000;0.000000;2.000000;-17.366682;-858.368835;2161.821533;0.426703;0.000000;0.000000;0.000000;0.000000;2.000000;16.363861;-811.012756;2155.151611;0.189661;0.000000;0.000000;0.000000;0.000000;2.000000;-43.730186;-572.814026;2273.476074;0.183184;0.000000;0.000000;0.000000;0.000000;2.000000;-172.777740;-541.987305;2287.890381;0.202614;0.000000;0.000000;0.000000;0.000000;2.000000;-279.467499;-276.939301;2291.848389;0.193471;0.000000;0.000000;0.000000;0.000000;2.000000;-190.285065;-243.024445;2073.426270;0.200889;0.000000;0.000000;0.000000;0.000000;2.000000;-146.308167;-239.780701;1977.895508;0.158319;0.000000;0.000000;0.000000;0.000000;2.000000;-38.931881;-249.138474;1977.498901;0.140326;0.000000;0.000000;0.000000;0.000000;2.000000;-71.087418;-285.255585;2004.306763;0.097396;0.000000;0.000000;0.000000;0.000000;2.000000;91.951103;-155.112106;1990.988403;0.223701;0.000000;0.000000;0.000000;0.000000;2.000000;238.422928;-35.995422;1631.252197;0.157689;0.000000;0.000000;0.000000;0.000000;2.000000;267.199036;349.108582;1591.037598;0.223513;0.000000;0.000000;0.000000;0.000000;2.000000;305.102997;431.773987;1424.084229;0.124215;0.000000;0.000000;0.000000;0.000000;2.000000;-82.916351;-145.390182;2008.126099;0.201720;0.000000;0.000000;0.000000;0.000000;2.000000;-311.452789;-36.951477;1690.777832;0.145121;0.000000;0.000000;0.000000;0.000000;2.000000;-372.861328;349.413391;1720.609741;0.112749;0.000000;0.000000;0.000000;0.000000;2.000000;-441.839600;430.142273;1581.612061;0.268480;0.000000;0.000000;0.000000;0.000000;2.000000;-22.018309;-691.376343;2303.250000;0.209365;0.000000;0.000000;0.000000;0.000000;2.000000;-1.310971;-733.027832;2146.954834;0.221498;0.000000;0.000000;0.000000;0.000000;2.000000;18.843027;-768.825317;2186.181885;0.198688;0.000000;0.000000;0.000000;0.000000;2.000000;61.211517;-757.449341;2307.121582;0.237744;0.000000;0.000000;0.000000;0.000000;2.000000;-32.802280;-764.461548;2174.827637;0.169937;0.000000;0.000000;0.000000;0.000000;2.000000;-105.780312;-755.878967;2285.640869;0.146788;0.000000;0.000000;0.000000;0.000000;2.000000;9831332864.000000
0.000000;-150.000000;2000.000000;0.000000;0.000000;0.000000;0.000000;0.000000;2.000000;3.283962;-293.037781;2110.184570;0.088406;0.000000;0.000000;0.000000;0.000000;2.000000;6.057270;-406.685486;2199.173828;0.119630;0.000000;0.000000;0.000000;0.000000;2.000000;-14.038598;-607.313171;2286.571777;0.152055;0.000000;0.000000;0.000000;0.000000;2.000000;22.962210;-579.021484;2269.481934;0.130713;0.000000;0.000000;0.000000;0.000000;2.000000;167.357666;-586.056702;2263.290283;0.065441;0.000000;0.000000;0.000000;0.000000;2.000000;298.074982;-610.433167;2017.197632;0.090807;0.000000;0.000000;0.000000;0.000000;2.000000;123.763222;-753.351135;2082.826660;0.312917;0.000000;0.000000;0.000000;0.000000;2.000000;79.696129;-826.523926;2129.774902;0.308093;0.000000;0.000000;0.000000;0.000000;2.000000;-19.670416;-858.387634;2162.544434;0.071454;0.000000;0.000000;0.000000;0.000000;2.000000;15.383202;-814.431580;2158.714355;0.148976;0.000000;0.000000;0.000000;0.000000;2.000000;-43.952614;-568.511536;2276.703125;0.159293;0.000000;0.000000;0.000000;0.000000;2.000000;-172.523010;-538.124268;2293.029297;0.190400;0.000000;0.000000;0.000000;0.000000;2.000000;-281.237793;-274.661987;2293.216309;0.094472;0.000000;0.000000;0.000000;0.000000;2.000000;-189.235703;-245.239166;2075.980469;0.104752;0.000000;0.000000;0.000000;0.000000;2.000000;-146.753952;-237.930252;1980.294189;0.090617;0.000000;0.000000;0.000000;0.000000;2.000000;-39.683163;-247.584045;1979.484497;0.077865;0.000000;0.000000;0.000000;0.000000;2.000000;-69.913521;-283.718597;2005.842285;0.073078;0.000000;0.000000;0.000000;0.000000;1.000000;91.517982;-155.908722;1989.601929;0.049025;0.000000;0.000000;0.000000;0.000000;2.000000;233.169724;-34.378845;1629.915527;0.167392;0.000000;0.000000;0.000000;0.000000;2.000000;264.440674;349.942383;1593.873779;0.119651;0.000000;0.000000;0.000000;0.000000;2.000000;303.741943;432.447388;1427.719482;0.116586;0.000000;0.000000;0.000000;0.000000;2.000000;-82.525780;-144.671860;2009.376465;0.044211;0.000000;0.000000;0.000000;0.000000;2.000000;-309.432129;-25.306549;1696.133301;0.383987;0.000000;0.000000;0.000000;0.000000;2.000000;-377.889648;359.224976;1720.643799;0.326263;0.000000;0.000000;0.000000;0.000000;2.000000;-446.251526;431.290344;1577.213257;0.187471;0.000000;0.000000;0.000000;0.000000;2.000000;-23.643322;-686.947449;2306.645508;0.172008;0.000000;0.000000;0.000000;0.000000;2.000000;-8.548251;-729.946045;2150.507324;0.255418;0.000000;0.000000;0.000000;0.000000;2.000000;12.307924;-765.630859;2189.256836;0.233703;0.000000;0.000000;0.000000;0.000000;2.000000;58.552185;-753.961548;2308.385254;0.135073;0.000000;0.000000;0.000000;0.000000;2.000000;-39.477016;-760.651917;2179.544434;0.266850;0.000000;0.000000;0.000000;0.000000;2.000000;-108.575317;-750.254272;2292.264893;0.270134;0.000000;0.000000;0.000000;0.000000;2.000000;9831366656.000000
0.000000;-150.000000;2000.000000;0.000000;0.000000;0.000000;0.000000;0.000000;2.000000;3.676244;-291.469635;2111.862305;0.068944;0.000000;0.000000;0.000000;0.000000;2.000000;6.760189;-403.743530;2202.318359;0.129119;0.000000;0.000000;0.000000;0.000000;2.000000;-13.276242;-605.968018;2285.339600;0.058508;0.000000;0.000000;0.000000;0.000000;2.000000;23.763945;-577.076599;2269.544189;0.062280;0.000000;0.000000;0.000000;0.000000;2.000000;168.097275;-584.196655;2266.452148;0.110743;0.000000;0.000000;0.000000;0.000000;2.000000;293.901367;-609.708618;2018.268311;0.129298;0.000000;0.000000;0.000000;0.000000;2.000000;123.620888;-755.514038;2087.136719;0.142768;0.000000;0.000000;0.000000;0.000000;2.000000;78.870972;-828.058655;2134.193848;0.140568;0.000000;0.000000;0.000000;0.000000;2.000000;-21.794037;-857.711548;2164.593018;0.089581;0.000000;0.000000;0.000000;0.000000;2.000000;11.367179;-814.457458;2158.022217;0.120600;0.000000;0.000000;0.000000;0.000000;2.000000;-43.294117;-567.272949;2275.644287;0.052010;0.000000;0.000000;0.000000;0.000000;2.000000;-172.271942;-538.088257;2289.598877;0.101793;0.000000;0.000000;0.000000;0.000000;2.000000;-280.915344;-274.932495;2290.245117;0.088804;0.000000;0.000000;0.000000;0.000000;2.000000;-187.970581;-244.640381;2073.814453;0.076317;0.000000;0.000000;0.000000;0.000000;2.000000;-146.237854;-237.978592;1977.876587;0.073170;0.000000;0.000000;0.000000;0.000000;2.000000;-39.290359;-247.694229;1978.723389;0.025555;0.000000;0.000000;0.000000;0.000000;2.000000;-69.012482;-283.917908;2003.504272;0.074383;0.000000;0.000000;0.000000;0.000000;1.000000;91.622337;-154.796585;1990.922852;0.051193;0.000000;0.000000;0.000000;0.000000;2.000000;235.373810;-33.844574;1632.372681;0.098953;0.000000;0.000000;0.000000;0.000000;2.000000;265.540283;349.523193;1590.268799;0.112222;0.000000;0.000000;0.000000;0.000000;2.000000;304.345093;433.191162;1424.816040;0.090474;0.000000;0.000000;0.000000;0.000000;2.000000;-82.619888;-145.674713;2008.185303;0.046163;0.000000;0.000000;0.000000;0.000000;2.000000;-312.629639;-27.480988;1697.339111;0.119864;0.000000;0.000000;0.000000;0.000000;2.000000;-382.355042;356.344177;1722.545288;0.167021;0.000000;0.000000;0.000000;0.000000;2.000000;-440.759827;429.834839;1575.708862;0.173920;0.000000;0.000000;0.000000;0.000000;2.000000;-22.571016;-685.966309;2303.665771;0.098109;0.000000;0.000000;0.000000;0.000000;2.000000;-9.153311;-729.740112;2147.774170;0.083064;0.000000;0.000000;0.000000;0.000000;2.000000;10.794955;-765.847778;2186.520020;0.092764;0.000000;0.000000;0.000000;0.000000;2.000000;57.646393;-755.160889;2305.352783;0.100156;0.000000;0.000000;0.000000;0.000000;2.000000;-40.803761;-759.463257;2176.953125;0.093055;0.000000;0.000000;0.000000;0.000000;2.000000;-109.178612;-746.858032;2289.719971;0.126853;0.000000;0.000000;0.000000;0.000000;2.000000;9831400448.000000
0.000000;-150.000000;2000.000000;0.000000;0.000000;0.000000;0.000000;0.000000;2.000000;3.419468;-295.793060;2109.194824;0.155230;0.000000;0.000000;0.000000;0.000000;2.000000;6.930331;-408.228821;2201.708740;0.138236;0.000000;0.000000;0.000000;0.000000;2.000000;-14.423677;-612.128052;2286.094727;0.192606;0.000000;0.000000;0.000000;0.000000;2.000000;23.158587;-583.146545;2270.191162;0.187203;0.000000;0.000000;0.000000;0.000000;2.000000;168.839081;-592.219971;2267.989502;0.250332;0.000000;0.000000;0.000000;0.000000;2.000000;293.126495;-612.344482;2015.440796;0.120315;0.000000;0.000000;0.000000;0.000000;2.000000;122.050331;-758.849243;2088.694336;0.122133;0.000000;0.000000;0.000000;0.000000;2.000000;74.874130;-825.296082;2143.725098;0.326483;0.000000;0.000000;0.000000;0.000000;2.000000;-30.431229;-855.856445;2156.065430;0.374711;0.000000;0.000000;0.000000;0.000000;2.000000;-1.458901;-809.894226;2151.508545;0.460562;0.000000;0.000000;0.000000;0.000000;2.000000;-44.548328;-572.957825;2276.075195;0.178147;0.000000;0.000000;0.000000;0.000000;2.000000;-174.616898;-541.071045;2286.104492;0.157414;0.000000;0.000000;0.000000;0.000000;2.000000;-282.054901;-274.412476;2291.122314;0.046668;0.000000;0.000000;0.000000;0.000000;2.000000;-191.628250;-241.599472;2071.412598;0.162618;0.000000;0.000000;0.000000;0.000000;2.000000;-147.574158;-238.994263;1975.172729;0.097121;0.000000;0.000000;0.000000;0.000000;2.000000;-39.565350;-248.835541;1974.366577;0.137702;0.000000;0.000000;0.000000;0.000000;2.000000;-71.994629;-285.137360;2001.870117;0.110247;0.000000;0.000000;0.000000;0.000000;1.000000;92.461227;-155.118942;1990.269897;0.033901;0.000000;0.000000;0.000000;0.000000;2.000000;231.934158;-37.974457;1624.275757;0.296582;0.000000;0.000000;0.000000;0.000000;2.000000;266.527954;349.569916;1588.813110;0.053703;0.000000;0.000000;0.000000;0.000000;2.000000;303.531281;432.150970;1420.263062;0.144674;0.000000;0.000000;0.000000;0.000000;2.000000;-83.376366;-145.384033;2008.774048;0.030569;0.000000;0.000000;0.000000;0.000000;2.000000;-308.842468;-25.902313;1689.937378;0.258267;0.000000;0.000000;0.000000;0.000000;2.000000;-386.535706;359.683502;1724.006226;0.169265;0.000000;0.000000;0.000000;0.000000;2.000000;-442.607086;429.558624;1572.502075;0.113253;0.000000;0.000000;0.000000;0.000000;2.000000;-24.199945;-692.827698;2304.811768;0.218036;0.000000;0.000000;0.000000;0.000000;2.000000;-13.186423;-730.693237;2145.529297;0.143834;0.000000;0.000000;0.000000;0.000000;2.000000;7.603871;-768.675537;2182.839844;0.171885;0.000000;0.000000;0.000000;0.000000;2.000000;56.855774;-762.642700;2302.408691;0.246552;0.000000;0.000000;0.000000;0.000000;2.000000;-44.659859;-761.897705;2174.287598;0.161198;0.000000;0.000000;0.000000;0.000000;2.000000;-111.864777;-753.798828;2289.695801;0.227127;0.000000;0.000000;0.000000;0.000000;2.000000;9831433216.000000
0.000000;-150.000000;2000.000000;0.000000;0.000000;0.000000;0.000000;0.000000;2.000000;4.510137;-293.793396;2110.449219;0.076951;0.000000;0.000000;0.000000;0.000000;2.000000;8.179099;-408.460358;2199.120117;0.085328;0.000000;0.000000;0.000000;0.000000;2.000000;-12.311598;-611.807678;2282.458008;0.124814;0.000000;0.000000;0.000000;0.000000;2.000000;24.985401;-582.791626;2266.645996;0.118487;0.000000;0.000000;0.000000;0.000000;2.000000;169.993759;-592.203247;2264.491943;0.108998;0.000000;0.000000;0.000000;0.000000;2.000000;294.234253;-613.680359;2013.436646;0.078453;0.000000;0.000000;0.000000;0.000000;2.000000;124.128929;-755.999634;2093.485352;0.176058;0.000000;0.000000;0.000000;0.000000;2.000000;69.503151;-818.359131;2145.548340;0.265170;0.000000;0.000000;0.000000;0.000000;2.000000;-34.965538;-848.369629;2161.452393;0.304147;0.000000;0.000000;0.000000;0.000000;2.000000;-2.066950;-801.820007;2151.832031;0.239806;0.000000;0.000000;0.000000;0.000000;2.000000;-42.435989;-572.863525;2272.686523;0.118201;0.000000;0.000000;0.000000;0.000000;2.000000;-171.886292;-541.584351;2284.483887;0.095186;0.000000;0.000000;0.000000;0.000000;2.000000;-280.373047;-276.708923;2287.948730;0.126157;0.000000;0.000000;0.000000;0.000000;2.000000;-186.896561;-242.190826;2070.957031;0.141756;0.000000;0.000000;0.000000;0.000000;2.000000;-145.540390;-240.017746;1974.028809;0.075402;0.000000;0.000000;0.000000;0.000000;2.000000;-38.043045;-250.149323;1974.779419;0.060747;0.000000;0.000000;0.000000;0.000000;2.000000;-68.874641;-286.240356;1999.977051;0.112820;0.000000;0.000000;0.000000;0.000000;1.000000;91.842461;-155.714981;1988.809448;0.050143;0.000000;0.000000;0.000000;0.000000;2.000000;235.177399;-37.615173;1626.663086;0.119648;0.000000;0.000000;0.000000;0.000000;2.000000;264.623413;348.270447;1587.752686;0.075100;0.000000;0.000000;0.000000;0.000000;2.000000;305.175476;430.523071;1420.831055;0.070503;0.000000;0.000000;0.000000;0.000000;2.000000;-82.818398;-144.846558;2010.091064;0.045217;0.000000;0.000000;0.000000;0.000000;2.000000;-308.882935;-31.422058;1691.789795;0.172302;0.000000;0.000000;0.000000;0.000000;2.000000;-382.618286;353.323730;1723.763428;0.221159;0.000000;0.000000;0.000000;0.000000;2.000000;-441.568146;426.218018;1575.722656;0.140717;0.000000;0.000000;0.000000;0.000000;2.000000;-21.772278;-692.241089;2300.828613;0.139128;0.000000;0.000000;0.000000;0.000000;2.000000;-14.142276;-738.264465;2144.270508;0.228884;0.000000;0.000000;0.000000;0.000000;2.000000;6.295810;-774.586548;2183.012207;0.179228;0.000000;0.000000;0.000000;0.000000;2.000000;57.317127;-763.606934;2300.852295;0.055874;0.000000;0.000000;0.000000;0.000000;2.000000;-45.700760;-767.094360;2174.920410;0.157952;0.000000;0.000000;0.000000;0.000000;2.000000;-110.594711;-751.617554;2290.208496;0.076220;0.000000;0.000000;0.000000;0.000000;2.000000;9831467008.000000
0.000000;-150.000000;2000.000000;0.000000;0.000000;0.000000;0.000000;0.000000;2.000000;3.091505;-297.273743;2105.552734;0.188373;0.000000;0.000000;0.000000;0.000000;2.000000;6.342237;-409.838196;2196.699707;0.101816;0.000000;0.000000;0.000000;0.000000;2.000000;-15.115908;-612.553467;2280.838379;0.101416;0.000000;0.000000;0.000000;0.000000;2.000000;22.311565;-583.733093;2265.108887;0.098409;0.000000;0.000000;0.000000;0.000000;2.000000;167.114746;-594.495667;2263.977051;0.113405;0.000000;0.000000;0.000000;0.000000;2.000000;293.494202;-615.663208;2014.230957;0.068988;0.000000;0.000000;0.000000;0.000000;2.000000;121.963295;-754.195435;2097.241699;0.143320;0.000000;0.000000;0.000000;0.000000;2.000000;69.609848;-819.276184;2148.140625;0.083978;0.000000;0.000000;0.000000;0.000000;2.000000;-35.121201;-849.218384;2161.624512;0.026853;0.000000;0.000000;0.000000;0.000000;2.000000;-4.599691;-803.098633;2151.477051;0.087259;0.000000;0.000000;0.000000;0.000000;2.000000;-45.060471;-573.614624;2270.716309;0.102740;0.000000;0.000000;0.000000;0.000000;2.000000;-174.333725;-542.075623;2282.487793;0.097540;0.000000;0.000000;0.000000;0.000000;2.000000;-284.344330;-278.116272;2287.542969;0.129174;0.000000;0.000000;0.000000;0.000000;2.000000;-194.019714;-247.155991;2068.906738;0.272267;0.000000;0.000000;0.000000;0.000000;2.000000;-152.592606;-241.474869;1972.247803;0.226384;0.000000;0.000000;0.000000;0.000000;2.000000;-45.134857;-251.034683;1973.085327;0.224149;0.000000;0.000000;0.000000;0.000000;2.000000;-74.063171;-287.052429;1999.260620;0.161753;0.000000;0.000000;0.000000;0.000000;2.000000;92.216408;-153.668289;1992.180786;0.120900;0.000000;0.000000;0.000000;0.000000;2.000000;234.923920;-35.484863;1630.198975;0.126215;0.000000;0.000000;0.000000;0.000000;2.000000;260.843781;349.829041;1586.662964;0.129123;0.000000;0.000000;0.000000;0.000000;2.000000;302.944702;431.402405;1419.974609;0.077704;0.000000;0.000000;0.000000;0.000000;2.000000;-83.155594;-146.692139;2007.050781;0.109026;0.000000;0.000000;0.000000;0.000000;2.000000;-307.497589;-31.675842;1688.539307;0.108108;0.000000;0.000000;0.000000;0.000000;2.000000;-384.936829;352.346130;1716.083008;0.246646;0.000000;0.000000;0.000000;0.000000;2.000000;-443.051453;428.800964;1569.691650;0.205274;0.000000;0.000000;0.000000;0.000000;2.000000;-24.876089;-692.804565;2299.530518;0.104101;0.000000;0.000000;0.000000;0.000000;2.000000;-21.136059;-739.410095;2143.146973;0.218979;0.000000;0.000000;0.000000;0.000000;2.000000;0.480574;-775.435791;2181.453125;0.185553;0.000000;0.000000;0.000000;0.000000;2.000000;54.482056;-763.714905;2297.765137;0.127955;0.000000;0.000000;0.000000;0.000000;2.000000;-51.704346;-768.243042;2174.708496;0.186650;0.000000;0.000000;0.000000;0.000000;2.000000;-113.568848;-752.616699;2291.502441;0.103571;0.000000;0.000000;0.000000;0.000000;2.000000;9831499776.000000
0.000000;-150.000000;2000.000000;0.000000;0.000000;0.000000;0.000000;0.000000;2.000000;3.546854;-296.702820;2108.489258;0.089547;0.000000;0.000000;0.000000;0.000000;2.000000;6.592755;-411.849976;2198.028809;0.071738;0.000000;0.000000;0.000000;0.000000;2.000000;-15.503386;-615.256104;2284.386230;0.132481;0.000000;0.000000;0.000000;0.000000;2.000000;22.263916;-586.422729;2268.382813;0.125395;0.000000;0.000000;0.000000;0.000000;2.000000;167.718231;-601.447083;2268.710449;0.249514;0.000000;0.000000;0.000000;0.000000;2.000000;297.323608;-608.126282;2017.586426;0.269162;0.000000;0.000000;0.000000;0.000000;2.000000;123.910027;-746.123413;2102.280273;0.287423;0.000000;0.000000;0.000000;0.000000;2.000000;72.501839;-810.933350;2155.750488;0.344952;0.000000;0.000000;0.000000;0.000000;2.000000;-30.729357;-849.096069;2165.947266;0.182397;0.000000;0.000000;0.000000;0.000000;2.000000;-2.457087;-797.927307;2159.237793;0.283168;0.000000;0.000000;0.000000;0.000000;2.000000;-45.576794;-576.081116;2273.812988;0.118148;0.000000;0.000000;0.000000;0.000000;2.000000;-175.398453;-543.396606;2287.037598;0.143698;0.000000;0.000000;0.000000;0.000000;2.000000;-285.002014;-277.128326;2293.798340;0.188416;0.000000;0.000000;0.000000;0.000000;2.000000;-188.603729;-246.726868;2075.840332;0.260672;0.000000;0.000000;0.000000;0.000000;2.000000;-152.728790;-241.178864;1976.189819;0.117053;0.000000;0.000000;0.000000;0.000000;2.000000;-44.554340;-251.200867;1977.397095;0.128842;0.000000;0.000000;0.000000;0.000000;2.000000;-70.595001;-287.476837;2000.893188;0.114129;0.000000;0.000000;0.000000;0.000000;1.000000;93.087151;-151.860962;1994.440186;0.089415;0.000000;0.000000;0.000000;0.000000;2.000000;235.375107;-42.571777;1626.325562;0.239375;0.000000;0.000000;0.000000;0.000000;2.000000;261.945313;346.262634;1590.710327;0.162932;0.000000;0.000000;0.000000;0.000000;2.000000;303.528229;430.789490;1423.829834;0.116803;0.000000;0.000000;0.000000;0.000000;2.000000;-83.940765;-148.321899;2005.013428;0.080628;0.000000;0.000000;0.000000;0.000000;2.000000;-308.872925;-26.034027;1685.969849;0.187917;0.000000;0.000000;0.000000;0.000000;2.000000;-387.775574;359.303040;1727.150146;0.395857;0.000000;0.000000;0.000000;0.000000;2.000000;-442.665009;424.969666;1573.004150;0.150315;0.000000;0.000000;0.000000;0.000000;2.000000;-25.496389;-695.899292;2303.852051;0.158364;0.000000;0.000000;0.000000;0.000000;2.000000;-23.477501;-745.297241;2147.091553;0.220859;0.000000;0.000000;0.000000;0.000000;2.000000;-2.367309;-781.469482;2186.130615;0.241131;0.000000;0.000000;0.000000;0.000000;2.000000;52.776073;-769.121582;2302.847900;0.225327;0.000000;0.000000;0.000000;0.000000;2.000000;-54.771145;-773.140259;2179.438721;0.220983;0.000000;0.000000;0.000000;0.000000;2.000000;-116.186897;-754.207092;2297.048340;0.187490;0.000000;0.000000;0.000000;0.000000;2.000000;9831533568.000000
0.000000;-150.000015;2000.000000;0.000000;0.000000;0.000000;0.000000;0.000000;2.000000;2.949058;-295.989868;2106.935547;0.055267;0.000000;0.000000;0.000000;0.000000;2.000000;5.502665;-411.492310;2194.046387;0.126477;0.000000;0.000000;0.000000;0.000000;2.000000;-17.591465;-612.752747;2280.477539;0.155324;0.000000;0.000000;0.000000;0.000000;2.000000;19.992607;-584.575623;2264.167480;0.156623;0.000000;0.000000;0.000000;0.000000;2.000000;163.950729;-602.101929;2263.608398;0.194581;0.000000;0.000000;0.000000;0.000000;2.000000;293.875305;-607.388550;2015.245728;0.129165;0.000000;0.000000;0.000000;0.000000;2.000000;122.141785;-741.978394;2103.318115;0.141125;0.000000;0.000000;0.000000;0.000000;2.000000;72.979073;-808.901978;2154.767578;0.070391;0.000000;0.000000;0.000000;0.000000;2.000000;-28.544430;-849.089478;2164.475098;0.080402;0.000000;0.000000;0.000000;0.000000;2.000000;1.311843;-799.889893;2162.913086;0.171454;0.000000;0.000000;0.000000;0.000000;2.000000;-47.128738;-573.635559;2270.164551;0.142162;0.000000;0.000000;0.000000;0.000000;2.000000;-175.798447;-541.893433;2285.526367;0.066184;0.000000;0.000000;0.000000;0.000000;2.000000;-284.279999;-277.680634;2289.723145;0.127422;0.000000;0.000000;0.000000;0.000000;2.000000;-194.770691;-242.765656;2071.679443;0.257210;0.000000;0.000000;0.000000;0.000000;2.000000;-154.009033;-239.896255;1974.759766;0.070450;0.000000;0.000000;0.000000;0.000000;2.000000;-46.730305;-249.938141;1975.041992;0.105168;0.000000;0.000000;0.000000;0.000000;2.000000;-76.336594;-285.989471;2001.441284;0.181775;0.000000;0.000000;0.000000;0.000000;1.000000;92.057549;-154.068054;1991.907471;0.107229;0.000000;0.000000;0.000000;0.000000;2.000000;235.712708;-44.060059;1628.308594;0.076363;0.000000;0.000000;0.000000;0.000000;2.000000;257.826233;341.423035;1588.768677;0.202795;0.000000;0.000000;0.000000;0.000000;2.000000;300.982361;429.032043;1425.729492;0.110787;0.000000;0.000000;0.000000;0.000000;2.000000;-83.012337;-146.331680;2007.297363;0.096695;0.000000;0.000000;0.000000;0.000000;2.000000;-310.137085;-29.229340;1692.195679;0.217016;0.000000;0.000000;0.000000;0.000000;2.000000;-385.522308;354.809570;1718.024170;0.317957;0.000000;0.000000;0.000000;0.000000;2.000000;-444.851624;428.907166;1571.175171;0.148349;0.000000;0.000000;0.000000;0.000000;2.000000;-28.109947;-692.573975;2300.106934;0.172402;0.000000;0.000000;0.000000;0.000000;2.000000;-30.207478;-744.907593;2145.734375;0.209854;0.000000;0.000000;0.000000;0.000000;2.000000;-8.965732;-780.257874;2184.765381;0.208931;0.000000;0.000000;0.000000;0.000000;2.000000;48.399071;-766.367554;2299.028809;0.196189;0.000000;0.000000;0.000000;0.000000;2.000000;-60.941868;-771.352905;2179.064453;0.196388;0.000000;0.000000;0.000000;0.000000;2.000000;-119.019333;-749.159058;2296.544678;0.177315;0.000000;0.000000;0.000000;0.000000;2.000000;9831566336.000000
0.000000;-150.000000;2000.000000;0.000000;0.000000;0.000000;0.000000;0.000000;2.000000;2.044239;-300.079102;2104.014160;0.151112;0.000000;0.000000;0.000000;0.000000;2.000000;3.864729;-414.788513;2194.297852;0.109177;0.000000;0.000000;0.000000;0.000000;2.000000;-19.976355;-619.812866;2276.636230;0.248101;0.000000;0.000000;0.000000;0.000000;2.000000;18.075703;-590.910767;2261.346680;0.212915;0.000000;0.000000;0.000000;0.000000;2.000000;163.854630;-603.490051;2260.690430;0.095666;0.000000;0.000000;0.000000;0.000000;2.000000;292.663757;-610.386047;2008.959717;0.209183;0.000000;0.000000;0.000000;0.000000;2.000000;118.332703;-745.604736;2096.624756;0.251905;0.000000;0.000000;0.000000;0.000000;2.000000;69.159569;-813.080444;2149.004639;0.239061;0.000000;0.000000;0.000000;0.000000;2.000000;-32.754593;-854.422729;2160.709961;0.229884;0.000000;0.000000;0.000000;0.000000;2.000000;-2.116308;-804.804932;2158.668945;0.217306;0.000000;0.000000;0.000000;0.000000;2.000000;-49.760891;-580.212402;2266.695068;0.233428;0.000000;0.000000;0.000000;0.000000;2.000000;-179.717560;-546.504150;2276.442383;0.323005;0.000000;0.000000;0.000000;0.000000;2.000000;-287.725739;-279.456360;2285.572266;0.168071;0.000000;0.000000;0.000000;0.000000;2.000000;-188.614044;-244.756561;2069.310303;0.203913;0.000000;0.000000;0.000000;0.000000;2.000000;-157.659546;-243.846542;1967.804688;0.260188;0.000000;0.000000;0.000000;0.000000;2.000000;-49.426792;-254.009277;1968.856689;0.233208;0.000000;0.000000;0.000000;0.000000;2.000000;-74.568916;-290.542816;1990.328247;0.359229;0.000000;0.000000;0.000000;0.000000;1.000000;93.304146;-150.276459;1997.767334;0.209813;0.000000;0.000000;0.000000;0.000000;2.000000;228.640793;-42.579956;1626.285767;0.222034;0.000000;0.000000;0.000000;0.000000;2.000000;257.521973;345.497253;1582.415283;0.223533;0.000000;0.000000;0.000000;0.000000;2.000000;296.965088;427.020508;1413.393799;0.388505;0.000000;0.000000;0.000000;0.000000;2.000000;-84.136452;-149.750702;2002.013306;0.189196;0.000000;0.000000;0.000000;0.000000;2.000000;-316.073273;-33.464935;1685.414795;0.294681;0.000000;0.000000;0.000000;0.000000;2.000000;-388.658051;354.420410;1715.125244;0.126898;0.000000;0.000000;0.000000;0.000000;2.000000;-447.939819;425.370422;1564.867188;0.232706;0.000000;0.000000;0.000000;0.000000;2.000000;-30.597744;-700.801941;2294.497070;0.303754;0.000000;0.000000;0.000000;0.000000;2.000000;-47.920315;-755.635437;2140.400146;0.632819;0.000000;0.000000;0.000000;0.000000;2.000000;-22.511595;-790.710999;2177.902344;0.545552;0.000000;0.000000;0.000000;0.000000;2.000000;46.464111;-774.992065;2286.681885;0.449356;0.000000;0.000000;0.000000;0.000000;2.000000;-75.308197;-781.986877;2177.277832;0.531572;0.000000;0.000000;0.000000;0.000000;2.000000;-121.950165;-758.259399;2300.755859;0.309156;0.000000;0.000000;0.000000;0.000000;2.000000;9831600128.000000
0.000000;-150.000000;2000.000000;0.000000;0.000000;0.000000;0.000000;0.000000;2.000000;5.838686;-295.605804;2110.940430;0.276990;0.000000;0.000000;0.000000;0.000000;2.000000;11.006731;-408.450684;2204.092773;0.417452;0.000000;0.000000;0.000000;0.000000;2.000000;-14.312038;-615.423828;2282.797852;0.288409;0.000000;0.000000;0.000000;0.000000;2.000000;24.030865;-586.477051;2267.839111;0.300987;0.000000;0.000000;0.000000;0.000000;2.000000;170.268600;-598.607056;2265.979492;0.294233;0.000000;0.000000;0.000000;0.000000;2.000000;302.451141;-599.629028;2014.971680;0.480252;0.000000;0.000000;0.000000;0.000000;2.000000;127.854401;-738.639648;2097.941650;0.362260;0.000000;0.000000;0.000000;0.000000;2.000000;75.275925;-801.207642;2153.551758;0.430557;0.000000;0.000000;0.000000;0.000000;2.000000;-24.343336;-848.376831;2166.029541;0.355369;0.000000;0.000000;0.000000;0.000000;2.000000;9.431844;-793.751831;2168.266846;0.569012;0.000000;0.000000;0.000000;0.000000;2.000000;-43.881939;-575.263794;2273.744873;0.318248;0.000000;0.000000;0.000000;0.000000;2.000000;-174.095444;-540.611572;2282.123535;0.303041;0.000000;0.000000;0.000000;0.000000;2.000000;-282.544891;-272.758453;2288.873291;0.277357;0.000000;0.000000;0.000000;0.000000;2.000000;-182.354813;-238.276215;2072.287598;0.289575;0.000000;0.000000;0.000000;0.000000;2.000000;-151.620239;-236.852020;1970.395630;0.292889;0.000000;0.000000;0.000000;0.000000;2.000000;-43.082806;-247.120178;1971.945801;0.300948;0.000000;0.000000;0.000000;0.000000;2.000000;-67.930649;-283.730225;1992.867432;0.300448;0.000000;0.000000;0.000000;0.000000;1.000000;93.194626;-152.628418;1991.645508;0.200165;0.000000;0.000000;0.000000;0.000000;2.000000;237.460220;-35.434723;1625.103027;0.348269;0.000000;0.000000;0.000000;0.000000;2.000000;267.695190;354.497498;1589.003052;0.460702;0.000000;0.000000;0.000000;0.000000;2.000000;303.337494;433.311035;1417.234863;0.297342;0.000000;0.000000;0.000000;0.000000;2.000000;-84.037704;-147.629837;2007.533569;0.180496;0.000000;0.000000;0.000000;0.000000;2.000000;-306.936310;-34.323914;1681.934082;0.299535;0.000000;0.000000;0.000000;0.000000;2.000000;-383.552490;353.413025;1718.227661;0.184894;0.000000;0.000000;0.000000;0.000000;2.000000;-440.873322;426.423096;1567.587158;0.233298;0.000000;0.000000;0.000000;0.000000;2.000000;-25.590635;-696.887146;2299.189453;0.241099;0.000000;0.000000;0.000000;0.000000;2.000000;-47.508137;-750.502808;2144.733154;0.205374;0.000000;0.000000;0.000000;0.000000;2.000000;-20.363535;-785.754395;2181.094238;0.191485;0.000000;0.000000;0.000000;0.000000;2.000000;52.256386;-770.273071;2287.974609;0.231392;0.000000;0.000000;0.000000;0.000000;2.000000;-73.405106;-777.638184;2182.335938;0.211690;0.000000;0.000000;0.000000;0.000000;2.000000;-116.266830;-755.675659;2307.920898;0.290019;0.000000;0.000000;0.000000;0.000000;2.000000;9831632896.000000
0.000000;-150.000015;2000.000000;0.000000;0.000000;0.000000;0.000000;0.000000;2.000000;5.811862;-292.281281;2113.693604;0.127741;0.000000;0.000000;0.000000;0.000000;2.000000;10.863697;-403.676666;2207.432617;0.172469;0.000000;0.000000;0.000000;0.000000;2.000000;-11.594167;-610.953552;2282.953613;0.154888;0.000000;0.000000;0.000000;0.000000;2.000000;26.140785;-581.541687;2268.212646;0.159222;0.000000;0.000000;0.000000;0.000000;2.000000;171.387650;-596.323730;2266.393555;0.076240;0.000000;0.000000;0.000000;0.000000;2.000000;300.576813;-598.283813;2015.452759;0.069742;0.000000;0.000000;0.000000;0.000000;2.000000;127.589806;-736.631165;2099.444824;0.074651;0.000000;0.000000;0.000000;0.000000;2.000000;74.614433;-799.342041;2153.610840;0.058602;0.000000;0.000000;0.000000;0.000000;2.000000;-23.068192;-847.957458;2170.192383;0.129436;0.000000;0.000000;0.000000;0.000000;2.000000;9.847029;-788.391235;2172.544922;0.203331;0.000000;0.000000;0.000000;0.000000;2.000000;-41.496510;-571.186035;2274.731689;0.142821;0.000000;0.000000;0.000000;0.000000;2.000000;-171.426590;-538.530151;2284.434570;0.121280;0.000000;0.000000;0.000000;0.000000;2.000000;-283.470734;-273.711212;2289.426270;0.042584;0.000000;0.000000;0.000000;0.000000;2.000000;-184.221268;-242.570343;2073.257813;0.141503;0.000000;0.000000;0.000000;0.000000;2.000000;-151.691925;-236.148972;1972.685547;0.070919;0.000000;0.000000;0.000000;0.000000;2.000000;-43.655785;-245.861206;1974.085205;0.075391;0.000000;0.000000;0.000000;0.000000;2.000000;-68.035316;-282.739136;1995.227539;0.075814;0.000000;0.000000;0.000000;0.000000;1.000000;92.522453;-154.068634;1990.178589;0.064005;0.000000;0.000000;0.000000;0.000000;2.000000;236.927307;-32.447174;1627.481445;0.114101;0.000000;0.000000;0.000000;0.000000;2.000000;262.396362;355.621582;1589.273926;0.160497;0.000000;0.000000;0.000000;0.000000;2.000000;302.721252;434.767090;1419.796997;0.089095;0.000000;0.000000;0.000000;0.000000;2.000000;-83.431564;-146.331161;2008.856201;0.057712;0.000000;0.000000;0.000000;0.000000;2.000000;-309.027374;-35.217529;1686.995361;0.164200;0.000000;0.000000;0.000000;0.000000;2.000000;-375.942749;352.675781;1718.565674;0.226469;0.000000;0.000000;0.000000;0.000000;2.000000;-443.734161;429.259094;1575.276855;0.256893;0.000000;0.000000;0.000000;0.000000;2.000000;-21.846058;-692.343140;2298.177002;0.176803;0.000000;0.000000;0.000000;0.000000;2.000000;-45.816780;-755.744873;2148.703125;0.200928;0.000000;0.000000;0.000000;0.000000;2.000000;-19.438004;-788.847351;2187.130371;0.202571;0.000000;0.000000;0.000000;0.000000;2.000000;53.783710;-767.803955;2291.826904;0.142751;0.000000;0.000000;0.000000;0.000000;2.000000;-71.996071;-779.436035;2188.020020;0.181282;0.000000;0.000000;0.000000;0.000000;2.000000;-113.374115;-747.893066;2311.312988;0.265418;0.000000;0.000000;0.000000;0.000000;2.000000;9831666688.000000
0.000000;-149.999985;2000.000000;0.000001;0.000000;0.000000;0.000000;0.000000;2.000000;4.147737;-294.439209;2112.505127;0.087978;0.000000;0.000000;0.000000;0.000000;2.000000;7.810726;-407.705231;2205.197266;0.163557;0.000000;0.000000;0.000000;0.000000;2.000000;-16.590565;-614.874451;2283.623047;0.188990;0.000000;0.000000;0.000000;0.000000;2.000000;21.633566;-585.698608;2268.819824;0.182335;0.000000;0.000000;0.000000;0.000000;2.000000;168.023575;-595.691101;2267.215088;0.104174;0.000000;0.000000;0.000000;0.000000;2.000000;300.735992;-587.328125;2016.651367;0.326178;0.000000;0.000000;0.000000;0.000000;2.000000;121.298332;-723.623657;2093.515869;0.462188;0.000000;0.000000;0.000000;0.000000;2.000000;74.216576;-791.797241;2147.420898;0.289038;0.000000;0.000000;0.000000;0.000000;2.000000;-20.973782;-841.905762;2174.448486;0.227545;0.000000;0.000000;0.000000;0.000000;2.000000;20.376709;-784.237915;2183.272705;0.461505;0.000000;0.000000;0.000000;0.000000;2.000000;-46.355644;-574.878296;2274.507813;0.180720;0.000000;0.000000;0.000000;0.000000;2.000000;-175.936386;-537.794006;2282.062744;0.152355;0.000000;0.000000;0.000000;0.000000;2.000000;-285.194672;-270.279724;2288.130371;0.119938;0.000000;0.000000;0.000000;0.000000;2.000000;-179.191010;-235.741669;2074.361816;0.253106;0.000000;0.000000;0.000000;0.000000;2.000000;-151.517975;-235.398880;1971.596069;0.039480;0.000000;0.000000;0.000000;0.000000;2.000000;-43.239216;-248.103363;1972.322144;0.085303;0.000000;0.000000;0.000000;0.000000;1.000000;-67.555679;-281.767151;1992.210815;0.094861;0.000000;0.000000;0.000000;0.000000;1.000000;93.120369;-153.988480;1991.446411;0.041549;0.000000;0.000000;0.000000;0.000000;2.000000;237.298889;-35.096619;1625.455322;0.099314;0.000000;0.000000;0.000000;0.000000;2.000000;260.771118;355.011230;1586.679810;0.092372;0.000000;0.000000;0.000000;0.000000;2.000000;302.153992;437.732422;1418.083374;0.102732;0.000000;0.000000;0.000000;0.000000;2.000000;-83.970734;-146.403381;2007.713257;0.037458;0.000000;0.000000;0.000000;0.000000;2.000000;-312.261780;-29.466583;1687.217041;0.195366;0.000000;0.000000;0.000000;0.000000;2.000000;-378.384338;360.827209;1715.488281;0.267774;0.000000;0.000000;0.000000;0.000000;2.000000;-444.026154;435.113037;1568.940552;0.255430;0.000000;0.000000;0.000000;0.000000;2.000000;-27.459114;-696.408936;2299.900879;0.211353;0.000000;0.000000;0.000000;0.000000;2.000000;-48.325123;-754.812866;2147.058594;0.092946;0.000000;0.000000;0.000000;0.000000;2.000000;-21.599075;-788.980591;2184.732910;0.095598;0.000000;0.000000;0.000000;0.000000;2.000000;50.210197;-770.360474;2291.646973;0.130135;0.000000;0.000000;0.000000;0.000000;2.000000;-74.615578;-780.656860;2185.286621;0.117717;0.000000;0.000000;0.000000;0.000000;2.000000;-118.400902;-754.590454;2309.751465;0.252081;0.000000;0.000000;0.000000;0.000000;2.000000;9831700480.000000
0.000000;-150.000000;2000.000000;0.000000;0.000000;0.000000;0.000000;0.000000;2.000000;1.920878;-292.970947;2114.323242;0.098512;0.000000;0.000000;0.000000;0.000000;2.000000;3.534594;-406.663757;2206.469727;0.139813;0.000000;0.000000;0.000000;0.000000;2.000000;-21.420071;-612.755798;2287.304199;0.196273;0.000000;0.000000;0.000000;0.000000;2.000000;16.938286;-583.604492;2272.863770;0.199615;0.000000;0.000000;0.000000;0.000000;2.000000;163.141739;-595.327026;2275.042480;0.281743;0.000000;0.000000;0.000000;0.000000;2.000000;291.571533;-576.166504;2022.955444;0.480892;0.000000;0.000000;0.000000;0.000000;2.000000;115.529861;-720.519958;2092.344238;0.203076;0.000000;0.000000;0.000000;0.000000;2.000000;68.297791;-789.264771;2145.321777;0.206646;0.000000;0.000000;0.000000;0.000000;2.000000;-19.653658;-843.904419;2184.984619;0.329742;0.000000;0.000000;0.000000;0.000000;2.000000;18.451399;-781.298340;2185.926270;0.134379;0.000000;0.000000;0.000000;0.000000;2.000000;-51.180511;-573.061035;2277.027588;0.175127;0.000000;0.000000;0.000000;0.000000;2.000000;-181.023834;-537.119202;2284.761719;0.176954;0.000000;0.000000;0.000000;0.000000;2.000000;-288.512085;-269.009216;2291.382324;0.146975;0.000000;0.000000;0.000000;0.000000;2.000000;-187.397629;-238.322311;2074.770264;0.262833;0.000000;0.000000;0.000000;0.000000;2.000000;-156.361755;-233.931671;1973.102051;0.161146;0.000000;0.000000;0.000000;0.000000;2.000000;-47.886200;-244.288910;1975.052979;0.201513;0.000000;0.000000;0.000000;0.000000;1.000000;-72.403526;-280.312225;1994.818970;0.173765;0.000000;0.000000;0.000000;0.000000;1.000000;93.254761;-153.951935;1993.490967;0.062539;0.000000;0.000000;0.000000;0.000000;2.000000;235.812637;-30.331543;1628.592285;0.179913;0.000000;0.000000;0.000000;0.000000;2.000000;254.421555;359.921112;1590.005249;0.265139;0.000000;0.000000;0.000000;0.000000;2.000000;297.599579;438.863312;1420.127686;0.156209;0.000000;0.000000;0.000000;0.000000;2.000000;-84.091934;-146.436371;2005.869507;0.056397;0.000000;0.000000;0.000000;0.000000;2.000000;-317.835815;-23.717743;1691.709351;0.280197;0.000000;0.000000;0.000000;0.000000;2.000000;-393.086914;364.765411;1720.176758;0.486042;0.000000;0.000000;0.000000;0.000000;2.000000;-447.384094;435.631866;1567.495117;0.112685;0.000000;0.000000;0.000000;0.000000;2.000000;-32.211555;-694.079163;2304.514404;0.214272;0.000000;0.000000;0.000000;0.000000;2.000000;-65.078239;-755.944946;2155.246826;0.570112;0.000000;0.000000;0.000000;0.000000;2.000000;-35.838551;-789.432617;2191.611816;0.482802;0.000000;0.000000;0.000000;0.000000;2.000000;44.007050;-768.922974;2292.241211;0.195166;0.000000;0.000000;0.000000;0.000000;2.000000;-88.575577;-780.594116;2195.975586;0.536571;0.000000;0.000000;0.000000;0.000000;2.000000;-122.555122;-751.112488;2322.671387;0.427549;0.000000;0.000000;0.000000;0.000000;2.000000;9831733248.000000
0.000000;-149.999985;2000.000000;0.000000;0.000000;0.000000;0.000000;0.000000;2.000000;2.250649;-296.928589;2112.097168;0.134727;0.000000;0.000000;0.000000;0.000000;2.000000;4.287321;-409.546936;2207.724609;0.095682;0.000000;0.000000;0.000000;0.000000;2.000000;-21.327164;-618.393799;2287.175293;0.166910;0.000000;0.000000;0.000000;0.000000;2.000000;17.489964;-588.744141;2273.301514;0.153518;0.000000;0.000000;0.000000;0.000000;2.000000;165.040924;-600.808472;2277.133057;0.182479;0.000000;0.000000;0.000000;0.000000;2.000000;285.701508;-571.333069;2019.202637;0.250934;0.000000;0.000000;0.000000;0.000000;2.000000;107.770119;-718.822876;2084.930664;0.321535;0.000000;0.000000;0.000000;0.000000;2.000000;66.751762;-795.362915;2134.024902;0.382649;0.000000;0.000000;0.000000;0.000000;2.000000;-15.674359;-850.132996;2186.338867;0.222368;0.000000;0.000000;0.000000;0.000000;2.000000;18.774742;-785.220947;2185.955078;0.116478;0.000000;0.000000;0.000000;0.000000;2.000000;-51.349655;-578.297241;2276.818604;0.155158;0.000000;0.000000;0.000000;0.000000;2.000000;-182.649185;-541.980408;2278.471191;0.240128;0.000000;0.000000;0.000000;0.000000;2.000000;-291.737701;-271.721558;2290.558105;0.127079;0.000000;0.000000;0.000000;0.000000;2.000000;-188.704193;-241.464111;2072.218018;0.125872;0.000000;0.000000;0.000000;0.000000;2.000000;-157.728943;-237.421448;1969.452148;0.154817;0.000000;0.000000;0.000000;0.000000;2.000000;-48.122013;-246.953064;1970.854980;0.147301;0.000000;0.000000;0.000000;0.000000;1.000000;-73.406464;-283.739136;1990.248535;0.171634;0.000000;0.000000;0.000000;0.000000;1.000000;94.408157;-150.865845;1996.969604;0.141784;0.000000;0.000000;0.000000;0.000000;2.000000;229.848877;-36.614075;1621.997437;0.322179;0.000000;0.000000;0.000000;0.000000;2.000000;254.491180;356.980408;1582.333496;0.243145;0.000000;0.000000;0.000000;0.000000;2.000000;296.030365;438.297241;1411.080811;0.272236;0.000000;0.000000;0.000000;0.000000;2.000000;-85.131981;-149.219193;2002.732666;0.127852;0.000000;0.000000;0.000000;0.000000;2.000000;-322.326294;-26.898102;1685.860107;0.237652;0.000000;0.000000;0.000000;0.000000;2.000000;-394.352142;366.052368;1714.528931;0.175461;0.000000;0.000000;0.000000;0.000000;2.000000;-453.248840;434.366943;1560.425293;0.274397;0.000000;0.000000;0.000000;0.000000;2.000000;-32.219791;-700.673218;2303.689453;0.196658;0.000000;0.000000;0.000000;0.000000;2.000000;-65.863068;-758.346924;2151.199219;0.141206;0.000000;0.000000;0.000000;0.000000;2.000000;-37.631565;-793.897888;2187.273682;0.191722;0.000000;0.000000;0.000000;0.000000;2.000000;42.656860;-778.066650;2289.990967;0.281511;0.000000;0.000000;0.000000;0.000000;2.000000;-90.634628;-783.570068;2191.484619;0.170678;0.000000;0.000000;0.000000;0.000000;2.000000;-125.179565;-756.064453;2319.833496;0.185901;0.000000;0.000000;0.000000;0.000000;2.000000;9831767040.000000
0.000000;-150.000000;2000.000000;0.000000;0.000000;0.000000;0.000000;0.000000;2.000000;3.890016;-296.048187;2111.739502;0.057827;0.000000;0.000000;0.000000;0.000000;2.000000;7.487841;-408.239044;2206.725586;0.109829;0.000000;0.000000;0.000000;0.000000;2.000000;-14.330564;-616.822693;2284.935303;0.229265;0.000000;0.000000;0.000000;0.000000;2.000000;23.756626;-586.666321;2271.022949;0.213143;0.000000;0.000000;0.000000;0.000000;2.000000;170.515305;-599.684082;2274.684326;0.186206;0.000000;0.000000;0.000000;0.000000;2.000000;291.790527;-571.917786;2018.382690;0.188347;0.000000;0.000000;0.000000;0.000000;2.000000;114.667328;-717.685425;2085.895020;0.215350;0.000000;0.000000;0.000000;0.000000;2.000000;73.556992;-798.121460;2127.072998;0.308589;0.000000;0.000000;0.000000;0.000000;2.000000;-9.504528;-849.354858;2180.796387;0.254216;0.000000;0.000000;0.000000;0.000000;2.000000;35.154274;-788.115723;2192.610107;0.546732;0.000000;0.000000;0.000000;0.000000;2.000000;-44.876980;-577.328186;2275.019287;0.207143;0.000000;0.000000;0.000000;0.000000;2.000000;-175.834534;-542.509460;2279.580566;0.211322;0.000000;0.000000;0.000000;0.000000;2.000000;-284.034851;-273.277161;2288.304932;0.249481;0.000000;0.000000;0.000000;0.000000;2.000000;-186.772552;-240.843262;2068.934082;0.117803;0.000000;0.000000;0.000000;0.000000;2.000000;-151.905304;-238.489059;1967.916138;0.186667;0.000000;0.000000;0.000000;0.000000;2.000000;-42.770039;-246.901123;1970.918701;0.163349;0.000000;0.000000;0.000000;0.000000;1.000000;-69.561401;-284.454681;1991.546143;0.125754;0.000000;0.000000;0.000000;0.000000;1.000000;93.770699;-152.281906;1993.752930;0.109006;0.000000;0.000000;0.000000;0.000000;2.000000;238.809799;-33.382690;1626.088379;0.316377;0.000000;0.000000;0.000000;0.000000;2.000000;260.063629;358.414490;1585.686768;0.203242;0.000000;0.000000;0.000000;0.000000;2.000000;300.784088;436.192078;1413.650879;0.176988;0.000000;0.000000;0.000000;0.000000;2.000000;-84.557175;-147.942291;2005.633179;0.098292;0.000000;0.000000;0.000000;0.000000;2.000000;-316.735260;-31.116882;1685.587646;0.213911;0.000000;0.000000;0.000000;0.000000;2.000000;-385.749176;360.633728;1711.047974;0.327961;0.000000;0.000000;0.000000;0.000000;2.000000;-446.197174;433.077209;1560.464111;0.218773;0.000000;0.000000;0.000000;0.000000;2.000000;-23.820415;-698.939636;2301.037598;0.273957;0.000000;0.000000;0.000000;0.000000;2.000000;-64.828949;-760.820129;2152.934814;0.097458;0.000000;0.000000;0.000000;0.000000;2.000000;-34.408585;-794.911011;2188.182373;0.106767;0.000000;0.000000;0.000000;0.000000;2.000000;50.744141;-775.536621;2285.423096;0.293779;0.000000;0.000000;0.000000;0.000000;2.000000;-86.967773;-785.063965;2194.973633;0.161053;0.000000;0.000000;0.000000;0.000000;2.000000;-114.668137;-754.549805;2323.612793;0.344007;0.000000;0.000000;0.000000;0.000000;2.000000;9831799808.000000
0.000000;-150.000000;2000.000000;0.000000;0.000000;0.000000;0.000000;0.000000;2.000000;4.618725;-296.924683;2111.986328;0.034513;0.000000;0.000000;0.000000;0.000000;2.000000;8.900390;-409.319275;2207.770752;0.061040;0.000000;0.000000;0.000000;0.000000;2.000000;-15.851250;-618.003662;2287.829346;0.102865;0.000000;0.000000;0.000000;0.000000;2.000000;22.840036;-588.230103;2273.895996;0.100528;0.000000;0.000000;0.000000;0.000000;2.000000;170.400436;-599.895386;2277.790527;0.092196;0.000000;0.000000;0.000000;0.000000;2.000000;287.239532;-572.180786;2017.957153;0.135488;0.000000;0.000000;0.000000;0.000000;2.000000;113.970612;-726.743896;2079.640137;0.326414;0.000000;0.000000;0.000000;0.000000;2.000000;70.315063;-807.206482;2119.242188;0.367677;0.000000;0.000000;0.000000;0.000000;2.000000;-11.197108;-848.769165;2183.704102;0.101061;0.000000;0.000000;0.000000;0.000000;2.000000;36.447536;-791.238586;2192.474121;0.100106;0.000000;0.000000;0.000000;0.000000;2.000000;-46.037849;-578.077332;2277.329102;0.079649;0.000000;0.000000;0.000000;0.000000;2.000000;-177.393280;-541.998230;2277.208496;0.085347;0.000000;0.000000;0.000000;0.000000;2.000000;-284.505585;-270.832184;2284.832520;0.126445;0.000000;0.000000;0.000000;0.000000;2.000000;-177.961044;-247.558319;2067.361572;0.331132;0.000000;0.000000;0.000000;0.000000;2.000000;-145.172226;-241.077423;1965.301392;0.227058;0.000000;0.000000;0.000000;0.000000;2.000000;-35.569134;-249.208282;1970.213867;0.224735;0.000000;0.000000;0.000000;0.000000;1.000000;-57.620617;-314.540710;2001.147827;0.999143;0.000000;0.000000;0.000000;0.000000;2.000000;94.160858;-152.349380;1993.034058;0.024287;0.000000;0.000000;0.000000;0.000000;2.000000;237.680847;-33.903351;1622.459229;0.113524;0.000000;0.000000;0.000000;0.000000;2.000000;258.953461;360.228058;1586.953857;0.073251;0.000000;0.000000;0.000000;0.000000;2.000000;299.469086;436.211517;1413.057983;0.042691;0.000000;0.000000;0.000000;0.000000;2.000000;-84.908989;-147.881454;2006.281494;0.021902;0.000000;0.000000;0.000000;0.000000;2.000000;-315.381866;-31.198395;1682.475098;0.100469;0.000000;0.000000;0.000000;0.000000;2.000000;-385.999908;361.873016;1712.178955;0.050202;0.000000;0.000000;0.000000;0.000000;2.000000;-447.629486;433.368622;1560.637573;0.043558;0.000000;0.000000;0.000000;0.000000;2.000000;-26.392536;-700.267883;2304.584961;0.135494;0.000000;0.000000;0.000000;0.000000;2.000000;-64.586792;-758.513367;2153.415283;0.070096;0.000000;0.000000;0.000000;0.000000;2.000000;-35.422153;-793.978516;2188.812500;0.044820;0.000000;0.000000;0.000000;0.000000;2.000000;47.837517;-777.920654;2289.076172;0.155121;0.000000;0.000000;0.000000;0.000000;2.000000;-88.245674;-783.484497;2194.508301;0.061680;0.000000;0.000000;0.000000;0.000000;2.000000;-118.981133;-755.317566;2323.659668;0.129648;0.000000;0.000000;0.000000;0.000000;2.000000;9831833600.000000
0.000000;-150.000000;2000.000000;0.000000;0.000000;0.000000;0.000000;0.000000;2.000000;4.922887;-296.893921;2112.349609;0.014490;0.000000;0.000000;0.000000;0.000000;2.000000;9.460814;-409.562531;2208.051270;0.020516;0.000000;0.000000;0.000000;0.000000;2.000000;-15.401304;-618.921875;2287.002197;0.040137;0.000000;0.000000;0.000000;0.000000;2.000000;23.324511;-589.148682;2272.960449;0.042656;0.000000;0.000000;0.000000;0.000000;2.000000;171.045364;-601.220215;2275.505371;0.082978;0.000000;0.000000;0.000000;0.000000;2.000000;286.487091;-572.910400;2014.765991;0.102505;0.000000;0.000000;0.000000;0.000000;2.000000;111.261848;-725.013306;2078.048584;0.109462;0.000000;0.000000;0.000000;0.000000;2.000000;67.027618;-804.689453;2118.856934;0.126900;0.000000;0.000000;0.000000;0.000000;2.000000;-12.092325;-851.444580;2182.955566;0.089076;0.000000;0.000000;0.000000;0.000000;2.000000;37.540932;-792.599792;2191.787109;0.057259;0.000000;0.000000;0.000000;0.000000;2.000000;-45.568016;-578.785645;2276.981201;0.028028;0.000000;0.000000;0.000000;0.000000;2.000000;-177.139374;-542.930054;2277.451660;0.030394;0.000000;0.000000;0.000000;0.000000;2.000000;-287.260864;-272.595947;2283.968750;0.103258;0.000000;0.000000;0.000000;0.000000;2.000000;-180.818054;-245.652222;2066.571777;0.107548;0.000000;0.000000;0.000000;0.000000;2.000000;-144.532394;-238.782288;1965.601563;0.073288;0.000000;0.000000;0.000000;0.000000;2.000000;-34.531273;-243.065521;1968.943359;0.194032;0.000000;0.000000;0.000000;0.000000;1.000000;-60.183319;-314.211609;2000.726318;0.079892;0.000000;0.000000;0.000000;0.000000;1.000000;94.214752;-152.605209;1992.465454;0.019099;0.000000;0.000000;0.000000;0.000000;2.000000;232.645386;-37.316956;1618.462891;0.222128;0.000000;0.000000;0.000000;0.000000;2.000000;258.604462;356.857056;1581.694824;0.190931;0.000000;0.000000;0.000000;0.000000;2.000000;300.355042;435.479126;1409.029663;0.127842;0.000000;0.000000;0.000000;0.000000;2.000000;-84.957596;-147.650772;2006.794189;0.017221;0.000000;0.000000;0.000000;0.000000;2.000000;-318.156464;-31.345734;1684.221802;0.100157;0.000000;0.000000;0.000000;0.000000;2.000000;-385.174652;362.967285;1711.676270;0.044551;0.000000;0.000000;0.000000;0.000000;2.000000;-447.710327;432.511230;1559.367920;0.046819;0.000000;0.000000;0.000000;0.000000;2.000000;-26.097801;-701.351501;2303.311279;0.051820;0.000000;0.000000;0.000000;0.000000;2.000000;-68.236961;-755.194702;2151.357910;0.163119;0.000000;0.000000;0.000000;0.000000;2.000000;-38.406754;-791.824219;2185.079590;0.159987;0.000000;0.000000;0.000000;0.000000;2.000000;47.389832;-778.986938;2283.846680;0.163447;0.000000;0.000000;0.000000;0.000000;2.000000;-91.078903;-781.223389;2192.333740;0.129001;0.000000;0.000000;0.000000;0.000000;2.000000;-118.615700;-756.520691;2323.063232;0.042471;0.000000;0.000000;0.000000;0.000000;2.000000;9831866368.000000
0.000000;-150.000015;2000.000000;0.000000;0.000000;0.000000;0.000000;0.000000;2.000000;3.419338;-297.885376;2111.024902;0.066162;0.000000;0.000000;0.000000;0.000000;2.000000;7.224203;-411.496948;2205.583008;0.113987;0.000000;0.000000;0.000000;0.000000;2.000000;-17.666445;-618.900146;2289.387207;0.097340;0.000000;0.000000;0.000000;0.000000;2.000000;20.876303;-590.123535;2273.002930;0.077992;0.000000;0.000000;0.000000;0.000000;2.000000;168.610916;-600.650269;2267.811523;0.239403;0.000000;0.000000;0.000000;0.000000;2.000000;296.048340;-571.910950;2012.844116;0.290115;0.000000;0.000000;0.000000;0.000000;2.000000;114.413414;-724.003113;2053.993896;0.718551;0.000000;0.000000;0.000000;0.000000;2.000000;62.862766;-793.656372;2103.557129;0.571654;0.000000;0.000000;0.000000;0.000000;2.000000;-2.669657;-844.017273;2179.174561;0.372267;0.000000;0.000000;0.000000;0.000000;2.000000;49.984707;-783.579712;2174.763184;0.678717;0.000000;0.000000;0.000000;0.000000;2.000000;-47.531906;-578.385742;2280.072754;0.109030;0.000000;0.000000;0.000000;0.000000;2.000000;-179.390259;-544.207581;2285.846191;0.259957;0.000000;0.000000;0.000000;0.000000;2.000000;-286.785309;-272.939301;2276.393555;0.224842;0.000000;0.000000;0.000000;0.000000;2.000000;-160.403229;-264.963348;2068.418457;0.833391;0.000000;0.000000;0.000000;0.000000;2.000000;-146.638901;-239.299530;1964.952148;0.067004;0.000000;0.000000;0.000000;0.000000;2.000000;-36.551689;-238.106445;1963.102295;0.234499;0.000000;0.000000;0.000000;0.000000;2.000000;-41.057381;-341.328247;2010.018311;1.019752;0.000000;0.000000;0.000000;0.000000;2.000000;93.533546;-156.766144;1988.106812;0.179458;0.000000;0.000000;0.000000;0.000000;2.000000;231.228378;-37.976044;1615.038574;0.111389;0.000000;0.000000;0.000000;0.000000;2.000000;259.090057;356.294128;1581.882080;0.022687;0.000000;0.000000;0.000000;0.000000;2.000000;298.234741;437.233826;1409.729736;0.084039;0.000000;0.000000;0.000000;0.000000;2.000000;-84.343315;-143.898666;2010.724609;0.161826;0.000000;0.000000;0.000000;0.000000;2.000000;-321.235657;-38.321655;1687.281006;0.243136;0.000000;0.000000;0.000000;0.000000;2.000000;-382.679932;357.213501;1707.981201;0.215405;0.000000;0.000000;0.000000;0.000000;2.000000;-451.260620;433.636902;1561.741699;0.130700;0.000000;0.000000;0.000000;0.000000;2.000000;-29.073244;-700.797607;2307.672363;0.157090;0.000000;0.000000;0.000000;0.000000;2.000000;-71.258858;-752.382446;2154.993164;0.162776;0.000000;0.000000;0.000000;0.000000;2.000000;-42.726780;-790.030518;2188.692871;0.174913;0.000000;0.000000;0.000000;0.000000;2.000000;42.472126;-780.208740;2288.278809;0.199220;0.000000;0.000000;0.000000;0.000000;2.000000;-95.147995;-778.080566;2195.562012;0.179657;0.000000;0.000000;0.000000;0.000000;2.000000;-123.181084;-753.602051;2326.194824;0.185205;0.000000;0.000000;0.000000;0.000000;2.000000;9831900160.000000
0.000000;-150.000000;2000.000000;0.000000;0.000000;0.000000;0.000000;0.000000;2.000000;3.489542;-297.902649;2110.735840;0.009093;0.000000;0.000000;0.000000;0.000000;2.000000;7.323008;-411.612610;2204.976074;0.019095;0.000000;0.000000;0.000000;0.000000;2.000000;-16.948870;-619.163086;2288.076904;0.046292;0.000000;0.000000;0.000000;0.000000;2.000000;21.475487;-590.257263;2271.776855;0.041845;0.000000;0.000000;0.000000;0.000000;2.000000;169.054123;-600.980225;2266.186523;0.052379;0.000000;0.000000;0.000000;0.000000;2.000000;296.441284;-572.468994;2011.443848;0.047539;0.000000;0.000000;0.000000;0.000000;2.000000;114.103874;-723.786499;2051.114014;0.088640;0.000000;0.000000;0.000000;0.000000;2.000000;62.167725;-793.399902;2100.156250;0.106221;0.000000;0.000000;0.000000;0.000000;2.000000;-3.743498;-843.090637;2175.745850;0.113236;0.000000;0.000000;0.000000;0.000000;2.000000;39.912651;-783.701477;2163.054199;0.471357;0.000000;0.000000;0.000000;0.000000;2.000000;-46.901833;-578.734802;2278.910645;0.041725;0.000000;0.000000;0.000000;0.000000;2.000000;-178.754593;-545.069824;2285.059326;0.040563;0.000000;0.000000;0.000000;0.000000;2.000000;-287.632385;-274.628418;2276.645996;0.058179;0.000000;0.000000;0.000000;0.000000;2.000000;-161.960464;-264.412872;2068.582520;0.050653;0.000000;0.000000;0.000000;0.000000;2.000000;-148.339630;-238.188141;1965.333618;0.063085;0.000000;0.000000;0.000000;0.000000;2.000000;-38.348686;-237.436310;1963.161743;0.058557;0.000000;0.000000;0.000000;0.000000;2.000000;-42.861595;-340.679352;2010.146851;0.058644;0.000000;0.000000;0.000000;0.000000;1.000000;93.471138;-156.638855;1988.187378;0.004976;0.000000;0.000000;0.000000;0.000000;2.000000;231.336960;-37.037476;1615.837158;0.037754;0.000000;0.000000;0.000000;0.000000;2.000000;258.443298;357.071472;1584.232178;0.078077;0.000000;0.000000;0.000000;0.000000;2.000000;297.745850;437.518921;1412.072510;0.073552;0.000000;0.000000;0.000000;0.000000;2.000000;-84.287041;-144.013443;2010.651855;0.004489;0.000000;0.000000;0.000000;0.000000;2.000000;-320.917480;-38.226471;1687.540039;0.012853;0.000000;0.000000;0.000000;0.000000;2.000000;-382.776245;356.819580;1709.659180;0.052682;0.000000;0.000000;0.000000;0.000000;2.000000;-451.228577;433.293152;1563.572754;0.056864;0.000000;0.000000;0.000000;0.000000;2.000000;-28.117363;-701.077087;2306.097656;0.056860;0.000000;0.000000;0.000000;0.000000;2.000000;-66.311920;-751.672974;2152.197510;0.174755;0.000000;0.000000;0.000000;0.000000;2.000000;-36.932137;-788.774536;2185.688965;0.202842;0.000000;0.000000;0.000000;0.000000;2.000000;46.426491;-777.502197;2286.522461;0.155751;0.000000;0.000000;0.000000;0.000000;2.000000;-89.791870;-778.821777;2191.992188;0.197732;0.000000;0.000000;0.000000;0.000000;2.000000;-120.432304;-757.444519;2322.462891;0.183734;0.000000;0.000000;0.000000;0.000000;2.000000;9831932928.000000
0.000000;-150.000015;2000.000000;0.000000;0.000000;0.000000;0.000000;0.000000;2.000000;1.820966;-294.351196;2111.768555;0.120073;0.000000;0.000000;0.000000;0.000000;2.000000;3.201974;-410.074707;2200.706055;0.181414;0.000000;0.000000;0.000000;0.000000;2.000000;-18.404331;-613.619080;2287.106445;0.172036;0.000000;0.000000;0.000000;0.000000;2.000000;19.116219;-585.276428;2269.645020;0.174872;0.000000;0.000000;0.000000;0.000000;2.000000;164.691589;-597.476563;2261.892090;0.208728;0.000000;0.000000;0.000000;0.000000;2.000000;297.985138;-580.573425;2013.052612;0.248744;0.000000;0.000000;0.000000;0.000000;2.000000;111.676674;-722.642761;2051.029785;0.079442;0.000000;0.000000;0.000000;0.000000;2.000000;57.432308;-797.079346;2086.062256;0.453266;0.000000;0.000000;0.000000;0.000000;2.000000;-5.639642;-838.086182;2167.104736;0.300784;0.000000;0.000000;0.000000;0.000000;2.000000;34.451954;-781.370361;2158.302246;0.225050;0.000000;0.000000;0.000000;0.000000;2.000000;-48.298702;-573.922852;2277.962891;0.150907;0.000000;0.000000;0.000000;0.000000;2.000000;-177.951920;-539.571167;2289.024414;0.202016;0.000000;0.000000;0.000000;0.000000;2.000000;-288.048615;-273.338501;2283.781738;0.214942;0.000000;0.000000;0.000000;0.000000;2.000000;-189.474991;-250.299011;2065.780518;0.918856;0.000000;0.000000;0.000000;0.000000;2.000000;-147.808594;-234.523209;1969.485596;0.164640;0.000000;0.000000;0.000000;0.000000;2.000000;-39.136971;-233.467148;1971.244507;0.267495;0.000000;0.000000;0.000000;0.000000;2.000000;-65.144882;-328.219330;2022.618042;0.840835;0.000000;0.000000;0.000000;0.000000;1.000000;92.378098;-157.312027;1989.051392;0.045792;0.000000;0.000000;0.000000;0.000000;2.000000;229.950897;-38.507813;1621.898071;0.189065;0.000000;0.000000;0.000000;0.000000;2.000000;257.086456;350.320068;1584.823486;0.204538;0.000000;0.000000;0.000000;0.000000;2.000000;297.184418;435.208862;1417.669067;0.179940;0.000000;0.000000;0.000000;0.000000;2.000000;-83.301399;-143.406464;2009.872925;0.041289;0.000000;0.000000;0.000000;0.000000;2.000000;-316.303497;-34.403442;1691.581543;0.213885;0.000000;0.000000;0.000000;0.000000;2.000000;-382.537781;355.082947;1712.879761;0.108509;0.000000;0.000000;0.000000;0.000000;2.000000;-452.462311;432.165100;1570.466797;0.209926;0.000000;0.000000;0.000000;0.000000;2.000000;-28.821371;-694.227539;2306.647949;0.204415;0.000000;0.000000;0.000000;0.000000;2.000000;-53.191204;-754.554932;2155.625000;0.410270;0.000000;0.000000;0.000000;0.000000;2.000000;-29.365973;-789.561890;2194.197021;0.337739;0.000000;0.000000;0.000000;0.000000;2.000000;42.892273;-773.735962;2300.775146;0.448616;0.000000;0.000000;0.000000;0.000000;2.000000;-81.449799;-777.312439;2194.184082;0.259123;0.000000;0.000000;0.000000;0.000000;2.000000;-123.634171;-745.003418;2317.287109;0.409859;0.000000;0.000000;0.000000;0.000000;2.000000;9831966720.000000
0.000000;-150.000015;2000.000000;0.000000;0.000000;0.000000;0.000000;0.000000;2.000000;-1.277794;-297.192841;2108.680664;0.159196;0.000000;0.000000;0.000000;0.000000;2.000000;-1.847261;-412.199036;2199.070557;0.174464;0.000000;0.000000;0.000000;0.000000;2.000000;-20.555803;-615.978027;2286.835205;0.097785;0.000000;0.000000;0.000000;0.000000;2.000000;16.536840;-587.382202;2268.575195;0.106733;0.000000;0.000000;0.000000;0.000000;2.000000;162.436340;-596.675293;2257.533691;0.151743;0.000000;0.000000;0.000000;0.000000;2.000000;293.561035;-593.259888;2006.298340;0.458921;0.000000;0.000000;0.000000;0.000000;2.000000;105.825943;-732.957520;2049.004883;0.367132;0.000000;0.000000;0.000000;0.000000;2.000000;47.940189;-804.985718;2083.851074;0.382993;0.000000;0.000000;0.000000;0.000000;2.000000;-17.794155;-840.290222;2165.788086;0.379111;0.000000;0.000000;0.000000;0.000000;2.000000;36.939232;-787.106934;2167.735352;0.345373;0.000000;0.000000;0.000000;0.000000;2.000000;-50.950729;-576.444336;2278.032227;0.111696;0.000000;0.000000;0.000000;0.000000;2.000000;-180.444626;-541.444214;2292.105225;0.133768;0.000000;0.000000;0.000000;0.000000;2.000000;-291.037445;-275.505646;2271.165771;0.401155;0.000000;0.000000;0.000000;0.000000;2.000000;-206.734909;-259.144806;2046.108643;0.843045;0.000000;0.000000;0.000000;0.000000;2.000000;-146.766281;-234.937378;1961.700317;0.240041;0.000000;0.000000;0.000000;0.000000;2.000000;-38.393219;-227.124374;1969.429810;0.202608;0.000000;0.000000;0.000000;0.000000;1.000000;-72.195663;-327.416656;2019.175781;0.240696;0.000000;0.000000;0.000000;0.000000;1.000000;93.025726;-156.188934;1992.711670;0.118503;0.000000;0.000000;0.000000;0.000000;2.000000;224.954315;-38.455231;1622.156006;0.152695;0.000000;0.000000;0.000000;0.000000;2.000000;254.050339;350.908691;1583.181519;0.106857;0.000000;0.000000;0.000000;0.000000;2.000000;295.874847;433.145386;1414.648193;0.118582;0.000000;0.000000;0.000000;0.000000;2.000000;-83.885406;-144.419189;2006.572144;0.106863;0.000000;0.000000;0.000000;0.000000;2.000000;-317.702393;-32.773987;1688.641357;0.111114;0.000000;0.000000;0.000000;0.000000;2.000000;-389.658844;356.411255;1712.794189;0.221081;0.000000;0.000000;0.000000;0.000000;2.000000;-454.222961;430.979919;1566.097534;0.148238;0.000000;0.000000;0.000000;0.000000;2.000000;-30.082830;-696.753052;2306.919434;0.086549;0.000000;0.000000;0.000000;0.000000;2.000000;-51.760189;-753.294861;2153.645508;0.083876;0.000000;0.000000;0.000000;0.000000;2.000000;-28.275166;-789.258911;2191.729004;0.082864;0.000000;0.000000;0.000000;0.000000;2.000000;42.360931;-775.836060;2300.056152;0.069656;0.000000;0.000000;0.000000;0.000000;2.000000;-80.541077;-777.286743;2191.216797;0.094709;0.000000;0.000000;0.000000;0.000000;2.000000;-124.942993;-748.451416;2314.722168;0.137094;0.000000;0.000000;0.000000;0.000000;2.000000;9831999488.000000
0.000000;-149.999985;2000.000000;0.000001;0.000000;0.000000;0.000000;0.000000;2.000000;3.025995;-296.206238;2108.801758;0.130714;0.000000;0.000000;0.000000;0.000000;2.000000;5.844398;-410.934113;2198.597168;0.231100;0.000000;0.000000;0.000000;0.000000;2.000000;-15.679122;-612.708008;2288.174316;0.178217;0.000000;0.000000;0.000000;0.000000;2.000000;21.670246;-584.951965;2269.671387;0.171177;0.000000;0.000000;0.000000;0.000000;2.000000;166.871017;-596.352051;2258.827637;0.137041;0.000000;0.000000;0.000000;0.000000;2.000000;298.553741;-598.543335;2009.095825;0.230497;0.000000;0.000000;0.000000;0.000000;2.000000;108.979347;-734.036255;2052.164063;0.135895;0.000000;0.000000;0.000000;0.000000;2.000000;51.863880;-807.312988;2084.520508;0.136447;0.000000;0.000000;0.000000;0.000000;2.000000;-15.708003;-838.643921;2166.005371;0.078905;0.000000;0.000000;0.000000;0.000000;2.000000;43.739548;-788.095337;2173.712402;0.269516;0.000000;0.000000;0.000000;0.000000;2.000000;-45.390278;-572.987183;2278.999023;0.195862;0.000000;0.000000;0.000000;0.000000;2.000000;-174.812225;-540.999451;2295.718750;0.198469;0.000000;0.000000;0.000000;0.000000;2.000000;-281.999420;-275.142700;2271.493408;0.267852;0.000000;0.000000;0.000000;0.000000;2.000000;-196.120651;-257.351074;2048.131592;0.324135;0.000000;0.000000;0.000000;0.000000;2.000000;-134.930679;-235.628326;1964.438232;0.360079;0.000000;0.000000;0.000000;0.000000;2.000000;-26.852615;-229.167358;1957.207153;0.501118;0.000000;0.000000;0.000000;0.000000;2.000000;-64.082092;-328.886292;2022.388062;0.261873;0.000000;0.000000;0.000000;0.000000;1.000000;92.557884;-155.003113;1990.702637;0.070411;0.000000;0.000000;0.000000;0.000000;2.000000;232.947067;-38.172394;1624.735352;0.248680;0.000000;0.000000;0.000000;0.000000;2.000000;261.814545;349.675476;1585.557861;0.243041;0.000000;0.000000;0.000000;0.000000;2.000000;302.866241;431.045532;1417.250244;0.229339;0.000000;0.000000;0.000000;0.000000;2.000000;-83.463524;-145.488434;2008.383911;0.063496;0.000000;0.000000;0.000000;0.000000;2.000000;-308.348602;-33.538605;1686.165527;0.287230;0.000000;0.000000;0.000000;0.000000;2.000000;-377.878113;354.420837;1712.220215;0.353974;0.000000;0.000000;0.000000;0.000000;2.000000;-447.907471;429.445984;1569.120850;0.212118;0.000000;0.000000;0.000000;0.000000;2.000000;-26.320768;-692.812622;2309.034180;0.172940;0.000000;0.000000;0.000000;0.000000;2.000000;-38.205647;-750.066223;2155.629395;0.416498;0.000000;0.000000;0.000000;0.000000;2.000000;-16.195126;-785.263184;2194.959473;0.388477;0.000000;0.000000;0.000000;0.000000;2.000000;47.773411;-770.046021;2306.546875;0.303162;0.000000;0.000000;0.000000;0.000000;2.000000;-68.394440;-774.459412;2191.513428;0.369167;0.000000;0.000000;0.000000;0.000000;2.000000;-119.986984;-746.306213;2311.780762;0.181980;0.000000;0.000000;0.000000;0.000000;2.000000;9832033280.000000
0.000000;-150.000000;2000.000000;0.000000;0.000000;0.000000;0.000000;0.000000;2.000000;2.150609;-295.334930;2108.322266;0.039208;0.000000;0.000000;0.000000;0.000000;2.000000;4.490001;-408.162231;2199.242676;0.093273;0.000000;0.000000;0.000000;0.000000;2.000000;-17.396812;-607.583862;2290.976074;0.180145;0.000000;0.000000;0.000000;0.000000;2.000000;19.877090;-580.156860;2272.570313;0.174101;0.000000;0.000000;0.000000;0.000000;2.000000;164.280426;-593.614258;2264.533691;0.202372;0.000000;0.000000;0.000000;0.000000;2.000000;293.563385;-599.327087;2015.345825;0.237814;0.000000;0.000000;0.000000;0.000000;2.000000;105.818871;-733.204346;2064.005127;0.363512;0.000000;0.000000;0.000000;0.000000;2.000000;49.782101;-807.280701;2094.754883;0.309067;0.000000;0.000000;0.000000;0.000000;2.000000;-22.596869;-836.758484;2171.869629;0.273475;0.000000;0.000000;0.000000;0.000000;2.000000;44.179749;-787.032593;2188.265625;0.432014;0.000000;0.000000;0.000000;0.000000;2.000000;-46.937290;-568.287109;2280.974609;0.157668;0.000000;0.000000;0.000000;0.000000;2.000000;-175.771896;-538.475525;2300.176270;0.154225;0.000000;0.000000;0.000000;0.000000;2.000000;-283.097046;-274.108948;2279.099609;0.229469;0.000000;0.000000;0.000000;0.000000;2.000000;-199.962906;-254.616821;2056.248535;0.277800;0.000000;0.000000;0.000000;0.000000;2.000000;-137.055161;-233.546310;1974.414185;0.308061;0.000000;0.000000;0.000000;0.000000;2.000000;-29.627892;-226.644836;1966.788452;0.304485;0.000000;0.000000;0.000000;0.000000;2.000000;-68.465820;-325.514740;2030.393311;0.287931;0.000000;0.000000;0.000000;0.000000;1.000000;92.050613;-155.369568;1990.968140;0.020117;0.000000;0.000000;0.000000;0.000000;2.000000;233.074097;-34.491333;1629.076172;0.168469;0.000000;0.000000;0.000000;0.000000;2.000000;261.330872;351.612732;1593.693604;0.247904;0.000000;0.000000;0.000000;0.000000;2.000000;300.540649;432.524231;1425.914551;0.269059;0.000000;0.000000;0.000000;0.000000;2.000000;-83.006096;-145.158035;2008.144287;0.018142;0.000000;0.000000;0.000000;0.000000;2.000000;-314.631073;-30.933868;1694.438110;0.316919;0.000000;0.000000;0.000000;0.000000;2.000000;-377.430725;355.832947;1722.556641;0.309009;0.000000;0.000000;0.000000;0.000000;2.000000;-448.365356;429.881836;1580.581665;0.339673;0.000000;0.000000;0.000000;0.000000;2.000000;-28.017178;-686.969543;2312.753418;0.211028;0.000000;0.000000;0.000000;0.000000;2.000000;-34.239723;-750.682129;2162.552734;0.236817;0.000000;0.000000;0.000000;0.000000;2.000000;-16.095629;-784.657837;2204.396729;0.279864;0.000000;0.000000;0.000000;0.000000;2.000000;42.115242;-766.911743;2317.925293;0.387323;0.000000;0.000000;0.000000;0.000000;2.000000;-67.206757;-771.866699;2197.594971;0.198774;0.000000;0.000000;0.000000;0.000000;2.000000;-123.514748;-735.914673;2312.747070;0.326009;0.000000;0.000000;0.000000;0.000000;2.000000;9832067072.000000
0.000000;-150.000000;2000.000000;0.000000;0.000000;0.000000;0.000000;0.000000;2.000000;2.239501;-292.167603;2112.278809;0.154692;0.000000;0.000000;0.000000;0.000000;2.000000;3.903056;-406.995331;2200.538574;0.056152;0.000000;0.000000;0.000000;0.000000;2.000000;-15.684083;-608.004150;2288.965820;0.081609;0.000000;0.000000;0.000000;0.000000;2.000000;21.206835;-579.985718;2270.756836;0.068825;0.000000;0.000000;0.000000;0.000000;2.000000;165.732117;-588.492004;2260.078125;0.211865;0.000000;0.000000;0.000000;0.000000;2.000000;293.008331;-609.673523;2010.872681;0.344411;0.000000;0.000000;0.000000;0.000000;2.000000;104.161911;-739.714355;2064.742188;0.206234;0.000000;0.000000;0.000000;0.000000;2.000000;46.615349;-813.928040;2091.996094;0.239959;0.000000;0.000000;0.000000;0.000000;2.000000;-27.985960;-835.547974;2169.506348;0.183341;0.000000;0.000000;0.000000;0.000000;2.000000;45.275288;-790.378540;2192.022461;0.157127;0.000000;0.000000;0.000000;0.000000;2.000000;-45.593491;-568.803345;2279.868164;0.055409;0.000000;0.000000;0.000000;0.000000;2.000000;-173.856522;-536.773376;2298.791992;0.088880;0.000000;0.000000;0.000000;0.000000;2.000000;-282.090546;-273.069946;2276.317871;0.095684;0.000000;0.000000;0.000000;0.000000;2.000000;-196.317245;-252.677917;2054.696777;0.134617;0.000000;0.000000;0.000000;0.000000;2.000000;-135.732361;-232.282196;1971.036499;0.117231;0.000000;0.000000;0.000000;0.000000;2.000000;-28.437248;-225.372162;1962.485229;0.141685;0.000000;0.000000;0.000000;0.000000;2.000000;-65.616615;-324.417542;2027.229614;0.134176;0.000000;0.000000;0.000000;0.000000;1.000000;92.384270;-152.912735;1994.469116;0.130921;0.000000;0.000000;0.000000;0.000000;2.000000;236.004288;-30.757843;1634.291992;0.215208;0.000000;0.000000;0.000000;0.000000;2.000000;266.369934;354.335938;1592.640015;0.177732;0.000000;0.000000;0.000000;0.000000;2.000000;304.616211;434.112305;1424.219238;0.143161;0.000000;0.000000;0.000000;0.000000;2.000000;-83.306961;-147.373459;2004.987305;0.118057;0.000000;0.000000;0.000000;0.000000;2.000000;-318.991852;-32.102936;1695.010254;0.138882;0.000000;0.000000;0.000000;0.000000;2.000000;-377.186432;355.324341;1720.708496;0.058971;0.000000;0.000000;0.000000;0.000000;2.000000;-446.452789;430.471436;1578.609985;0.085738;0.000000;0.000000;0.000000;0.000000;2.000000;-25.502481;-687.786011;2309.452148;0.129074;0.000000;0.000000;0.000000;0.000000;2.000000;-19.426405;-749.313782;2158.437988;0.471038;0.000000;0.000000;0.000000;0.000000;2.000000;-4.471902;-783.786743;2201.084961;0.369802;0.000000;0.000000;0.000000;0.000000;2.000000;44.418320;-767.423584;2319.047852;0.079734;0.000000;0.000000;0.000000;0.000000;2.000000;-54.926460;-771.142700;2190.432617;0.434411;0.000000;0.000000;0.000000;0.000000;2.000000;-120.360725;-737.139526;2301.180664;0.367771;0.000000;0.000000;0.000000;0.000000;2.000000;9832099840.000000
0.000000;-150.000000;2000.000000;0.000000;0.000000;0.000000;0.000000;0.000000;2.000000;0.833245;-298.683960;2103.245361;0.332236;0.000000;0.000000;0.000000;0.000000;2.000000;2.054778;-411.612762;2193.731934;0.249471;0.000000;0.000000;0.000000;0.000000;2.000000;-17.329195;-611.948547;2283.255859;0.211062;0.000000;0.000000;0.000000;0.000000;2.000000;19.594501;-583.786987;2265.454834;0.198868;0.000000;0.000000;0.000000;0.000000;2.000000;164.229019;-590.850586;2257.148926;0.119851;0.000000;0.000000;0.000000;0.000000;2.000000;285.959167;-614.610352;2005.684570;0.297374;0.000000;0.000000;0.000000;0.000000;2.000000;100.454681;-749.226074;2059.047852;0.345922;0.000000;0.000000;0.000000;0.000000;2.000000;40.416092;-819.240356;2091.283203;0.242516;0.000000;0.000000;0.000000;0.000000;2.000000;-38.237999;-835.003662;2166.017090;0.320881;0.000000;0.000000;0.000000;0.000000;2.000000;27.684698;-793.097412;2181.155273;0.617148;0.000000;0.000000;0.000000;0.000000;2.000000;-47.376671;-573.095764;2273.388672;0.235980;0.000000;0.000000;0.000000;0.000000;2.000000;-175.528732;-541.813110;2293.475342;0.222364;0.000000;0.000000;0.000000;0.000000;2.000000;-282.481873;-277.781555;2271.836426;0.192776;0.000000;0.000000;0.000000;0.000000;2.000000;-198.877060;-259.074799;2049.458008;0.256140;0.000000;0.000000;0.000000;0.000000;2.000000;-137.042709;-237.634705;1967.096191;0.200473;0.000000;0.000000;0.000000;0.000000;2.000000;-29.827778;-230.002777;1959.350586;0.170518;0.000000;0.000000;0.000000;0.000000;2.000000;-67.224152;-328.741150;2022.260986;0.200632;0.000000;0.000000;0.000000;0.000000;1.000000;92.369926;-152.610672;1995.494873;0.031647;0.000000;0.000000;0.000000;0.000000;2.000000;234.985321;-33.983154;1634.132446;0.100207;0.000000;0.000000;0.000000;0.000000;2.000000;263.920105;350.221832;1586.737549;0.224918;0.000000;0.000000;0.000000;0.000000;2.000000;303.373444;428.031769;1417.858887;0.262979;0.000000;0.000000;0.000000;0.000000;2.000000;-83.294029;-147.645844;2004.062500;0.028533;0.000000;0.000000;0.000000;0.000000;2.000000;-311.842346;-38.045074;1687.214355;0.359038;0.000000;0.000000;0.000000;0.000000;2.000000;-377.417816;347.406036;1719.019043;0.239697;0.000000;0.000000;0.000000;0.000000;2.000000;-440.013580;424.280609;1574.947021;0.285700;0.000000;0.000000;0.000000;0.000000;2.000000;-26.826748;-691.587524;2304.159424;0.196782;0.000000;0.000000;0.000000;0.000000;2.000000;-19.671078;-749.615784;2151.962402;0.191976;0.000000;0.000000;0.000000;0.000000;2.000000;-3.653441;-784.554504;2193.771484;0.218959;0.000000;0.000000;0.000000;0.000000;2.000000;45.176895;-769.438965;2311.806152;0.223576;0.000000;0.000000;0.000000;0.000000;2.000000;-54.424637;-773.054321;2183.562012;0.211565;0.000000;0.000000;0.000000;0.000000;2.000000;-120.278618;-743.238770;2295.128418;0.254287;0.000000;0.000000;0.000000;0.000000;2.000000;9832133632.000000
0.000000;-149.999985;2000.000000;0.000000;0.000000;0.000000;0.000000;0.000000;2.000000;0.532140;-297.444580;2105.105957;0.068841;0.000000;0.000000;0.000000;0.000000;2.000000;1.345585;-410.087219;2196.024658;0.086784;0.000000;0.000000;0.000000;0.000000;2.000000;-18.444620;-611.526001;2283.119141;0.036639;0.000000;0.000000;0.000000;0.000000;2.000000;18.568783;-583.152527;2265.804688;0.038324;0.000000;0.000000;0.000000;0.000000;2.000000;163.249496;-590.959229;2258.215576;0.044319;0.000000;0.000000;0.000000;0.000000;2.000000;284.606720;-620.379578;2007.072998;0.185734;0.000000;0.000000;0.000000;0.000000;2.000000;96.823326;-753.270020;2057.000244;0.177246;0.000000;0.000000;0.000000;0.000000;2.000000;39.330227;-818.568237;2101.523926;0.314943;0.000000;0.000000;0.000000;0.000000;2.000000;-50.142029;-829.034241;2164.075684;0.410696;0.000000;0.000000;0.000000;0.000000;2.000000;16.027645;-786.126587;2178.535645;0.422138;0.000000;0.000000;0.000000;0.000000;2.000000;-48.455544;-572.543213;2273.580078;0.037450;0.000000;0.000000;0.000000;0.000000;2.000000;-176.687912;-541.544312;2293.867676;0.038237;0.000000;0.000000;0.000000;0.000000;2.000000;-282.035614;-276.780396;2272.135254;0.034672;0.000000;0.000000;0.000000;0.000000;2.000000;-198.504181;-257.771362;2049.675781;0.041904;0.000000;0.000000;0.000000;0.000000;2.000000;-138.478806;-237.459747;1965.664429;0.062116;0.000000;0.000000;0.000000;0.000000;2.000000;-31.265661;-229.670380;1957.593384;0.070029;0.000000;0.000000;0.000000;0.000000;2.000000;-67.328415;-328.605286;2022.429810;0.007339;0.000000;0.000000;0.000000;0.000000;1.000000;92.451439;-152.191208;1996.458008;0.032155;0.000000;0.000000;0.000000;0.000000;2.000000;231.223160;-34.338379;1633.209229;0.118714;0.000000;0.000000;0.000000;0.000000;2.000000;262.614227;349.788330;1585.759277;0.051522;0.000000;0.000000;0.000000;0.000000;2.000000;302.428619;428.790955;1417.454102;0.038997;0.000000;0.000000;0.000000;0.000000;2.000000;-83.367523;-148.024078;2003.193848;0.029000;0.000000;0.000000;0.000000;0.000000;2.000000;-312.340546;-34.116730;1688.014893;0.123289;0.000000;0.000000;0.000000;0.000000;2.000000;-384.264709;350.150635;1721.852539;0.241150;0.000000;0.000000;0.000000;0.000000;2.000000;-440.280670;424.986511;1573.982910;0.037366;0.000000;0.000000;0.000000;0.000000;2.000000;-28.041355;-691.429810;2303.045898;0.050516;0.000000;0.000000;0.000000;0.000000;2.000000;-15.194823;-748.133179;2150.669434;0.149214;0.000000;0.000000;0.000000;0.000000;2.000000;-1.506407;-783.717102;2192.784668;0.076506;0.000000;0.000000;0.000000;0.000000;2.000000;42.428665;-770.460999;2312.989746;0.096496;0.000000;0.000000;0.000000;0.000000;2.000000;-51.630806;-771.345825;2180.519531;0.136414;0.000000;0.000000;0.000000;0.000000;2.000000;-121.800552;-741.581055;2289.486816;0.185360;0.000000;0.000000;0.000000;0.000000;2.000000;9832166400.000000
