posX0;posY0;posZ0;posVel0;rotX0;rotY0;rotZ0;rotVel0;confidence0;posX1;posY1;posZ1;posVel1;rotX1;rotY1;rotZ1;rotVel1;confidence1;posX2;posY2;posZ2;posVel2;rotX2;rotY2;rotZ2;rotVel2;confidence2;posX3;posY3;posZ3;posVel3;rotX3;rotY3;rotZ3;rotVel3;confidence3;posX4;posY4;posZ4;posVel4;rotX4;rotY4;rotZ4;rotVel4;confidence4;posX5;posY5;posZ5;posVel5;rotX5;rotY5;rotZ5;rotVel5;confidence5;posX6;posY6;posZ6;posVel6;rotX6;rotY6;rotZ6;rotVel6;confidence6;posX7;posY7;posZ7;posVel7;rotX7;rotY7;rotZ7;rotVel7;confidence7;posX8;posY8;posZ8;posVel8;rotX8;rotY8;rotZ8;rotVel8;confidence8;posX9;posY9;posZ9;posVel9;rotX9;rotY9;rotZ9;rotVel9;confidence9;posX10;posY10;posZ10;posVel10;rotX10;rotY10;rotZ10;rotVel10;confidence10;posX11;posY11;posZ11;posVel11;rotX11;rotY11;rotZ11;rotVel11;confidence11;posX12;posY12;posZ12;posVel12;rotX12;rotY12;rotZ12;rotVel12;confidence12;posX13;posY13;posZ13;posVel13;rotX13;rotY13;rotZ13;rotVel13;confidence13;posX14;posY14;posZ14;posVel14;rotX14;rotY14;rotZ14;rotVel14;confidence14;posX15;posY15;posZ15;posVel15;rotX15;rotY15;rotZ15;rotVel15;confidence15;posX16;posY16;posZ16;posVel16;rotX16;rotY16;rotZ16;rotVel16;confidence16;posX17;posY17;posZ17;posVel17;rotX17;rotY17;rotZ17;rotVel17;confidence17;posX18;posY18;posZ18;posVel18;rotX18;rotY18;rotZ18;rotVel18;confidence18;posX19;posY19;posZ19;posVel19;rotX19;rotY19;rotZ19;rotVel19;confidence19;posX20;posY20;posZ20;posVel20;rotX20;rotY20;rotZ20;rotVel20;confidence20;posX21;posY21;posZ21;posVel21;rotX21;rotY21;rotZ21;rotVel21;confidence21;posX22;posY22;posZ22;posVel22;rotX22;rotY22;rotZ22;rotVel22;confidence22;posX23;posY23;posZ23;posVel23;rotX23;rotY23;rotZ23;rotVel23;confidence23;posX24;posY24;posZ24;posVel24;rotX24;rotY24;rotZ24;rotVel24;confidence24;posX25;posY25;posZ25;posVel25;rotX25;rotY25;rotZ25;rotVel25;confidence25;posX26;posY26;posZ26;posVel26;rotX26;rotY26;rotZ26;rotVel26;confidence26;posX27;posY27;posZ27;posVel27;rotX27;rotY27;rotZ27;rotVel27;confidence27;posX28;posY28;posZ28;posVel28;rotX28;rotY28;rotZ28;rotVel28;confidence28;posX29;posY29;posZ29;posVel29;rotX29;rotY29;rotZ29;rotVel29;confidence29;posX30;posY30;posZ30;posVel30;rotX30;rotY30;rotZ30;rotVel30;confidence30;posX31;posY31;posZ31;posVel31;rotX31;rotY31;rotZ31;rotVel31;confidence31;TimeStamp
0.000000;-150.000000;2000.000000;0.000000;0.000000;0.000000;0.000000;0.000000;2.000000;17.470684;-309.738770;2091.632813;0.000000;0.000000;0.000000;0.000000;0.000000;2.000000;32.153660;-433.678772;2170.961182;0.000000;0.000000;0.000000;0.000000;0.000000;2.000000;14.849442;-652.121338;2222.506836;0.000000;0.000000;0.000000;0.000000;0.000000;2.000000;52.337597;-619.798218;2210.987793;0.000000;0.000000;0.000000;0.000000;0.000000;2.000000;197.746094;-632.205811;2185.062988;0.000000;0.000000;0.000000;0.000000;0.000000;2.000000;341.648926;-831.235596;2037.489990;0.000000;0.000000;0.000000;0.000000;0.000000;2.000000;163.981171;-839.186890;2199.367676;0.000000;0.000000;0.000000;0.000000;0.000000;2.000000;70.393707;-804.410095;2200.044922;0.000000;0.000000;0.000000;0.000000;0.000000;2.000000;32.674580;-856.081421;2108.068115;0.000000;0.000000;0.000000;0.000000;0.000000;2.000000;41.574490;-794.732178;2120.370361;0.000000;0.000000;0.000000;0.000000;0.000000;2.000000;-16.505178;-611.797058;2219.081543;0.000000;0.000000;0.000000;0.000000;0.000000;2.000000;-143.883011;-572.149109;2190.860352;0.000000;0.000000;0.000000;0.000000;0.000000;2.000000;-180.949005;-325.179871;2039.643433;0.000000;0.000000;0.000000;0.000000;0.000000;2.000000;-134.922653;-142.947296;1884.789429;0.000000;0.000000;0.000000;0.000000;0.000000;2.000000;-41.570370;-126.194855;1834.178711;0.000000;0.000000;0.000000;0.000000;0.000000;2.000000;-64.385544;-27.748474;1790.414063;0.000000;0.000000;0.000000;0.000000;0.000000;2.000000;-54.005531;-93.886871;1802.164795;0.000000;0.000000;0.000000;0.000000;0.000000;2.000000;93.624466;-147.117935;1987.173706;0.000000;0.000000;0.000000;0.000000;0.000000;2.000000;311.270599;-152.519653;1633.758789;0.000000;0.000000;0.000000;0.000000;0.000000;2.000000;241.480118;236.722870;1665.224854;0.000000;0.000000;0.000000;0.000000;0.000000;2.000000;266.460938;396.707428;1557.931396;0.000000;0.000000;0.000000;0.000000;0.000000;2.000000;-84.425301;-152.598892;2011.566040;0.000000;0.000000;0.000000;0.000000;0.000000;2.000000;-400.522125;-129.252441;1744.230835;0.000000;0.000000;0.000000;0.000000;0.000000;2.000000;-341.691925;265.299164;1783.815674;0.000000;0.000000;0.000000;0.000000;0.000000;2.000000;-430.692474;383.923431;1684.084595;0.000000;0.000000;0.000000;0.000000;0.000000;2.000000;6.497192;-736.213745;2228.204346;0.000000;0.000000;0.000000;0.000000;0.000000;2.000000;-34.942039;-781.288940;2073.250488;0.000000;0.000000;0.000000;0.000000;0.000000;2.000000;0.844334;-816.495789;2102.369629;0.000000;0.000000;0.000000;0.000000;0.000000;2.000000;88.506119;-801.277710;2199.124756;0.000000;0.000000;0.000000;0.000000;0.000000;2.000000;-52.382477;-813.711426;2112.268066;0.000000;0.000000;0.000000;0.000000;0.000000;2.000000;-77.106491;-804.775391;2245.550537;0.000000;0.000000;0.000000;0.000000;0.000000;2.000000;4652566528.000000
0.000000;-150.000015;2000.000000;0.000000;0.000000;0.000000;0.000000;0.000000;2.000000;16.632961;-310.126892;2091.448242;0.028291;0.000000;0.000000;0.000000;0.000000;2.000000;30.687160;-434.257568;2170.840820;0.047511;0.000000;0.000000;0.000000;0.000000;2.000000;13.685390;-652.911865;2222.476807;0.042290;0.000000;0.000000;0.000000;0.000000;2.000000;51.163914;-620.499817;2210.973633;0.041090;0.000000;0.000000;0.000000;0.000000;2.000000;196.749237;-632.548401;2185.106934;0.031701;0.000000;0.000000;0.000000;0.000000;2.000000;343.532166;-832.922607;2041.748291;0.148808;0.000000;0.000000;0.000000;0.000000;2.000000;164.380402;-826.890503;2202.391113;0.380677;0.000000;0.000000;0.000000;0.000000;2.000000;69.958450;-794.588928;2197.137939;0.308041;0.000000;0.000000;0.000000;0.000000;2.000000;34.591328;-855.982788;2110.218750;0.086614;0.000000;0.000000;0.000000;0.000000;2.000000;40.426136;-790.924500;2122.079590;0.130072;0.000000;0.000000;0.000000;0.000000;2.000000;-17.761908;-612.604797;2219.007813;0.044944;0.000000;0.000000;0.000000;0.000000;2.000000;-144.625244;-572.434021;2188.691406;0.069413;0.000000;0.000000;0.000000;0.000000;2.000000;-181.616608;-323.978241;2039.394653;0.041976;0.000000;0.000000;0.000000;0.000000;2.000000;-134.624390;-142.017685;1884.165649;0.034812;0.000000;0.000000;0.000000;0.000000;2.000000;-40.885239;-127.657715;1833.328979;0.054844;0.000000;0.000000;0.000000;0.000000;2.000000;-63.564663;-28.077179;1791.870361;0.051194;0.000000;0.000000;0.000000;0.000000;2.000000;-50.056423;-95.792603;1803.126831;0.134891;0.000000;0.000000;0.000000;0.000000;2.000000;93.728134;-147.569366;1987.208374;0.013957;0.000000;0.000000;0.000000;0.000000;2.000000;311.426117;-153.179810;1633.388916;0.023213;0.000000;0.000000;0.000000;0.000000;2.000000;242.410706;236.474731;1665.959229;0.036393;0.000000;0.000000;0.000000;0.000000;2.000000;266.171600;394.713867;1555.528809;0.094211;0.000000;0.000000;0.000000;0.000000;2.000000;-84.518791;-152.191849;2011.534668;0.012585;0.000000;0.000000;0.000000;0.000000;2.000000;-401.174835;-129.704651;1744.207153;0.023870;0.000000;0.000000;0.000000;0.000000;2.000000;-340.349976;264.915405;1783.758301;0.041975;0.000000;0.000000;0.000000;0.000000;2.000000;-429.800690;382.238220;1682.611572;0.072397;0.000000;0.000000;0.000000;0.000000;2.000000;5.461384;-737.092468;2228.194824;0.040816;0.000000;0.000000;0.000000;0.000000;2.000000;-35.844727;-784.731445;2073.812012;0.108261;0.000000;0.000000;0.000000;0.000000;2.000000;-0.071714;-819.498169;2103.573242;0.101017;0.000000;0.000000;0.000000;0.000000;2.000000;87.558624;-802.707275;2200.257813;0.061765;0.000000;0.000000;0.000000;0.000000;2.000000;-53.357437;-816.533813;2113.370117;0.095640;0.000000;0.000000;0.000000;0.000000;2.000000;-78.259674;-805.397888;2246.578613;0.050049;0.000000;0.000000;0.000000;0.000000;2.000000;4652599808.000000
0.000000;-150.000000;2000.000000;0.000000;0.000000;0.000000;0.000000;0.000000;2.000000;16.660824;-310.299957;2091.075439;0.012379;0.000000;0.000000;0.000000;0.000000;2.000000;30.726517;-434.425781;2170.426758;0.013481;0.000000;0.000000;0.000000;0.000000;2.000000;14.934456;-653.033203;2222.476563;0.037709;0.000000;0.000000;0.000000;0.000000;2.000000;52.224602;-620.448059;2210.888672;0.032012;0.000000;0.000000;0.000000;0.000000;2.000000;198.189667;-631.954712;2187.147461;0.077143;0.000000;0.000000;0.000000;0.000000;2.000000;340.989258;-828.007813;2034.208618;0.281023;0.000000;0.000000;0.000000;0.000000;2.000000;165.914490;-822.174561;2199.232666;0.176670;0.000000;0.000000;0.000000;0.000000;2.000000;70.627464;-792.419373;2194.977539;0.094170;0.000000;0.000000;0.000000;0.000000;2.000000;35.158875;-856.375244;2109.993164;0.021814;0.000000;0.000000;0.000000;0.000000;2.000000;41.678368;-784.706299;2119.474609;0.206043;0.000000;0.000000;0.000000;0.000000;2.000000;-16.725368;-612.908630;2218.954102;0.032497;0.000000;0.000000;0.000000;0.000000;2.000000;-144.300323;-573.355164;2191.009521;0.075586;0.000000;0.000000;0.000000;0.000000;2.000000;-178.735718;-325.869720;2039.601807;0.103743;0.000000;0.000000;0.000000;0.000000;2.000000;-134.135437;-143.342560;1884.397461;0.043002;0.000000;0.000000;0.000000;0.000000;2.000000;-40.448227;-128.055237;1833.774658;0.022236;0.000000;0.000000;0.000000;0.000000;2.000000;-64.381195;-28.092407;1794.025879;0.069262;0.000000;0.000000;0.000000;0.000000;2.000000;-53.347549;-92.559174;1801.811279;0.144160;0.000000;0.000000;0.000000;0.000000;2.000000;93.760750;-147.282349;1987.631226;0.015388;0.000000;0.000000;0.000000;0.000000;2.000000;311.435730;-154.867645;1633.917236;0.053144;0.000000;0.000000;0.000000;0.000000;2.000000;242.703400;234.916901;1664.656494;0.061651;0.000000;0.000000;0.000000;0.000000;2.000000;267.125610;395.047882;1557.195557;0.058573;0.000000;0.000000;0.000000;0.000000;2.000000;-84.548203;-152.450638;2011.153442;0.013873;0.000000;0.000000;0.000000;0.000000;2.000000;-400.457245;-130.962982;1742.970825;0.057224;0.000000;0.000000;0.000000;0.000000;2.000000;-340.464447;263.639374;1783.270386;0.041194;0.000000;0.000000;0.000000;0.000000;2.000000;-428.424042;380.199371;1680.009766;0.107593;0.000000;0.000000;0.000000;0.000000;2.000000;7.166908;-737.231384;2228.357422;0.051649;0.000000;0.000000;0.000000;0.000000;2.000000;-33.194363;-786.822876;2074.370605;0.102827;0.000000;0.000000;0.000000;0.000000;2.000000;2.055412;-821.408020;2104.937988;0.095185;0.000000;0.000000;0.000000;0.000000;2.000000;88.980278;-803.852783;2202.092041;0.077764;0.000000;0.000000;0.000000;0.000000;2.000000;-51.277618;-817.901123;2114.234131;0.079168;0.000000;0.000000;0.000000;0.000000;2.000000;-77.209068;-804.617859;2247.025391;0.041547;0.000000;0.000000;0.000000;0.000000;2.000000;4652633088.000000
0.000000;-150.000015;2000.000000;0.000000;0.000000;0.000000;0.000000;0.000000;2.000000;16.975365;-309.646240;2092.251953;0.040903;0.000000;0.000000;0.000000;0.000000;2.000000;31.211803;-433.653381;2171.826660;0.049446;0.000000;0.000000;0.000000;0.000000;2.000000;14.909828;-652.433350;2223.233887;0.028599;0.000000;0.000000;0.000000;0.000000;2.000000;52.314251;-619.828125;2212.020996;0.038294;0.000000;0.000000;0.000000;0.000000;2.000000;198.407303;-631.006348;2188.682129;0.053774;0.000000;0.000000;0.000000;0.000000;2.000000;340.227081;-825.505005;2032.742310;0.088754;0.000000;0.000000;0.000000;0.000000;2.000000;165.614975;-820.071167;2198.356689;0.068008;0.000000;0.000000;0.000000;0.000000;2.000000;70.217926;-790.399292;2195.701172;0.064646;0.000000;0.000000;0.000000;0.000000;2.000000;34.355801;-855.630493;2111.821533;0.063072;0.000000;0.000000;0.000000;0.000000;2.000000;40.177883;-782.905884;2120.150635;0.072184;0.000000;0.000000;0.000000;0.000000;2.000000;-16.712242;-612.276794;2219.553711;0.025780;0.000000;0.000000;0.000000;0.000000;2.000000;-143.482376;-571.804321;2189.200195;0.074559;0.000000;0.000000;0.000000;0.000000;2.000000;-182.408981;-323.564819;2039.990112;0.128843;0.000000;0.000000;0.000000;0.000000;2.000000;-135.524078;-141.495682;1884.825806;0.069545;0.000000;0.000000;0.000000;0.000000;2.000000;-41.276901;-127.211761;1834.897095;0.048246;0.000000;0.000000;0.000000;0.000000;2.000000;-65.082184;-27.825226;1793.581177;0.025807;0.000000;0.000000;0.000000;0.000000;2.000000;-54.497303;-95.210999;1801.689453;0.085609;0.000000;0.000000;0.000000;0.000000;2.000000;93.772812;-147.219681;1987.556274;0.002913;0.000000;0.000000;0.000000;0.000000;2.000000;310.972809;-153.147705;1633.397339;0.054909;0.000000;0.000000;0.000000;0.000000;2.000000;241.482178;236.560913;1664.669678;0.060606;0.000000;0.000000;0.000000;0.000000;2.000000;266.610962;397.508118;1558.511230;0.083955;0.000000;0.000000;0.000000;0.000000;2.000000;-84.559067;-152.507156;2011.220947;0.002625;0.000000;0.000000;0.000000;0.000000;2.000000;-401.356323;-128.949524;1744.102051;0.073340;0.000000;0.000000;0.000000;0.000000;2.000000;-340.395691;265.723450;1783.237427;0.061715;0.000000;0.000000;0.000000;0.000000;2.000000;-429.225922;381.801819;1680.102295;0.053098;0.000000;0.000000;0.000000;0.000000;2.000000;7.059067;-736.663086;2228.850586;0.022494;0.000000;0.000000;0.000000;0.000000;2.000000;-37.145393;-783.850952;2075.119141;0.147974;0.000000;0.000000;0.000000;0.000000;2.000000;-1.045565;-818.852173;2104.212646;0.120841;0.000000;0.000000;0.000000;0.000000;2.000000;88.326691;-802.665588;2199.408447;0.088967;0.000000;0.000000;0.000000;0.000000;2.000000;-54.143082;-815.625732;2114.929199;0.110216;0.000000;0.000000;0.000000;0.000000;2.000000;-76.696106;-804.566162;2248.572754;0.048266;0.000000;0.000000;0.000000;0.000000;2.000000;4652666880.000000
0.000000;-150.000000;2000.000000;0.000000;0.000000;0.000000;0.000000;0.000000;2.000000;16.918903;-309.947998;2091.316895;0.029572;0.000000;0.000000;0.000000;0.000000;2.000000;31.297390;-433.383698;2171.443115;0.014321;0.000000;0.000000;0.000000;0.000000;2.000000;15.432449;-651.780640;2223.500488;0.026371;0.000000;0.000000;0.000000;0.000000;2.000000;52.718437;-619.208191;2212.060059;0.022268;0.000000;0.000000;0.000000;0.000000;2.000000;198.477417;-631.907715;2188.472656;0.027886;0.000000;0.000000;0.000000;0.000000;2.000000;339.080505;-825.561951;2030.981201;0.063168;0.000000;0.000000;0.000000;0.000000;2.000000;165.623199;-820.977295;2197.439209;0.038748;0.000000;0.000000;0.000000;0.000000;2.000000;72.473259;-785.082275;2197.927246;0.185989;0.000000;0.000000;0.000000;0.000000;2.000000;34.432304;-842.311646;2109.460205;0.406453;0.000000;0.000000;0.000000;0.000000;2.000000;39.217987;-783.754822;2122.327148;0.075893;0.000000;0.000000;0.000000;0.000000;2.000000;-16.208462;-611.711914;2219.827881;0.024189;0.000000;0.000000;0.000000;0.000000;2.000000;-143.303284;-572.523438;2189.839600;0.029411;0.000000;0.000000;0.000000;0.000000;2.000000;-181.460205;-324.739227;2040.318115;0.046424;0.000000;0.000000;0.000000;0.000000;2.000000;-133.960632;-142.567795;1885.893066;0.065370;0.000000;0.000000;0.000000;0.000000;2.000000;-40.691700;-127.572784;1834.614868;0.022334;0.000000;0.000000;0.000000;0.000000;2.000000;-63.215603;-29.980377;1788.871582;0.165426;0.000000;0.000000;0.000000;0.000000;2.000000;-53.970116;-92.069092;1801.489990;0.095915;0.000000;0.000000;0.000000;0.000000;2.000000;93.620605;-147.414276;1987.183350;0.013442;0.000000;0.000000;0.000000;0.000000;2.000000;311.408813;-153.488495;1633.937500;0.023237;0.000000;0.000000;0.000000;0.000000;2.000000;241.896698;235.761414;1665.202637;0.031444;0.000000;0.000000;0.000000;0.000000;2.000000;266.460968;394.045227;1555.371704;0.140523;0.000000;0.000000;0.000000;0.000000;2.000000;-84.421829;-152.331665;2011.557373;0.012124;0.000000;0.000000;0.000000;0.000000;2.000000;-400.504303;-130.459198;1744.173828;0.052133;0.000000;0.000000;0.000000;0.000000;2.000000;-340.978180;263.942200;1783.625488;0.057507;0.000000;0.000000;0.000000;0.000000;2.000000;-428.858643;381.168640;1681.327881;0.042895;0.000000;0.000000;0.000000;0.000000;2.000000;7.697159;-735.906372;2229.390137;0.033874;0.000000;0.000000;0.000000;0.000000;2.000000;-35.899990;-782.469971;2075.498047;0.057026;0.000000;0.000000;0.000000;0.000000;2.000000;-0.052065;-817.606384;2104.609863;0.049345;0.000000;0.000000;0.000000;0.000000;2.000000;88.842316;-801.941345;2200.135254;0.034505;0.000000;0.000000;0.000000;0.000000;2.000000;-53.128159;-814.287964;2115.092529;0.050695;0.000000;0.000000;0.000000;0.000000;2.000000;-76.211655;-803.590027;2248.519531;0.032784;0.000000;0.000000;0.000000;0.000000;2.000000;4652700160.000000
0.000000;-149.999985;2000.000000;0.000000;0.000000;0.000000;0.000000;0.000000;2.000000;17.083221;-310.366882;2091.734863;0.018454;0.000000;0.000000;0.000000;0.000000;2.000000;31.554794;-434.324432;2171.901123;0.032377;0.000000;0.000000;0.000000;0.000000;2.000000;15.096069;-653.616821;2223.078613;0.057506;0.000000;0.000000;0.000000;0.000000;2.000000;52.583920;-620.973389;2211.787598;0.053821;0.000000;0.000000;0.000000;0.000000;2.000000;199.029266;-632.399170;2188.866211;0.025157;0.000000;0.000000;0.000000;0.000000;2.000000;338.666473;-824.611328;2027.157715;0.119038;0.000000;0.000000;0.000000;0.000000;2.000000;167.948700;-822.640991;2197.550781;0.085983;0.000000;0.000000;0.000000;0.000000;2.000000;75.256927;-785.387512;2204.552734;0.216135;0.000000;0.000000;0.000000;0.000000;2.000000;33.882954;-832.762573;2111.429932;0.293437;0.000000;0.000000;0.000000;0.000000;2.000000;42.554401;-775.468628;2124.364258;0.275301;0.000000;0.000000;0.000000;0.000000;2.000000;-16.549948;-613.332520;2219.556396;0.050430;0.000000;0.000000;0.000000;0.000000;2.000000;-143.758530;-573.222107;2189.311035;0.029667;0.000000;0.000000;0.000000;0.000000;2.000000;-181.560989;-324.575714;2039.329956;0.030248;0.000000;0.000000;0.000000;0.000000;2.000000;-134.732239;-141.812012;1884.187988;0.060649;0.000000;0.000000;0.000000;0.000000;2.000000;-40.348484;-127.918274;1833.937500;0.025068;0.000000;0.000000;0.000000;0.000000;2.000000;-63.906223;-28.742615;1791.394165;0.086945;0.000000;0.000000;0.000000;0.000000;2.000000;-54.495117;-92.202148;1799.977661;0.048269;0.000000;0.000000;0.000000;0.000000;2.000000;93.915359;-147.346359;1987.149536;0.009145;0.000000;0.000000;0.000000;0.000000;2.000000;311.557892;-154.132690;1632.289063;0.053369;0.000000;0.000000;0.000000;0.000000;2.000000;241.897171;236.264465;1664.802246;0.019319;0.000000;0.000000;0.000000;0.000000;2.000000;266.843567;395.000427;1554.624756;0.038206;0.000000;0.000000;0.000000;0.000000;2.000000;-84.687622;-152.392868;2011.587646;0.008246;0.000000;0.000000;0.000000;0.000000;2.000000;-401.687347;-130.786835;1743.237915;0.046384;0.000000;0.000000;0.000000;0.000000;2.000000;-341.013672;264.649414;1783.449219;0.021927;0.000000;0.000000;0.000000;0.000000;2.000000;-429.758636;381.953735;1681.000366;0.037211;0.000000;0.000000;0.000000;0.000000;2.000000;7.139198;-738.017029;2228.583252;0.069937;0.000000;0.000000;0.000000;0.000000;2.000000;-36.229588;-784.884155;2074.149902;0.083674;0.000000;0.000000;0.000000;0.000000;2.000000;-1.084284;-820.559692;2103.822754;0.096935;0.000000;0.000000;0.000000;0.000000;2.000000;87.629547;-805.786987;2200.226074;0.121195;0.000000;0.000000;0.000000;0.000000;2.000000;-54.340855;-816.276367;2113.919434;0.078359;0.000000;0.000000;0.000000;0.000000;2.000000;-78.305122;-804.379028;2247.526367;0.073550;0.000000;0.000000;0.000000;0.000000;2.000000;4652733440.000000
0.000000;-150.000015;2000.000000;0.000001;0.000000;0.000000;0.000000;0.000000;2.000000;17.705650;-310.382416;2091.299072;0.022836;0.000000;0.000000;0.000000;0.000000;2.000000;32.601875;-434.823639;2170.419922;0.056531;0.000000;0.000000;0.000000;0.000000;2.000000;14.808075;-653.471069;2223.118652;0.009773;0.000000;0.000000;0.000000;0.000000;2.000000;52.500717;-621.087585;2211.939209;0.006227;0.000000;0.000000;0.000000;0.000000;2.000000;198.964783;-635.069336;2191.424072;0.111123;0.000000;0.000000;0.000000;0.000000;2.000000;339.376953;-820.960938;2023.510498;0.156517;0.000000;0.000000;0.000000;0.000000;2.000000;169.644226;-818.908691;2194.621826;0.151389;0.000000;0.000000;0.000000;0.000000;2.000000;76.169159;-786.760742;2210.179932;0.176194;0.000000;0.000000;0.000000;0.000000;2.000000;32.213844;-806.938171;2108.842041;0.781471;0.000000;0.000000;0.000000;0.000000;2.000000;43.343933;-765.914307;2128.981689;0.319739;0.000000;0.000000;0.000000;0.000000;2.000000;-16.620060;-613.125244;2218.980957;0.018499;0.000000;0.000000;0.000000;0.000000;2.000000;-143.713531;-572.884399;2188.902588;0.015982;0.000000;0.000000;0.000000;0.000000;2.000000;-182.596588;-324.054932;2039.946045;0.039445;0.000000;0.000000;0.000000;0.000000;2.000000;-136.088043;-141.095337;1885.235840;0.055810;0.000000;0.000000;0.000000;0.000000;2.000000;-42.082634;-128.749664;1834.059082;0.057902;0.000000;0.000000;0.000000;0.000000;2.000000;-64.102600;-30.795929;1788.210815;0.113978;0.000000;0.000000;0.000000;0.000000;2.000000;-54.992249;-96.255615;1800.077637;0.122748;0.000000;0.000000;0.000000;0.000000;2.000000;93.797310;-147.113464;1986.880493;0.011265;0.000000;0.000000;0.000000;0.000000;2.000000;310.518250;-154.106628;1631.836914;0.034075;0.000000;0.000000;0.000000;0.000000;2.000000;240.931122;235.942200;1664.925171;0.030823;0.000000;0.000000;0.000000;0.000000;2.000000;266.112549;396.858887;1558.287109;0.125344;0.000000;0.000000;0.000000;0.000000;2.000000;-84.581177;-152.602951;2011.830322;0.010161;0.000000;0.000000;0.000000;0.000000;2.000000;-403.146667;-130.090790;1745.917603;0.094040;0.000000;0.000000;0.000000;0.000000;2.000000;-341.026337;265.099426;1783.123047;0.016705;0.000000;0.000000;0.000000;0.000000;2.000000;-431.189056;382.203857;1681.933472;0.051865;0.000000;0.000000;0.000000;0.000000;2.000000;6.473843;-737.728760;2229.205566;0.028712;0.000000;0.000000;0.000000;0.000000;2.000000;-37.771797;-785.454224;2075.424805;0.062517;0.000000;0.000000;0.000000;0.000000;2.000000;-2.002377;-820.640869;2104.846436;0.041390;0.000000;0.000000;0.000000;0.000000;2.000000;87.360344;-804.661011;2200.313965;0.034887;0.000000;0.000000;0.000000;0.000000;2.000000;-55.165794;-816.902405;2115.413574;0.054626;0.000000;0.000000;0.000000;0.000000;2.000000;-78.010719;-804.896240;2249.099609;0.050542;0.000000;0.000000;0.000000;0.000000;2.000000;4652766720.000000
0.000000;-150.000015;2000.000000;0.000000;0.000000;0.000000;0.000000;0.000000;2.000000;17.711380;-310.158142;2091.379883;0.007165;0.000000;0.000000;0.000000;0.000000;2.000000;32.554718;-434.646667;2170.205566;0.008472;0.000000;0.000000;0.000000;0.000000;2.000000;15.194447;-652.776733;2224.372803;0.044612;0.000000;0.000000;0.000000;0.000000;2.000000;52.806686;-620.392944;2213.115723;0.042071;0.000000;0.000000;0.000000;0.000000;2.000000;199.203629;-635.070435;2193.519531;0.063372;0.000000;0.000000;0.000000;0.000000;2.000000;344.581482;-814.492249;2023.217773;0.249628;0.000000;0.000000;0.000000;0.000000;2.000000;171.616928;-816.645447;2190.773438;0.146664;0.000000;0.000000;0.000000;0.000000;2.000000;78.020241;-788.524231;2211.877930;0.092222;0.000000;0.000000;0.000000;0.000000;2.000000;33.508606;-798.585205;2109.383057;0.254508;0.000000;0.000000;0.000000;0.000000;2.000000;42.854248;-761.425171;2132.959717;0.180831;0.000000;0.000000;0.000000;0.000000;2.000000;-16.306467;-612.586304;2219.823242;0.031489;0.000000;0.000000;0.000000;0.000000;2.000000;-143.290985;-572.098145;2190.133789;0.045695;0.000000;0.000000;0.000000;0.000000;2.000000;-182.479996;-324.678894;2039.394897;0.025260;0.000000;0.000000;0.000000;0.000000;2.000000;-136.556824;-141.309158;1885.315552;0.015666;0.000000;0.000000;0.000000;0.000000;2.000000;-42.404182;-127.153503;1835.074585;0.057661;0.000000;0.000000;0.000000;0.000000;2.000000;-65.399811;-30.361481;1787.490967;0.046450;0.000000;0.000000;0.000000;0.000000;2.000000;-55.265762;-95.668671;1800.927002;0.032093;0.000000;0.000000;0.000000;0.000000;2.000000;93.739716;-147.017670;1987.058350;0.006312;0.000000;0.000000;0.000000;0.000000;2.000000;309.953552;-153.733124;1632.104004;0.021870;0.000000;0.000000;0.000000;0.000000;2.000000;240.676010;236.110168;1664.294922;0.021045;0.000000;0.000000;0.000000;0.000000;2.000000;265.846619;397.387390;1558.496826;0.018861;0.000000;0.000000;0.000000;0.000000;2.000000;-84.529221;-152.689331;2011.670166;0.005686;0.000000;0.000000;0.000000;0.000000;2.000000;-401.582092;-130.227142;1744.486328;0.063848;0.000000;0.000000;0.000000;0.000000;2.000000;-341.383545;264.812744;1782.836426;0.016235;0.000000;0.000000;0.000000;0.000000;2.000000;-430.466309;381.451782;1680.422607;0.055167;0.000000;0.000000;0.000000;0.000000;2.000000;7.084431;-736.942200;2231.031738;0.062500;0.000000;0.000000;0.000000;0.000000;2.000000;-35.794895;-782.688232;2076.414795;0.106401;0.000000;0.000000;0.000000;0.000000;2.000000;-1.247459;-818.781006;2106.102539;0.071150;0.000000;0.000000;0.000000;0.000000;2.000000;86.909088;-805.318848;2202.919434;0.081877;0.000000;0.000000;0.000000;0.000000;2.000000;-54.429832;-813.995544;2115.891602;0.091239;0.000000;0.000000;0.000000;0.000000;2.000000;-79.009224;-802.387451;2249.189941;0.081181;0.000000;0.000000;0.000000;0.000000;2.000000;4652800000.000000
0.000000;-149.999985;2000.000000;0.000001;0.000000;0.000000;0.000000;0.000000;2.000000;17.778023;-310.552673;2090.941162;0.017842;0.000000;0.000000;0.000000;0.000000;2.000000;32.702896;-435.163727;2169.756348;0.021057;0.000000;0.000000;0.000000;0.000000;2.000000;16.073425;-653.381042;2224.467773;0.032178;0.000000;0.000000;0.000000;0.000000;2.000000;53.619484;-620.823792;2213.326660;0.028359;0.000000;0.000000;0.000000;0.000000;2.000000;200.338959;-636.423279;2196.209961;0.096704;0.000000;0.000000;0.000000;0.000000;2.000000;344.523071;-812.902222;2021.529785;0.069702;0.000000;0.000000;0.000000;0.000000;2.000000;172.422318;-817.018005;2190.181152;0.032058;0.000000;0.000000;0.000000;0.000000;2.000000;79.675003;-789.121094;2215.291016;0.115377;0.000000;0.000000;0.000000;0.000000;2.000000;35.099785;-798.088135;2112.635010;0.109806;0.000000;0.000000;0.000000;0.000000;2.000000;43.263397;-760.856445;2133.879883;0.034751;0.000000;0.000000;0.000000;0.000000;2.000000;-15.616838;-613.327454;2219.624512;0.031000;0.000000;0.000000;0.000000;0.000000;2.000000;-143.119690;-573.292419;2191.117676;0.046779;0.000000;0.000000;0.000000;0.000000;2.000000;-180.744827;-325.548676;2040.109131;0.062145;0.000000;0.000000;0.000000;0.000000;2.000000;-135.834534;-142.228302;1885.398560;0.035214;0.000000;0.000000;0.000000;0.000000;2.000000;-41.696400;-127.980774;1834.992065;0.032808;0.000000;0.000000;0.000000;0.000000;2.000000;-64.923492;-29.656433;1790.586182;0.096455;0.000000;0.000000;0.000000;0.000000;2.000000;-56.608109;-95.770782;1800.311035;0.044485;0.000000;0.000000;0.000000;0.000000;2.000000;93.817551;-146.884399;1987.160034;0.005554;0.000000;0.000000;0.000000;0.000000;2.000000;311.540039;-154.172745;1632.792603;0.053620;0.000000;0.000000;0.000000;0.000000;2.000000;241.156143;235.826782;1664.177246;0.017122;0.000000;0.000000;0.000000;0.000000;2.000000;267.271729;396.989502;1558.178711;0.045475;0.000000;0.000000;0.000000;0.000000;2.000000;-84.599411;-152.809433;2011.578369;0.005008;0.000000;0.000000;0.000000;0.000000;2.000000;-400.503235;-131.906799;1742.453735;0.085606;0.000000;0.000000;0.000000;0.000000;2.000000;-342.321594;263.393250;1784.092285;0.063544;0.000000;0.000000;0.000000;0.000000;2.000000;-429.879517;381.809082;1682.180786;0.056720;0.000000;0.000000;0.000000;0.000000;2.000000;8.325512;-737.626099;2231.318604;0.043443;0.000000;0.000000;0.000000;0.000000;2.000000;-32.003693;-784.046265;2076.089111;0.121401;0.000000;0.000000;0.000000;0.000000;2.000000;0.946983;-820.669739;2106.998047;0.091065;0.000000;0.000000;0.000000;0.000000;2.000000;87.138588;-808.291870;2205.835693;0.125326;0.000000;0.000000;0.000000;0.000000;2.000000;-52.356968;-814.472229;2115.458740;0.065221;0.000000;0.000000;0.000000;0.000000;2.000000;-79.831024;-800.785889;2248.091797;0.063360;0.000000;0.000000;0.000000;0.000000;2.000000;4652833280.000000
0.000000;-150.000000;2000.000000;0.000000;0.000000;0.000000;0.000000;0.000000;2.000000;18.296957;-310.829437;2091.069336;0.018087;0.000000;0.000000;0.000000;0.000000;2.000000;33.477936;-436.711334;2168.332031;0.067354;0.000000;0.000000;0.000000;0.000000;2.000000;16.975813;-654.710632;2225.661133;0.060143;0.000000;0.000000;0.000000;0.000000;2.000000;54.567680;-622.200562;2214.101074;0.055359;0.000000;0.000000;0.000000;0.000000;2.000000;201.676849;-637.336670;2197.462891;0.061537;0.000000;0.000000;0.000000;0.000000;2.000000;350.828186;-809.026733;2021.287598;0.222503;0.000000;0.000000;0.000000;0.000000;2.000000;169.473541;-811.388184;2180.677734;0.343529;0.000000;0.000000;0.000000;0.000000;2.000000;80.111183;-789.186768;2220.306641;0.151292;0.000000;0.000000;0.000000;0.000000;2.000000;36.208450;-786.977905;2116.762695;0.357691;0.000000;0.000000;0.000000;0.000000;2.000000;38.067673;-752.373657;2134.212402;0.299071;0.000000;0.000000;0.000000;0.000000;2.000000;-14.800587;-614.656677;2220.370117;0.051950;0.000000;0.000000;0.000000;0.000000;2.000000;-142.530670;-575.419556;2190.552490;0.068461;0.000000;0.000000;0.000000;0.000000;2.000000;-180.937866;-327.954163;2038.210083;0.092273;0.000000;0.000000;0.000000;0.000000;2.000000;-135.887283;-144.522354;1882.939819;0.101057;0.000000;0.000000;0.000000;0.000000;2.000000;-40.482964;-129.971405;1834.604248;0.071014;0.000000;0.000000;0.000000;0.000000;2.000000;-65.476379;-30.796265;1792.591187;0.071265;0.000000;0.000000;0.000000;0.000000;2.000000;-55.853989;-97.429443;1799.222046;0.063782;0.000000;0.000000;0.000000;0.000000;2.000000;93.909920;-146.959595;1986.501709;0.020103;0.000000;0.000000;0.000000;0.000000;2.000000;311.912445;-156.876068;1631.440186;0.091514;0.000000;0.000000;0.000000;0.000000;2.000000;241.774734;233.723145;1665.409912;0.075584;0.000000;0.000000;0.000000;0.000000;2.000000;266.296204;391.923279;1554.023315;0.199057;0.000000;0.000000;0.000000;0.000000;2.000000;-84.682701;-152.741669;2012.171997;0.018127;0.000000;0.000000;0.000000;0.000000;2.000000;-403.560791;-133.999725;1745.181519;0.138253;0.000000;0.000000;0.000000;0.000000;2.000000;-340.206207;261.710144;1782.545654;0.093583;0.000000;0.000000;0.000000;0.000000;2.000000;-430.370087;379.851685;1681.997192;0.060886;0.000000;0.000000;0.000000;0.000000;2.000000;9.265238;-739.036194;2233.497559;0.082942;0.000000;0.000000;0.000000;0.000000;2.000000;-27.607323;-784.852783;2076.893066;0.136462;0.000000;0.000000;0.000000;0.000000;2.000000;3.675013;-822.221191;2108.835449;0.109274;0.000000;0.000000;0.000000;0.000000;2.000000;87.361916;-811.588013;2210.327637;0.167549;0.000000;0.000000;0.000000;0.000000;2.000000;-49.805138;-814.828857;2115.747559;0.077908;0.000000;0.000000;0.000000;0.000000;2.000000;-80.881752;-800.338196;2247.765137;0.035695;0.000000;0.000000;0.000000;0.000000;2.000000;4652866560.000000
0.000000;-150.000000;2000.000000;0.000000;0.000000;0.000000;0.000000;0.000000;2.000000;18.121387;-311.887085;2089.684326;0.052629;0.000000;0.000000;0.000000;0.000000;2.000000;33.381794;-437.594177;2167.562988;0.035300;0.000000;0.000000;0.000000;0.000000;2.000000;17.224216;-655.904053;2224.900879;0.043168;0.000000;0.000000;0.000000;0.000000;2.000000;54.811581;-623.276245;2213.381592;0.039570;0.000000;0.000000;0.000000;0.000000;2.000000;202.393997;-637.591919;2198.690430;0.043402;0.000000;0.000000;0.000000;0.000000;2.000000;348.160156;-805.130615;2015.258911;0.230105;0.000000;0.000000;0.000000;0.000000;2.000000;166.835007;-809.090210;2175.098633;0.197882;0.000000;0.000000;0.000000;0.000000;2.000000;101.412949;-795.361328;2249.965820;1.112817;0.000000;0.000000;0.000000;0.000000;2.000000;54.620548;-781.046753;2148.524658;1.117452;0.000000;0.000000;0.000000;0.000000;2.000000;42.819393;-751.512207;2134.418457;0.145239;0.000000;0.000000;0.000000;0.000000;2.000000;-14.664888;-615.864258;2219.568848;0.043737;0.000000;0.000000;0.000000;0.000000;2.000000;-143.063019;-576.890442;2191.559326;0.055898;0.000000;0.000000;0.000000;0.000000;2.000000;-178.020996;-329.585510;2037.444824;0.103022;0.000000;0.000000;0.000000;0.000000;2.000000;-135.939224;-144.299301;1883.073853;0.007974;0.000000;0.000000;0.000000;0.000000;2.000000;-41.271118;-130.340271;1832.857422;0.058641;0.000000;0.000000;0.000000;0.000000;2.000000;-65.356407;-32.771606;1786.427979;0.194505;0.000000;0.000000;0.000000;0.000000;2.000000;-54.462624;-98.294434;1798.416138;0.054862;0.000000;0.000000;0.000000;0.000000;2.000000;94.018311;-146.993042;1986.430542;0.004024;0.000000;0.000000;0.000000;0.000000;2.000000;311.587036;-157.399521;1630.518311;0.033322;0.000000;0.000000;0.000000;0.000000;2.000000;241.093597;233.673096;1664.025757;0.046379;0.000000;0.000000;0.000000;0.000000;2.000000;266.074097;392.739990;1553.560791;0.028982;0.000000;0.000000;0.000000;0.000000;2.000000;-84.780449;-152.711533;2012.235962;0.003625;0.000000;0.000000;0.000000;0.000000;2.000000;-400.085632;-134.764557;1740.199585;0.183960;0.000000;0.000000;0.000000;0.000000;2.000000;-341.160980;261.649048;1782.359253;0.029288;0.000000;0.000000;0.000000;0.000000;2.000000;-430.131500;379.204834;1679.691040;0.072326;0.000000;0.000000;0.000000;0.000000;2.000000;9.664066;-740.349731;2232.721191;0.047388;0.000000;0.000000;0.000000;0.000000;2.000000;-22.721111;-791.312317;2076.495605;0.243665;0.000000;0.000000;0.000000;0.000000;2.000000;7.914577;-827.517944;2110.469482;0.209691;0.000000;0.000000;0.000000;0.000000;2.000000;88.844925;-813.194336;2213.934570;0.126736;0.000000;0.000000;0.000000;0.000000;2.000000;-45.838451;-820.234924;2115.702393;0.201484;0.000000;0.000000;0.000000;0.000000;2.000000;-80.621582;-801.807373;2246.471191;0.059344;0.000000;0.000000;0.000000;0.000000;2.000000;4652899840.000000
0.000000;-150.000000;2000.000000;0.000000;0.000000;0.000000;0.000000;0.000000;2.000000;18.383286;-311.219452;2090.816895;0.040281;0.000000;0.000000;0.000000;0.000000;2.000000;33.708809;-436.924866;2168.678223;0.040299;0.000000;0.000000;0.000000;0.000000;2.000000;17.887768;-655.485474;2225.125000;0.024517;0.000000;0.000000;0.000000;0.000000;2.000000;55.429359;-622.737244;2213.805664;0.027736;0.000000;0.000000;0.000000;0.000000;2.000000;203.155624;-636.078857;2199.693359;0.059152;0.000000;0.000000;0.000000;0.000000;2.000000;346.960785;-804.063110;2015.136230;0.048387;0.000000;0.000000;0.000000;0.000000;2.000000;171.301788;-810.856934;2181.082275;0.230564;0.000000;0.000000;0.000000;0.000000;2.000000;102.013367;-795.496399;2252.048828;0.065265;0.000000;0.000000;0.000000;0.000000;2.000000;54.524010;-777.347168;2151.552734;0.143684;0.000000;0.000000;0.000000;0.000000;2.000000;44.706497;-753.794067;2143.273193;0.280551;0.000000;0.000000;0.000000;0.000000;2.000000;-14.071804;-615.490662;2219.890625;0.023175;0.000000;0.000000;0.000000;0.000000;2.000000;-142.379211;-576.445190;2191.583984;0.024530;0.000000;0.000000;0.000000;0.000000;2.000000;-177.405212;-328.241974;2038.950073;0.063387;0.000000;0.000000;0.000000;0.000000;2.000000;-135.171677;-144.255402;1883.083374;0.023103;0.000000;0.000000;0.000000;0.000000;2.000000;-40.758080;-130.729462;1832.278564;0.026018;0.000000;0.000000;0.000000;0.000000;2.000000;-64.918602;-30.476715;1792.023560;0.182203;0.000000;0.000000;0.000000;0.000000;2.000000;-53.846367;-98.396851;1799.235107;0.030951;0.000000;0.000000;0.000000;0.000000;2.000000;94.055244;-146.728333;1986.769043;0.012960;0.000000;0.000000;0.000000;0.000000;2.000000;312.225311;-157.269012;1631.241455;0.029247;0.000000;0.000000;0.000000;0.000000;2.000000;241.497620;233.773285;1664.487793;0.018687;0.000000;0.000000;0.000000;0.000000;2.000000;266.911987;391.452301;1552.156616;0.062540;0.000000;0.000000;0.000000;0.000000;2.000000;-84.813751;-152.950211;2011.930908;0.011681;0.000000;0.000000;0.000000;0.000000;2.000000;-401.141724;-133.615753;1741.196411;0.055640;0.000000;0.000000;0.000000;0.000000;2.000000;-341.269348;262.581879;1783.949707;0.055499;0.000000;0.000000;0.000000;0.000000;2.000000;-430.183838;381.422272;1682.730225;0.113056;0.000000;0.000000;0.000000;0.000000;2.000000;10.484875;-739.974243;2232.598633;0.027371;0.000000;0.000000;0.000000;0.000000;2.000000;-29.117775;-791.035095;2078.082275;0.198207;0.000000;0.000000;0.000000;0.000000;2.000000;3.718784;-826.878296;2110.338379;0.127593;0.000000;0.000000;0.000000;0.000000;2.000000;89.617294;-811.642578;2209.577148;0.140911;0.000000;0.000000;0.000000;0.000000;2.000000;-49.792488;-820.371338;2118.330078;0.142713;0.000000;0.000000;0.000000;0.000000;2.000000;-78.104919;-802.737183;2250.755371;0.151891;0.000000;0.000000;0.000000;0.000000;2.000000;4652933120.000000
0.000000;-150.000000;2000.000000;0.000000;0.000000;0.000000;0.000000;0.000000;2.000000;18.728203;-311.747589;2090.685547;0.019067;0.000000;0.000000;0.000000;0.000000;2.000000;34.361492;-437.702972;2168.736816;0.030104;0.000000;0.000000;0.000000;0.000000;2.000000;17.733421;-656.163147;2227.390137;0.070116;0.000000;0.000000;0.000000;0.000000;2.000000;55.494732;-623.521545;2215.962402;0.067941;0.000000;0.000000;0.000000;0.000000;2.000000;203.381638;-638.329651;2201.373291;0.083383;0.000000;0.000000;0.000000;0.000000;2.000000;345.670135;-802.413940;2011.180664;0.132449;0.000000;0.000000;0.000000;0.000000;2.000000;167.273224;-810.478149;2174.947266;0.217484;0.000000;0.000000;0.000000;0.000000;2.000000;100.789322;-797.023682;2249.233398;0.101471;0.000000;0.000000;0.000000;0.000000;2.000000;52.397709;-776.882446;2149.257568;0.093604;0.000000;0.000000;0.000000;0.000000;2.000000;41.524517;-750.199829;2139.821289;0.174971;0.000000;0.000000;0.000000;0.000000;2.000000;-14.191013;-616.073425;2221.536621;0.051793;0.000000;0.000000;0.000000;0.000000;2.000000;-142.032852;-576.494019;2190.468262;0.034602;0.000000;0.000000;0.000000;0.000000;2.000000;-183.668228;-327.608887;2039.310059;0.186589;0.000000;0.000000;0.000000;0.000000;2.000000;-135.885010;-146.144516;1881.217773;0.081356;0.000000;0.000000;0.000000;0.000000;2.000000;-41.287796;-132.166077;1830.346802;0.072946;0.000000;0.000000;0.000000;0.000000;2.000000;-63.969761;-32.665314;1786.798096;0.169987;0.000000;0.000000;0.000000;0.000000;2.000000;-53.922592;-99.630585;1797.164795;0.071356;0.000000;0.000000;0.000000;0.000000;2.000000;94.259354;-146.546829;1986.692871;0.008391;0.000000;0.000000;0.000000;0.000000;2.000000;312.309753;-158.262421;1630.000732;0.047102;0.000000;0.000000;0.000000;0.000000;2.000000;239.901840;233.338959;1664.076172;0.050435;0.000000;0.000000;0.000000;0.000000;2.000000;265.782013;389.865753;1549.479614;0.097971;0.000000;0.000000;0.000000;0.000000;2.000000;-84.997803;-153.113892;2011.999634;0.007567;0.000000;0.000000;0.000000;0.000000;2.000000;-401.524841;-135.240723;1739.920166;0.062188;0.000000;0.000000;0.000000;0.000000;2.000000;-340.744293;261.723236;1783.045410;0.040040;0.000000;0.000000;0.000000;0.000000;2.000000;-431.268372;380.612274;1682.576660;0.040315;0.000000;0.000000;0.000000;0.000000;2.000000;10.108559;-740.754333;2235.676514;0.094621;0.000000;0.000000;0.000000;0.000000;2.000000;-22.776497;-786.125000;2077.434814;0.238107;0.000000;0.000000;0.000000;0.000000;2.000000;7.741875;-823.763184;2110.163086;0.150662;0.000000;0.000000;0.000000;0.000000;2.000000;89.023026;-813.524536;2214.221191;0.149325;0.000000;0.000000;0.000000;0.000000;2.000000;-46.085484;-816.336060;2115.714600;0.179680;0.000000;0.000000;0.000000;0.000000;2.000000;-80.733315;-802.265381;2247.383301;0.127290;0.000000;0.000000;0.000000;0.000000;2.000000;4652966912.000000
0.000000;-150.000015;2000.000000;0.000000;0.000000;0.000000;0.000000;0.000000;2.000000;18.750500;-311.784180;2090.662109;0.001468;0.000000;0.000000;0.000000;0.000000;2.000000;34.401798;-437.753723;2168.721191;0.002003;0.000000;0.000000;0.000000;0.000000;2.000000;17.970020;-656.278198;2227.296387;0.008392;0.000000;0.000000;0.000000;0.000000;2.000000;55.708828;-623.584900;2215.914307;0.006863;0.000000;0.000000;0.000000;0.000000;2.000000;203.698959;-637.395508;2201.208984;0.030053;0.000000;0.000000;0.000000;0.000000;2.000000;346.074249;-798.703735;2008.668335;0.135185;0.000000;0.000000;0.000000;0.000000;2.000000;169.302460;-809.468384;2174.077148;0.072953;0.000000;0.000000;0.000000;0.000000;2.000000;104.344894;-795.400635;2249.606201;0.117976;0.000000;0.000000;0.000000;0.000000;2.000000;53.496868;-775.593567;2150.773926;0.068314;0.000000;0.000000;0.000000;0.000000;2.000000;44.014957;-747.817505;2139.919189;0.103600;0.000000;0.000000;0.000000;0.000000;2.000000;-13.999422;-616.219116;2221.423828;0.007987;0.000000;0.000000;0.000000;0.000000;2.000000;-141.882446;-576.776855;2190.276855;0.011213;0.000000;0.000000;0.000000;0.000000;2.000000;-183.704773;-327.561615;2039.645752;0.010245;0.000000;0.000000;0.000000;0.000000;2.000000;-136.119736;-145.659622;1881.950928;0.027338;0.000000;0.000000;0.000000;0.000000;2.000000;-41.225773;-131.506378;1831.656128;0.044094;0.000000;0.000000;0.000000;0.000000;2.000000;-64.785522;-31.596954;1789.497070;0.090600;0.000000;0.000000;0.000000;0.000000;2.000000;-53.624001;-100.917725;1798.647217;0.059670;0.000000;0.000000;0.000000;0.000000;2.000000;94.274017;-146.514236;1986.722656;0.001398;0.000000;0.000000;0.000000;0.000000;2.000000;312.754822;-157.522064;1630.212158;0.026723;0.000000;0.000000;0.000000;0.000000;2.000000;240.229202;234.000977;1665.482910;0.047741;0.000000;0.000000;0.000000;0.000000;2.000000;267.063751;393.692322;1555.525146;0.218410;0.000000;0.000000;0.000000;0.000000;2.000000;-85.011032;-153.143280;2011.972656;0.001263;0.000000;0.000000;0.000000;0.000000;2.000000;-401.412537;-135.723267;1739.640015;0.017102;0.000000;0.000000;0.000000;0.000000;2.000000;-341.130463;261.355835;1782.862427;0.016934;0.000000;0.000000;0.000000;0.000000;2.000000;-430.935150;380.155457;1681.606323;0.033746;0.000000;0.000000;0.000000;0.000000;2.000000;10.435104;-740.891113;2235.549561;0.011301;0.000000;0.000000;0.000000;0.000000;2.000000;-21.485466;-787.580444;2077.472656;0.058470;0.000000;0.000000;0.000000;0.000000;2.000000;8.165966;-825.277588;2110.934326;0.052632;0.000000;0.000000;0.000000;0.000000;2.000000;88.533157;-815.009949;2215.717529;0.065042;0.000000;0.000000;0.000000;0.000000;2.000000;-45.610779;-817.031128;2115.848145;0.025608;0.000000;0.000000;0.000000;0.000000;2.000000;-81.394974;-800.990112;2247.003906;0.044650;0.000000;0.000000;0.000000;0.000000;2.000000;4653000192.000000
0.000000;-150.000000;2000.000000;0.000000;0.000000;0.000000;0.000000;0.000000;2.000000;19.112549;-311.551331;2090.636719;0.012957;0.000000;0.000000;0.000000;0.000000;2.000000;35.031147;-437.504089;2168.397217;0.022553;0.000000;0.000000;0.000000;0.000000;2.000000;17.496998;-654.954834;2229.746582;0.084875;0.000000;0.000000;0.000000;0.000000;2.000000;55.381283;-622.581177;2218.155518;0.074443;0.000000;0.000000;0.000000;0.000000;2.000000;203.255417;-638.022644;2205.491699;0.130741;0.000000;0.000000;0.000000;0.000000;2.000000;345.093536;-788.110657;2004.097168;0.347923;0.000000;0.000000;0.000000;0.000000;2.000000;166.080902;-792.775940;2167.023682;0.553054;0.000000;0.000000;0.000000;0.000000;2.000000;111.781647;-791.535400;2251.597900;0.258854;0.000000;0.000000;0.000000;0.000000;2.000000;52.496098;-766.551392;2158.956543;0.367666;0.000000;0.000000;0.000000;0.000000;2.000000;39.038265;-748.728760;2137.582031;0.167463;0.000000;0.000000;0.000000;0.000000;2.000000;-14.264046;-614.904541;2223.158691;0.065886;0.000000;0.000000;0.000000;0.000000;2.000000;-141.836090;-575.801392;2190.905762;0.034902;0.000000;0.000000;0.000000;0.000000;2.000000;-183.086121;-327.874969;2038.547119;0.039038;0.000000;0.000000;0.000000;0.000000;2.000000;-136.485703;-144.288757;1882.886841;0.051074;0.000000;0.000000;0.000000;0.000000;2.000000;-40.655537;-130.350189;1834.568359;0.095698;0.000000;0.000000;0.000000;0.000000;2.000000;-65.579445;-32.274109;1789.282959;0.032008;0.000000;0.000000;0.000000;0.000000;2.000000;-54.797775;-95.219543;1798.990479;0.175118;0.000000;0.000000;0.000000;0.000000;2.000000;94.147614;-146.436127;1986.499268;0.008062;0.000000;0.000000;0.000000;0.000000;2.000000;311.321106;-158.277054;1629.684082;0.051209;0.000000;0.000000;0.000000;0.000000;2.000000;240.327225;233.112579;1665.236450;0.027859;0.000000;0.000000;0.000000;0.000000;2.000000;266.949738;395.944977;1560.279541;0.158122;0.000000;0.000000;0.000000;0.000000;2.000000;-84.897034;-153.213699;2012.174072;0.007269;0.000000;0.000000;0.000000;0.000000;2.000000;-402.579041;-135.999756;1741.937744;0.077875;0.000000;0.000000;0.000000;0.000000;2.000000;-340.459137;260.755096;1781.811523;0.041592;0.000000;0.000000;0.000000;0.000000;2.000000;-430.263367;378.286163;1679.386597;0.089505;0.000000;0.000000;0.000000;0.000000;2.000000;9.618858;-739.341675;2239.082031;0.118472;0.000000;0.000000;0.000000;0.000000;2.000000;-17.978451;-787.725708;2080.870850;0.146799;0.000000;0.000000;0.000000;0.000000;2.000000;8.869869;-825.841797;2116.081543;0.157021;0.000000;0.000000;0.000000;0.000000;2.000000;85.431152;-816.651245;2223.619141;0.259793;0.000000;0.000000;0.000000;0.000000;2.000000;-44.646614;-815.484436;2118.749023;0.102942;0.000000;0.000000;0.000000;0.000000;2.000000;-84.740723;-795.641113;2247.987793;0.191870;0.000000;0.000000;0.000000;0.000000;2.000000;4653033472.000000
0.000000;-150.000015;2000.000000;0.000000;0.000000;0.000000;0.000000;0.000000;2.000000;18.926647;-311.390015;2090.529297;0.008070;0.000000;0.000000;0.000000;0.000000;2.000000;34.841541;-436.473541;2169.363525;0.042830;0.000000;0.000000;0.000000;0.000000;2.000000;16.399780;-653.901978;2229.566406;0.046012;0.000000;0.000000;0.000000;0.000000;2.000000;54.389736;-621.626831;2218.307129;0.041602;0.000000;0.000000;0.000000;0.000000;2.000000;202.061920;-636.800049;2204.973145;0.053651;0.000000;0.000000;0.000000;0.000000;2.000000;348.740051;-774.088440;1998.446777;0.467290;0.000000;0.000000;0.000000;0.000000;2.000000;170.645737;-789.773438;2161.283691;0.238121;0.000000;0.000000;0.000000;0.000000;2.000000;117.694427;-789.904541;2246.583008;0.238063;0.000000;0.000000;0.000000;0.000000;2.000000;51.809872;-765.954590;2158.388916;0.032213;0.000000;0.000000;0.000000;0.000000;2.000000;39.012135;-748.340210;2141.355957;0.114001;0.000000;0.000000;0.000000;0.000000;2.000000;-15.175112;-613.771729;2223.027344;0.043859;0.000000;0.000000;0.000000;0.000000;2.000000;-141.785416;-572.967773;2189.769531;0.091747;0.000000;0.000000;0.000000;0.000000;2.000000;-183.635239;-326.299561;2036.179565;0.087029;0.000000;0.000000;0.000000;0.000000;2.000000;-137.342773;-142.445129;1881.182861;0.079710;0.000000;0.000000;0.000000;0.000000;2.000000;-41.057278;-128.929047;1833.936157;0.048271;0.000000;0.000000;0.000000;0.000000;2.000000;-65.624802;-32.500488;1785.346069;0.118499;0.000000;0.000000;0.000000;0.000000;2.000000;-55.078167;-93.906342;1797.201172;0.067221;0.000000;0.000000;0.000000;0.000000;2.000000;94.040817;-146.552490;1986.485229;0.004765;0.000000;0.000000;0.000000;0.000000;2.000000;311.490936;-156.798111;1630.344482;0.048935;0.000000;0.000000;0.000000;0.000000;2.000000;239.471558;234.107117;1664.030518;0.053546;0.000000;0.000000;0.000000;0.000000;2.000000;265.520752;393.851135;1554.688232;0.184469;0.000000;0.000000;0.000000;0.000000;2.000000;-84.800743;-153.108810;2012.186768;0.004295;0.000000;0.000000;0.000000;0.000000;2.000000;-401.010071;-134.172394;1741.070557;0.076919;0.000000;0.000000;0.000000;0.000000;2.000000;-341.872131;262.360718;1783.001587;0.073546;0.000000;0.000000;0.000000;0.000000;2.000000;-430.980988;380.441406;1680.960205;0.083034;0.000000;0.000000;0.000000;0.000000;2.000000;8.235771;-738.210815;2238.469238;0.056753;0.000000;0.000000;0.000000;0.000000;2.000000;-20.747910;-789.010193;2081.468750;0.093475;0.000000;0.000000;0.000000;0.000000;2.000000;6.648438;-826.418579;2116.905762;0.073275;0.000000;0.000000;0.000000;0.000000;2.000000;84.210571;-815.252930;2223.349121;0.056359;0.000000;0.000000;0.000000;0.000000;2.000000;-46.831230;-816.316040;2119.990723;0.079533;0.000000;0.000000;0.000000;0.000000;2.000000;-85.610893;-794.803955;2249.199463;0.051400;0.000000;0.000000;0.000000;0.000000;2.000000;4653066752.000000
0.000000;-150.000000;2000.000000;0.000000;0.000000;0.000000;0.000000;0.000000;2.000000;19.137436;-311.607971;2090.425293;0.009632;0.000000;0.000000;0.000000;0.000000;2.000000;35.149391;-437.344574;2168.438232;0.039289;0.000000;0.000000;0.000000;0.000000;2.000000;16.880619;-654.725098;2229.592529;0.028655;0.000000;0.000000;0.000000;0.000000;2.000000;54.878571;-622.421875;2218.241211;0.028114;0.000000;0.000000;0.000000;0.000000;2.000000;202.803558;-637.454712;2206.175293;0.046780;0.000000;0.000000;0.000000;0.000000;2.000000;349.036499;-769.398682;1995.544189;0.165964;0.000000;0.000000;0.000000;0.000000;2.000000;172.228271;-789.785645;2159.566895;0.070161;0.000000;0.000000;0.000000;0.000000;2.000000;123.468636;-791.392578;2247.414063;0.180904;0.000000;0.000000;0.000000;0.000000;2.000000;53.608803;-767.688171;2162.137207;0.135354;0.000000;0.000000;0.000000;0.000000;2.000000;39.525955;-750.558472;2145.011963;0.129420;0.000000;0.000000;0.000000;0.000000;2.000000;-14.762913;-614.628906;2222.831055;0.029182;0.000000;0.000000;0.000000;0.000000;2.000000;-141.760986;-574.194336;2190.117676;0.038319;0.000000;0.000000;0.000000;0.000000;2.000000;-183.492462;-326.729370;2037.295898;0.036199;0.000000;0.000000;0.000000;0.000000;2.000000;-137.145828;-143.739624;1880.964600;0.039888;0.000000;0.000000;0.000000;0.000000;2.000000;-41.033131;-131.601959;1832.787842;0.087417;0.000000;0.000000;0.000000;0.000000;2.000000;-66.038536;-33.794708;1787.042480;0.065309;0.000000;0.000000;0.000000;0.000000;2.000000;-54.527298;-99.228058;1796.810425;0.161190;0.000000;0.000000;0.000000;0.000000;2.000000;94.084724;-146.573395;1986.212158;0.008334;0.000000;0.000000;0.000000;0.000000;2.000000;311.846191;-158.004669;1629.876221;0.040328;0.000000;0.000000;0.000000;0.000000;2.000000;239.141449;233.029053;1664.650146;0.038657;0.000000;0.000000;0.000000;0.000000;2.000000;265.003021;392.292908;1554.267334;0.050934;0.000000;0.000000;0.000000;0.000000;2.000000;-84.840332;-153.089935;2012.433105;0.007518;0.000000;0.000000;0.000000;0.000000;2.000000;-402.494476;-136.383423;1742.308594;0.088245;0.000000;0.000000;0.000000;0.000000;2.000000;-341.302246;260.321106;1782.989624;0.063635;0.000000;0.000000;0.000000;0.000000;2.000000;-430.990936;379.372253;1682.320435;0.051988;0.000000;0.000000;0.000000;0.000000;2.000000;8.803856;-739.078125;2238.850586;0.033194;0.000000;0.000000;0.000000;0.000000;2.000000;-21.330070;-790.010986;2081.956055;0.037746;0.000000;0.000000;0.000000;0.000000;2.000000;7.065277;-827.115845;2117.006592;0.024597;0.000000;0.000000;0.000000;0.000000;2.000000;85.791946;-815.016296;2222.631104;0.052668;0.000000;0.000000;0.000000;0.000000;2.000000;-46.563587;-817.807251;2120.757324;0.051020;0.000000;0.000000;0.000000;0.000000;2.000000;-84.138016;-797.131592;2250.581543;0.092602;0.000000;0.000000;0.000000;0.000000;2.000000;4653100032.000000
0.000000;-150.000000;2000.000000;0.000000;0.000000;0.000000;0.000000;0.000000;2.000000;17.846054;-311.321869;2091.329102;0.048137;0.000000;0.000000;0.000000;0.000000;2.000000;32.702805;-437.134033;2169.546875;0.080958;0.000000;0.000000;0.000000;0.000000;2.000000;15.005775;-654.630249;2230.749512;0.066260;0.000000;0.000000;0.000000;0.000000;2.000000;52.952843;-622.111023;2219.770996;0.074488;0.000000;0.000000;0.000000;0.000000;2.000000;201.305389;-635.698792;2211.068359;0.162565;0.000000;0.000000;0.000000;0.000000;2.000000;349.785034;-755.056152;1994.448608;0.432806;0.000000;0.000000;0.000000;0.000000;2.000000;171.807220;-787.557556;2155.347656;0.143929;0.000000;0.000000;0.000000;0.000000;2.000000;124.353142;-796.443481;2243.514648;0.193570;0.000000;0.000000;0.000000;0.000000;2.000000;52.244858;-767.108398;2161.886719;0.045164;0.000000;0.000000;0.000000;0.000000;2.000000;39.436882;-748.834351;2142.924316;0.081401;0.000000;0.000000;0.000000;0.000000;2.000000;-16.801546;-614.707886;2223.603027;0.065545;0.000000;0.000000;0.000000;0.000000;2.000000;-143.948654;-573.664429;2192.047363;0.089088;0.000000;0.000000;0.000000;0.000000;2.000000;-184.556824;-326.164642;2038.783569;0.057524;0.000000;0.000000;0.000000;0.000000;2.000000;-138.678940;-143.359467;1881.965210;0.056184;0.000000;0.000000;0.000000;0.000000;2.000000;-42.210835;-130.535645;1834.598877;0.072389;0.000000;0.000000;0.000000;0.000000;2.000000;-67.193878;-31.119629;1792.349487;0.181922;0.000000;0.000000;0.000000;0.000000;2.000000;-55.816650;-98.460754;1799.227173;0.085475;0.000000;0.000000;0.000000;0.000000;2.000000;94.282234;-146.737686;1987.339355;0.034739;0.000000;0.000000;0.000000;0.000000;2.000000;310.717224;-157.158356;1629.995361;0.042548;0.000000;0.000000;0.000000;0.000000;2.000000;238.684479;234.032928;1665.968506;0.051650;0.000000;0.000000;0.000000;0.000000;2.000000;265.372650;396.623810;1560.627808;0.231485;0.000000;0.000000;0.000000;0.000000;2.000000;-85.018448;-152.941772;2011.416626;0.031327;0.000000;0.000000;0.000000;0.000000;2.000000;-405.851624;-136.670349;1744.821777;0.126305;0.000000;0.000000;0.000000;0.000000;2.000000;-342.618805;260.117401;1782.876587;0.040175;0.000000;0.000000;0.000000;0.000000;2.000000;-431.645447;380.353729;1682.919067;0.039750;0.000000;0.000000;0.000000;0.000000;2.000000;7.306789;-739.048157;2240.011719;0.056936;0.000000;0.000000;0.000000;0.000000;2.000000;-21.889317;-789.914124;2082.855957;0.031969;0.000000;0.000000;0.000000;0.000000;2.000000;5.186420;-827.532593;2118.432861;0.071978;0.000000;0.000000;0.000000;0.000000;2.000000;82.773468;-816.814819;2225.102295;0.129076;0.000000;0.000000;0.000000;0.000000;2.000000;-48.279388;-816.983459;2121.427246;0.060630;0.000000;0.000000;0.000000;0.000000;2.000000;-87.121078;-794.936890;2250.702148;0.111340;0.000000;0.000000;0.000000;0.000000;2.000000;4653133312.000000
0.000000;-150.000015;2000.000000;0.000000;0.000000;0.000000;0.000000;0.000000;2.000000;17.631523;-310.920410;2091.703857;0.017717;0.000000;0.000000;0.000000;0.000000;2.000000;32.191299;-437.323120;2168.737305;0.029330;0.000000;0.000000;0.000000;0.000000;2.000000;14.240044;-653.983215;2231.970703;0.047475;0.000000;0.000000;0.000000;0.000000;2.000000;52.179749;-621.705322;2220.500488;0.034187;0.000000;0.000000;0.000000;0.000000;2.000000;200.161957;-635.592896;2208.953369;0.072314;0.000000;0.000000;0.000000;0.000000;2.000000;353.749725;-746.233643;1991.647461;0.302580;0.000000;0.000000;0.000000;0.000000;2.000000;173.403687;-785.632751;2147.943359;0.234831;0.000000;0.000000;0.000000;0.000000;2.000000;130.537170;-801.765808;2237.310547;0.307989;0.000000;0.000000;0.000000;0.000000;2.000000;52.052025;-768.944641;2163.411377;0.071950;0.000000;0.000000;0.000000;0.000000;2.000000;39.793564;-749.855408;2144.759277;0.064002;0.000000;0.000000;0.000000;0.000000;2.000000;-17.463287;-614.077820;2224.635498;0.041428;0.000000;0.000000;0.000000;0.000000;2.000000;-144.363678;-572.866211;2192.895508;0.037152;0.000000;0.000000;0.000000;0.000000;2.000000;-185.413635;-326.138580;2039.060913;0.027072;0.000000;0.000000;0.000000;0.000000;2.000000;-138.355438;-144.227600;1881.930786;0.027857;0.000000;0.000000;0.000000;0.000000;2.000000;-42.516506;-129.201202;1834.180298;0.043016;0.000000;0.000000;0.000000;0.000000;2.000000;-67.556053;-30.279541;1791.098999;0.046556;0.000000;0.000000;0.000000;0.000000;2.000000;-56.830284;-93.601349;1799.206177;0.149160;0.000000;0.000000;0.000000;0.000000;2.000000;94.107719;-147.306732;1986.632324;0.027771;0.000000;0.000000;0.000000;0.000000;2.000000;309.436249;-156.650085;1629.072021;0.049845;0.000000;0.000000;0.000000;0.000000;2.000000;238.057648;234.160828;1666.097290;0.019609;0.000000;0.000000;0.000000;0.000000;2.000000;263.480499;391.976624;1553.770996;0.255307;0.000000;0.000000;0.000000;0.000000;2.000000;-84.861076;-152.428665;2012.054199;0.025042;0.000000;0.000000;0.000000;0.000000;2.000000;-406.234985;-135.938385;1746.771851;0.063639;0.000000;0.000000;0.000000;0.000000;2.000000;-342.410309;260.532166;1782.874878;0.013949;0.000000;0.000000;0.000000;0.000000;2.000000;-432.068054;379.301147;1682.050293;0.042931;0.000000;0.000000;0.000000;0.000000;2.000000;6.364861;-738.207153;2242.040527;0.071805;0.000000;0.000000;0.000000;0.000000;2.000000;-18.795820;-790.634766;2084.876953;0.113124;0.000000;0.000000;0.000000;0.000000;2.000000;6.656273;-828.117798;2121.679688;0.108526;0.000000;0.000000;0.000000;0.000000;2.000000;81.087036;-817.088745;2230.385010;0.166831;0.000000;0.000000;0.000000;0.000000;2.000000;-46.671497;-816.824097;2122.932617;0.066357;0.000000;0.000000;0.000000;0.000000;2.000000;-89.010101;-792.625305;2250.571289;0.089788;0.000000;0.000000;0.000000;0.000000;2.000000;4653166592.000000
0.000000;-150.000000;2000.000000;0.000000;0.000000;0.000000;0.000000;0.000000;2.000000;19.555481;-310.791931;2091.788086;0.057995;0.000000;0.000000;0.000000;0.000000;2.000000;35.921909;-435.505402;2171.359863;0.147509;0.000000;0.000000;0.000000;0.000000;2.000000;17.136429;-653.312134;2230.834717;0.095635;0.000000;0.000000;0.000000;0.000000;2.000000;55.221790;-620.968811;2219.893555;0.095800;0.000000;0.000000;0.000000;0.000000;2.000000;203.315170;-632.969299;2206.529297;0.143169;0.000000;0.000000;0.000000;0.000000;2.000000;358.071411;-734.310181;1985.299927;0.426150;0.000000;0.000000;0.000000;0.000000;2.000000;176.437363;-780.397217;2138.491211;0.337231;0.000000;0.000000;0.000000;0.000000;2.000000;142.426743;-798.502808;2231.297852;0.412175;0.000000;0.000000;0.000000;0.000000;2.000000;53.341496;-766.469604;2170.039063;0.216085;0.000000;0.000000;0.000000;0.000000;2.000000;42.268040;-749.044678;2148.556641;0.138353;0.000000;0.000000;0.000000;0.000000;2.000000;-14.432684;-613.130981;2224.223389;0.096205;0.000000;0.000000;0.000000;0.000000;2.000000;-140.481598;-570.398804;2190.757324;0.152420;0.000000;0.000000;0.000000;0.000000;2.000000;-187.740875;-323.309875;2038.928589;0.110138;0.000000;0.000000;0.000000;0.000000;2.000000;-137.596771;-141.755203;1882.089478;0.077856;0.000000;0.000000;0.000000;0.000000;2.000000;-41.771984;-126.108398;1834.348267;0.095721;0.000000;0.000000;0.000000;0.000000;2.000000;-65.276848;-28.797272;1786.780273;0.153343;0.000000;0.000000;0.000000;0.000000;2.000000;-56.241619;-91.079834;1798.589600;0.079979;0.000000;0.000000;0.000000;0.000000;2.000000;94.120468;-146.240311;1986.533813;0.032183;0.000000;0.000000;0.000000;0.000000;2.000000;310.369873;-154.512100;1629.181396;0.070178;0.000000;0.000000;0.000000;0.000000;2.000000;238.298264;236.551300;1665.015015;0.079179;0.000000;0.000000;0.000000;0.000000;2.000000;263.639008;394.583221;1552.750000;0.084252;0.000000;0.000000;0.000000;0.000000;2.000000;-84.872566;-153.390259;2012.143188;0.029020;0.000000;0.000000;0.000000;0.000000;2.000000;-405.851654;-134.497620;1746.111450;0.048997;0.000000;0.000000;0.000000;0.000000;2.000000;-342.055664;262.333832;1781.258057;0.073516;0.000000;0.000000;0.000000;0.000000;2.000000;-430.895142;381.631317;1680.122192;0.097473;0.000000;0.000000;0.000000;0.000000;2.000000;8.925060;-737.723267;2239.436523;0.110688;0.000000;0.000000;0.000000;0.000000;2.000000;-23.136665;-790.324097;2083.474121;0.137394;0.000000;0.000000;0.000000;0.000000;2.000000;4.687405;-827.489136;2118.918457;0.103638;0.000000;0.000000;0.000000;0.000000;2.000000;84.243271;-815.467041;2223.932129;0.221280;0.000000;0.000000;0.000000;0.000000;2.000000;-48.717625;-817.020630;2122.817871;0.061861;0.000000;0.000000;0.000000;0.000000;2.000000;-85.125565;-793.667175;2252.522949;0.134326;0.000000;0.000000;0.000000;0.000000;2.000000;4653199872.000000
0.000000;-149.999985;2000.000000;0.000000;0.000000;0.000000;0.000000;0.000000;2.000000;18.936348;-310.682739;2091.730469;0.018970;0.000000;0.000000;0.000000;0.000000;2.000000;34.811356;-435.403442;2171.110840;0.034336;0.000000;0.000000;0.000000;0.000000;2.000000;15.787811;-652.520874;2232.145020;0.061299;0.000000;0.000000;0.000000;0.000000;2.000000;53.867447;-620.362427;2220.883301;0.053596;0.000000;0.000000;0.000000;0.000000;2.000000;201.738190;-631.864075;2206.337402;0.058151;0.000000;0.000000;0.000000;0.000000;2.000000;360.570465;-731.531982;1987.627808;0.132289;0.000000;0.000000;0.000000;0.000000;2.000000;175.390503;-780.925598;2135.051758;0.109191;0.000000;0.000000;0.000000;0.000000;2.000000;139.772552;-803.830688;2226.068359;0.238080;0.000000;0.000000;0.000000;0.000000;2.000000;53.102852;-769.145386;2163.022949;0.225746;0.000000;0.000000;0.000000;0.000000;2.000000;41.391144;-751.170166;2141.787598;0.214810;0.000000;0.000000;0.000000;0.000000;2.000000;-15.690733;-612.368530;2225.332520;0.055359;0.000000;0.000000;0.000000;0.000000;2.000000;-141.974106;-569.849060;2193.064941;0.084215;0.000000;0.000000;0.000000;0.000000;2.000000;-186.890961;-323.217896;2040.353149;0.049921;0.000000;0.000000;0.000000;0.000000;2.000000;-138.553162;-142.641663;1882.206665;0.039341;0.000000;0.000000;0.000000;0.000000;2.000000;-42.386078;-127.385773;1835.279907;0.050965;0.000000;0.000000;0.000000;0.000000;2.000000;-67.497452;-27.802368;1793.896484;0.225983;0.000000;0.000000;0.000000;0.000000;2.000000;-56.990070;-91.583405;1800.299316;0.058086;0.000000;0.000000;0.000000;0.000000;2.000000;94.030434;-146.640915;1986.473022;0.012472;0.000000;0.000000;0.000000;0.000000;2.000000;310.200104;-154.074417;1629.543701;0.017819;0.000000;0.000000;0.000000;0.000000;2.000000;238.095276;236.594604;1665.151611;0.007466;0.000000;0.000000;0.000000;0.000000;2.000000;264.690918;397.929565;1558.349121;0.198533;0.000000;0.000000;0.000000;0.000000;2.000000;-84.791374;-153.029022;2012.197998;0.011246;0.000000;0.000000;0.000000;0.000000;2.000000;-403.948730;-134.719116;1744.594727;0.073422;0.000000;0.000000;0.000000;0.000000;2.000000;-344.066772;262.006653;1783.024658;0.081032;0.000000;0.000000;0.000000;0.000000;2.000000;-431.500580;382.826233;1682.795288;0.089842;0.000000;0.000000;0.000000;0.000000;2.000000;7.447582;-736.767334;2241.368652;0.078528;0.000000;0.000000;0.000000;0.000000;2.000000;-22.692863;-787.468445;2084.576660;0.092942;0.000000;0.000000;0.000000;0.000000;2.000000;2.525146;-825.858826;2120.564453;0.095222;0.000000;0.000000;0.000000;0.000000;2.000000;79.643845;-817.580017;2227.571777;0.187329;0.000000;0.000000;0.000000;0.000000;2.000000;-50.408394;-813.108765;2123.094238;0.128322;0.000000;0.000000;0.000000;0.000000;2.000000;-89.151001;-788.564819;2251.754639;0.196645;0.000000;0.000000;0.000000;0.000000;2.000000;4653233152.000000
0.000000;-149.999985;2000.000000;0.000000;0.000000;0.000000;0.000000;0.000000;2.000000;19.167538;-310.550812;2092.310059;0.019164;0.000000;0.000000;0.000000;0.000000;2.000000;35.038162;-435.999207;2170.834473;0.020878;0.000000;0.000000;0.000000;0.000000;2.000000;17.583286;-653.385010;2232.267578;0.059987;0.000000;0.000000;0.000000;0.000000;2.000000;55.478920;-620.874512;2221.151855;0.051445;0.000000;0.000000;0.000000;0.000000;2.000000;203.563156;-627.768738;2204.415771;0.146575;0.000000;0.000000;0.000000;0.000000;2.000000;365.500122;-709.030518;1980.041870;0.728729;0.000000;0.000000;0.000000;0.000000;2.000000;184.921570;-783.242981;2123.124268;0.464023;0.000000;0.000000;0.000000;0.000000;2.000000;147.220200;-821.441833;2208.083984;0.788759;0.000000;0.000000;0.000000;0.000000;2.000000;53.610977;-774.773560;2165.945068;0.191162;0.000000;0.000000;0.000000;0.000000;2.000000;48.831421;-763.499756;2148.525391;0.477731;0.000000;0.000000;0.000000;0.000000;2.000000;-14.246737;-613.488525;2225.179443;0.055103;0.000000;0.000000;0.000000;0.000000;2.000000;-139.876984;-569.537170;2191.688477;0.075956;0.000000;0.000000;0.000000;0.000000;2.000000;-188.479340;-322.810547;2039.665039;0.053435;0.000000;0.000000;0.000000;0.000000;2.000000;-138.081238;-141.819885;1882.236450;0.028489;0.000000;0.000000;0.000000;0.000000;2.000000;-42.073517;-127.889282;1834.318726;0.033930;0.000000;0.000000;0.000000;0.000000;2.000000;-66.252762;-31.445435;1785.330078;0.282203;0.000000;0.000000;0.000000;0.000000;2.000000;-56.267586;-92.110870;1797.823975;0.079087;0.000000;0.000000;0.000000;0.000000;2.000000;94.172226;-146.322983;1986.841064;0.015222;0.000000;0.000000;0.000000;0.000000;2.000000;310.777740;-155.469559;1629.700195;0.045615;0.000000;0.000000;0.000000;0.000000;2.000000;238.900055;235.585632;1666.238037;0.050692;0.000000;0.000000;0.000000;0.000000;2.000000;263.857208;394.841003;1555.609985;0.126549;0.000000;0.000000;0.000000;0.000000;2.000000;-84.919228;-153.315674;2011.865967;0.013729;0.000000;0.000000;0.000000;0.000000;2.000000;-402.189484;-134.569305;1741.377930;0.110261;0.000000;0.000000;0.000000;0.000000;2.000000;-342.716248;262.340881;1782.881226;0.042027;0.000000;0.000000;0.000000;0.000000;2.000000;-431.558746;382.269226;1682.480103;0.019310;0.000000;0.000000;0.000000;0.000000;2.000000;9.936184;-737.773315;2241.625244;0.081024;0.000000;0.000000;0.000000;0.000000;2.000000;-22.583725;-790.928223;2085.936035;0.111744;0.000000;0.000000;0.000000;0.000000;2.000000;3.058193;-828.856873;2122.212646;0.104042;0.000000;0.000000;0.000000;0.000000;2.000000;81.781227;-819.098267;2228.093750;0.080324;0.000000;0.000000;0.000000;0.000000;2.000000;-49.854553;-815.895020;2125.284180;0.107779;0.000000;0.000000;0.000000;0.000000;2.000000;-86.752747;-789.161865;2254.203613;0.104546;0.000000;0.000000;0.000000;0.000000;2.000000;4653266432.000000
0.000000;-149.999985;2000.000000;0.000000;0.000000;0.000000;0.000000;0.000000;2.000000;18.726460;-310.372314;2092.846680;0.021224;0.000000;0.000000;0.000000;0.000000;2.000000;34.087212;-436.558960;2170.386475;0.035243;0.000000;0.000000;0.000000;0.000000;2.000000;17.112671;-653.823242;2232.683350;0.022661;0.000000;0.000000;0.000000;0.000000;2.000000;54.968025;-621.148987;2221.827637;0.026353;0.000000;0.000000;0.000000;0.000000;2.000000;203.427551;-626.245056;2207.452393;0.100620;0.000000;0.000000;0.000000;0.000000;2.000000;369.256531;-692.871643;1980.972656;0.491709;0.000000;0.000000;0.000000;0.000000;2.000000;190.273682;-782.795471;2117.025391;0.240489;0.000000;0.000000;0.000000;0.000000;2.000000;156.337982;-831.856201;2197.941895;0.507803;0.000000;0.000000;0.000000;0.000000;2.000000;61.177246;-780.899048;2165.179199;0.288976;0.000000;0.000000;0.000000;0.000000;2.000000;55.287781;-775.851929;2162.680664;0.587872;0.000000;0.000000;0.000000;0.000000;2.000000;-14.862001;-614.118958;2225.051270;0.026343;0.000000;0.000000;0.000000;0.000000;2.000000;-140.573853;-569.814392;2192.131348;0.025775;0.000000;0.000000;0.000000;0.000000;2.000000;-187.028229;-322.802948;2039.691772;0.042950;0.000000;0.000000;0.000000;0.000000;2.000000;-137.954224;-141.373779;1882.210205;0.013748;0.000000;0.000000;0.000000;0.000000;2.000000;-42.709896;-126.004150;1833.133667;0.068532;0.000000;0.000000;0.000000;0.000000;2.000000;-66.838425;-28.951691;1785.242676;0.075849;0.000000;0.000000;0.000000;0.000000;2.000000;-56.617264;-90.266144;1798.026123;0.055884;0.000000;0.000000;0.000000;0.000000;2.000000;94.218971;-146.613419;1986.846313;0.008707;0.000000;0.000000;0.000000;0.000000;2.000000;310.562469;-153.388565;1629.315430;0.062949;0.000000;0.000000;0.000000;0.000000;2.000000;238.237213;237.805664;1665.067871;0.076811;0.000000;0.000000;0.000000;0.000000;2.000000;265.083038;399.352539;1558.140381;0.157314;0.000000;0.000000;0.000000;0.000000;2.000000;-84.961395;-153.053802;2011.861206;0.007851;0.000000;0.000000;0.000000;0.000000;2.000000;-402.624420;-133.626648;1741.647095;0.031738;0.000000;0.000000;0.000000;0.000000;2.000000;-343.267487;263.450317;1783.156006;0.037552;0.000000;0.000000;0.000000;0.000000;2.000000;-432.514709;384.354187;1684.176147;0.084417;0.000000;0.000000;0.000000;0.000000;2.000000;9.812176;-738.237427;2242.362549;0.026042;0.000000;0.000000;0.000000;0.000000;2.000000;-24.296501;-790.654114;2086.697021;0.056053;0.000000;0.000000;0.000000;0.000000;2.000000;0.516312;-829.189941;2122.944580;0.078896;0.000000;0.000000;0.000000;0.000000;2.000000;79.694481;-821.286499;2228.701416;0.091269;0.000000;0.000000;0.000000;0.000000;2.000000;-52.084999;-814.963623;2126.121582;0.075700;0.000000;0.000000;0.000000;0.000000;2.000000;-88.085052;-787.320007;2255.156006;0.072936;0.000000;0.000000;0.000000;0.000000;2.000000;4653300224.000000
0.000000;-149.999985;2000.000000;0.000000;0.000000;0.000000;0.000000;0.000000;2.000000;18.844345;-310.579529;2093.156738;0.011752;0.000000;0.000000;0.000000;0.000000;2.000000;34.303604;-436.917206;2170.960938;0.021357;0.000000;0.000000;0.000000;0.000000;2.000000;17.469582;-654.497070;2233.721680;0.038709;0.000000;0.000000;0.000000;0.000000;2.000000;55.366890;-621.765198;2222.739502;0.035174;0.000000;0.000000;0.000000;0.000000;2.000000;204.057236;-626.333069;2207.714355;0.020663;0.000000;0.000000;0.000000;0.000000;2.000000;370.066040;-680.763855;1977.457031;0.379622;0.000000;0.000000;0.000000;0.000000;2.000000;194.204025;-786.334473;2106.980469;0.341112;0.000000;0.000000;0.000000;0.000000;2.000000;169.417191;-845.635986;2184.520508;0.698953;0.000000;0.000000;0.000000;0.000000;2.000000;65.555946;-801.125610;2182.415527;0.809280;0.000000;0.000000;0.000000;0.000000;2.000000;68.855789;-791.552734;2181.066650;0.833069;0.000000;0.000000;0.000000;0.000000;2.000000;-14.589968;-614.741882;2226.065430;0.036685;0.000000;0.000000;0.000000;0.000000;2.000000;-140.545410;-570.277649;2193.230225;0.035844;0.000000;0.000000;0.000000;0.000000;2.000000;-187.185974;-322.943817;2040.319946;0.019916;0.000000;0.000000;0.000000;0.000000;2.000000;-138.170105;-141.419830;1882.222778;0.006644;0.000000;0.000000;0.000000;0.000000;2.000000;-42.792118;-126.251465;1832.901245;0.010493;0.000000;0.000000;0.000000;0.000000;2.000000;-67.000854;-29.024750;1784.928345;0.010856;0.000000;0.000000;0.000000;0.000000;2.000000;-58.478188;-89.498993;1796.670410;0.072922;0.000000;0.000000;0.000000;0.000000;2.000000;94.383881;-146.608917;1986.752808;0.005698;0.000000;0.000000;0.000000;0.000000;2.000000;310.426270;-154.344894;1628.155029;0.045368;0.000000;0.000000;0.000000;0.000000;2.000000;237.402695;237.449951;1664.183594;0.038066;0.000000;0.000000;0.000000;0.000000;2.000000;263.487061;395.779419;1551.734375;0.225563;0.000000;0.000000;0.000000;0.000000;2.000000;-85.110100;-153.057846;2011.945679;0.005140;0.000000;0.000000;0.000000;0.000000;2.000000;-403.135010;-134.155182;1740.925293;0.030952;0.000000;0.000000;0.000000;0.000000;2.000000;-343.160400;263.527893;1783.016602;0.005774;0.000000;0.000000;0.000000;0.000000;2.000000;-431.969055;382.628906;1680.899780;0.112465;0.000000;0.000000;0.000000;0.000000;2.000000;10.200184;-739.055725;2243.555176;0.044997;0.000000;0.000000;0.000000;0.000000;2.000000;-24.009359;-792.200317;2087.823486;0.058127;0.000000;0.000000;0.000000;0.000000;2.000000;-0.772556;-831.168884;2124.820313;0.090623;0.000000;0.000000;0.000000;0.000000;2.000000;77.661026;-824.589233;2231.525146;0.144157;0.000000;0.000000;0.000000;0.000000;2.000000;-53.020126;-815.214111;2127.282471;0.045420;0.000000;0.000000;0.000000;0.000000;2.000000;-89.524414;-784.941284;2255.853027;0.086128;0.000000;0.000000;0.000000;0.000000;2.000000;4653333504.000000
0.000000;-150.000000;2000.000000;0.000000;0.000000;0.000000;0.000000;0.000000;2.000000;18.347988;-309.904541;2093.144775;0.025178;0.000000;0.000000;0.000000;0.000000;2.000000;33.434677;-435.588684;2171.106689;0.047901;0.000000;0.000000;0.000000;0.000000;2.000000;16.504143;-652.514465;2233.306641;0.067425;0.000000;0.000000;0.000000;0.000000;2.000000;54.299789;-619.873779;2222.519043;0.065590;0.000000;0.000000;0.000000;0.000000;2.000000;202.565842;-625.451660;2208.760498;0.060810;0.000000;0.000000;0.000000;0.000000;2.000000;372.457062;-678.626343;1982.307739;0.174732;0.000000;0.000000;0.000000;0.000000;2.000000;187.684204;-794.500854;2086.616699;0.687754;0.000000;0.000000;0.000000;0.000000;2.000000;174.534515;-854.299438;2166.150879;0.629352;0.000000;0.000000;0.000000;0.000000;2.000000;72.744637;-815.499756;2194.772949;0.609168;0.000000;0.000000;0.000000;0.000000;2.000000;82.653488;-799.624634;2189.294434;0.540221;0.000000;0.000000;0.000000;0.000000;2.000000;-15.429108;-612.888977;2225.635742;0.062469;0.000000;0.000000;0.000000;0.000000;2.000000;-141.286758;-569.272217;2193.253418;0.037542;0.000000;0.000000;0.000000;0.000000;2.000000;-187.008499;-322.674347;2040.808350;0.017589;0.000000;0.000000;0.000000;0.000000;2.000000;-137.348373;-142.582123;1882.574219;0.044056;0.000000;0.000000;0.000000;0.000000;2.000000;-42.036732;-127.206390;1834.005859;0.049398;0.000000;0.000000;0.000000;0.000000;2.000000;-67.161804;-29.072845;1789.339966;0.132657;0.000000;0.000000;0.000000;0.000000;2.000000;-56.047752;-94.005463;1799.196045;0.171548;0.000000;0.000000;0.000000;0.000000;2.000000;94.074944;-146.879318;1986.826050;0.012531;0.000000;0.000000;0.000000;0.000000;2.000000;310.830627;-155.496826;1630.349365;0.075453;0.000000;0.000000;0.000000;0.000000;2.000000;238.628906;235.258423;1664.124146;0.075479;0.000000;0.000000;0.000000;0.000000;2.000000;264.878693;394.127380;1553.653931;0.086831;0.000000;0.000000;0.000000;0.000000;2.000000;-84.831512;-152.814056;2011.879395;0.011301;0.000000;0.000000;0.000000;0.000000;2.000000;-401.833954;-134.516418;1741.818726;0.048651;0.000000;0.000000;0.000000;0.000000;2.000000;-343.566742;262.092407;1783.214722;0.045222;0.000000;0.000000;0.000000;0.000000;2.000000;-431.136475;382.494873;1682.649048;0.058351;0.000000;0.000000;0.000000;0.000000;2.000000;9.242855;-736.799133;2242.970215;0.075724;0.000000;0.000000;0.000000;0.000000;2.000000;-28.932953;-799.088623;2092.247314;0.287051;0.000000;0.000000;0.000000;0.000000;2.000000;-1.339336;-834.544128;2129.468262;0.173440;0.000000;0.000000;0.000000;0.000000;2.000000;81.461555;-817.875000;2231.092773;0.232192;0.000000;0.000000;0.000000;0.000000;2.000000;-54.184906;-822.024780;2134.015869;0.289899;0.000000;0.000000;0.000000;0.000000;2.000000;-86.031807;-788.378418;2262.488770;0.247865;0.000000;0.000000;0.000000;0.000000;2.000000;4653366784.000000
0.000000;-149.999985;2000.000000;0.000000;0.000000;0.000000;0.000000;0.000000;2.000000;18.347961;-309.905731;2093.145020;0.000037;0.000000;0.000000;0.000000;0.000000;2.000000;33.434666;-435.590607;2171.107422;0.000062;0.000000;0.000000;0.000000;0.000000;2.000000;16.504074;-652.517334;2233.308594;0.000104;0.000000;0.000000;0.000000;0.000000;2.000000;54.299946;-619.876526;2222.520996;0.000101;0.000000;0.000000;0.000000;0.000000;2.000000;202.567123;-625.453369;2208.764160;0.000127;0.000000;0.000000;0.000000;0.000000;2.000000;372.454590;-678.629517;1982.306641;0.000125;0.000000;0.000000;0.000000;0.000000;2.000000;187.689178;-794.513062;2086.622070;0.000428;0.000000;0.000000;0.000000;0.000000;2.000000;174.561432;-854.337463;2166.141113;0.001430;0.000000;0.000000;0.000000;0.000000;2.000000;72.777786;-815.558594;2194.816406;0.002413;0.000000;0.000000;0.000000;0.000000;2.000000;82.706375;-799.698547;2189.354736;0.003277;0.000000;0.000000;0.000000;0.000000;2.000000;-15.429394;-612.891724;2225.637207;0.000094;0.000000;0.000000;0.000000;0.000000;2.000000;-141.287689;-569.274902;2193.253906;0.000087;0.000000;0.000000;0.000000;0.000000;2.000000;-187.009216;-322.676483;2040.806396;0.000090;0.000000;0.000000;0.000000;0.000000;2.000000;-137.348495;-142.583878;1882.570557;0.000122;0.000000;0.000000;0.000000;0.000000;2.000000;-42.036552;-127.207397;1834.001587;0.000132;0.000000;0.000000;0.000000;0.000000;2.000000;-67.162033;-29.073853;1789.334473;0.000168;0.000000;0.000000;0.000000;0.000000;2.000000;-56.048851;-94.003082;1799.190918;0.000173;0.000000;0.000000;0.000000;0.000000;2.000000;94.075531;-146.879242;1986.826172;0.000018;0.000000;0.000000;0.000000;0.000000;2.000000;310.836700;-155.491608;1630.349854;0.000241;0.000000;0.000000;0.000000;0.000000;2.000000;238.631409;235.264832;1664.131470;0.000302;0.000000;0.000000;0.000000;0.000000;2.000000;264.882599;394.143188;1553.672974;0.000753;0.000000;0.000000;0.000000;0.000000;2.000000;-84.832047;-152.814102;2011.879272;0.000017;0.000000;0.000000;0.000000;0.000000;2.000000;-401.836334;-134.514557;1741.817017;0.000104;0.000000;0.000000;0.000000;0.000000;2.000000;-343.567169;262.096252;1783.215576;0.000119;0.000000;0.000000;0.000000;0.000000;2.000000;-431.137848;382.502319;1682.653320;0.000261;0.000000;0.000000;0.000000;0.000000;2.000000;9.242825;-736.802490;2242.972656;0.000125;0.000000;0.000000;0.000000;0.000000;2.000000;-28.934008;-799.098755;2092.251709;0.000333;0.000000;0.000000;0.000000;0.000000;2.000000;-1.340965;-834.553223;2129.474609;0.000337;0.000000;0.000000;0.000000;0.000000;2.000000;81.460510;-817.880737;2231.099365;0.000264;0.000000;0.000000;0.000000;0.000000;2.000000;-54.186638;-822.032593;2134.021484;0.000294;0.000000;0.000000;0.000000;0.000000;2.000000;-86.033417;-788.379395;2262.493164;0.000144;0.000000;0.000000;0.000000;0.000000;2.000000;4653400064.000000
0.000000;-150.000000;2000.000000;0.000000;0.000000;0.000000;0.000000;0.000000;2.000000;18.347977;-309.905823;2093.145020;0.000003;0.000000;0.000000;0.000000;0.000000;2.000000;33.434685;-435.590759;2171.107422;0.000005;0.000000;0.000000;0.000000;0.000000;2.000000;16.504044;-652.517578;2233.309082;0.000016;0.000000;0.000000;0.000000;0.000000;2.000000;54.299942;-619.876709;2222.521484;0.000016;0.000000;0.000000;0.000000;0.000000;2.000000;202.567139;-625.453735;2208.764404;0.000013;0.000000;0.000000;0.000000;0.000000;2.000000;372.454193;-678.630066;1982.306763;0.000021;0.000000;0.000000;0.000000;0.000000;2.000000;187.689178;-794.514221;2086.622559;0.000038;0.000000;0.000000;0.000000;0.000000;2.000000;174.562744;-854.340454;2166.140625;0.000099;0.000000;0.000000;0.000000;0.000000;2.000000;72.779510;-815.562744;2194.818848;0.000154;0.000000;0.000000;0.000000;0.000000;2.000000;82.709267;-799.703979;2189.358398;0.000215;0.000000;0.000000;0.000000;0.000000;2.000000;-15.429428;-612.891907;2225.637695;0.000016;0.000000;0.000000;0.000000;0.000000;2.000000;-141.287766;-569.275024;2193.254395;0.000015;0.000000;0.000000;0.000000;0.000000;2.000000;-187.009277;-322.676422;2040.806763;0.000011;0.000000;0.000000;0.000000;0.000000;2.000000;-137.348572;-142.583694;1882.570801;0.000009;0.000000;0.000000;0.000000;0.000000;2.000000;-42.036575;-127.207123;1834.001831;0.000011;0.000000;0.000000;0.000000;0.000000;2.000000;-67.162117;-29.073395;1789.334839;0.000018;0.000000;0.000000;0.000000;0.000000;2.000000;-56.049042;-94.002747;1799.191162;0.000014;0.000000;0.000000;0.000000;0.000000;2.000000;94.075584;-146.879242;1986.826294;0.000004;0.000000;0.000000;0.000000;0.000000;2.000000;310.837067;-155.491379;1630.349976;0.000013;0.000000;0.000000;0.000000;0.000000;2.000000;238.631592;235.265289;1664.131836;0.000018;0.000000;0.000000;0.000000;0.000000;2.000000;264.882965;394.144135;1553.673950;0.000042;0.000000;0.000000;0.000000;0.000000;2.000000;-84.832085;-152.814117;2011.879272;0.000001;0.000000;0.000000;0.000000;0.000000;2.000000;-401.836304;-134.514740;1741.816528;0.000016;0.000000;0.000000;0.000000;0.000000;2.000000;-343.567322;262.096283;1783.214844;0.000022;0.000000;0.000000;0.000000;0.000000;2.000000;-431.137695;382.501923;1682.651611;0.000053;0.000000;0.000000;0.000000;0.000000;2.000000;9.242767;-736.802734;2242.972900;0.000011;0.000000;0.000000;0.000000;0.000000;2.000000;-28.934790;-799.099609;2092.252441;0.000041;0.000000;0.000000;0.000000;0.000000;2.000000;-1.341801;-834.554077;2129.475586;0.000046;0.000000;0.000000;0.000000;0.000000;2.000000;81.460052;-817.881470;2231.099609;0.000027;0.000000;0.000000;0.000000;0.000000;2.000000;-54.187416;-822.033203;2134.022461;0.000042;0.000000;0.000000;0.000000;0.000000;2.000000;-86.033684;-788.379150;2262.494141;0.000031;0.000000;0.000000;0.000000;0.000000;2.000000;4653433344.000000
0.000000;-150.000015;2000.000000;0.000000;0.000000;0.000000;0.000000;0.000000;2.000000;18.227936;-310.161652;2093.128906;0.008505;0.000000;0.000000;0.000000;0.000000;2.000000;33.215088;-436.069885;2171.055664;0.015913;0.000000;0.000000;0.000000;0.000000;2.000000;15.827435;-653.244751;2233.152344;0.030215;0.000000;0.000000;0.000000;0.000000;2.000000;53.731834;-620.623779;2222.424316;0.028352;0.000000;0.000000;0.000000;0.000000;2.000000;202.176422;-626.829834;2209.118652;0.044282;0.000000;0.000000;0.000000;0.000000;2.000000;372.743500;-680.039795;1982.785156;0.045569;0.000000;0.000000;0.000000;0.000000;2.000000;187.285675;-797.694336;2084.459961;0.116192;0.000000;0.000000;0.000000;0.000000;2.000000;175.517578;-863.414795;2159.550781;0.338200;0.000000;0.000000;0.000000;0.000000;2.000000;75.154366;-825.693604;2194.445557;0.312866;0.000000;0.000000;0.000000;0.000000;2.000000;89.631302;-813.872620;2194.848145;0.501724;0.000000;0.000000;0.000000;0.000000;2.000000;-16.064989;-613.518494;2225.458252;0.027354;0.000000;0.000000;0.000000;0.000000;2.000000;-141.940796;-569.626343;2192.890625;0.024818;0.000000;0.000000;0.000000;0.000000;2.000000;-187.039246;-322.516174;2040.477295;0.011046;0.000000;0.000000;0.000000;0.000000;2.000000;-136.897583;-142.102936;1882.350342;0.020886;0.000000;0.000000;0.000000;0.000000;2.000000;-41.312553;-126.554688;1834.114746;0.029481;0.000000;0.000000;0.000000;0.000000;2.000000;-66.432678;-27.978912;1790.127930;0.046151;0.000000;0.000000;0.000000;0.000000;2.000000;-55.769718;-91.903595;1799.129883;0.063658;0.000000;0.000000;0.000000;0.000000;2.000000;94.185585;-146.918671;1986.864502;0.003694;0.000000;0.000000;0.000000;0.000000;2.000000;311.666016;-154.661026;1630.279785;0.035319;0.000000;0.000000;0.000000;0.000000;2.000000;239.195801;236.368286;1665.384521;0.052941;0.000000;0.000000;0.000000;0.000000;2.000000;265.637543;396.681274;1556.686279;0.120495;0.000000;0.000000;0.000000;0.000000;2.000000;-84.931282;-152.778610;2011.844849;0.003331;0.000000;0.000000;0.000000;0.000000;2.000000;-402.079987;-134.186279;1741.279419;0.020285;0.000000;0.000000;0.000000;0.000000;2.000000;-343.255035;262.706604;1783.409180;0.021412;0.000000;0.000000;0.000000;0.000000;2.000000;-430.917023;383.479553;1683.020508;0.032090;0.000000;0.000000;0.000000;0.000000;2.000000;8.406734;-737.615234;2242.758789;0.035616;0.000000;0.000000;0.000000;0.000000;2.000000;-29.854366;-804.067322;2093.642090;0.157444;0.000000;0.000000;0.000000;0.000000;2.000000;-2.582157;-838.654907;2131.998535;0.149398;0.000000;0.000000;0.000000;0.000000;2.000000;80.156227;-819.596558;2233.439941;0.095582;0.000000;0.000000;0.000000;0.000000;2.000000;-55.406395;-825.623413;2136.034180;0.128971;0.000000;0.000000;0.000000;0.000000;2.000000;-87.386826;-787.988342;2263.520996;0.052375;0.000000;0.000000;0.000000;0.000000;2.000000;4653466624.000000
0.000000;-150.000000;2000.000000;0.000000;0.000000;0.000000;0.000000;0.000000;2.000000;18.223751;-310.183502;2093.140381;0.000752;0.000000;0.000000;0.000000;0.000000;2.000000;33.207207;-436.111511;2171.072754;0.001373;0.000000;0.000000;0.000000;0.000000;2.000000;15.795918;-653.313660;2233.174561;0.002373;0.000000;0.000000;0.000000;0.000000;2.000000;53.708466;-620.691833;2222.446533;0.002263;0.000000;0.000000;0.000000;0.000000;2.000000;202.167831;-627.003052;2209.137939;0.005243;0.000000;0.000000;0.000000;0.000000;2.000000;372.595245;-680.471680;1982.712769;0.013892;0.000000;0.000000;0.000000;0.000000;2.000000;187.126678;-798.146973;2084.418457;0.014469;0.000000;0.000000;0.000000;0.000000;2.000000;175.572357;-864.390259;2159.099609;0.032336;0.000000;0.000000;0.000000;0.000000;2.000000;75.353638;-827.051636;2194.857666;0.043062;0.000000;0.000000;0.000000;0.000000;2.000000;90.155571;-815.520142;2195.320313;0.053853;0.000000;0.000000;0.000000;0.000000;2.000000;-16.096798;-613.579224;2225.479492;0.002157;0.000000;0.000000;0.000000;0.000000;2.000000;-141.988510;-569.672607;2192.917725;0.002157;0.000000;0.000000;0.000000;0.000000;2.000000;-187.103455;-322.509216;2040.521973;0.002360;0.000000;0.000000;0.000000;0.000000;2.000000;-137.005493;-142.034195;1882.402344;0.004150;0.000000;0.000000;0.000000;0.000000;2.000000;-41.430187;-126.398346;1834.144409;0.005946;0.000000;0.000000;0.000000;0.000000;2.000000;-66.697449;-27.794220;1790.269287;0.010589;0.000000;0.000000;0.000000;0.000000;2.000000;-56.023506;-91.588165;1799.125122;0.012166;0.000000;0.000000;0.000000;0.000000;2.000000;94.197960;-146.921844;1986.863159;0.000386;0.000000;0.000000;0.000000;0.000000;2.000000;311.644897;-154.721390;1630.195801;0.003172;0.000000;0.000000;0.000000;0.000000;2.000000;239.218018;236.376709;1665.211792;0.005239;0.000000;0.000000;0.000000;0.000000;2.000000;265.602020;396.510315;1556.189941;0.015810;0.000000;0.000000;0.000000;0.000000;2.000000;-84.942451;-152.775711;2011.846069;0.000349;0.000000;0.000000;0.000000;0.000000;2.000000;-402.097015;-134.190063;1741.203491;0.002341;0.000000;0.000000;0.000000;0.000000;2.000000;-343.259521;262.754944;1783.324707;0.002928;0.000000;0.000000;0.000000;0.000000;2.000000;-430.900208;383.502808;1682.845581;0.005326;0.000000;0.000000;0.000000;0.000000;2.000000;8.366245;-737.694458;2242.781250;0.002757;0.000000;0.000000;0.000000;0.000000;2.000000;-29.576715;-804.307861;2093.630859;0.011043;0.000000;0.000000;0.000000;0.000000;2.000000;-2.258486;-838.818115;2132.035645;0.010949;0.000000;0.000000;0.000000;0.000000;2.000000;80.334190;-819.515381;2233.572266;0.007096;0.000000;0.000000;0.000000;0.000000;2.000000;-55.125431;-825.911865;2136.009277;0.012123;0.000000;0.000000;0.000000;0.000000;2.000000;-87.339355;-788.298584;2263.462891;0.009591;0.000000;0.000000;0.000000;0.000000;2.000000;4653499904.000000
0.000000;-150.000000;2000.000000;0.000000;0.000000;0.000000;0.000000;0.000000;2.000000;15.875641;-309.568237;2093.895020;0.076382;0.000000;0.000000;0.000000;0.000000;2.000000;29.100880;-434.047760;2173.889648;0.161970;0.000000;0.000000;0.000000;0.000000;2.000000;14.368568;-652.200500;2231.579102;0.072502;0.000000;0.000000;0.000000;0.000000;2.000000;51.817719;-618.887756;2221.872314;0.080399;0.000000;0.000000;0.000000;0.000000;2.000000;200.500214;-619.364014;2213.912598;0.275286;0.000000;0.000000;0.000000;0.000000;2.000000;367.551147;-695.163208;1992.111084;0.545530;0.000000;0.000000;0.000000;0.000000;2.000000;183.984619;-830.445740;2071.878906;1.045364;0.000000;0.000000;0.000000;0.000000;2.000000;128.613373;-906.014526;2107.694824;2.437449;0.000000;0.000000;0.000000;0.000000;2.000000;34.213608;-912.961060;2168.582275;2.969037;0.000000;0.000000;0.000000;0.000000;2.000000;85.619781;-885.850159;2172.791260;2.223242;0.000000;0.000000;0.000000;0.000000;2.000000;-17.975824;-612.880127;2224.330078;0.069441;0.000000;0.000000;0.000000;0.000000;2.000000;-144.997314;-570.487793;2195.493652;0.121510;0.000000;0.000000;0.000000;0.000000;2.000000;-183.808533;-324.382690;2040.775757;0.114146;0.000000;0.000000;0.000000;0.000000;2.000000;-138.331879;-142.176025;1883.994263;0.062408;0.000000;0.000000;0.000000;0.000000;2.000000;-42.385273;-126.933441;1836.834229;0.087262;0.000000;0.000000;0.000000;0.000000;2.000000;-67.342712;-27.461151;1795.354736;0.154358;0.000000;0.000000;0.000000;0.000000;2.000000;-60.418053;-90.808868;1799.942627;0.136339;0.000000;0.000000;0.000000;0.000000;2.000000;94.212517;-147.534378;1988.260864;0.045856;0.000000;0.000000;0.000000;0.000000;2.000000;310.408966;-155.263641;1631.789185;0.062745;0.000000;0.000000;0.000000;0.000000;2.000000;238.679352;235.208771;1666.314697;0.050910;0.000000;0.000000;0.000000;0.000000;2.000000;264.618530;395.052704;1557.447021;0.064949;0.000000;0.000000;0.000000;0.000000;2.000000;-84.955582;-152.223358;2010.585693;0.041351;0.000000;0.000000;0.000000;0.000000;2.000000;-404.943146;-131.391724;1744.742676;0.160292;0.000000;0.000000;0.000000;0.000000;2.000000;-342.659760;264.699554;1782.120728;0.071048;0.000000;0.000000;0.000000;0.000000;2.000000;-430.866699;384.935822;1682.154907;0.047810;0.000000;0.000000;0.000000;0.000000;2.000000;8.123169;-736.684082;2239.496826;0.103513;0.000000;0.000000;0.000000;0.000000;2.000000;-17.717083;-814.443726;2093.556641;0.468781;0.000000;0.000000;0.000000;0.000000;2.000000;3.921970;-846.416260;2137.241211;0.333287;0.000000;0.000000;0.000000;0.000000;2.000000;76.595963;-821.519958;2244.637451;0.356081;0.000000;0.000000;0.000000;0.000000;2.000000;-48.310020;-831.231384;2134.620605;0.263115;0.000000;0.000000;0.000000;0.000000;2.000000;-91.248154;-781.503052;2254.232910;0.363880;0.000000;0.000000;0.000000;0.000000;2.000000;4653533184.000000
0.000000;-150.000015;2000.000000;0.000000;0.000000;0.000000;0.000000;0.000000;2.000000;16.145874;-309.590179;2093.746582;0.009288;0.000000;0.000000;0.000000;0.000000;2.000000;29.639755;-434.153931;2173.515625;0.019967;0.000000;0.000000;0.000000;0.000000;2.000000;16.389687;-652.360962;2231.202637;0.061963;0.000000;0.000000;0.000000;0.000000;2.000000;53.603214;-618.824707;2221.407471;0.055471;0.000000;0.000000;0.000000;0.000000;2.000000;202.120346;-617.730286;2211.225098;0.106306;0.000000;0.000000;0.000000;0.000000;2.000000;364.009094;-706.363647;1990.421631;0.356612;0.000000;0.000000;0.000000;0.000000;2.000000;179.711304;-836.398743;2076.824707;0.265650;0.000000;0.000000;0.000000;0.000000;2.000000;106.668976;-900.915894;2100.451172;0.711082;0.000000;0.000000;0.000000;0.000000;2.000000;17.432468;-923.633057;2165.128418;0.606515;0.000000;0.000000;0.000000;0.000000;2.000000;70.588272;-883.262085;2166.417236;0.496724;0.000000;0.000000;0.000000;0.000000;2.000000;-16.206944;-613.245178;2224.041748;0.054959;0.000000;0.000000;0.000000;0.000000;2.000000;-143.106735;-571.290161;2194.164063;0.073516;0.000000;0.000000;0.000000;0.000000;2.000000;-182.099533;-325.131256;2039.675659;0.065082;0.000000;0.000000;0.000000;0.000000;2.000000;-136.407532;-142.593552;1883.410278;0.061716;0.000000;0.000000;0.000000;0.000000;2.000000;-40.931816;-127.415100;1835.326782;0.064564;0.000000;0.000000;0.000000;0.000000;2.000000;-66.393219;-29.125427;1791.455444;0.130548;0.000000;0.000000;0.000000;0.000000;2.000000;-58.992462;-91.357544;1798.150391;0.070760;0.000000;0.000000;0.000000;0.000000;2.000000;94.078873;-147.950729;1987.285522;0.032118;0.000000;0.000000;0.000000;0.000000;2.000000;311.657593;-155.832321;1631.745850;0.041247;0.000000;0.000000;0.000000;0.000000;2.000000;240.454269;234.723877;1665.592651;0.059392;0.000000;0.000000;0.000000;0.000000;2.000000;265.983826;392.332153;1553.478882;0.150275;0.000000;0.000000;0.000000;0.000000;2.000000;-84.835060;-151.847961;2011.465210;0.028962;0.000000;0.000000;0.000000;0.000000;2.000000;-402.245331;-132.128357;1742.580688;0.106215;0.000000;0.000000;0.000000;0.000000;2.000000;-341.002167;263.655273;1783.953735;0.080617;0.000000;0.000000;0.000000;0.000000;2.000000;-430.853027;382.365662;1683.685913;0.089893;0.000000;0.000000;0.000000;0.000000;2.000000;10.681953;-736.867188;2239.123047;0.077897;0.000000;0.000000;0.000000;0.000000;2.000000;-15.009304;-814.841858;2093.305176;0.082585;0.000000;0.000000;0.000000;0.000000;2.000000;7.200459;-846.581055;2136.859375;0.099302;0.000000;0.000000;0.000000;0.000000;2.000000;80.113342;-820.917664;2243.884033;0.109593;0.000000;0.000000;0.000000;0.000000;2.000000;-45.201523;-831.983887;2134.506836;0.096163;0.000000;0.000000;0.000000;0.000000;2.000000;-88.088760;-782.794189;2254.332031;0.102598;0.000000;0.000000;0.000000;0.000000;2.000000;4653566464.000000
0.000000;-149.999985;2000.000000;0.000001;0.000000;0.000000;0.000000;0.000000;2.000000;17.160454;-309.871338;2093.315918;0.033662;0.000000;0.000000;0.000000;0.000000;2.000000;31.501175;-434.439026;2173.103760;0.057044;0.000000;0.000000;0.000000;0.000000;2.000000;18.493896;-652.771240;2230.924805;0.063973;0.000000;0.000000;0.000000;0.000000;2.000000;55.694248;-619.151978;2221.198242;0.062938;0.000000;0.000000;0.000000;0.000000;2.000000;204.301254;-618.539795;2210.929443;0.069395;0.000000;0.000000;0.000000;0.000000;2.000000;363.709656;-715.741821;1991.698853;0.280229;0.000000;0.000000;0.000000;0.000000;2.000000;172.419189;-843.310059;2066.179443;0.433171;0.000000;0.000000;0.000000;0.000000;2.000000;97.847214;-907.268555;2086.593262;0.521221;0.000000;0.000000;0.000000;0.000000;2.000000;-3.489241;-906.996216;2135.675293;1.177031;0.000000;0.000000;0.000000;0.000000;2.000000;70.390656;-876.111572;2176.920166;0.376050;0.000000;0.000000;0.000000;0.000000;2.000000;-14.176022;-613.694946;2223.652588;0.062625;0.000000;0.000000;0.000000;0.000000;2.000000;-140.711502;-570.692444;2193.330566;0.077107;0.000000;0.000000;0.000000;0.000000;2.000000;-182.853180;-323.828888;2040.454956;0.050146;0.000000;0.000000;0.000000;0.000000;2.000000;-135.818970;-141.771423;1883.789429;0.031955;0.000000;0.000000;0.000000;0.000000;2.000000;-40.478989;-127.820221;1834.920044;0.021637;0.000000;0.000000;0.000000;0.000000;2.000000;-65.381889;-30.229279;1789.040161;0.084092;0.000000;0.000000;0.000000;0.000000;2.000000;-57.586178;-91.090851;1797.785522;0.043712;0.000000;0.000000;0.000000;0.000000;2.000000;94.101532;-147.424271;1987.107788;0.016457;0.000000;0.000000;0.000000;0.000000;2.000000;312.130188;-155.774078;1631.549561;0.015242;0.000000;0.000000;0.000000;0.000000;2.000000;241.370758;235.024658;1666.436523;0.037927;0.000000;0.000000;0.000000;0.000000;2.000000;266.885010;393.924072;1555.941895;0.090791;0.000000;0.000000;0.000000;0.000000;2.000000;-84.855499;-152.322617;2011.625366;0.014837;0.000000;0.000000;0.000000;0.000000;2.000000;-402.718689;-131.942932;1742.922729;0.018133;0.000000;0.000000;0.000000;0.000000;2.000000;-340.431671;263.885010;1784.755737;0.029909;0.000000;0.000000;0.000000;0.000000;2.000000;-429.942230;382.693970;1684.100586;0.031168;0.000000;0.000000;0.000000;0.000000;2.000000;12.916691;-737.335571;2238.886719;0.067930;0.000000;0.000000;0.000000;0.000000;2.000000;-6.488911;-814.102417;2091.346680;0.259641;0.000000;0.000000;0.000000;0.000000;2.000000;13.129257;-846.421509;2135.759033;0.178508;0.000000;0.000000;0.000000;0.000000;2.000000;80.987076;-822.370178;2246.518799;0.092712;0.000000;0.000000;0.000000;0.000000;2.000000;-38.932098;-831.114624;2130.901855;0.215555;0.000000;0.000000;0.000000;0.000000;2.000000;-87.130219;-782.085571;2248.856934;0.165819;0.000000;0.000000;0.000000;0.000000;2.000000;4653600256.000000
0.000000;-150.000000;2000.000000;0.000000;0.000000;0.000000;0.000000;0.000000;2.000000;17.220093;-308.858063;2093.540283;0.031236;0.000000;0.000000;0.000000;0.000000;2.000000;31.650761;-432.192413;2174.106445;0.074061;0.000000;0.000000;0.000000;0.000000;2.000000;19.192131;-649.626892;2231.858154;0.100765;0.000000;0.000000;0.000000;0.000000;2.000000;56.156433;-616.153076;2221.817871;0.093057;0.000000;0.000000;0.000000;0.000000;2.000000;203.875031;-617.926514;2208.150391;0.086468;0.000000;0.000000;0.000000;0.000000;2.000000;364.537506;-716.825928;1992.144897;0.043123;0.000000;0.000000;0.000000;0.000000;2.000000;173.655884;-843.156677;2066.617920;0.039695;0.000000;0.000000;0.000000;0.000000;2.000000;98.603249;-907.774780;2079.986328;0.200399;0.000000;0.000000;0.000000;0.000000;2.000000;-1.229889;-906.168762;2131.041016;0.156901;0.000000;0.000000;0.000000;0.000000;2.000000;63.213669;-871.952637;2167.385986;0.379733;0.000000;0.000000;0.000000;0.000000;2.000000;-13.404234;-610.703674;2224.911865;0.100242;0.000000;0.000000;0.000000;0.000000;2.000000;-140.242859;-570.021118;2195.160645;0.060242;0.000000;0.000000;0.000000;0.000000;2.000000;-182.395020;-325.019714;2041.566772;0.050852;0.000000;0.000000;0.000000;0.000000;2.000000;-134.880798;-144.673279;1884.610474;0.094902;0.000000;0.000000;0.000000;0.000000;2.000000;-39.637085;-127.705139;1837.503784;0.081727;0.000000;0.000000;0.000000;0.000000;2.000000;-65.180862;-28.985870;1795.644043;0.202011;0.000000;0.000000;0.000000;0.000000;2.000000;-53.604034;-95.411652;1803.411499;0.244441;0.000000;0.000000;0.000000;0.000000;2.000000;93.756966;-147.213028;1987.473145;0.016371;0.000000;0.000000;0.000000;0.000000;2.000000;312.062714;-154.795288;1634.049561;0.080698;0.000000;0.000000;0.000000;0.000000;2.000000;242.676636;234.730103;1667.517578;0.051703;0.000000;0.000000;0.000000;0.000000;2.000000;267.731201;393.424255;1558.019287;0.069054;0.000000;0.000000;0.000000;0.000000;2.000000;-84.544785;-152.513123;2011.296021;0.014760;0.000000;0.000000;0.000000;0.000000;2.000000;-401.218872;-131.775574;1743.828125;0.052881;0.000000;0.000000;0.000000;0.000000;2.000000;-339.725739;262.555359;1785.310791;0.048212;0.000000;0.000000;0.000000;0.000000;2.000000;-429.008850;382.305908;1686.887695;0.089085;0.000000;0.000000;0.000000;0.000000;2.000000;13.695156;-733.846497;2239.857422;0.111307;0.000000;0.000000;0.000000;0.000000;2.000000;0.408756;-813.270264;2093.820313;0.221602;0.000000;0.000000;0.000000;0.000000;2.000000;19.701900;-844.134827;2139.092285;0.231856;0.000000;0.000000;0.000000;0.000000;2.000000;83.669540;-816.388977;2250.664063;0.233049;0.000000;0.000000;0.000000;0.000000;2.000000;-32.420856;-830.488770;2132.664307;0.203561;0.000000;0.000000;0.000000;0.000000;2.000000;-84.853188;-781.126221;2248.007324;0.078512;0.000000;0.000000;0.000000;0.000000;2.000000;4653633536.000000
0.000000;-150.000000;2000.000000;0.000000;0.000000;0.000000;0.000000;0.000000;2.000000;17.396358;-308.832642;2092.958984;0.018268;0.000000;0.000000;0.000000;0.000000;2.000000;32.001961;-431.797150;2173.621094;0.021567;0.000000;0.000000;0.000000;0.000000;2.000000;18.768188;-648.724304;2231.691895;0.030377;0.000000;0.000000;0.000000;0.000000;2.000000;55.790535;-615.493042;2221.476074;0.024894;0.000000;0.000000;0.000000;0.000000;2.000000;203.188690;-617.919128;2207.062500;0.038651;0.000000;0.000000;0.000000;0.000000;2.000000;364.859100;-719.603882;1993.731934;0.096618;0.000000;0.000000;0.000000;0.000000;2.000000;171.377625;-843.397156;2064.407715;0.095652;0.000000;0.000000;0.000000;0.000000;2.000000;95.026810;-906.478394;2076.501709;0.155015;0.000000;0.000000;0.000000;0.000000;2.000000;-3.736467;-903.138550;2129.132324;0.131349;0.000000;0.000000;0.000000;0.000000;2.000000;57.240387;-868.884460;2160.280762;0.293762;0.000000;0.000000;0.000000;0.000000;2.000000;-13.620256;-609.724731;2224.810303;0.030277;0.000000;0.000000;0.000000;0.000000;2.000000;-140.412170;-569.282166;2195.544678;0.025536;0.000000;0.000000;0.000000;0.000000;2.000000;-181.633972;-324.451813;2042.321289;0.036444;0.000000;0.000000;0.000000;0.000000;2.000000;-133.589722;-144.483109;1885.702881;0.051138;0.000000;0.000000;0.000000;0.000000;2.000000;-38.606602;-128.797913;1838.024414;0.047767;0.000000;0.000000;0.000000;0.000000;2.000000;-63.334705;-30.767456;1794.554321;0.083757;0.000000;0.000000;0.000000;0.000000;2.000000;-52.989918;-96.224854;1803.262329;0.030946;0.000000;0.000000;0.000000;0.000000;2.000000;93.630226;-146.915100;1987.749023;0.012781;0.000000;0.000000;0.000000;0.000000;2.000000;313.126556;-156.291260;1635.895874;0.078232;0.000000;0.000000;0.000000;0.000000;2.000000;243.117493;232.606842;1667.737061;0.065494;0.000000;0.000000;0.000000;0.000000;2.000000;267.575806;391.065582;1558.318848;0.071595;0.000000;0.000000;0.000000;0.000000;2.000000;-84.430496;-152.781815;2011.047241;0.011526;0.000000;0.000000;0.000000;0.000000;2.000000;-400.678101;-132.210327;1744.099487;0.022387;0.000000;0.000000;0.000000;0.000000;2.000000;-339.380554;261.514862;1785.375488;0.032998;0.000000;0.000000;0.000000;0.000000;2.000000;-427.501343;379.629486;1684.482544;0.117228;0.000000;0.000000;0.000000;0.000000;2.000000;12.919399;-732.768311;2239.840576;0.039915;0.000000;0.000000;0.000000;0.000000;2.000000;13.308132;-820.996948;2098.640625;0.474466;0.000000;0.000000;0.000000;0.000000;2.000000;27.790730;-848.970642;2147.336182;0.376233;0.000000;0.000000;0.000000;0.000000;2.000000;80.682991;-814.510376;2262.528076;0.371921;0.000000;0.000000;0.000000;0.000000;2.000000;-23.251949;-835.648682;2135.007080;0.323882;0.000000;0.000000;0.000000;0.000000;2.000000;-86.194054;-779.132080;2241.188232;0.217251;0.000000;0.000000;0.000000;0.000000;2.000000;4653666816.000000
0.000000;-150.000000;2000.000000;0.000000;0.000000;0.000000;0.000000;0.000000;2.000000;16.847134;-309.224335;2092.344971;0.027409;0.000000;0.000000;0.000000;0.000000;2.000000;30.837242;-433.185974;2171.545166;0.082809;0.000000;0.000000;0.000000;0.000000;2.000000;18.436554;-649.090576;2233.385986;0.053025;0.000000;0.000000;0.000000;0.000000;2.000000;55.326180;-615.910583;2222.570801;0.037870;0.000000;0.000000;0.000000;0.000000;2.000000;202.731674;-620.642029;2209.008301;0.101495;0.000000;0.000000;0.000000;0.000000;2.000000;359.693848;-725.694214;1993.845947;0.239980;0.000000;0.000000;0.000000;0.000000;2.000000;167.442993;-851.366943;2064.467285;0.267077;0.000000;0.000000;0.000000;0.000000;2.000000;89.421577;-908.831482;2088.197266;0.396067;0.000000;0.000000;0.000000;0.000000;2.000000;-14.457979;-899.188599;2128.798340;0.343475;0.000000;0.000000;0.000000;0.000000;2.000000;36.006073;-857.320557;2133.667480;1.080431;0.000000;0.000000;0.000000;0.000000;2.000000;-14.095329;-610.340454;2225.847900;0.038963;0.000000;0.000000;0.000000;0.000000;2.000000;-141.594788;-571.719055;2197.278809;0.096642;0.000000;0.000000;0.000000;0.000000;2.000000;-180.495377;-327.490326;2042.560425;0.097766;0.000000;0.000000;0.000000;0.000000;2.000000;-134.819519;-146.379211;1886.595825;0.073017;0.000000;0.000000;0.000000;0.000000;2.000000;-39.585098;-131.150452;1839.300659;0.085628;0.000000;0.000000;0.000000;0.000000;2.000000;-64.128510;-33.369995;1795.199951;0.084028;0.000000;0.000000;0.000000;0.000000;2.000000;-53.514030;-98.265900;1804.425903;0.072331;0.000000;0.000000;0.000000;0.000000;2.000000;93.737564;-146.585388;1988.786377;0.032866;0.000000;0.000000;0.000000;0.000000;2.000000;312.718079;-158.621689;1636.750244;0.075586;0.000000;0.000000;0.000000;0.000000;2.000000;242.273026;230.103882;1669.153442;0.090064;0.000000;0.000000;0.000000;0.000000;2.000000;266.679077;386.998047;1557.531494;0.127373;0.000000;0.000000;0.000000;0.000000;2.000000;-84.527283;-153.079086;2010.111816;0.029636;0.000000;0.000000;0.000000;0.000000;2.000000;-402.796265;-133.534668;1745.575195;0.087182;0.000000;0.000000;0.000000;0.000000;2.000000;-339.493896;259.825989;1786.845459;0.067364;0.000000;0.000000;0.000000;0.000000;2.000000;-428.183655;377.266907;1685.701782;0.082476;0.000000;0.000000;0.000000;0.000000;2.000000;12.902431;-732.991028;2242.999512;0.095157;0.000000;0.000000;0.000000;0.000000;2.000000;22.590336;-824.460693;2104.237793;0.341922;0.000000;0.000000;0.000000;0.000000;2.000000;32.193062;-851.651489;2154.548584;0.266373;0.000000;0.000000;0.000000;0.000000;2.000000;76.250641;-815.892700;2272.999023;0.344175;0.000000;0.000000;0.000000;0.000000;2.000000;-17.253767;-837.310181;2137.711426;0.203912;0.000000;0.000000;0.000000;0.000000;2.000000;-87.212273;-776.733276;2237.020264;0.147704;0.000000;0.000000;0.000000;0.000000;2.000000;4653700096.000000
0.000000;-150.000000;2000.000000;0.000000;0.000000;0.000000;0.000000;0.000000;2.000000;16.193634;-309.216858;2092.102539;0.020945;0.000000;0.000000;0.000000;0.000000;2.000000;29.792015;-432.990326;2171.387939;0.032300;0.000000;0.000000;0.000000;0.000000;2.000000;16.583763;-648.939331;2232.073730;0.068373;0.000000;0.000000;0.000000;0.000000;2.000000;53.555622;-615.922485;2221.279541;0.065848;0.000000;0.000000;0.000000;0.000000;2.000000;200.694748;-619.613892;2206.210938;0.108471;0.000000;0.000000;0.000000;0.000000;2.000000;351.758362;-731.908569;1990.867676;0.315805;0.000000;0.000000;0.000000;0.000000;2.000000;158.064911;-856.554321;2058.480957;0.368862;0.000000;0.000000;0.000000;0.000000;2.000000;80.365173;-913.030518;2085.048340;0.314525;0.000000;0.000000;0.000000;0.000000;2.000000;-22.827724;-897.377563;2125.215576;0.278928;0.000000;0.000000;0.000000;0.000000;2.000000;27.291119;-855.677490;2129.094238;0.299826;0.000000;0.000000;0.000000;0.000000;2.000000;-15.751450;-610.024353;2224.895996;0.058178;0.000000;0.000000;0.000000;0.000000;2.000000;-142.924042;-571.216614;2195.781006;0.062039;0.000000;0.000000;0.000000;0.000000;2.000000;-183.003677;-327.503510;2041.103638;0.087160;0.000000;0.000000;0.000000;0.000000;2.000000;-136.392609;-147.323746;1884.719116;0.078866;0.000000;0.000000;0.000000;0.000000;2.000000;-40.868961;-129.922455;1839.029175;0.054003;0.000000;0.000000;0.000000;0.000000;2.000000;-65.883720;-30.904877;1798.363647;0.131549;0.000000;0.000000;0.000000;0.000000;2.000000;-55.858795;-97.891113;1804.316528;0.071426;0.000000;0.000000;0.000000;0.000000;2.000000;93.538345;-147.594330;1987.712646;0.044675;0.000000;0.000000;0.000000;0.000000;2.000000;309.987366;-157.612656;1634.540649;0.109818;0.000000;0.000000;0.000000;0.000000;2.000000;241.735443;231.116364;1666.720947;0.080802;0.000000;0.000000;0.000000;0.000000;2.000000;266.506683;391.866913;1561.170898;0.182728;0.000000;0.000000;0.000000;0.000000;2.000000;-84.347641;-152.169296;2011.080200;0.040289;0.000000;0.000000;0.000000;0.000000;2.000000;-401.316223;-133.104523;1745.601440;0.046319;0.000000;0.000000;0.000000;0.000000;2.000000;-341.696411;260.624115;1784.891479;0.091664;0.000000;0.000000;0.000000;0.000000;2.000000;-430.990631;381.052216;1688.207764;0.160378;0.000000;0.000000;0.000000;0.000000;2.000000;10.671906;-732.776367;2241.256348;0.085307;0.000000;0.000000;0.000000;0.000000;2.000000;28.180172;-824.368713;2103.546387;0.169266;0.000000;0.000000;0.000000;0.000000;2.000000;34.569614;-851.526611;2154.316650;0.071848;0.000000;0.000000;0.000000;0.000000;2.000000;71.564011;-815.911865;2275.058350;0.153821;0.000000;0.000000;0.000000;0.000000;2.000000;-13.640892;-836.943542;2134.534668;0.144977;0.000000;0.000000;0.000000;0.000000;2.000000;-89.044716;-775.921997;2229.295166;0.239808;0.000000;0.000000;0.000000;0.000000;2.000000;4653733376.000000
0.000000;-150.000000;2000.000000;0.000000;0.000000;0.000000;0.000000;0.000000;2.000000;15.965351;-309.257721;2092.204834;0.007616;0.000000;0.000000;0.000000;0.000000;2.000000;29.353893;-433.373322;2171.088867;0.019660;0.000000;0.000000;0.000000;0.000000;2.000000;16.011383;-649.601807;2231.044678;0.040598;0.000000;0.000000;0.000000;0.000000;2.000000;53.014400;-616.569885;2220.317871;0.038443;0.000000;0.000000;0.000000;0.000000;2.000000;200.242722;-619.092102;2205.357666;0.032980;0.000000;0.000000;0.000000;0.000000;2.000000;347.217346;-735.756348;1989.372070;0.184406;0.000000;0.000000;0.000000;0.000000;2.000000;156.114914;-866.856873;2052.294434;0.365820;0.000000;0.000000;0.000000;0.000000;2.000000;77.250671;-914.042725;2090.942627;0.202613;0.000000;0.000000;0.000000;0.000000;2.000000;-26.751942;-899.705444;2129.596191;0.190060;0.000000;0.000000;0.000000;0.000000;2.000000;26.647732;-855.188477;2125.343750;0.115281;0.000000;0.000000;0.000000;0.000000;2.000000;-16.307392;-610.617004;2224.043213;0.035395;0.000000;0.000000;0.000000;0.000000;2.000000;-143.308777;-570.986023;2195.061279;0.025482;0.000000;0.000000;0.000000;0.000000;2.000000;-182.600494;-326.707764;2040.876587;0.027659;0.000000;0.000000;0.000000;0.000000;2.000000;-135.532837;-147.638794;1883.222412;0.052722;0.000000;0.000000;0.000000;0.000000;2.000000;-41.050125;-131.103058;1835.024780;0.125563;0.000000;0.000000;0.000000;0.000000;2.000000;-65.458908;-32.019836;1794.045166;0.134624;0.000000;0.000000;0.000000;0.000000;2.000000;-53.364761;-98.329437;1802.654175;0.091020;0.000000;0.000000;0.000000;0.000000;2.000000;93.539078;-147.916229;1987.402832;0.013425;0.000000;0.000000;0.000000;0.000000;2.000000;310.701202;-158.231842;1634.502563;0.028417;0.000000;0.000000;0.000000;0.000000;2.000000;241.743454;230.505066;1666.834229;0.018683;0.000000;0.000000;0.000000;0.000000;2.000000;264.185852;385.464722;1552.352661;0.334784;0.000000;0.000000;0.000000;0.000000;2.000000;-84.348312;-151.879013;2011.359497;0.012104;0.000000;0.000000;0.000000;0.000000;2.000000;-400.904144;-136.521881;1744.917480;0.105451;0.000000;0.000000;0.000000;0.000000;2.000000;-341.352966;257.446167;1783.367920;0.106400;0.000000;0.000000;0.000000;0.000000;2.000000;-428.836426;377.524597;1684.500122;0.166845;0.000000;0.000000;0.000000;0.000000;2.000000;10.029213;-733.495483;2239.939941;0.049036;0.000000;0.000000;0.000000;0.000000;2.000000;28.012791;-829.748535;2105.435303;0.171402;0.000000;0.000000;0.000000;0.000000;2.000000;37.874935;-854.294189;2156.997070;0.152534;0.000000;0.000000;0.000000;0.000000;2.000000;77.037338;-811.415527;2274.707275;0.213103;0.000000;0.000000;0.000000;0.000000;2.000000;-11.832899;-843.424316;2138.522217;0.235009;0.000000;0.000000;0.000000;0.000000;2.000000;-87.308243;-782.913208;2233.622314;0.252505;0.000000;0.000000;0.000000;0.000000;2.000000;4653766656.000000
0.000000;-149.999985;2000.000000;0.000000;0.000000;0.000000;0.000000;0.000000;2.000000;15.910175;-309.199554;2092.758545;0.016811;0.000000;0.000000;0.000000;0.000000;2.000000;29.249325;-433.067932;2172.369141;0.039674;0.000000;0.000000;0.000000;0.000000;2.000000;15.928444;-649.849609;2231.338867;0.011824;0.000000;0.000000;0.000000;0.000000;2.000000;52.970379;-616.718506;2220.764160;0.014196;0.000000;0.000000;0.000000;0.000000;2.000000;200.407303;-619.696411;2206.183838;0.031152;0.000000;0.000000;0.000000;0.000000;2.000000;345.669983;-741.561523;1991.459106;0.191107;0.000000;0.000000;0.000000;0.000000;2.000000;153.092926;-871.611328;2053.157715;0.171254;0.000000;0.000000;0.000000;0.000000;2.000000;75.664886;-915.762512;2098.093994;0.226089;0.000000;0.000000;0.000000;0.000000;2.000000;-29.928465;-901.474060;2132.622314;0.142136;0.000000;0.000000;0.000000;0.000000;2.000000;22.543793;-855.418152;2124.733887;0.124861;0.000000;0.000000;0.000000;0.000000;2.000000;-16.436363;-610.790588;2224.516357;0.015632;0.000000;0.000000;0.000000;0.000000;2.000000;-143.658066;-570.771545;2196.273438;0.038449;0.000000;0.000000;0.000000;0.000000;2.000000;-181.057571;-326.700378;2040.633179;0.046936;0.000000;0.000000;0.000000;0.000000;2.000000;-135.703842;-144.754715;1885.336060;0.107565;0.000000;0.000000;0.000000;0.000000;2.000000;-40.908840;-129.518707;1837.035645;0.077041;0.000000;0.000000;0.000000;0.000000;2.000000;-63.922287;-33.396332;1788.531982;0.176879;0.000000;0.000000;0.000000;0.000000;2.000000;-55.390797;-93.031860;1801.524902;0.173771;0.000000;0.000000;0.000000;0.000000;2.000000;93.714447;-147.681366;1987.905273;0.017479;0.000000;0.000000;0.000000;0.000000;2.000000;310.948944;-156.519852;1634.423584;0.052032;0.000000;0.000000;0.000000;0.000000;2.000000;240.972061;232.571106;1666.145020;0.069427;0.000000;0.000000;0.000000;0.000000;2.000000;265.996979;392.385437;1558.693115;0.287235;0.000000;0.000000;0.000000;0.000000;2.000000;-84.506439;-152.090775;2010.906250;0.015765;0.000000;0.000000;0.000000;0.000000;2.000000;-402.857758;-136.315918;1745.857056;0.065432;0.000000;0.000000;0.000000;0.000000;2.000000;-340.910492;257.916138;1782.805664;0.025722;0.000000;0.000000;0.000000;0.000000;2.000000;-429.420013;379.281677;1686.057617;0.072700;0.000000;0.000000;0.000000;0.000000;2.000000;9.955021;-733.887939;2239.834473;0.012413;0.000000;0.000000;0.000000;0.000000;2.000000;27.710022;-829.684387;2104.726807;0.023231;0.000000;0.000000;0.000000;0.000000;2.000000;36.015942;-854.908447;2156.313965;0.062308;0.000000;0.000000;0.000000;0.000000;2.000000;74.301971;-813.949341;2275.166504;0.112884;0.000000;0.000000;0.000000;0.000000;2.000000;-13.110146;-842.543579;2137.048828;0.064291;0.000000;0.000000;0.000000;0.000000;2.000000;-88.670288;-780.661987;2231.430176;0.102906;0.000000;0.000000;0.000000;0.000000;2.000000;4653799936.000000
0.000000;-149.999985;2000.000000;0.000000;0.000000;0.000000;0.000000;0.000000;2.000000;15.938202;-309.630615;2092.066650;0.024509;0.000000;0.000000;0.000000;0.000000;2.000000;29.253372;-434.174103;2170.663574;0.061084;0.000000;0.000000;0.000000;0.000000;2.000000;15.400745;-650.996155;2229.492920;0.067193;0.000000;0.000000;0.000000;0.000000;2.000000;52.520653;-617.991089;2218.761719;0.072562;0.000000;0.000000;0.000000;0.000000;2.000000;199.824600;-622.024048;2202.916016;0.121819;0.000000;0.000000;0.000000;0.000000;2.000000;344.448639;-744.746948;1988.190308;0.141971;0.000000;0.000000;0.000000;0.000000;2.000000;151.695648;-873.075806;2053.007324;0.060989;0.000000;0.000000;0.000000;0.000000;2.000000;75.103073;-919.742798;2096.853516;0.126406;0.000000;0.000000;0.000000;0.000000;2.000000;-29.635307;-902.342529;2132.592285;0.027557;0.000000;0.000000;0.000000;0.000000;2.000000;20.909019;-855.707520;2122.604736;0.081127;0.000000;0.000000;0.000000;0.000000;2.000000;-16.853563;-611.800903;2222.872803;0.059310;0.000000;0.000000;0.000000;0.000000;2.000000;-144.225830;-571.938660;2194.988281;0.054883;0.000000;0.000000;0.000000;0.000000;2.000000;-183.871201;-327.368530;2040.608887;0.086898;0.000000;0.000000;0.000000;0.000000;2.000000;-136.991730;-147.919128;1882.822266;0.127452;0.000000;0.000000;0.000000;0.000000;2.000000;-42.349888;-130.664276;1834.865112;0.085519;0.000000;0.000000;0.000000;0.000000;2.000000;-67.647827;-31.234131;1794.876587;0.230429;0.000000;0.000000;0.000000;0.000000;2.000000;-56.296936;-99.981506;1801.584595;0.210599;0.000000;0.000000;0.000000;0.000000;2.000000;93.716324;-147.674210;1987.808838;0.002906;0.000000;0.000000;0.000000;0.000000;2.000000;309.090302;-158.642548;1633.176147;0.092695;0.000000;0.000000;0.000000;0.000000;2.000000;240.122040;230.687561;1664.928223;0.072058;0.000000;0.000000;0.000000;0.000000;2.000000;264.526001;388.857422;1554.878174;0.162272;0.000000;0.000000;0.000000;0.000000;2.000000;-84.508125;-152.097229;2010.993408;0.002627;0.000000;0.000000;0.000000;0.000000;2.000000;-401.764130;-137.128540;1744.489014;0.058016;0.000000;0.000000;0.000000;0.000000;2.000000;-342.348755;257.471069;1782.322876;0.047508;0.000000;0.000000;0.000000;0.000000;2.000000;-430.170441;378.102722;1683.992798;0.074919;0.000000;0.000000;0.000000;0.000000;2.000000;9.148178;-735.032471;2237.936035;0.070884;0.000000;0.000000;0.000000;0.000000;2.000000;19.663639;-828.333740;2100.316895;0.278680;0.000000;0.000000;0.000000;0.000000;2.000000;32.922234;-853.906494;2150.693359;0.195119;0.000000;0.000000;0.000000;0.000000;2.000000;78.953659;-813.096680;2266.841309;0.287700;0.000000;0.000000;0.000000;0.000000;2.000000;-17.993679;-843.136353;2135.531250;0.154692;0.000000;0.000000;0.000000;0.000000;2.000000;-88.085007;-785.359253;2236.531738;0.209116;0.000000;0.000000;0.000000;0.000000;2.000000;4653833216.000000
0.000000;-150.000000;2000.000000;0.000000;0.000000;0.000000;0.000000;0.000000;2.000000;15.228405;-309.653442;2091.935547;0.021700;0.000000;0.000000;0.000000;0.000000;2.000000;28.026093;-434.020020;2170.739746;0.037237;0.000000;0.000000;0.000000;0.000000;2.000000;13.963036;-650.998474;2228.441895;0.053513;0.000000;0.000000;0.000000;0.000000;2.000000;51.094528;-617.998352;2217.873535;0.050484;0.000000;0.000000;0.000000;0.000000;2.000000;198.355072;-621.862061;2202.375000;0.047305;0.000000;0.000000;0.000000;0.000000;2.000000;342.641602;-746.281738;1988.618896;0.072394;0.000000;0.000000;0.000000;0.000000;2.000000;150.539642;-877.274414;2049.406738;0.169789;0.000000;0.000000;0.000000;0.000000;2.000000;73.182701;-928.000854;2086.798340;0.395209;0.000000;0.000000;0.000000;0.000000;2.000000;-27.519464;-901.344543;2127.839355;0.159179;0.000000;0.000000;0.000000;0.000000;2.000000;20.961292;-859.221924;2117.671143;0.182018;0.000000;0.000000;0.000000;0.000000;2.000000;-18.232315;-611.757690;2222.033203;0.048523;0.000000;0.000000;0.000000;0.000000;2.000000;-145.842041;-572.456970;2194.824707;0.051237;0.000000;0.000000;0.000000;0.000000;2.000000;-185.440979;-328.014343;2040.545776;0.051040;0.000000;0.000000;0.000000;0.000000;2.000000;-137.661774;-149.211823;1882.508789;0.044753;0.000000;0.000000;0.000000;0.000000;2.000000;-43.171127;-131.196625;1834.670288;0.029985;0.000000;0.000000;0.000000;0.000000;2.000000;-67.706604;-31.513153;1795.011353;0.009477;0.000000;0.000000;0.000000;0.000000;2.000000;-57.107296;-98.431671;1801.872681;0.053259;0.000000;0.000000;0.000000;0.000000;2.000000;93.672012;-148.082047;1987.814697;0.012328;0.000000;0.000000;0.000000;0.000000;2.000000;307.733948;-157.955521;1632.632324;0.048520;0.000000;0.000000;0.000000;0.000000;2.000000;239.729706;231.118439;1666.698242;0.055994;0.000000;0.000000;0.000000;0.000000;2.000000;263.929626;389.774017;1557.500732;0.085379;0.000000;0.000000;0.000000;0.000000;2.000000;-84.468170;-151.729492;2010.988159;0.011116;0.000000;0.000000;0.000000;0.000000;2.000000;-402.183868;-137.149139;1745.378540;0.029561;0.000000;0.000000;0.000000;0.000000;2.000000;-343.963837;257.393951;1783.243408;0.055907;0.000000;0.000000;0.000000;0.000000;2.000000;-432.185516;379.935333;1687.861938;0.142179;0.000000;0.000000;0.000000;0.000000;2.000000;7.625469;-735.021729;2236.456787;0.063791;0.000000;0.000000;0.000000;0.000000;2.000000;19.274094;-829.280151;2099.698730;0.035927;0.000000;0.000000;0.000000;0.000000;2.000000;31.056488;-854.755859;2150.451660;0.062025;0.000000;0.000000;0.000000;0.000000;2.000000;75.416588;-814.064697;2267.205078;0.110731;0.000000;0.000000;0.000000;0.000000;2.000000;-19.317856;-843.201416;2134.207031;0.056305;0.000000;0.000000;0.000000;0.000000;2.000000;-90.370323;-783.629517;2233.372803;0.128167;0.000000;0.000000;0.000000;0.000000;2.000000;4653866496.000000
0.000000;-149.999985;2000.000000;0.000000;0.000000;0.000000;0.000000;0.000000;2.000000;15.403862;-308.757874;2092.545166;0.032977;0.000000;0.000000;0.000000;0.000000;2.000000;28.347881;-432.296204;2171.947266;0.063976;0.000000;0.000000;0.000000;0.000000;2.000000;14.577972;-648.818909;2229.283691;0.072598;0.000000;0.000000;0.000000;0.000000;2.000000;51.585247;-615.811584;2218.901367;0.074087;0.000000;0.000000;0.000000;0.000000;2.000000;198.590164;-618.034851;2204.137695;0.126808;0.000000;0.000000;0.000000;0.000000;2.000000;340.944305;-744.203918;1991.051147;0.108814;0.000000;0.000000;0.000000;0.000000;2.000000;149.995987;-875.931030;2051.560059;0.077992;0.000000;0.000000;0.000000;0.000000;2.000000;72.768723;-926.452698;2088.844727;0.078101;0.000000;0.000000;0.000000;0.000000;2.000000;-27.110188;-899.983337;2131.248291;0.110980;0.000000;0.000000;0.000000;0.000000;2.000000;21.463448;-857.874268;2120.853760;0.104942;0.000000;0.000000;0.000000;0.000000;2.000000;-17.599443;-609.738403;2222.805664;0.067690;0.000000;0.000000;0.000000;0.000000;2.000000;-144.710876;-570.219971;2195.253906;0.076419;0.000000;0.000000;0.000000;0.000000;2.000000;-184.563354;-326.008667;2042.028198;0.079446;0.000000;0.000000;0.000000;0.000000;2.000000;-136.869720;-147.058319;1885.053589;0.102960;0.000000;0.000000;0.000000;0.000000;2.000000;-43.303959;-130.034332;1835.650513;0.045861;0.000000;0.000000;0.000000;0.000000;2.000000;-66.456604;-32.142944;1791.678589;0.108616;0.000000;0.000000;0.000000;0.000000;2.000000;-56.515671;-96.356964;1802.918213;0.072038;0.000000;0.000000;0.000000;0.000000;2.000000;93.446304;-147.992645;1987.889648;0.007634;0.000000;0.000000;0.000000;0.000000;2.000000;308.511749;-154.532883;1634.426514;0.118446;0.000000;0.000000;0.000000;0.000000;2.000000;240.606369;233.686646;1667.115967;0.082502;0.000000;0.000000;0.000000;0.000000;2.000000;264.223114;392.018677;1558.166260;0.070900;0.000000;0.000000;0.000000;0.000000;2.000000;-84.264633;-151.810104;2010.920410;0.006886;0.000000;0.000000;0.000000;0.000000;2.000000;-401.643372;-134.260529;1746.673828;0.096501;0.000000;0.000000;0.000000;0.000000;2.000000;-343.778717;259.326904;1784.652222;0.072086;0.000000;0.000000;0.000000;0.000000;2.000000;-431.241669;381.990417;1689.548096;0.084762;0.000000;0.000000;0.000000;0.000000;2.000000;8.407749;-732.656067;2237.188965;0.078035;0.000000;0.000000;0.000000;0.000000;2.000000;18.619099;-825.951843;2100.152344;0.102835;0.000000;0.000000;0.000000;0.000000;2.000000;31.171001;-851.560303;2150.489746;0.096089;0.000000;0.000000;0.000000;0.000000;2.000000;76.801926;-811.339905;2266.552734;0.093917;0.000000;0.000000;0.000000;0.000000;2.000000;-19.346273;-840.188599;2135.020996;0.093779;0.000000;0.000000;0.000000;0.000000;2.000000;-89.156502;-781.584351;2235.185547;0.089854;0.000000;0.000000;0.000000;0.000000;2.000000;4653899776.000000
0.000000;-150.000000;2000.000000;0.000000;0.000000;0.000000;0.000000;0.000000;2.000000;15.398037;-308.763184;2092.550537;0.000282;0.000000;0.000000;0.000000;0.000000;2.000000;28.337929;-432.303497;2171.960449;0.000534;0.000000;0.000000;0.000000;0.000000;2.000000;14.534878;-648.825317;2229.324219;0.001761;0.000000;0.000000;0.000000;0.000000;2.000000;51.548382;-615.824097;2218.935547;0.001533;0.000000;0.000000;0.000000;0.000000;2.000000;198.556427;-618.105835;2204.157959;0.002402;0.000000;0.000000;0.000000;0.000000;2.000000;340.816101;-744.444458;1991.094971;0.008170;0.000000;0.000000;0.000000;0.000000;2.000000;149.803253;-876.049072;2051.701172;0.007885;0.000000;0.000000;0.000000;0.000000;2.000000;72.561371;-926.516602;2089.038330;0.008605;0.000000;0.000000;0.000000;0.000000;2.000000;-27.288784;-899.970581;2131.472168;0.008483;0.000000;0.000000;0.000000;0.000000;2.000000;21.264263;-857.985840;2120.967773;0.007552;0.000000;0.000000;0.000000;0.000000;2.000000;-17.637579;-609.738770;2222.843506;0.001590;0.000000;0.000000;0.000000;0.000000;2.000000;-144.750305;-570.201965;2195.299316;0.001858;0.000000;0.000000;0.000000;0.000000;2.000000;-184.585464;-325.993591;2042.044434;0.000926;0.000000;0.000000;0.000000;0.000000;2.000000;-136.877762;-147.061493;1885.039673;0.000485;0.000000;0.000000;0.000000;0.000000;2.000000;-43.311584;-130.063629;1835.619995;0.001272;0.000000;0.000000;0.000000;0.000000;2.000000;-66.422432;-32.176819;1791.605957;0.002578;0.000000;0.000000;0.000000;0.000000;2.000000;-56.513458;-96.388031;1802.884766;0.001352;0.000000;0.000000;0.000000;0.000000;2.000000;93.449783;-147.996475;1987.889282;0.000154;0.000000;0.000000;0.000000;0.000000;2.000000;308.525391;-154.514481;1634.414307;0.000768;0.000000;0.000000;0.000000;0.000000;2.000000;240.609558;233.713226;1667.157715;0.001468;0.000000;0.000000;0.000000;0.000000;2.000000;264.247192;392.144623;1558.344482;0.006497;0.000000;0.000000;0.000000;0.000000;2.000000;-84.267792;-151.806656;2010.920776;0.000139;0.000000;0.000000;0.000000;0.000000;2.000000;-401.611237;-134.288361;1746.605957;0.002370;0.000000;0.000000;0.000000;0.000000;2.000000;-343.770813;259.321075;1784.547241;0.003120;0.000000;0.000000;0.000000;0.000000;2.000000;-431.183899;381.905792;1689.283447;0.008398;0.000000;0.000000;0.000000;0.000000;2.000000;8.350918;-732.663574;2237.239502;0.002262;0.000000;0.000000;0.000000;0.000000;2.000000;18.354439;-826.001709;2100.209229;0.008146;0.000000;0.000000;0.000000;0.000000;2.000000;30.877949;-851.625366;2150.548340;0.009051;0.000000;0.000000;0.000000;0.000000;2.000000;76.618576;-811.465942;2266.594971;0.006702;0.000000;0.000000;0.000000;0.000000;2.000000;-19.626066;-840.166809;2135.093750;0.008579;0.000000;0.000000;0.000000;0.000000;2.000000;-89.303421;-781.422302;2235.275391;0.006998;0.000000;0.000000;0.000000;0.000000;2.000000;4653933568.000000
0.000000;-150.000015;2000.000000;0.000000;0.000000;0.000000;0.000000;0.000000;2.000000;15.566795;-308.934570;2092.659668;0.007936;0.000000;0.000000;0.000000;0.000000;2.000000;28.681332;-432.630707;2172.119873;0.015036;0.000000;0.000000;0.000000;0.000000;2.000000;15.353947;-649.859314;2227.934570;0.057573;0.000000;0.000000;0.000000;0.000000;2.000000;52.322681;-616.725220;2217.519287;0.055547;0.000000;0.000000;0.000000;0.000000;2.000000;199.498077;-619.545166;2202.763672;0.066531;0.000000;0.000000;0.000000;0.000000;2.000000;339.865112;-752.321655;1991.921509;0.239703;0.000000;0.000000;0.000000;0.000000;2.000000;147.419678;-878.936157;2059.355957;0.256048;0.000000;0.000000;0.000000;0.000000;2.000000;69.412979;-932.631592;2090.378662;0.210555;0.000000;0.000000;0.000000;0.000000;2.000000;-28.211824;-899.031250;2133.333740;0.068519;0.000000;0.000000;0.000000;0.000000;2.000000;15.144489;-864.200439;2117.057373;0.287213;0.000000;0.000000;0.000000;0.000000;2.000000;-16.915154;-610.687988;2221.997070;0.043950;0.000000;0.000000;0.000000;0.000000;2.000000;-144.283096;-570.542786;2195.754150;0.022108;0.000000;0.000000;0.000000;0.000000;2.000000;-183.765381;-326.375488;2041.694946;0.029141;0.000000;0.000000;0.000000;0.000000;2.000000;-136.184418;-147.721283;1883.896118;0.044809;0.000000;0.000000;0.000000;0.000000;2.000000;-41.891186;-129.297760;1836.123535;0.050795;0.000000;0.000000;0.000000;0.000000;2.000000;-66.239227;-29.621857;1796.710205;0.171603;0.000000;0.000000;0.000000;0.000000;2.000000;-55.974438;-96.626282;1803.461426;0.024775;0.000000;0.000000;0.000000;0.000000;2.000000;93.486099;-148.258148;1987.282104;0.019897;0.000000;0.000000;0.000000;0.000000;2.000000;309.008698;-152.949081;1633.481323;0.056651;0.000000;0.000000;0.000000;0.000000;2.000000;240.646149;235.589905;1667.202637;0.056417;0.000000;0.000000;0.000000;0.000000;2.000000;266.730927;395.779419;1561.152588;0.156902;0.000000;0.000000;0.000000;0.000000;2.000000;-84.300522;-151.570724;2011.468262;0.017940;0.000000;0.000000;0.000000;0.000000;2.000000;-401.914734;-135.089355;1746.652832;0.025777;0.000000;0.000000;0.000000;0.000000;2.000000;-342.282227;258.810791;1783.739624;0.053148;0.000000;0.000000;0.000000;0.000000;2.000000;-429.822235;380.496338;1687.058594;0.089090;0.000000;0.000000;0.000000;0.000000;2.000000;9.246315;-733.858276;2235.240723;0.074965;0.000000;0.000000;0.000000;0.000000;2.000000;18.639729;-832.702393;2101.839600;0.207394;0.000000;0.000000;0.000000;0.000000;2.000000;28.563007;-857.014160;2153.470703;0.196897;0.000000;0.000000;0.000000;0.000000;2.000000;72.973480;-814.664307;2269.429199;0.168776;0.000000;0.000000;0.000000;0.000000;2.000000;-20.959064;-843.813354;2136.122070;0.120686;0.000000;0.000000;0.000000;0.000000;2.000000;-90.617584;-778.168335;2232.162354;0.140958;0.000000;0.000000;0.000000;0.000000;2.000000;4653966848.000000
0.000000;-149.999985;2000.000000;0.000001;0.000000;0.000000;0.000000;0.000000;2.000000;15.193001;-309.727631;2091.951660;0.033862;0.000000;0.000000;0.000000;0.000000;2.000000;28.075981;-433.383942;2171.954102;0.029461;0.000000;0.000000;0.000000;0.000000;2.000000;14.987450;-651.633545;2225.250977;0.097292;0.000000;0.000000;0.000000;0.000000;2.000000;51.979244;-618.265625;2215.272949;0.082492;0.000000;0.000000;0.000000;0.000000;2.000000;199.426727;-620.315674;2200.704102;0.066110;0.000000;0.000000;0.000000;0.000000;2.000000;340.276733;-757.065796;1992.107300;0.143197;0.000000;0.000000;0.000000;0.000000;2.000000;146.800568;-884.963379;2055.430176;0.216935;0.000000;0.000000;0.000000;0.000000;2.000000;69.449020;-935.916687;2092.623291;0.119558;0.000000;0.000000;0.000000;0.000000;2.000000;-29.594250;-899.560791;2130.225586;0.103446;0.000000;0.000000;0.000000;0.000000;2.000000;13.688507;-871.339966;2114.914063;0.228220;0.000000;0.000000;0.000000;0.000000;2.000000;-17.387329;-612.382202;2219.718262;0.086496;0.000000;0.000000;0.000000;0.000000;2.000000;-144.882935;-571.956177;2193.382568;0.084893;0.000000;0.000000;0.000000;0.000000;2.000000;-183.029495;-326.706390;2039.813965;0.061500;0.000000;0.000000;0.000000;0.000000;2.000000;-136.887558;-144.828598;1884.686401;0.092549;0.000000;0.000000;0.000000;0.000000;2.000000;-42.514778;-130.290405;1835.364990;0.041956;0.000000;0.000000;0.000000;0.000000;2.000000;-64.688812;-33.927704;1786.958252;0.323690;0.000000;0.000000;0.000000;0.000000;2.000000;-55.624962;-97.178802;1800.835449;0.081314;0.000000;0.000000;0.000000;0.000000;2.000000;93.739014;-147.945221;1988.080933;0.026876;0.000000;0.000000;0.000000;0.000000;2.000000;309.304260;-157.170868;1633.609741;0.127226;0.000000;0.000000;0.000000;0.000000;2.000000;240.250458;232.059326;1665.431519;0.119281;0.000000;0.000000;0.000000;0.000000;2.000000;264.367645;389.985596;1555.035889;0.262929;0.000000;0.000000;0.000000;0.000000;2.000000;-84.528580;-151.852829;2010.747925;0.024234;0.000000;0.000000;0.000000;0.000000;2.000000;-401.885651;-136.013123;1744.540527;0.069280;0.000000;0.000000;0.000000;0.000000;2.000000;-342.243835;258.450806;1782.602905;0.035847;0.000000;0.000000;0.000000;0.000000;2.000000;-430.336670;379.288330;1684.833252;0.077639;0.000000;0.000000;0.000000;0.000000;2.000000;8.993313;-735.859131;2231.559814;0.126118;0.000000;0.000000;0.000000;0.000000;2.000000;10.738197;-831.936157;2095.508301;0.305113;0.000000;0.000000;0.000000;0.000000;2.000000;27.554363;-856.379639;2145.367432;0.246106;0.000000;0.000000;0.000000;0.000000;2.000000;81.096985;-812.929443;2257.229736;0.443479;0.000000;0.000000;0.000000;0.000000;2.000000;-24.333641;-846.191406;2133.493408;0.147060;0.000000;0.000000;0.000000;0.000000;2.000000;-87.760391;-786.692444;2237.809326;0.319009;0.000000;0.000000;0.000000;0.000000;2.000000;4654000128.000000
0.000000;-150.000015;2000.000000;0.000001;0.000000;0.000000;0.000000;0.000000;2.000000;15.169464;-308.949432;2091.922119;0.023411;0.000000;0.000000;0.000000;0.000000;2.000000;28.042828;-431.770996;2172.196533;0.049020;0.000000;0.000000;0.000000;0.000000;2.000000;14.778950;-649.027954;2225.973389;0.081488;0.000000;0.000000;0.000000;0.000000;2.000000;51.658073;-615.894165;2215.761719;0.073393;0.000000;0.000000;0.000000;0.000000;2.000000;198.477570;-618.135803;2200.495605;0.071715;0.000000;0.000000;0.000000;0.000000;2.000000;336.743103;-756.765991;1992.874634;0.109026;0.000000;0.000000;0.000000;0.000000;2.000000;145.346466;-885.348022;2057.721436;0.082357;0.000000;0.000000;0.000000;0.000000;2.000000;69.475845;-939.437317;2092.460449;0.105904;0.000000;0.000000;0.000000;0.000000;2.000000;-26.727627;-899.304382;2132.288086;0.106394;0.000000;0.000000;0.000000;0.000000;2.000000;12.712288;-874.572327;2115.492676;0.102938;0.000000;0.000000;0.000000;0.000000;2.000000;-17.415176;-609.867004;2220.504883;0.079191;0.000000;0.000000;0.000000;0.000000;2.000000;-144.853790;-570.115173;2195.523682;0.084853;0.000000;0.000000;0.000000;0.000000;2.000000;-184.249756;-325.616882;2043.137695;0.111313;0.000000;0.000000;0.000000;0.000000;2.000000;-136.177689;-147.560394;1885.601318;0.089156;0.000000;0.000000;0.000000;0.000000;2.000000;-42.868736;-128.900208;1836.513672;0.055222;0.000000;0.000000;0.000000;0.000000;2.000000;-66.601563;-29.331512;1797.099976;0.339474;0.000000;0.000000;0.000000;0.000000;2.000000;-56.333611;-95.969360;1804.944458;0.130455;0.000000;0.000000;0.000000;0.000000;2.000000;93.416740;-147.815048;1988.362061;0.013432;0.000000;0.000000;0.000000;0.000000;2.000000;309.110229;-154.663605;1635.724854;0.098738;0.000000;0.000000;0.000000;0.000000;2.000000;240.143738;233.248352;1665.395752;0.035888;0.000000;0.000000;0.000000;0.000000;2.000000;264.517059;391.059631;1556.167236;0.047089;0.000000;0.000000;0.000000;0.000000;2.000000;-84.237984;-151.970291;2010.494507;0.012111;0.000000;0.000000;0.000000;0.000000;2.000000;-401.565979;-134.453064;1746.767578;0.082267;0.000000;0.000000;0.000000;0.000000;2.000000;-342.612854;258.797974;1782.716309;0.015601;0.000000;0.000000;0.000000;0.000000;2.000000;-430.393433;380.474121;1686.939209;0.072642;0.000000;0.000000;0.000000;0.000000;2.000000;8.652527;-732.908447;2232.525146;0.093847;0.000000;0.000000;0.000000;0.000000;2.000000;6.733814;-829.830566;2097.839844;0.152935;0.000000;0.000000;0.000000;0.000000;2.000000;25.930019;-853.408264;2147.000488;0.112968;0.000000;0.000000;0.000000;0.000000;2.000000;82.893204;-808.111084;2255.825928;0.160170;0.000000;0.000000;0.000000;0.000000;2.000000;-26.381340;-844.324951;2137.185059;0.138694;0.000000;0.000000;0.000000;0.000000;2.000000;-86.440880;-785.265503;2243.074707;0.168648;0.000000;0.000000;0.000000;0.000000;2.000000;4654033408.000000
0.000000;-150.000015;2000.000000;0.000000;0.000000;0.000000;0.000000;0.000000;2.000000;15.401878;-308.967987;2092.348389;0.014599;0.000000;0.000000;0.000000;0.000000;2.000000;28.405365;-432.240509;2172.274414;0.017977;0.000000;0.000000;0.000000;0.000000;2.000000;16.033165;-649.620239;2227.019043;0.052194;0.000000;0.000000;0.000000;0.000000;2.000000;52.826866;-616.312744;2216.726563;0.047245;0.000000;0.000000;0.000000;0.000000;2.000000;199.730103;-618.989502;2200.444824;0.045572;0.000000;0.000000;0.000000;0.000000;2.000000;335.941406;-757.428833;1990.819214;0.069220;0.000000;0.000000;0.000000;0.000000;2.000000;145.336121;-886.036743;2059.050293;0.044975;0.000000;0.000000;0.000000;0.000000;2.000000;68.973656;-939.653992;2093.827148;0.044233;0.000000;0.000000;0.000000;0.000000;2.000000;-27.691233;-898.951538;2132.360352;0.030911;0.000000;0.000000;0.000000;0.000000;2.000000;12.345394;-874.639771;2117.267578;0.054498;0.000000;0.000000;0.000000;0.000000;2.000000;-16.376350;-610.581604;2221.312988;0.045000;0.000000;0.000000;0.000000;0.000000;2.000000;-143.641846;-570.454651;2195.084473;0.040055;0.000000;0.000000;0.000000;0.000000;2.000000;-184.725494;-325.861237;2042.548584;0.023908;0.000000;0.000000;0.000000;0.000000;2.000000;-136.831421;-148.089005;1884.135620;0.050772;0.000000;0.000000;0.000000;0.000000;2.000000;-42.981178;-129.641174;1835.688965;0.033485;0.000000;0.000000;0.000000;0.000000;2.000000;-66.588425;-29.458527;1797.358887;0.008674;0.000000;0.000000;0.000000;0.000000;2.000000;-56.144897;-95.652771;1804.280884;0.022808;0.000000;0.000000;0.000000;0.000000;2.000000;93.509979;-147.866333;1988.077271;0.009135;0.000000;0.000000;0.000000;0.000000;2.000000;308.676514;-154.797623;1634.467285;0.040174;0.000000;0.000000;0.000000;0.000000;2.000000;240.467590;233.610840;1666.403076;0.033608;0.000000;0.000000;0.000000;0.000000;2.000000;264.270294;391.552063;1556.775146;0.024649;0.000000;0.000000;0.000000;0.000000;2.000000;-84.322052;-151.924057;2010.751221;0.008235;0.000000;0.000000;0.000000;0.000000;2.000000;-401.472321;-134.569000;1745.929932;0.025565;0.000000;0.000000;0.000000;0.000000;2.000000;-342.959808;259.180725;1783.099609;0.019329;0.000000;0.000000;0.000000;0.000000;2.000000;-429.267059;378.513794;1682.700928;0.144339;0.000000;0.000000;0.000000;0.000000;2.000000;10.278286;-733.613159;2233.923584;0.067827;0.000000;0.000000;0.000000;0.000000;2.000000;11.623112;-825.342773;2095.374512;0.212734;0.000000;0.000000;0.000000;0.000000;2.000000;25.783600;-851.961243;2144.782227;0.079704;0.000000;0.000000;0.000000;0.000000;2.000000;77.812874;-814.514893;2259.135010;0.264983;0.000000;0.000000;0.000000;0.000000;2.000000;-25.086437;-839.034851;2131.807617;0.229978;0.000000;0.000000;0.000000;0.000000;2.000000;-88.615631;-779.912720;2235.854980;0.277853;0.000000;0.000000;0.000000;0.000000;2.000000;4654066688.000000
0.000000;-150.000000;2000.000000;0.000000;0.000000;0.000000;0.000000;0.000000;2.000000;15.843105;-309.167358;2092.789551;0.019682;0.000000;0.000000;0.000000;0.000000;2.000000;29.281006;-432.274445;2173.529785;0.046003;0.000000;0.000000;0.000000;0.000000;2.000000;15.810242;-650.463196;2226.929199;0.026339;0.000000;0.000000;0.000000;0.000000;2.000000;52.844055;-617.228516;2216.679932;0.027558;0.000000;0.000000;0.000000;0.000000;2.000000;200.045929;-620.999207;2200.180908;0.061641;0.000000;0.000000;0.000000;0.000000;2.000000;335.944458;-762.034973;1991.174683;0.138817;0.000000;0.000000;0.000000;0.000000;2.000000;145.043457;-888.964844;2063.562500;0.161868;0.000000;0.000000;0.000000;0.000000;2.000000;68.458519;-942.525879;2098.601074;0.168117;0.000000;0.000000;0.000000;0.000000;2.000000;-28.847614;-900.139099;2134.360840;0.078064;0.000000;0.000000;0.000000;0.000000;2.000000;9.885532;-875.769043;2113.341553;0.143288;0.000000;0.000000;0.000000;0.000000;2.000000;-16.463154;-611.099670;2221.631348;0.018456;0.000000;0.000000;0.000000;0.000000;2.000000;-144.180389;-570.964722;2195.971191;0.034737;0.000000;0.000000;0.000000;0.000000;2.000000;-180.814514;-326.265045;2041.191650;0.124980;0.000000;0.000000;0.000000;0.000000;2.000000;-135.057388;-147.147049;1882.794067;0.072579;0.000000;0.000000;0.000000;0.000000;2.000000;-40.735893;-130.046570;1834.214600;0.081626;0.000000;0.000000;0.000000;0.000000;2.000000;-64.910210;-29.348175;1796.867554;0.052648;0.000000;0.000000;0.000000;0.000000;2.000000;-54.102474;-97.233673;1802.227173;0.099152;0.000000;0.000000;0.000000;0.000000;2.000000;93.674980;-147.882889;1987.637207;0.014131;0.000000;0.000000;0.000000;0.000000;2.000000;311.082306;-157.127914;1634.319824;0.100739;0.000000;0.000000;0.000000;0.000000;2.000000;242.195984;232.107086;1666.178101;0.069171;0.000000;0.000000;0.000000;0.000000;2.000000;267.100677;392.555511;1559.681641;0.125577;0.000000;0.000000;0.000000;0.000000;2.000000;-84.470848;-151.909088;2011.147949;0.012740;0.000000;0.000000;0.000000;0.000000;2.000000;-403.587585;-135.679840;1747.111572;0.080091;0.000000;0.000000;0.000000;0.000000;2.000000;-341.117218;258.466949;1783.662842;0.061740;0.000000;0.000000;0.000000;0.000000;2.000000;-429.281158;380.865875;1687.938721;0.172527;0.000000;0.000000;0.000000;0.000000;2.000000;9.564476;-734.662231;2233.285645;0.042675;0.000000;0.000000;0.000000;0.000000;2.000000;14.318459;-831.256226;2097.683594;0.207235;0.000000;0.000000;0.000000;0.000000;2.000000;26.315731;-856.459534;2148.543213;0.176908;0.000000;0.000000;0.000000;0.000000;2.000000;74.988846;-815.866882;2263.648438;0.165057;0.000000;0.000000;0.000000;0.000000;2.000000;-23.963245;-843.180176;2133.294434;0.136565;0.000000;0.000000;0.000000;0.000000;2.000000;-90.310623;-779.473267;2233.206299;0.095407;0.000000;0.000000;0.000000;0.000000;2.000000;4654099968.000000
0.000000;-150.000000;2000.000000;0.000000;0.000000;0.000000;0.000000;0.000000;2.000000;16.412092;-309.817963;2091.361816;0.050149;0.000000;0.000000;0.000000;0.000000;2.000000;30.384439;-433.234589;2171.388672;0.077916;0.000000;0.000000;0.000000;0.000000;2.000000;16.630136;-651.076172;2225.613281;0.050097;0.000000;0.000000;0.000000;0.000000;2.000000;53.682724;-617.970703;2215.152344;0.056915;0.000000;0.000000;0.000000;0.000000;2.000000;200.838135;-624.333679;2199.795166;0.103634;0.000000;0.000000;0.000000;0.000000;2.000000;332.909760;-768.487366;1990.675781;0.214779;0.000000;0.000000;0.000000;0.000000;2.000000;142.928192;-895.331238;2065.169922;0.207286;0.000000;0.000000;0.000000;0.000000;2.000000;64.408455;-945.650757;2100.575439;0.164761;0.000000;0.000000;0.000000;0.000000;2.000000;-31.117432;-905.827393;2143.227539;0.323805;0.000000;0.000000;0.000000;0.000000;2.000000;9.802355;-875.345825;2111.191895;0.065880;0.000000;0.000000;0.000000;0.000000;2.000000;-15.562296;-611.691162;2220.250977;0.052621;0.000000;0.000000;0.000000;0.000000;2.000000;-143.417114;-571.829041;2195.251465;0.040844;0.000000;0.000000;0.000000;0.000000;2.000000;-179.729340;-327.525055;2040.069336;0.060282;0.000000;0.000000;0.000000;0.000000;2.000000;-134.951416;-147.691864;1882.406616;0.020339;0.000000;0.000000;0.000000;0.000000;2.000000;-40.710838;-129.979095;1834.018555;0.006275;0.000000;0.000000;0.000000;0.000000;2.000000;-64.639259;-29.690735;1795.600952;0.040258;0.000000;0.000000;0.000000;0.000000;2.000000;-54.632725;-97.686035;1801.623779;0.027701;0.000000;0.000000;0.000000;0.000000;2.000000;93.557808;-147.721741;1987.178833;0.015018;0.000000;0.000000;0.000000;0.000000;2.000000;311.484314;-157.113876;1634.449585;0.012700;0.000000;0.000000;0.000000;0.000000;2.000000;241.480164;231.842438;1664.552490;0.053962;0.000000;0.000000;0.000000;0.000000;2.000000;265.255280;388.469635;1552.448730;0.255700;0.000000;0.000000;0.000000;0.000000;2.000000;-84.365204;-152.054428;2011.561523;0.013549;0.000000;0.000000;0.000000;0.000000;2.000000;-399.260681;-137.395081;1742.760498;0.191451;0.000000;0.000000;0.000000;0.000000;2.000000;-341.267120;256.957001;1781.994995;0.067752;0.000000;0.000000;0.000000;0.000000;2.000000;-428.778503;379.401825;1685.911987;0.076630;0.000000;0.000000;0.000000;0.000000;2.000000;10.239912;-735.192749;2232.298828;0.039310;0.000000;0.000000;0.000000;0.000000;2.000000;19.158010;-826.872864;2093.640625;0.230766;0.000000;0.000000;0.000000;0.000000;2.000000;33.637962;-852.794128;2143.446289;0.289818;0.000000;0.000000;0.000000;0.000000;2.000000;81.376450;-812.705811;2259.037598;0.255061;0.000000;0.000000;0.000000;0.000000;2.000000;-17.630817;-842.445190;2129.372559;0.224901;0.000000;0.000000;0.000000;0.000000;2.000000;-86.368286;-786.543762;2232.198242;0.245127;0.000000;0.000000;0.000000;0.000000;2.000000;4654133248.000000
0.000000;-149.999985;2000.000000;0.000000;0.000000;0.000000;0.000000;0.000000;2.000000;16.555105;-309.612946;2091.878174;0.017238;0.000000;0.000000;0.000000;0.000000;2.000000;30.619169;-432.886871;2172.243652;0.028617;0.000000;0.000000;0.000000;0.000000;2.000000;17.234716;-650.996277;2225.944336;0.020850;0.000000;0.000000;0.000000;0.000000;2.000000;54.252869;-617.766418;2215.634521;0.023261;0.000000;0.000000;0.000000;0.000000;2.000000;201.462784;-623.591919;2199.883789;0.029260;0.000000;0.000000;0.000000;0.000000;2.000000;333.910156;-769.753540;1992.206299;0.066829;0.000000;0.000000;0.000000;0.000000;2.000000;142.553375;-895.335815;2065.695313;0.019393;0.000000;0.000000;0.000000;0.000000;2.000000;67.333679;-949.235046;2103.081055;0.158095;0.000000;0.000000;0.000000;0.000000;2.000000;-28.509033;-905.755493;2141.375000;0.096158;0.000000;0.000000;0.000000;0.000000;2.000000;8.875357;-876.023804;2111.777588;0.038738;0.000000;0.000000;0.000000;0.000000;2.000000;-15.050825;-611.651245;2220.606201;0.018750;0.000000;0.000000;0.000000;0.000000;2.000000;-142.707199;-571.180969;2195.204834;0.028917;0.000000;0.000000;0.000000;0.000000;2.000000;-182.316071;-325.244171;2043.168701;0.139326;0.000000;0.000000;0.000000;0.000000;2.000000;-134.267929;-146.937073;1884.552002;0.071357;0.000000;0.000000;0.000000;0.000000;2.000000;-41.331535;-130.815033;1833.066528;0.042392;0.000000;0.000000;0.000000;0.000000;2.000000;-64.573013;-31.662506;1791.271240;0.142969;0.000000;0.000000;0.000000;0.000000;2.000000;-54.221867;-97.326721;1801.281006;0.019367;0.000000;0.000000;0.000000;0.000000;2.000000;93.615990;-147.612991;1987.278442;0.004764;0.000000;0.000000;0.000000;0.000000;2.000000;311.014099;-157.164169;1633.986206;0.019894;0.000000;0.000000;0.000000;0.000000;2.000000;241.423172;232.020508;1664.677002;0.006750;0.000000;0.000000;0.000000;0.000000;2.000000;266.794983;391.289856;1556.549805;0.156548;0.000000;0.000000;0.000000;0.000000;2.000000;-84.417656;-152.152420;2011.471558;0.004297;0.000000;0.000000;0.000000;0.000000;2.000000;-400.710663;-136.805481;1744.036743;0.060686;0.000000;0.000000;0.000000;0.000000;2.000000;-342.049347;257.646057;1783.306519;0.050341;0.000000;0.000000;0.000000;0.000000;2.000000;-428.995880;380.875122;1687.549438;0.066508;0.000000;0.000000;0.000000;0.000000;2.000000;11.016375;-735.184448;2232.417969;0.023606;0.000000;0.000000;0.000000;0.000000;2.000000;20.948847;-832.329712;2097.501465;0.207941;0.000000;0.000000;0.000000;0.000000;2.000000;35.116554;-856.252808;2148.417969;0.187328;0.000000;0.000000;0.000000;0.000000;2.000000;82.062508;-811.542236;2262.704590;0.117424;0.000000;0.000000;0.000000;0.000000;2.000000;-16.088514;-846.517151;2133.591309;0.182175;0.000000;0.000000;0.000000;0.000000;2.000000;-85.598572;-786.622314;2233.702148;0.050819;0.000000;0.000000;0.000000;0.000000;2.000000;4654166528.000000
0.000000;-150.000000;2000.000000;0.000000;0.000000;0.000000;0.000000;0.000000;2.000000;16.721146;-308.791473;2092.518555;0.031693;0.000000;0.000000;0.000000;0.000000;2.000000;30.992001;-431.096100;2173.774902;0.071680;0.000000;0.000000;0.000000;0.000000;2.000000;17.062210;-649.320923;2224.903320;0.059494;0.000000;0.000000;0.000000;0.000000;2.000000;54.088051;-616.158447;2214.914551;0.053170;0.000000;0.000000;0.000000;0.000000;2.000000;200.941254;-620.862061;2198.294922;0.096194;0.000000;0.000000;0.000000;0.000000;2.000000;334.793915;-766.814087;1992.173950;0.092236;0.000000;0.000000;0.000000;0.000000;2.000000;145.655212;-892.809509;2069.034180;0.156572;0.000000;0.000000;0.000000;0.000000;2.000000;74.106125;-948.823303;2109.823730;0.287426;0.000000;0.000000;0.000000;0.000000;2.000000;-23.407372;-899.680542;2133.661133;0.332484;0.000000;0.000000;0.000000;0.000000;2.000000;10.063938;-870.586853;2107.432617;0.212157;0.000000;0.000000;0.000000;0.000000;2.000000;-15.045414;-609.896423;2220.094971;0.054921;0.000000;0.000000;0.000000;0.000000;2.000000;-142.408569;-569.388794;2194.757324;0.056226;0.000000;0.000000;0.000000;0.000000;2.000000;-179.289398;-324.914948;2040.817627;0.115584;0.000000;0.000000;0.000000;0.000000;2.000000;-133.975067;-145.980133;1882.858643;0.059104;0.000000;0.000000;0.000000;0.000000;2.000000;-40.928776;-127.219513;1832.941895;0.108779;0.000000;0.000000;0.000000;0.000000;2.000000;-64.299332;-26.961517;1794.582031;0.172967;0.000000;0.000000;0.000000;0.000000;2.000000;-54.116074;-94.479279;1802.036987;0.088581;0.000000;0.000000;0.000000;0.000000;2.000000;93.387764;-147.741928;1986.997437;0.011547;0.000000;0.000000;0.000000;0.000000;2.000000;311.247131;-153.794785;1634.897217;0.105112;0.000000;0.000000;0.000000;0.000000;2.000000;242.151794;234.822632;1663.485229;0.094080;0.000000;0.000000;0.000000;0.000000;2.000000;267.376831;394.283813;1556.314209;0.091919;0.000000;0.000000;0.000000;0.000000;2.000000;-84.211853;-152.036209;2011.725098;0.010415;0.000000;0.000000;0.000000;0.000000;2.000000;-399.215515;-132.749634;1744.319946;0.130166;0.000000;0.000000;0.000000;0.000000;2.000000;-340.621033;261.025696;1782.200562;0.115148;0.000000;0.000000;0.000000;0.000000;2.000000;-427.812592;382.377625;1684.953003;0.096898;0.000000;0.000000;0.000000;0.000000;2.000000;10.605328;-733.387695;2230.416016;0.081768;0.000000;0.000000;0.000000;0.000000;2.000000;12.103283;-824.107300;2091.153564;0.409964;0.000000;0.000000;0.000000;0.000000;2.000000;30.685219;-849.802490;2139.593262;0.354413;0.000000;0.000000;0.000000;0.000000;2.000000;85.304932;-809.009094;2251.607910;0.355618;0.000000;0.000000;0.000000;0.000000;2.000000;-21.616127;-840.752502;2129.230469;0.273425;0.000000;0.000000;0.000000;0.000000;2.000000;-84.271187;-787.159607;2236.789551;0.102264;0.000000;0.000000;0.000000;0.000000;2.000000;4654199808.000000
0.000000;-150.000015;2000.000000;0.000000;0.000000;0.000000;0.000000;0.000000;2.000000;16.800375;-308.901306;2092.497070;0.004058;0.000000;0.000000;0.000000;0.000000;2.000000;31.192495;-430.984497;2174.195557;0.014180;0.000000;0.000000;0.000000;0.000000;2.000000;18.494314;-649.137634;2226.425049;0.062076;0.000000;0.000000;0.000000;0.000000;2.000000;55.337708;-615.841919;2216.083984;0.051507;0.000000;0.000000;0.000000;0.000000;2.000000;201.819107;-621.521484;2196.166992;0.070859;0.000000;0.000000;0.000000;0.000000;2.000000;332.901428;-773.424561;1992.383545;0.203576;0.000000;0.000000;0.000000;0.000000;2.000000;144.288696;-900.446716;2069.215332;0.229658;0.000000;0.000000;0.000000;0.000000;2.000000;72.489136;-953.450134;2113.553223;0.182257;0.000000;0.000000;0.000000;0.000000;2.000000;-23.614292;-899.609009;2132.780273;0.026860;0.000000;0.000000;0.000000;0.000000;2.000000;9.437323;-872.354614;2109.523193;0.083114;0.000000;0.000000;0.000000;0.000000;2.000000;-13.828808;-609.858643;2221.602539;0.057339;0.000000;0.000000;0.000000;0.000000;2.000000;-141.196198;-569.599365;2195.540527;0.043165;0.000000;0.000000;0.000000;0.000000;2.000000;-182.122559;-325.542603;2041.689941;0.089670;0.000000;0.000000;0.000000;0.000000;2.000000;-134.115677;-147.669708;1883.143799;0.050877;0.000000;0.000000;0.000000;0.000000;2.000000;-40.852821;-128.216888;1833.785889;0.038730;0.000000;0.000000;0.000000;0.000000;2.000000;-64.187317;-29.072998;1792.467407;0.088495;0.000000;0.000000;0.000000;0.000000;2.000000;-54.428741;-95.357208;1802.078003;0.027606;0.000000;0.000000;0.000000;0.000000;2.000000;93.428459;-147.714081;1986.957520;0.001877;0.000000;0.000000;0.000000;0.000000;2.000000;311.430939;-153.737335;1634.705566;0.008040;0.000000;0.000000;0.000000;0.000000;2.000000;242.462280;234.967346;1665.057007;0.047605;0.000000;0.000000;0.000000;0.000000;2.000000;267.437531;394.267273;1557.416016;0.032659;0.000000;0.000000;0.000000;0.000000;2.000000;-84.248550;-152.061340;2011.761108;0.001694;0.000000;0.000000;0.000000;0.000000;2.000000;-399.726318;-134.046326;1744.510864;0.041628;0.000000;0.000000;0.000000;0.000000;2.000000;-340.308624;259.880920;1781.601196;0.039341;0.000000;0.000000;0.000000;0.000000;2.000000;-427.141541;380.005676;1682.368286;0.105697;0.000000;0.000000;0.000000;0.000000;2.000000;12.436926;-733.247070;2232.361084;0.079173;0.000000;0.000000;0.000000;0.000000;2.000000;18.950079;-822.329773;2092.092041;0.211167;0.000000;0.000000;0.000000;0.000000;2.000000;34.801682;-848.944885;2141.036865;0.131562;0.000000;0.000000;0.000000;0.000000;2.000000;84.799095;-810.456665;2256.061523;0.139388;0.000000;0.000000;0.000000;0.000000;2.000000;-16.818588;-838.848755;2128.347656;0.154960;0.000000;0.000000;0.000000;0.000000;2.000000;-83.579933;-785.444946;2233.589355;0.109370;0.000000;0.000000;0.000000;0.000000;2.000000;4654233600.000000
0.000000;-150.000015;2000.000000;0.000000;0.000000;0.000000;0.000000;0.000000;2.000000;16.817558;-309.114807;2092.378418;0.007358;0.000000;0.000000;0.000000;0.000000;2.000000;31.228821;-431.343781;2174.038086;0.011838;0.000000;0.000000;0.000000;0.000000;2.000000;18.279507;-649.493530;2226.876465;0.018439;0.000000;0.000000;0.000000;0.000000;2.000000;55.183918;-616.247253;2216.424805;0.016570;0.000000;0.000000;0.000000;0.000000;2.000000;201.639420;-622.669128;2195.805176;0.036559;0.000000;0.000000;0.000000;0.000000;2.000000;332.872559;-777.588135;1994.125610;0.135620;0.000000;0.000000;0.000000;0.000000;2.000000;143.447998;-902.595459;2072.755859;0.126984;0.000000;0.000000;0.000000;0.000000;2.000000;71.638031;-954.977844;2117.959473;0.142446;0.000000;0.000000;0.000000;0.000000;2.000000;-24.677832;-901.125732;2136.525391;0.125547;0.000000;0.000000;0.000000;0.000000;2.000000;8.718697;-872.421387;2109.098145;0.025168;0.000000;0.000000;0.000000;0.000000;2.000000;-14.019857;-610.160828;2221.963379;0.015263;0.000000;0.000000;0.000000;0.000000;2.000000;-141.307571;-569.820190;2195.163330;0.013553;0.000000;0.000000;0.000000;0.000000;2.000000;-181.388107;-325.844421;2040.586304;0.040854;0.000000;0.000000;0.000000;0.000000;2.000000;-134.565216;-147.605835;1881.842285;0.041420;0.000000;0.000000;0.000000;0.000000;2.000000;-40.523323;-128.232483;1833.789063;0.009912;0.000000;0.000000;0.000000;0.000000;2.000000;-65.127716;-27.970184;1795.843994;0.110411;0.000000;0.000000;0.000000;0.000000;2.000000;-54.303326;-95.628967;1801.983887;0.009428;0.000000;0.000000;0.000000;0.000000;2.000000;93.492767;-147.691406;1986.956055;0.002049;0.000000;0.000000;0.000000;0.000000;2.000000;311.038940;-154.106232;1634.096558;0.024423;0.000000;0.000000;0.000000;0.000000;2.000000;242.352295;234.823181;1665.711914;0.020419;0.000000;0.000000;0.000000;0.000000;2.000000;267.288147;396.211975;1560.974243;0.121927;0.000000;0.000000;0.000000;0.000000;2.000000;-84.306549;-152.081802;2011.762451;0.001848;0.000000;0.000000;0.000000;0.000000;2.000000;-399.950897;-133.942078;1744.279663;0.010179;0.000000;0.000000;0.000000;0.000000;2.000000;-341.293152;260.169922;1783.504028;0.064959;0.000000;0.000000;0.000000;0.000000;2.000000;-428.518768;381.874146;1686.342773;0.138301;0.000000;0.000000;0.000000;0.000000;2.000000;12.117878;-733.637207;2233.038574;0.025372;0.000000;0.000000;0.000000;0.000000;2.000000;20.487335;-823.820679;2093.438477;0.076009;0.000000;0.000000;0.000000;0.000000;2.000000;37.717297;-849.418457;2142.506592;0.099137;0.000000;0.000000;0.000000;0.000000;2.000000;87.407272;-808.090454;2256.778809;0.107989;0.000000;0.000000;0.000000;0.000000;2.000000;-14.373735;-841.249878;2130.202393;0.117082;0.000000;0.000000;0.000000;0.000000;2.000000;-82.057816;-789.187378;2235.645752;0.136219;0.000000;0.000000;0.000000;0.000000;2.000000;4654266880.000000
0.000000;-149.999985;2000.000000;0.000001;0.000000;0.000000;0.000000;0.000000;2.000000;16.934654;-309.156830;2092.420898;0.003950;0.000000;0.000000;0.000000;0.000000;2.000000;31.438038;-431.423187;2174.106934;0.007035;0.000000;0.000000;0.000000;0.000000;2.000000;18.767185;-649.640381;2227.087891;0.016570;0.000000;0.000000;0.000000;0.000000;2.000000;55.639366;-616.349182;2216.574707;0.014729;0.000000;0.000000;0.000000;0.000000;2.000000;202.164307;-622.664185;2196.022461;0.017070;0.000000;0.000000;0.000000;0.000000;2.000000;333.657013;-779.654297;1995.970215;0.086500;0.000000;0.000000;0.000000;0.000000;2.000000;144.441132;-904.094543;2076.256348;0.118250;0.000000;0.000000;0.000000;0.000000;2.000000;72.409103;-955.788940;2121.977051;0.125317;0.000000;0.000000;0.000000;0.000000;2.000000;-23.230606;-899.437866;2136.411621;0.066895;0.000000;0.000000;0.000000;0.000000;2.000000;9.387268;-872.208984;2109.072266;0.021093;0.000000;0.000000;0.000000;0.000000;2.000000;-13.590008;-610.328857;2222.189453;0.015442;0.000000;0.000000;0.000000;0.000000;2.000000;-141.028961;-570.022339;2195.804199;0.021859;0.000000;0.000000;0.000000;0.000000;2.000000;-181.465240;-325.508453;2041.968384;0.042801;0.000000;0.000000;0.000000;0.000000;2.000000;-134.938507;-147.086975;1883.205078;0.045230;0.000000;0.000000;0.000000;0.000000;2.000000;-40.722691;-128.595459;1835.056519;0.040066;0.000000;0.000000;0.000000;0.000000;2.000000;-64.746872;-28.003845;1797.495361;0.050933;0.000000;0.000000;0.000000;0.000000;2.000000;-54.463219;-97.520538;1803.041382;0.065294;0.000000;0.000000;0.000000;0.000000;2.000000;93.522591;-147.640869;1986.926147;0.001979;0.000000;0.000000;0.000000;0.000000;2.000000;311.196899;-154.213913;1633.968506;0.006914;0.000000;0.000000;0.000000;0.000000;2.000000;242.251495;234.840271;1665.318848;0.012204;0.000000;0.000000;0.000000;0.000000;2.000000;267.154205;395.739441;1559.690918;0.041289;0.000000;0.000000;0.000000;0.000000;2.000000;-84.333435;-152.127319;2011.789307;0.001782;0.000000;0.000000;0.000000;0.000000;2.000000;-400.181549;-134.422516;1744.281006;0.016014;0.000000;0.000000;0.000000;0.000000;2.000000;-341.401672;259.801880;1783.703613;0.012996;0.000000;0.000000;0.000000;0.000000;2.000000;-428.210999;381.757690;1686.364014;0.009908;0.000000;0.000000;0.000000;0.000000;2.000000;12.696674;-733.818481;2233.300781;0.019855;0.000000;0.000000;0.000000;0.000000;2.000000;21.738026;-822.311035;2092.591553;0.064169;0.000000;0.000000;0.000000;0.000000;2.000000;39.316757;-848.313416;2141.347656;0.068008;0.000000;0.000000;0.000000;0.000000;2.000000;88.802773;-807.805664;2256.056885;0.047980;0.000000;0.000000;0.000000;0.000000;2.000000;-12.894548;-840.526245;2129.219238;0.057628;0.000000;0.000000;0.000000;0.000000;2.000000;-80.943481;-790.365662;2235.411621;0.049236;0.000000;0.000000;0.000000;0.000000;2.000000;4654300160.000000
0.000000;-150.000015;2000.000000;0.000001;0.000000;0.000000;0.000000;0.000000;2.000000;17.516825;-308.950439;2091.750488;0.027391;0.000000;0.000000;0.000000;0.000000;2.000000;32.379250;-431.340637;2172.519531;0.055508;0.000000;0.000000;0.000000;0.000000;2.000000;19.482267;-649.479004;2223.364014;0.114043;0.000000;0.000000;0.000000;0.000000;2.000000;56.270966;-616.313049;2212.769775;0.115900;0.000000;0.000000;0.000000;0.000000;2.000000;202.146744;-623.557007;2190.610596;0.164815;0.000000;0.000000;0.000000;0.000000;2.000000;335.620331;-785.563354;1996.986816;0.189577;0.000000;0.000000;0.000000;0.000000;2.000000;146.437286;-906.401062;2080.986816;0.169131;0.000000;0.000000;0.000000;0.000000;2.000000;77.304199;-959.446960;2129.037109;0.280572;0.000000;0.000000;0.000000;0.000000;2.000000;-15.780981;-897.855225;2125.824219;0.391888;0.000000;0.000000;0.000000;0.000000;2.000000;9.039072;-877.840454;2107.451660;0.176393;0.000000;0.000000;0.000000;0.000000;2.000000;-12.690857;-610.091492;2219.248047;0.092696;0.000000;0.000000;0.000000;0.000000;2.000000;-139.932205;-569.792786;2193.650391;0.072952;0.000000;0.000000;0.000000;0.000000;2.000000;-182.135422;-325.503571;2041.308838;0.028254;0.000000;0.000000;0.000000;0.000000;2.000000;-133.590805;-147.894257;1883.163452;0.047222;0.000000;0.000000;0.000000;0.000000;2.000000;-41.039371;-129.023224;1832.588379;0.075868;0.000000;0.000000;0.000000;0.000000;2.000000;-64.030624;-30.826660;1789.280518;0.261893;0.000000;0.000000;0.000000;0.000000;2.000000;-55.319904;-97.582672;1800.279419;0.086912;0.000000;0.000000;0.000000;0.000000;2.000000;93.323891;-147.031082;1987.326172;0.022712;0.000000;0.000000;0.000000;0.000000;2.000000;308.237091;-155.253632;1633.917847;0.094277;0.000000;0.000000;0.000000;0.000000;2.000000;244.746765;233.877502;1663.373413;0.099377;0.000000;0.000000;0.000000;0.000000;2.000000;267.556305;392.361389;1554.552002;0.185183;0.000000;0.000000;0.000000;0.000000;2.000000;-84.154259;-152.677231;2011.428467;0.020484;0.000000;0.000000;0.000000;0.000000;2.000000;-398.339752;-133.893341;1743.624146;0.060870;0.000000;0.000000;0.000000;0.000000;2.000000;-340.044678;259.621460;1780.713867;0.098805;0.000000;0.000000;0.000000;0.000000;2.000000;-426.914948;380.239075;1682.575317;0.128682;0.000000;0.000000;0.000000;0.000000;2.000000;13.159864;-733.481201;2228.803711;0.136221;0.000000;0.000000;0.000000;0.000000;2.000000;21.635660;-822.234070;2088.711914;0.116639;0.000000;0.000000;0.000000;0.000000;2.000000;41.343948;-847.239685;2137.002441;0.147644;0.000000;0.000000;0.000000;0.000000;2.000000;92.214310;-804.417725;2249.878418;0.235241;0.000000;0.000000;0.000000;0.000000;2.000000;-11.278877;-841.390198;2126.238281;0.105138;0.000000;0.000000;0.000000;0.000000;2.000000;-78.101730;-793.138733;2233.657715;0.130430;0.000000;0.000000;0.000000;0.000000;2.000000;4654333440.000000
0.000000;-150.000000;2000.000000;0.000000;0.000000;0.000000;0.000000;0.000000;2.000000;17.497488;-308.941162;2091.811035;0.001930;0.000000;0.000000;0.000000;0.000000;2.000000;32.350883;-431.286774;2172.678711;0.005121;0.000000;0.000000;0.000000;0.000000;2.000000;19.338945;-649.379517;2223.797852;0.014051;0.000000;0.000000;0.000000;0.000000;2.000000;56.149002;-616.242065;2213.162109;0.012528;0.000000;0.000000;0.000000;0.000000;2.000000;202.045807;-623.700073;2191.104004;0.015732;0.000000;0.000000;0.000000;0.000000;2.000000;335.345551;-786.785522;1998.221313;0.052847;0.000000;0.000000;0.000000;0.000000;2.000000;145.824188;-906.901611;2082.568359;0.053141;0.000000;0.000000;0.000000;0.000000;2.000000;76.485016;-959.650879;2130.670898;0.055258;0.000000;0.000000;0.000000;0.000000;2.000000;-16.532316;-897.979675;2126.682617;0.034481;0.000000;0.000000;0.000000;0.000000;2.000000;8.288034;-878.383484;2107.957031;0.031719;0.000000;0.000000;0.000000;0.000000;2.000000;-12.817286;-609.976135;2219.632568;0.012647;0.000000;0.000000;0.000000;0.000000;2.000000;-140.048660;-569.625854;2193.986816;0.011815;0.000000;0.000000;0.000000;0.000000;2.000000;-182.040955;-325.380188;2041.456421;0.006440;0.000000;0.000000;0.000000;0.000000;2.000000;-133.310272;-147.952713;1883.123169;0.008695;0.000000;0.000000;0.000000;0.000000;2.000000;-40.660023;-129.246643;1832.642944;0.013330;0.000000;0.000000;0.000000;0.000000;2.000000;-63.499649;-30.963165;1789.421631;0.017011;0.000000;0.000000;0.000000;0.000000;2.000000;-54.406052;-98.256287;1800.580078;0.035289;0.000000;0.000000;0.000000;0.000000;2.000000;93.334709;-147.046524;1987.325073;0.000568;0.000000;0.000000;0.000000;0.000000;2.000000;308.300751;-155.318344;1633.896729;0.002800;0.000000;0.000000;0.000000;0.000000;2.000000;244.774338;233.849213;1663.375977;0.001190;0.000000;0.000000;0.000000;0.000000;2.000000;267.618195;392.576385;1554.879150;0.011909;0.000000;0.000000;0.000000;0.000000;2.000000;-84.164009;-152.663269;2011.429565;0.000513;0.000000;0.000000;0.000000;0.000000;2.000000;-398.171539;-134.119446;1743.329834;0.012244;0.000000;0.000000;0.000000;0.000000;2.000000;-340.128632;259.513275;1780.034668;0.020819;0.000000;0.000000;0.000000;0.000000;2.000000;-427.002808;379.881561;1681.558472;0.032495;0.000000;0.000000;0.000000;0.000000;2.000000;12.972307;-733.380859;2229.341797;0.017386;0.000000;0.000000;0.000000;0.000000;2.000000;21.056211;-822.262390;2089.286621;0.024538;0.000000;0.000000;0.000000;0.000000;2.000000;40.747932;-847.292236;2137.578857;0.024964;0.000000;0.000000;0.000000;0.000000;2.000000;91.860672;-804.529541;2250.384766;0.018860;0.000000;0.000000;0.000000;0.000000;2.000000;-11.875540;-841.303650;2126.864990;0.026131;0.000000;0.000000;0.000000;0.000000;2.000000;-78.459160;-792.788452;2234.332520;0.025244;0.000000;0.000000;0.000000;0.000000;2.000000;4654366720.000000
0.000000;-150.000015;2000.000000;0.000000;0.000000;0.000000;0.000000;0.000000;2.000000;16.932768;-308.533569;2092.012451;0.021785;0.000000;0.000000;0.000000;0.000000;2.000000;31.386972;-429.842712;2174.063965;0.066740;0.000000;0.000000;0.000000;0.000000;2.000000;18.499086;-647.395142;2225.892334;0.090294;0.000000;0.000000;0.000000;0.000000;2.000000;55.217758;-614.375488;2214.974609;0.083035;0.000000;0.000000;0.000000;0.000000;2.000000;200.519836;-622.296509;2190.874023;0.062681;0.000000;0.000000;0.000000;0.000000;2.000000;323.929504;-799.466309;2004.643188;0.547806;0.000000;0.000000;0.000000;0.000000;2.000000;143.034271;-920.046021;2104.688721;0.777699;0.000000;0.000000;0.000000;0.000000;2.000000;73.386925;-979.201782;2143.695068;0.711997;0.000000;0.000000;0.000000;0.000000;2.000000;7.255724;-893.961609;2115.566650;0.798160;0.000000;0.000000;0.000000;0.000000;2.000000;8.715635;-883.262939;2106.843994;0.150932;0.000000;0.000000;0.000000;0.000000;2.000000;-13.596249;-608.046509;2221.767578;0.089584;0.000000;0.000000;0.000000;0.000000;2.000000;-140.898727;-568.993225;2195.655762;0.059403;0.000000;0.000000;0.000000;0.000000;2.000000;-181.727432;-325.203308;2042.993042;0.047423;0.000000;0.000000;0.000000;0.000000;2.000000;-133.828979;-147.579742;1885.238770;0.066405;0.000000;0.000000;0.000000;0.000000;2.000000;-41.109848;-128.301941;1835.479248;0.090840;0.000000;0.000000;0.000000;0.000000;2.000000;-63.246033;-29.608276;1793.297241;0.123601;0.000000;0.000000;0.000000;0.000000;2.000000;-54.086006;-96.621613;1804.210083;0.120010;0.000000;0.000000;0.000000;0.000000;2.000000;93.266739;-146.999405;1988.006348;0.020621;0.000000;0.000000;0.000000;0.000000;2.000000;307.766174;-154.689880;1635.078125;0.043299;0.000000;0.000000;0.000000;0.000000;2.000000;243.937851;233.834595;1663.653320;0.026484;0.000000;0.000000;0.000000;0.000000;2.000000;266.481171;391.794250;1554.543213;0.042679;0.000000;0.000000;0.000000;0.000000;2.000000;-84.102722;-152.705811;2010.815186;0.018597;0.000000;0.000000;0.000000;0.000000;2.000000;-398.747833;-132.560577;1744.633057;0.063462;0.000000;0.000000;0.000000;0.000000;2.000000;-340.776123;260.260681;1782.955811;0.092668;0.000000;0.000000;0.000000;0.000000;2.000000;-427.408173;381.865234;1686.332397;0.155815;0.000000;0.000000;0.000000;0.000000;2.000000;12.109800;-731.234497;2231.739746;0.100114;0.000000;0.000000;0.000000;0.000000;2.000000;19.337313;-815.663086;2089.228271;0.204920;0.000000;0.000000;0.000000;0.000000;2.000000;41.030602;-841.357117;2136.181641;0.183411;0.000000;0.000000;0.000000;0.000000;2.000000;93.602104;-800.240601;2248.678467;0.148241;0.000000;0.000000;0.000000;0.000000;2.000000;-11.930664;-836.785034;2126.990234;0.135838;0.000000;0.000000;0.000000;0.000000;2.000000;-77.083862;-793.591675;2237.287598;0.100870;0.000000;0.000000;0.000000;0.000000;2.000000;4654400000.000000
0.000000;-150.000000;2000.000000;0.000000;0.000000;0.000000;0.000000;0.000000;2.000000;17.940121;-308.731873;2092.356934;0.032540;0.000000;0.000000;0.000000;0.000000;2.000000;33.049660;-430.535431;2174.186523;0.054248;0.000000;0.000000;0.000000;0.000000;2.000000;20.085579;-648.249573;2227.600098;0.074598;0.000000;0.000000;0.000000;0.000000;2.000000;56.892490;-615.249573;2216.366455;0.070507;0.000000;0.000000;0.000000;0.000000;2.000000;202.262558;-627.026367;2192.100098;0.155879;0.000000;0.000000;0.000000;0.000000;2.000000;320.054077;-810.178345;2006.980835;0.349426;0.000000;0.000000;0.000000;0.000000;2.000000;139.957291;-928.047424;2112.889648;0.356479;0.000000;0.000000;0.000000;0.000000;2.000000;67.318176;-980.515869;2156.356201;0.423732;0.000000;0.000000;0.000000;0.000000;2.000000;8.519974;-894.356812;2116.242920;0.044688;0.000000;0.000000;0.000000;0.000000;2.000000;6.511600;-885.055359;2110.520752;0.139616;0.000000;0.000000;0.000000;0.000000;2.000000;-12.067537;-608.813232;2223.268555;0.068373;0.000000;0.000000;0.000000;0.000000;2.000000;-139.544754;-569.792297;2196.294434;0.050990;0.000000;0.000000;0.000000;0.000000;2.000000;-179.909134;-324.901276;2043.953003;0.062446;0.000000;0.000000;0.000000;0.000000;2.000000;-132.046234;-147.090790;1885.512573;0.056152;0.000000;0.000000;0.000000;0.000000;2.000000;-39.370071;-129.126038;1834.645630;0.063036;0.000000;0.000000;0.000000;0.000000;2.000000;-61.351700;-30.085266;1792.517944;0.063196;0.000000;0.000000;0.000000;0.000000;2.000000;-52.195293;-97.315704;1803.366333;0.065615;0.000000;0.000000;0.000000;0.000000;2.000000;93.526108;-146.098740;1988.537842;0.032376;0.000000;0.000000;0.000000;0.000000;2.000000;310.328644;-154.879700;1635.890015;0.080971;0.000000;0.000000;0.000000;0.000000;2.000000;245.573090;234.272522;1666.746094;0.105943;0.000000;0.000000;0.000000;0.000000;2.000000;268.556000;393.377014;1558.579102;0.144414;0.000000;0.000000;0.000000;0.000000;2.000000;-84.336609;-153.517960;2010.335938;0.029194;0.000000;0.000000;0.000000;0.000000;2.000000;-399.927521;-133.959259;1743.705444;0.061642;0.000000;0.000000;0.000000;0.000000;2.000000;-338.696716;259.111511;1784.234985;0.081079;0.000000;0.000000;0.000000;0.000000;2.000000;-425.940308;382.534058;1689.709473;0.112456;0.000000;0.000000;0.000000;0.000000;2.000000;13.635746;-732.243652;2234.028320;0.088039;0.000000;0.000000;0.000000;0.000000;2.000000;21.384071;-814.507080;2089.827881;0.072894;0.000000;0.000000;0.000000;0.000000;2.000000;45.024677;-840.051025;2136.087158;0.126300;0.000000;0.000000;0.000000;0.000000;2.000000;98.263123;-798.395996;2248.435059;0.150801;0.000000;0.000000;0.000000;0.000000;2.000000;-8.369816;-837.420166;2127.947266;0.112425;0.000000;0.000000;0.000000;0.000000;2.000000;-73.148697;-798.272461;2240.350098;0.205504;0.000000;0.000000;0.000000;0.000000;2.000000;4654433280.000000
0.000000;-150.000000;2000.000000;0.000000;0.000000;0.000000;0.000000;0.000000;2.000000;17.768475;-309.178223;2091.608398;0.026690;0.000000;0.000000;0.000000;0.000000;2.000000;32.823479;-431.348846;2172.891602;0.046450;0.000000;0.000000;0.000000;0.000000;2.000000;19.858032;-649.100586;2226.125000;0.051626;0.000000;0.000000;0.000000;0.000000;2.000000;56.656277;-616.113281;2214.832031;0.053383;0.000000;0.000000;0.000000;0.000000;2.000000;202.085678;-627.042847;2190.550537;0.046866;0.000000;0.000000;0.000000;0.000000;2.000000;320.616699;-813.002197;2008.743896;0.101450;0.000000;0.000000;0.000000;0.000000;2.000000;141.596634;-930.477661;2116.877197;0.148712;0.000000;0.000000;0.000000;0.000000;2.000000;67.271088;-976.809814;2164.281738;0.262901;0.000000;0.000000;0.000000;0.000000;2.000000;8.391876;-898.452148;2110.594727;0.209671;0.000000;0.000000;0.000000;0.000000;2.000000;5.885231;-891.338867;2107.728516;0.207465;0.000000;0.000000;0.000000;0.000000;2.000000;-12.280497;-609.641418;2221.911621;0.048194;0.000000;0.000000;0.000000;0.000000;2.000000;-139.766830;-570.071594;2195.813477;0.017995;0.000000;0.000000;0.000000;0.000000;2.000000;-179.962814;-325.708496;2042.598022;0.047419;0.000000;0.000000;0.000000;0.000000;2.000000;-132.581284;-147.515549;1884.453491;0.037870;0.000000;0.000000;0.000000;0.000000;2.000000;-39.747021;-129.333588;1833.959717;0.024330;0.000000;0.000000;0.000000;0.000000;2.000000;-61.690166;-30.755707;1790.748291;0.057765;0.000000;0.000000;0.000000;0.000000;2.000000;-52.400749;-97.465179;1802.520630;0.026534;0.000000;0.000000;0.000000;0.000000;2.000000;93.462891;-146.515869;1987.925781;0.022337;0.000000;0.000000;0.000000;0.000000;2.000000;310.114075;-155.289917;1635.198608;0.025002;0.000000;0.000000;0.000000;0.000000;2.000000;245.548203;234.015808;1664.324341;0.073181;0.000000;0.000000;0.000000;0.000000;2.000000;268.334137;393.866272;1557.230469;0.043621;0.000000;0.000000;0.000000;0.000000;2.000000;-84.279594;-153.141785;2010.887695;0.020139;0.000000;0.000000;0.000000;0.000000;2.000000;-398.741913;-133.245911;1742.969971;0.047085;0.000000;0.000000;0.000000;0.000000;2.000000;-339.455719;260.077820;1783.824097;0.038931;0.000000;0.000000;0.000000;0.000000;2.000000;-426.529816;382.593689;1687.981567;0.054888;0.000000;0.000000;0.000000;0.000000;2.000000;13.372528;-733.094543;2232.487549;0.053476;0.000000;0.000000;0.000000;0.000000;2.000000;22.647488;-820.987061;2091.745605;0.206577;0.000000;0.000000;0.000000;0.000000;2.000000;45.597538;-844.769531;2139.271973;0.171920;0.000000;0.000000;0.000000;0.000000;2.000000;97.554199;-798.906616;2250.571533;0.069357;0.000000;0.000000;0.000000;0.000000;2.000000;-7.676781;-842.284546;2130.346924;0.164308;0.000000;0.000000;0.000000;0.000000;2.000000;-73.733894;-798.534790;2240.276855;0.019395;0.000000;0.000000;0.000000;0.000000;2.000000;4654466560.000000
0.000000;-150.000015;2000.000000;0.000000;0.000000;0.000000;0.000000;0.000000;2.000000;18.152941;-308.841492;2091.564941;0.015412;0.000000;0.000000;0.000000;0.000000;2.000000;33.466751;-430.872986;2172.610107;0.025487;0.000000;0.000000;0.000000;0.000000;2.000000;20.041536;-648.162720;2226.207520;0.028822;0.000000;0.000000;0.000000;0.000000;2.000000;56.844093;-615.362488;2214.724121;0.023480;0.000000;0.000000;0.000000;0.000000;2.000000;201.999313;-626.164673;2190.086426;0.029959;0.000000;0.000000;0.000000;0.000000;2.000000;322.892822;-814.125549;2012.613403;0.139054;0.000000;0.000000;0.000000;0.000000;2.000000;143.234970;-930.599182;2119.978516;0.105456;0.000000;0.000000;0.000000;0.000000;2.000000;73.691353;-981.642456;2169.444824;0.287005;0.000000;0.000000;0.000000;0.000000;2.000000;15.082056;-905.759338;2112.361328;0.302389;0.000000;0.000000;0.000000;0.000000;2.000000;7.561033;-896.976929;2108.526367;0.178357;0.000000;0.000000;0.000000;0.000000;2.000000;-11.939964;-608.667480;2222.058838;0.031316;0.000000;0.000000;0.000000;0.000000;2.000000;-139.468506;-569.774414;2196.205078;0.017279;0.000000;0.000000;0.000000;0.000000;2.000000;-179.791122;-325.528809;2043.660278;0.032781;0.000000;0.000000;0.000000;0.000000;2.000000;-131.630981;-148.177643;1885.359619;0.044187;0.000000;0.000000;0.000000;0.000000;2.000000;-39.550148;-128.738129;1834.296875;0.021396;0.000000;0.000000;0.000000;0.000000;2.000000;-61.511314;-30.015472;1791.847168;0.040173;0.000000;0.000000;0.000000;0.000000;2.000000;-52.298378;-97.070526;1803.609131;0.034926;0.000000;0.000000;0.000000;0.000000;2.000000;93.327995;-146.210800;1988.070801;0.010929;0.000000;0.000000;0.000000;0.000000;2.000000;310.258789;-154.551544;1636.228882;0.038335;0.000000;0.000000;0.000000;0.000000;2.000000;245.970459;234.268188;1664.451660;0.015269;0.000000;0.000000;0.000000;0.000000;2.000000;268.754761;393.213013;1556.534058;0.031352;0.000000;0.000000;0.000000;0.000000;2.000000;-84.157967;-153.416931;2010.757080;0.009855;0.000000;0.000000;0.000000;0.000000;2.000000;-399.329346;-133.002563;1744.667480;0.054468;0.000000;0.000000;0.000000;0.000000;2.000000;-338.693481;259.753967;1783.106323;0.032931;0.000000;0.000000;0.000000;0.000000;2.000000;-425.040802;380.668762;1685.090698;0.113547;0.000000;0.000000;0.000000;0.000000;2.000000;13.323748;-731.999023;2232.737305;0.033795;0.000000;0.000000;0.000000;0.000000;2.000000;16.563929;-814.033875;2088.525391;0.293990;0.000000;0.000000;0.000000;0.000000;2.000000;41.399498;-839.672119;2133.989746;0.254096;0.000000;0.000000;0.000000;0.000000;2.000000;97.948433;-798.388367;2244.611572;0.180151;0.000000;0.000000;0.000000;0.000000;2.000000;-12.116753;-836.833069;2127.414063;0.228906;0.000000;0.000000;0.000000;0.000000;2.000000;-73.363792;-797.600220;2241.506592;0.047725;0.000000;0.000000;0.000000;0.000000;2.000000;4654499840.000000
0.000000;-150.000000;2000.000000;0.000000;0.000000;0.000000;0.000000;0.000000;2.000000;17.249607;-308.596924;2091.909180;0.029963;0.000000;0.000000;0.000000;0.000000;2.000000;31.843174;-429.885620;2174.012695;0.070968;0.000000;0.000000;0.000000;0.000000;2.000000;18.652603;-647.279053;2226.597168;0.050832;0.000000;0.000000;0.000000;0.000000;2.000000;55.412186;-614.371277;2215.440918;0.056588;0.000000;0.000000;0.000000;0.000000;2.000000;200.447067;-625.087585;2190.662109;0.059348;0.000000;0.000000;0.000000;0.000000;2.000000;321.629395;-816.646362;2017.601685;0.172178;0.000000;0.000000;0.000000;0.000000;2.000000;142.318909;-931.822632;2126.569824;0.203311;0.000000;0.000000;0.000000;0.000000;2.000000;71.538780;-982.263672;2174.746826;0.172955;0.000000;0.000000;0.000000;0.000000;2.000000;14.625507;-906.765381;2115.622559;0.103464;0.000000;0.000000;0.000000;0.000000;2.000000;7.031857;-897.362549;2112.280762;0.114515;0.000000;0.000000;0.000000;0.000000;2.000000;-13.375090;-607.865234;2222.458740;0.050843;0.000000;0.000000;0.000000;0.000000;2.000000;-140.655533;-568.636108;2196.378662;0.049692;0.000000;0.000000;0.000000;0.000000;2.000000;-180.551529;-324.277893;2044.281494;0.047784;0.000000;0.000000;0.000000;0.000000;2.000000;-132.977982;-147.921982;1884.948853;0.043007;0.000000;0.000000;0.000000;0.000000;2.000000;-40.706978;-128.345947;1834.437866;0.036947;0.000000;0.000000;0.000000;0.000000;2.000000;-63.232037;-27.851105;1796.922485;0.173667;0.000000;0.000000;0.000000;0.000000;2.000000;-53.466805;-96.646118;1804.532104;0.046523;0.000000;0.000000;0.000000;0.000000;2.000000;93.370171;-146.264435;1988.922241;0.025666;0.000000;0.000000;0.000000;0.000000;2.000000;309.512390;-153.870544;1636.910400;0.036621;0.000000;0.000000;0.000000;0.000000;2.000000;244.943436;234.539886;1666.321777;0.064627;0.000000;0.000000;0.000000;0.000000;2.000000;267.236877;392.803436;1557.540771;0.056096;0.000000;0.000000;0.000000;0.000000;2.000000;-84.195984;-153.368500;2009.989380;0.023142;0.000000;0.000000;0.000000;0.000000;2.000000;-400.153992;-131.244659;1745.411499;0.062481;0.000000;0.000000;0.000000;0.000000;2.000000;-340.464600;261.199188;1785.648682;0.102732;0.000000;0.000000;0.000000;0.000000;2.000000;-427.236511;383.513214;1689.993530;0.182651;0.000000;0.000000;0.000000;0.000000;2.000000;12.096184;-731.099487;2232.739014;0.045729;0.000000;0.000000;0.000000;0.000000;2.000000;13.341667;-813.497742;2088.833984;0.098591;0.000000;0.000000;0.000000;0.000000;2.000000;39.995430;-838.359253;2133.645020;0.058681;0.000000;0.000000;0.000000;0.000000;2.000000;98.509750;-795.377991;2242.478027;0.112146;0.000000;0.000000;0.000000;0.000000;2.000000;-13.696239;-836.813721;2128.534180;0.058186;0.000000;0.000000;0.000000;0.000000;2.000000;-72.676483;-798.657837;2244.067871;0.085788;0.000000;0.000000;0.000000;0.000000;2.000000;4654533120.000000
