posX0;posY0;posZ0;posVel0;rotX0;rotY0;rotZ0;rotVel0;confidence0;posX1;posY1;posZ1;posVel1;rotX1;rotY1;rotZ1;rotVel1;confidence1;posX2;posY2;posZ2;posVel2;rotX2;rotY2;rotZ2;rotVel2;confidence2;posX3;posY3;posZ3;posVel3;rotX3;rotY3;rotZ3;rotVel3;confidence3;posX4;posY4;posZ4;posVel4;rotX4;rotY4;rotZ4;rotVel4;confidence4;posX5;posY5;posZ5;posVel5;rotX5;rotY5;rotZ5;rotVel5;confidence5;posX6;posY6;posZ6;posVel6;rotX6;rotY6;rotZ6;rotVel6;confidence6;posX7;posY7;posZ7;posVel7;rotX7;rotY7;rotZ7;rotVel7;confidence7;posX8;posY8;posZ8;posVel8;rotX8;rotY8;rotZ8;rotVel8;confidence8;posX9;posY9;posZ9;posVel9;rotX9;rotY9;rotZ9;rotVel9;confidence9;posX10;posY10;posZ10;posVel10;rotX10;rotY10;rotZ10;rotVel10;confidence10;posX11;posY11;posZ11;posVel11;rotX11;rotY11;rotZ11;rotVel11;confidence11;posX12;posY12;posZ12;posVel12;rotX12;rotY12;rotZ12;rotVel12;confidence12;posX13;posY13;posZ13;posVel13;rotX13;rotY13;rotZ13;rotVel13;confidence13;posX14;posY14;posZ14;posVel14;rotX14;rotY14;rotZ14;rotVel14;confidence14;posX15;posY15;posZ15;posVel15;rotX15;rotY15;rotZ15;rotVel15;confidence15;posX16;posY16;posZ16;posVel16;rotX16;rotY16;rotZ16;rotVel16;confidence16;posX17;posY17;posZ17;posVel17;rotX17;rotY17;rotZ17;rotVel17;confidence17;posX18;posY18;posZ18;posVel18;rotX18;rotY18;rotZ18;rotVel18;confidence18;posX19;posY19;posZ19;posVel19;rotX19;rotY19;rotZ19;rotVel19;confidence19;posX20;posY20;posZ20;posVel20;rotX20;rotY20;rotZ20;rotVel20;confidence20;posX21;posY21;posZ21;posVel21;rotX21;rotY21;rotZ21;rotVel21;confidence21;posX22;posY22;posZ22;posVel22;rotX22;rotY22;rotZ22;rotVel22;confidence22;posX23;posY23;posZ23;posVel23;rotX23;rotY23;rotZ23;rotVel23;confidence23;posX24;posY24;posZ24;posVel24;rotX24;rotY24;rotZ24;rotVel24;confidence24;posX25;posY25;posZ25;posVel25;rotX25;rotY25;rotZ25;rotVel25;confidence25;posX26;posY26;posZ26;posVel26;rotX26;rotY26;rotZ26;rotVel26;confidence26;posX27;posY27;posZ27;posVel27;rotX27;rotY27;rotZ27;rotVel27;confidence27;posX28;posY28;posZ28;posVel28;rotX28;rotY28;rotZ28;rotVel28;confidence28;posX29;posY29;posZ29;posVel29;rotX29;rotY29;rotZ29;rotVel29;confidence29;posX30;posY30;posZ30;posVel30;rotX30;rotY30;rotZ30;rotVel30;confidence30;posX31;posY31;posZ31;posVel31;rotX31;rotY31;rotZ31;rotVel31;confidence31;TimeStamp
0.000000;-150.000000;2000.000000;0.000000;0.000000;0.000000;0.000000;0.000000;2.000000;4.778763;-331.001404;1964.731445;0.000000;0.000000;0.000000;0.000000;0.000000;2.000000;8.517685;-476.238159;1939.422852;0.000000;0.000000;0.000000;0.000000;0.000000;2.000000;2.870026;-699.086670;1965.856445;0.000000;0.000000;0.000000;0.000000;0.000000;2.000000;38.472046;-663.025208;1965.107788;0.000000;0.000000;0.000000;0.000000;0.000000;2.000000;179.396683;-703.055298;1984.741943;0.000000;0.000000;0.000000;0.000000;0.000000;2.000000;456.441833;-732.755798;1921.445190;0.000000;0.000000;0.000000;0.000000;0.000000;2.000000;625.553467;-813.874268;1772.001953;0.000000;0.000000;0.000000;0.000000;0.000000;2.000000;690.361267;-888.287292;1758.744141;0.000000;0.000000;0.000000;0.000000;0.000000;0.000000;785.558960;-943.502136;1739.473389;0.000000;0.000000;0.000000;0.000000;0.000000;0.000000;696.710510;-926.648376;1728.810547;0.000000;0.000000;0.000000;0.000000;0.000000;0.000000;-30.902679;-661.247986;1960.027710;0.000000;0.000000;0.000000;0.000000;0.000000;2.000000;-163.738983;-688.186218;1949.114624;0.000000;0.000000;0.000000;0.000000;0.000000;2.000000;-428.786407;-721.190430;1833.263184;0.000000;0.000000;0.000000;0.000000;0.000000;2.000000;-582.857788;-796.837219;1661.457764;0.000000;0.000000;0.000000;0.000000;0.000000;2.000000;-637.263367;-888.021057;1676.226074;0.000000;0.000000;0.000000;0.000000;0.000000;2.000000;-703.123840;-890.842407;1588.392944;0.000000;0.000000;0.000000;0.000000;0.000000;2.000000;-662.547485;-902.939697;1618.437988;0.000000;0.000000;0.000000;0.000000;0.000000;2.000000;94.212723;-148.099228;2003.010620;0.000000;0.000000;0.000000;0.000000;0.000000;2.000000;245.846603;236.935364;1993.026489;0.000000;0.000000;0.000000;0.000000;0.000000;2.000000;284.172302;585.942383;2175.294922;0.000000;0.000000;0.000000;0.000000;0.000000;2.000000;330.133179;713.626038;2037.070923;0.000000;0.000000;0.000000;0.000000;0.000000;2.000000;-84.955772;-151.713989;1997.285156;0.000000;0.000000;0.000000;0.000000;0.000000;2.000000;-210.105667;241.382462;1969.211304;0.000000;0.000000;0.000000;0.000000;0.000000;2.000000;-250.838928;613.479614;2109.535156;0.000000;0.000000;0.000000;0.000000;0.000000;2.000000;-294.248138;710.697388;1966.615479;0.000000;0.000000;0.000000;0.000000;0.000000;2.000000;1.737366;-783.450439;1961.935791;0.000000;0.000000;0.000000;0.000000;0.000000;2.000000;2.231216;-810.515686;1798.006958;0.000000;0.000000;0.000000;0.000000;0.000000;2.000000;29.225693;-849.441162;1831.255981;0.000000;0.000000;0.000000;0.000000;0.000000;2.000000;88.442734;-846.944702;1948.169922;0.000000;0.000000;0.000000;0.000000;0.000000;2.000000;-24.599854;-846.368347;1827.271973;0.000000;0.000000;0.000000;0.000000;0.000000;2.000000;-83.056427;-851.105652;1949.391724;0.000000;0.000000;0.000000;0.000000;0.000000;2.000000;11944633344.000000
0.000000;-150.000000;2000.000000;0.000000;0.000000;0.000000;0.000000;0.000000;2.000000;-0.696671;-334.974121;1969.231689;0.240441;0.000000;0.000000;0.000000;0.000000;2.000000;-1.600983;-483.454712;1948.594116;0.457090;0.000000;0.000000;0.000000;0.000000;2.000000;-8.505463;-709.320435;1980.358643;0.623872;0.000000;0.000000;0.000000;0.000000;2.000000;27.732773;-672.703857;1979.989136;0.613980;0.000000;0.000000;0.000000;0.000000;2.000000;174.076004;-703.509521;1994.503052;0.329259;0.000000;0.000000;0.000000;0.000000;2.000000;456.064697;-692.596497;1925.745728;1.195273;0.000000;0.000000;0.000000;0.000000;2.000000;645.105530;-721.986023;1774.652100;2.781213;0.000000;0.000000;0.000000;0.000000;2.000000;675.212830;-817.638184;1760.948364;2.139220;0.000000;0.000000;0.000000;0.000000;0.000000;786.479553;-810.540894;1739.312134;3.934793;0.000000;0.000000;0.000000;0.000000;0.000000;710.911987;-818.867371;1817.063965;4.143742;0.000000;0.000000;0.000000;0.000000;0.000000;-42.573120;-670.985962;1972.416016;0.580274;0.000000;0.000000;0.000000;0.000000;2.000000;-177.427368;-691.304016;1949.874023;0.416060;0.000000;0.000000;0.000000;0.000000;2.000000;-450.158356;-672.175720;1836.566895;1.585389;0.000000;0.000000;0.000000;0.000000;2.000000;-623.875000;-686.827087;1661.777222;3.474445;0.000000;0.000000;0.000000;0.000000;2.000000;-685.013794;-774.844177;1681.543335;3.638517;0.000000;0.000000;0.000000;0.000000;2.000000;-738.287354;-757.506714;1584.984619;4.081930;0.000000;0.000000;0.000000;0.000000;2.000000;-721.430298;-769.451599;1595.719482;4.369565;0.000000;0.000000;0.000000;0.000000;2.000000;95.479172;-151.709305;2008.114258;0.188754;0.000000;0.000000;0.000000;0.000000;2.000000;222.560898;248.768219;2031.008057;1.364110;0.000000;0.000000;0.000000;0.000000;2.000000;273.237976;617.695251;2182.791504;1.018269;0.000000;0.000000;0.000000;0.000000;2.000000;319.306152;744.564514;2039.424316;0.972497;0.000000;0.000000;0.000000;0.000000;2.000000;-86.097755;-148.458633;1992.682861;0.170210;0.000000;0.000000;0.000000;0.000000;2.000000;-205.114899;254.532578;1982.284058;0.568251;0.000000;0.000000;0.000000;0.000000;2.000000;-255.914398;632.602112;2122.343018;0.697456;0.000000;0.000000;0.000000;0.000000;2.000000;-301.304749;740.297546;1983.916504;1.035871;0.000000;0.000000;0.000000;0.000000;2.000000;-9.621811;-795.146545;1978.271851;0.683008;0.000000;0.000000;0.000000;0.000000;2.000000;-9.016037;-808.148132;1809.878662;0.488992;0.000000;0.000000;0.000000;0.000000;2.000000;15.060547;-852.387085;1840.280762;0.504622;0.000000;0.000000;0.000000;0.000000;2.000000;73.781998;-864.522400;1959.272583;0.752834;0.000000;0.000000;0.000000;0.000000;2.000000;-39.229782;-844.928284;1836.175293;0.508598;0.000000;0.000000;0.000000;0.000000;2.000000;-100.402840;-856.068237;1959.050903;0.605623;0.000000;0.000000;0.000000;0.000000;2.000000;11944667136.000000
0.000000;-150.000000;2000.000000;0.000000;0.000000;0.000000;0.000000;0.000000;2.000000;1.053177;-337.217743;1972.971680;0.143411;0.000000;0.000000;0.000000;0.000000;2.000000;1.518387;-487.712433;1958.128662;0.332580;0.000000;0.000000;0.000000;0.000000;2.000000;-5.064056;-715.407837;1991.308228;0.396486;0.000000;0.000000;0.000000;0.000000;2.000000;31.462433;-678.447754;1990.506470;0.383013;0.000000;0.000000;0.000000;0.000000;2.000000;179.544174;-707.704468;2004.275269;0.364930;0.000000;0.000000;0.000000;0.000000;2.000000;458.466492;-649.035889;1936.370605;1.370298;0.000000;0.000000;0.000000;0.000000;2.000000;652.952209;-632.474121;1786.779419;2.767024;0.000000;0.000000;0.000000;0.000000;2.000000;719.402771;-702.786621;1754.151855;3.761200;0.000000;0.000000;0.000000;0.000000;0.000000;830.449097;-674.775269;1750.969604;4.369614;0.000000;0.000000;0.000000;0.000000;0.000000;758.877380;-702.250122;1811.703125;3.851628;0.000000;0.000000;0.000000;0.000000;0.000000;-39.512390;-676.799194;1983.348511;0.389241;0.000000;0.000000;0.000000;0.000000;2.000000;-175.215912;-692.311890;1955.291626;0.181205;0.000000;0.000000;0.000000;0.000000;2.000000;-439.509827;-608.427124;1844.648682;1.987768;0.000000;0.000000;0.000000;0.000000;2.000000;-623.600952;-567.390503;1682.033081;3.696972;0.000000;0.000000;0.000000;0.000000;2.000000;-704.876160;-619.819946;1734.286377;5.033907;0.000000;0.000000;0.000000;0.000000;2.000000;-727.178284;-614.226318;1624.045044;4.544805;0.000000;0.000000;0.000000;0.000000;2.000000;-731.876770;-564.720459;1632.514160;6.356000;0.000000;0.000000;0.000000;0.000000;2.000000;96.530838;-150.229095;2005.348145;0.100978;0.000000;0.000000;0.000000;0.000000;2.000000;207.664780;258.651337;2030.679321;0.545641;0.000000;0.000000;0.000000;0.000000;2.000000;264.144104;629.943970;2184.024170;0.467078;0.000000;0.000000;0.000000;0.000000;2.000000;311.563660;776.507324;2058.620850;1.161592;0.000000;0.000000;0.000000;0.000000;2.000000;-87.046120;-149.793457;1995.177246;0.091059;0.000000;0.000000;0.000000;0.000000;2.000000;-184.148346;262.870972;2003.374390;0.942557;0.000000;0.000000;0.000000;0.000000;2.000000;-230.238754;651.418823;2125.642090;0.976654;0.000000;0.000000;0.000000;0.000000;2.000000;-296.237732;767.311523;2000.694702;0.982712;0.000000;0.000000;0.000000;0.000000;2.000000;-6.143417;-801.996582;1989.625000;0.418343;0.000000;0.000000;0.000000;0.000000;2.000000;-2.076035;-810.475586;1819.507935;0.369128;0.000000;0.000000;0.000000;0.000000;2.000000;24.014816;-854.590820;1849.426880;0.396361;0.000000;0.000000;0.000000;0.000000;2.000000;81.846725;-866.970581;1970.131226;0.419485;0.000000;0.000000;0.000000;0.000000;2.000000;-30.996063;-849.814453;1844.514893;0.387486;0.000000;0.000000;0.000000;0.000000;2.000000;-94.044350;-867.584106;1967.021851;0.469397;0.000000;0.000000;0.000000;0.000000;2.000000;11944699904.000000
0.000000;-150.000000;2000.000000;0.000000;0.000000;0.000000;0.000000;0.000000;2.000000;-0.393097;-339.326355;1977.517212;0.154337;0.000000;0.000000;0.000000;0.000000;2.000000;-0.974396;-491.530914;1969.417969;0.360308;0.000000;0.000000;0.000000;0.000000;2.000000;0.173126;-721.088379;2003.071899;0.416492;0.000000;0.000000;0.000000;0.000000;2.000000;35.825775;-682.758301;2001.215454;0.365207;0.000000;0.000000;0.000000;0.000000;2.000000;185.586823;-712.671387;2005.118774;0.232817;0.000000;0.000000;0.000000;0.000000;2.000000;457.243347;-609.310547;1952.843994;1.273169;0.000000;0.000000;0.000000;0.000000;2.000000;642.561707;-548.102417;1800.046143;2.546108;0.000000;0.000000;0.000000;0.000000;2.000000;727.218323;-605.586670;1789.166382;3.066096;0.000000;0.000000;0.000000;0.000000;0.000000;823.696045;-543.098022;1778.138916;3.983797;0.000000;0.000000;0.000000;0.000000;0.000000;762.529846;-582.435303;1841.276001;3.653661;0.000000;0.000000;0.000000;0.000000;0.000000;-35.903381;-683.232544;1996.029175;0.434130;0.000000;0.000000;0.000000;0.000000;2.000000;-170.227203;-701.331055;1958.861450;0.322787;0.000000;0.000000;0.000000;0.000000;2.000000;-427.310425;-574.709229;1867.102783;1.251992;0.000000;0.000000;0.000000;0.000000;2.000000;-595.916138;-483.428741;1705.109863;2.703909;0.000000;0.000000;0.000000;0.000000;2.000000;-690.160645;-500.808685;1760.721313;3.633899;0.000000;0.000000;0.000000;0.000000;2.000000;-708.495178;-457.128448;1657.575806;4.785726;0.000000;0.000000;0.000000;0.000000;2.000000;-689.304199;-414.363007;1680.495972;4.837500;0.000000;0.000000;0.000000;0.000000;2.000000;97.407654;-150.509857;2002.590454;0.086036;0.000000;0.000000;0.000000;0.000000;2.000000;192.361084;264.168518;2047.991211;0.703004;0.000000;0.000000;0.000000;0.000000;2.000000;245.546356;643.379150;2191.328125;0.712522;0.000000;0.000000;0.000000;0.000000;2.000000;298.812408;792.735229;2069.110596;0.685106;0.000000;0.000000;0.000000;0.000000;2.000000;-87.836784;-149.540253;1997.664063;0.077585;0.000000;0.000000;0.000000;0.000000;2.000000;-161.640152;269.574890;2036.873047;1.210675;0.000000;0.000000;0.000000;0.000000;2.000000;-203.998962;668.777466;2134.615234;0.968172;0.000000;0.000000;0.000000;0.000000;2.000000;-278.738647;788.286011;2016.037842;0.927138;0.000000;0.000000;0.000000;0.000000;2.000000;1.635483;-808.357056;2001.421021;0.458558;0.000000;0.000000;0.000000;0.000000;2.000000;3.344284;-801.611084;1829.838379;0.433590;0.000000;0.000000;0.000000;0.000000;2.000000;31.281830;-847.808472;1855.591675;0.346140;0.000000;0.000000;0.000000;0.000000;2.000000;91.735321;-869.339111;1974.906006;0.332432;0.000000;0.000000;0.000000;0.000000;2.000000;-24.342209;-844.134033;1851.799316;0.336895;0.000000;0.000000;0.000000;0.000000;2.000000;-85.492981;-874.653687;1974.005249;0.387962;0.000000;0.000000;0.000000;0.000000;2.000000;11944733696.000000
0.000000;-150.000000;2000.000000;0.000000;0.000000;0.000000;0.000000;0.000000;2.000000;1.965759;-338.967194;1969.026733;0.269146;0.000000;0.000000;0.000000;0.000000;2.000000;4.864731;-491.545959;1956.816162;0.423855;0.000000;0.000000;0.000000;0.000000;2.000000;2.723434;-721.231140;1996.149170;0.225187;0.000000;0.000000;0.000000;0.000000;2.000000;39.133148;-683.399475;1992.812256;0.276287;0.000000;0.000000;0.000000;0.000000;2.000000;189.922546;-711.719482;1995.156006;0.332853;0.000000;0.000000;0.000000;0.000000;2.000000;446.182434;-568.122437;1953.973389;1.301953;0.000000;0.000000;0.000000;0.000000;2.000000;619.509399;-472.871094;1802.760986;2.402672;0.000000;0.000000;0.000000;0.000000;2.000000;722.316101;-482.754456;1798.718262;3.762834;0.000000;0.000000;0.000000;0.000000;0.000000;801.664917;-405.373596;1764.536865;4.276644;0.000000;0.000000;0.000000;0.000000;0.000000;736.525024;-405.466125;1821.427124;5.492174;0.000000;0.000000;0.000000;0.000000;0.000000;-32.983231;-682.779236;1988.712036;0.240825;0.000000;0.000000;0.000000;0.000000;2.000000;-167.058441;-681.772705;1944.558472;0.745745;0.000000;0.000000;0.000000;0.000000;2.000000;-405.379822;-509.851074;1873.906128;2.099693;0.000000;0.000000;0.000000;0.000000;2.000000;-561.752991;-383.342834;1721.911255;3.267889;0.000000;0.000000;0.000000;0.000000;2.000000;-666.334229;-385.797791;1759.886475;3.584471;0.000000;0.000000;0.000000;0.000000;2.000000;-667.571045;-312.018402;1672.983032;4.625109;0.000000;0.000000;0.000000;0.000000;2.000000;-633.773987;-287.654358;1708.135864;4.305321;0.000000;0.000000;0.000000;0.000000;2.000000;97.328033;-147.352539;1990.024658;0.395405;0.000000;0.000000;0.000000;0.000000;2.000000;172.283203;274.545105;2022.266968;1.044991;0.000000;0.000000;0.000000;0.000000;2.000000;217.859344;654.847900;2170.412109;1.115284;0.000000;0.000000;0.000000;0.000000;2.000000;257.928345;806.393066;2044.456055;1.515434;0.000000;0.000000;0.000000;0.000000;2.000000;-87.764977;-152.387390;2008.995117;0.356552;0.000000;0.000000;0.000000;0.000000;2.000000;-153.034912;271.653473;2022.685547;0.510343;0.000000;0.000000;0.000000;0.000000;2.000000;-154.126678;667.850708;2146.167969;1.562538;0.000000;0.000000;0.000000;0.000000;2.000000;-210.893036;794.683960;2024.020020;2.093887;0.000000;0.000000;0.000000;0.000000;2.000000;2.713364;-808.911987;1996.583862;0.152184;0.000000;0.000000;0.000000;0.000000;2.000000;7.525833;-781.325256;1826.390259;0.640789;0.000000;0.000000;0.000000;0.000000;2.000000;36.122482;-829.945740;1847.075439;0.621717;0.000000;0.000000;0.000000;0.000000;2.000000;95.040924;-864.685059;1964.712158;0.356549;0.000000;0.000000;0.000000;0.000000;2.000000;-19.733887;-826.932800;1842.543945;0.612470;0.000000;0.000000;0.000000;0.000000;2.000000;-82.757904;-873.411255;1959.361694;0.456192;0.000000;0.000000;0.000000;0.000000;2.000000;11944766464.000000
0.000000;-150.000000;2000.000000;0.000000;0.000000;0.000000;0.000000;0.000000;2.000000;-1.991150;-340.402100;1968.359985;0.126111;0.000000;0.000000;0.000000;0.000000;2.000000;-1.446304;-494.532410;1960.877563;0.239030;0.000000;0.000000;0.000000;0.000000;2.000000;-5.685532;-726.037415;2000.406250;0.313088;0.000000;0.000000;0.000000;0.000000;2.000000;31.348663;-688.221069;1997.138672;0.299698;0.000000;0.000000;0.000000;0.000000;2.000000;184.935684;-705.563599;1991.518433;0.257977;0.000000;0.000000;0.000000;0.000000;2.000000;421.436279;-524.669373;1964.380859;1.511511;0.000000;0.000000;0.000000;0.000000;2.000000;577.645508;-390.079102;1821.359375;2.800080;0.000000;0.000000;0.000000;0.000000;2.000000;680.454651;-373.308167;1819.611572;3.522340;0.000000;0.000000;0.000000;0.000000;2.000000;776.762573;-313.866821;1790.303711;2.908168;0.000000;0.000000;0.000000;0.000000;0.000000;686.168335;-324.489624;1853.248047;2.974859;0.000000;0.000000;0.000000;0.000000;0.000000;-41.324829;-686.966858;1992.852905;0.302173;0.000000;0.000000;0.000000;0.000000;2.000000;-173.785721;-675.261169;1942.233398;0.285478;0.000000;0.000000;0.000000;0.000000;2.000000;-391.086792;-469.341736;1885.811401;1.319133;0.000000;0.000000;0.000000;0.000000;2.000000;-519.787598;-306.712708;1738.967041;2.634286;0.000000;0.000000;0.000000;0.000000;2.000000;-621.391418;-272.744385;1772.226440;3.618705;0.000000;0.000000;0.000000;0.000000;2.000000;-597.140930;-182.358398;1705.539185;4.471551;0.000000;0.000000;0.000000;0.000000;2.000000;-577.074585;-192.807129;1749.431396;3.490965;0.000000;0.000000;0.000000;0.000000;2.000000;97.958023;-149.088013;1988.347290;0.073818;0.000000;0.000000;0.000000;0.000000;2.000000;142.712265;277.949280;2045.298096;1.113752;0.000000;0.000000;0.000000;0.000000;2.000000;178.505966;669.571655;2174.530518;1.249377;0.000000;0.000000;0.000000;0.000000;2.000000;190.695419;808.755920;2027.690918;2.051727;0.000000;0.000000;0.000000;0.000000;2.000000;-88.333046;-150.822357;2010.507690;0.066567;0.000000;0.000000;0.000000;0.000000;2.000000;-107.252632;278.372711;2061.862305;1.794208;0.000000;0.000000;0.000000;0.000000;2.000000;-102.491669;683.739197;2164.962646;1.692713;0.000000;0.000000;0.000000;0.000000;2.000000;-132.450165;797.064636;2019.923950;2.325574;0.000000;0.000000;0.000000;0.000000;2.000000;-6.459030;-814.413086;2000.801392;0.340230;0.000000;0.000000;0.000000;0.000000;2.000000;9.055664;-774.501160;1832.302368;0.270999;0.000000;0.000000;0.000000;0.000000;2.000000;36.171387;-825.218506;1851.270630;0.187041;0.000000;0.000000;0.000000;0.000000;2.000000;87.945877;-869.323975;1970.378418;0.301739;0.000000;0.000000;0.000000;0.000000;2.000000;-19.721115;-821.178345;1843.550659;0.172877;0.000000;0.000000;0.000000;0.000000;2.000000;-90.669792;-875.530273;1953.582397;0.296650;0.000000;0.000000;0.000000;0.000000;2.000000;11944800256.000000
0.000000;-150.000000;2000.000000;0.000000;0.000000;0.000000;0.000000;0.000000;2.000000;-1.906250;-339.858490;1973.304688;0.151832;0.000000;0.000000;0.000000;0.000000;2.000000;-2.072708;-493.087280;1969.221436;0.259132;0.000000;0.000000;0.000000;0.000000;2.000000;-6.734161;-723.269775;2007.110474;0.223646;0.000000;0.000000;0.000000;0.000000;2.000000;30.091431;-685.696228;2004.466919;0.239633;0.000000;0.000000;0.000000;0.000000;2.000000;182.790588;-702.323425;2001.350952;0.322648;0.000000;0.000000;0.000000;0.000000;2.000000;403.621735;-505.039551;1978.644897;0.918650;0.000000;0.000000;0.000000;0.000000;2.000000;552.811035;-360.968933;1840.370605;1.303919;0.000000;0.000000;0.000000;0.000000;2.000000;638.132813;-304.216492;1825.912109;2.480104;0.000000;0.000000;0.000000;0.000000;2.000000;733.550903;-238.068115;1823.577393;2.849732;0.000000;0.000000;0.000000;0.000000;2.000000;620.792603;-251.523254;1827.282593;3.093026;0.000000;0.000000;0.000000;0.000000;2.000000;-42.048523;-684.408936;1999.462158;0.217402;0.000000;0.000000;0.000000;0.000000;2.000000;-172.757660;-661.946045;1950.609741;0.481088;0.000000;0.000000;0.000000;0.000000;2.000000;-353.346191;-422.684143;1909.217041;1.965746;0.000000;0.000000;0.000000;0.000000;2.000000;-469.024261;-241.677704;1776.658325;2.768047;0.000000;0.000000;0.000000;0.000000;2.000000;-561.920776;-206.314484;1827.014038;3.193628;0.000000;0.000000;0.000000;0.000000;2.000000;-547.277344;-129.968506;1743.430786;2.491784;0.000000;0.000000;0.000000;0.000000;2.000000;-530.336914;-157.965698;1827.156006;2.964991;0.000000;0.000000;0.000000;0.000000;2.000000;97.693512;-149.901581;1992.323730;0.124128;0.000000;0.000000;0.000000;0.000000;2.000000;124.006073;275.481232;2051.224854;0.603554;0.000000;0.000000;0.000000;0.000000;2.000000;140.284668;666.719666;2176.679932;1.171502;0.000000;0.000000;0.000000;0.000000;2.000000;154.511749;805.666931;2031.670898;1.114890;0.000000;0.000000;0.000000;0.000000;2.000000;-88.094528;-150.088776;2006.921997;0.111930;0.000000;0.000000;0.000000;0.000000;2.000000;-85.871246;277.839325;2046.753052;0.799151;0.000000;0.000000;0.000000;0.000000;2.000000;-59.399887;674.414673;2167.891846;1.348459;0.000000;0.000000;0.000000;0.000000;2.000000;-52.527878;806.981018;2038.691284;2.523588;0.000000;0.000000;0.000000;0.000000;2.000000;-7.521835;-811.056458;2006.987427;0.217219;0.000000;0.000000;0.000000;0.000000;2.000000;5.680298;-776.488098;1838.303223;0.218688;0.000000;0.000000;0.000000;0.000000;2.000000;33.752396;-825.712708;1858.487915;0.232785;0.000000;0.000000;0.000000;0.000000;2.000000;87.036652;-864.726624;1977.656372;0.264168;0.000000;0.000000;0.000000;0.000000;2.000000;-21.898453;-823.013977;1851.205566;0.249252;0.000000;0.000000;0.000000;0.000000;2.000000;-90.369736;-874.828918;1962.805298;0.282422;0.000000;0.000000;0.000000;0.000000;2.000000;11944833024.000000
0.000000;-150.000000;2000.000000;0.000000;0.000000;0.000000;0.000000;0.000000;2.000000;-4.158661;-342.915466;1998.222290;0.745894;0.000000;0.000000;0.000000;0.000000;2.000000;-7.944214;-497.092438;2001.967651;0.991615;0.000000;0.000000;0.000000;0.000000;2.000000;-9.713455;-729.394775;2036.263916;0.885965;0.000000;0.000000;0.000000;0.000000;2.000000;26.780670;-690.958496;2035.030396;0.922982;0.000000;0.000000;0.000000;0.000000;2.000000;181.198868;-698.748169;2033.593628;0.961154;0.000000;0.000000;0.000000;0.000000;2.000000;371.205444;-468.014313;2034.095703;2.193958;0.000000;0.000000;0.000000;0.000000;2.000000;497.327271;-299.133057;1898.053101;2.993030;0.000000;0.000000;0.000000;0.000000;2.000000;584.944092;-251.963379;1867.293213;2.523526;0.000000;0.000000;0.000000;0.000000;2.000000;681.540039;-186.595612;1859.813232;2.416409;0.000000;0.000000;0.000000;0.000000;2.000000;550.116577;-203.609283;1833.459106;2.533427;0.000000;0.000000;0.000000;0.000000;2.000000;-45.707291;-690.730957;2028.411621;0.883545;0.000000;0.000000;0.000000;0.000000;2.000000;-179.766983;-669.843384;1985.686401;1.084030;0.000000;0.000000;0.000000;0.000000;2.000000;-330.860779;-406.490387;1961.829590;1.759693;0.000000;0.000000;0.000000;0.000000;2.000000;-415.975433;-206.478699;1830.340210;2.464370;0.000000;0.000000;0.000000;0.000000;2.000000;-496.320801;-158.277222;1891.963501;3.079553;0.000000;0.000000;0.000000;0.000000;2.000000;-483.309631;-85.632614;1803.924561;2.917111;0.000000;0.000000;0.000000;0.000000;2.000000;-454.124817;-116.007782;1887.581543;3.134603;0.000000;0.000000;0.000000;0.000000;2.000000;98.208450;-152.197998;2008.781982;0.492000;0.000000;0.000000;0.000000;0.000000;2.000000;114.140030;272.513580;2091.648682;1.234496;0.000000;0.000000;0.000000;0.000000;2.000000;117.940964;669.272827;2209.209717;1.170300;0.000000;0.000000;0.000000;0.000000;2.000000;132.178635;805.872437;2060.222168;1.072708;0.000000;0.000000;0.000000;0.000000;2.000000;-88.558891;-148.017944;1992.080933;0.443656;0.000000;0.000000;0.000000;0.000000;2.000000;-64.849380;273.172455;2087.651611;1.367812;0.000000;0.000000;0.000000;0.000000;2.000000;-36.307022;670.390137;2215.238037;1.563424;0.000000;0.000000;0.000000;0.000000;2.000000;-25.354462;799.072632;2080.785400;1.501044;0.000000;0.000000;0.000000;0.000000;2.000000;-9.071777;-817.733398;2034.704468;0.844934;0.000000;0.000000;0.000000;0.000000;2.000000;6.178604;-792.123169;1863.473755;0.876996;0.000000;0.000000;0.000000;0.000000;2.000000;34.473373;-840.292969;1886.803833;0.942750;0.000000;0.000000;0.000000;0.000000;2.000000;86.797470;-872.617798;2009.356567;0.966752;0.000000;0.000000;0.000000;0.000000;2.000000;-21.452347;-838.363281;1878.639160;0.930364;0.000000;0.000000;0.000000;0.000000;2.000000;-91.476929;-884.806519;1992.757446;0.934828;0.000000;0.000000;0.000000;0.000000;2.000000;11944866816.000000
0.000000;-150.000000;2000.000000;0.000000;0.000000;0.000000;0.000000;0.000000;2.000000;-5.857742;-342.077148;1992.845947;0.173963;0.000000;0.000000;0.000000;0.000000;2.000000;-10.012589;-495.694305;1997.171753;0.165003;0.000000;0.000000;0.000000;0.000000;2.000000;-15.162201;-726.993530;2032.331909;0.217758;0.000000;0.000000;0.000000;0.000000;2.000000;21.960541;-689.578003;2028.697021;0.246515;0.000000;0.000000;0.000000;0.000000;2.000000;175.627136;-687.955078;2017.462646;0.616231;0.000000;0.000000;0.000000;0.000000;2.000000;359.978394;-454.506744;2032.925049;0.537206;0.000000;0.000000;0.000000;0.000000;2.000000;471.313293;-277.557404;1895.837036;1.033617;0.000000;0.000000;0.000000;0.000000;2.000000;541.167480;-203.666138;1875.022217;2.003207;0.000000;0.000000;0.000000;0.000000;2.000000;613.566223;-112.479980;1877.960693;3.118606;0.000000;0.000000;0.000000;0.000000;2.000000;530.938232;-161.761108;1866.553101;1.730186;0.000000;0.000000;0.000000;0.000000;2.000000;-50.520279;-687.634155;2026.587280;0.183317;0.000000;0.000000;0.000000;0.000000;2.000000;-185.667480;-662.384521;1992.070923;0.349573;0.000000;0.000000;0.000000;0.000000;2.000000;-312.916382;-387.828705;1968.871460;0.818786;0.000000;0.000000;0.000000;0.000000;2.000000;-385.599365;-172.732666;1856.876587;1.604911;0.000000;0.000000;0.000000;0.000000;2.000000;-413.087128;-75.925110;1905.475830;3.596972;0.000000;0.000000;0.000000;0.000000;2.000000;-417.263641;-9.897339;1812.046997;3.076662;0.000000;0.000000;0.000000;0.000000;2.000000;-399.526672;-44.021790;1872.775513;2.794010;0.000000;0.000000;0.000000;0.000000;2.000000;98.106720;-152.799194;1994.824951;0.426341;0.000000;0.000000;0.000000;0.000000;2.000000;108.524506;269.062347;2084.976563;0.286219;0.000000;0.000000;0.000000;0.000000;2.000000;108.749359;658.094360;2221.804199;0.585480;0.000000;0.000000;0.000000;0.000000;2.000000;130.766541;783.722778;2065.253906;0.694515;0.000000;0.000000;0.000000;0.000000;2.000000;-88.467125;-147.475861;2004.666504;0.384447;0.000000;0.000000;0.000000;0.000000;2.000000;-62.242203;274.739014;2087.426758;0.093076;0.000000;0.000000;0.000000;0.000000;2.000000;-24.806137;668.685913;2218.075195;0.365223;0.000000;0.000000;0.000000;0.000000;2.000000;-4.667114;785.671753;2075.159912;0.771555;0.000000;0.000000;0.000000;0.000000;2.000000;-16.715866;-815.019775;2031.098511;0.270900;0.000000;0.000000;0.000000;0.000000;2.000000;-0.150146;-809.415405;1858.780396;0.579916;0.000000;0.000000;0.000000;0.000000;2.000000;24.165405;-856.739502;1887.223999;0.592481;0.000000;0.000000;0.000000;0.000000;2.000000;73.996368;-879.654663;2012.377930;0.455228;0.000000;0.000000;0.000000;0.000000;2.000000;-31.259399;-851.217285;1878.648804;0.493408;0.000000;0.000000;0.000000;0.000000;2.000000;-104.121819;-879.144409;1996.358398;0.436859;0.000000;0.000000;0.000000;0.000000;2.000000;11944899584.000000
0.000000;-150.000000;2000.000000;0.000000;0.000000;0.000000;0.000000;0.000000;2.000000;-6.488922;-341.622437;1992.469238;0.025578;0.000000;0.000000;0.000000;0.000000;2.000000;-11.053802;-494.880829;1997.183716;0.039103;0.000000;0.000000;0.000000;0.000000;2.000000;-20.175568;-725.800537;2030.595093;0.160930;0.000000;0.000000;0.000000;0.000000;2.000000;17.527512;-689.155762;2026.760010;0.143707;0.000000;0.000000;0.000000;0.000000;2.000000;170.642792;-687.486328;2012.913696;0.200176;0.000000;0.000000;0.000000;0.000000;2.000000;340.306763;-445.230682;2042.278198;0.700606;0.000000;0.000000;0.000000;0.000000;2.000000;433.312866;-258.644104;1905.301636;1.286972;0.000000;0.000000;0.000000;0.000000;2.000000;485.801086;-173.933838;1877.106079;1.860771;0.000000;0.000000;0.000000;0.000000;2.000000;540.037109;-71.152252;1876.462646;2.496475;0.000000;0.000000;0.000000;0.000000;2.000000;442.009705;-139.543579;1857.541626;2.725609;0.000000;0.000000;0.000000;0.000000;2.000000;-54.765762;-685.815186;2025.625000;0.139616;0.000000;0.000000;0.000000;0.000000;2.000000;-189.508850;-652.434448;1998.492554;0.368424;0.000000;0.000000;0.000000;0.000000;2.000000;-287.604858;-366.302124;1983.816040;1.078172;0.000000;0.000000;0.000000;0.000000;2.000000;-347.030579;-137.392563;1895.037354;1.916170;0.000000;0.000000;0.000000;0.000000;2.000000;-394.155334;-39.613174;1869.479370;1.613477;0.000000;0.000000;0.000000;0.000000;2.000000;-389.840210;6.413261;1765.019409;1.681766;0.000000;0.000000;0.000000;0.000000;2.000000;-336.302368;-34.158417;1856.153198;1.956463;0.000000;0.000000;0.000000;0.000000;2.000000;97.854279;-153.089844;1994.304810;0.019150;0.000000;0.000000;0.000000;0.000000;2.000000;106.538757;267.208679;2087.392090;0.107573;0.000000;0.000000;0.000000;0.000000;2.000000;103.099823;652.529663;2231.761230;0.376685;0.000000;0.000000;0.000000;0.000000;2.000000;127.383698;770.819458;2070.468750;0.423843;0.000000;0.000000;0.000000;0.000000;2.000000;-88.239517;-147.213745;2005.135620;0.017270;0.000000;0.000000;0.000000;0.000000;2.000000;-65.925201;273.914673;2089.667969;0.129895;0.000000;0.000000;0.000000;0.000000;2.000000;-34.052032;666.932007;2221.688232;0.298311;0.000000;0.000000;0.000000;0.000000;2.000000;-18.033676;770.264282;2068.614746;0.633932;0.000000;0.000000;0.000000;0.000000;2.000000;-23.432388;-813.576660;2028.724365;0.215095;0.000000;0.000000;0.000000;0.000000;2.000000;3.105408;-789.762085;1859.617188;0.590042;0.000000;0.000000;0.000000;0.000000;2.000000;23.437744;-841.085449;1883.627563;0.475803;0.000000;0.000000;0.000000;0.000000;2.000000;64.825867;-880.357422;2007.462646;0.308606;0.000000;0.000000;0.000000;0.000000;2.000000;-30.964355;-831.693359;1872.936523;0.602052;0.000000;0.000000;0.000000;0.000000;2.000000;-111.479675;-868.523438;1982.564575;0.559306;0.000000;0.000000;0.000000;0.000000;2.000000;11944933376.000000
0.000000;-150.000000;2000.000000;0.000000;0.000000;0.000000;0.000000;0.000000;2.000000;-6.797516;-340.977966;1992.195801;0.022641;0.000000;0.000000;0.000000;0.000000;2.000000;-11.570450;-493.742310;1996.572144;0.041188;0.000000;0.000000;0.000000;0.000000;2.000000;-20.586136;-724.046875;2028.960815;0.071971;0.000000;0.000000;0.000000;0.000000;2.000000;16.996063;-687.548218;2024.898438;0.074466;0.000000;0.000000;0.000000;0.000000;2.000000;169.275665;-680.117126;2009.357788;0.245493;0.000000;0.000000;0.000000;0.000000;2.000000;319.695923;-427.586060;2046.316528;0.811754;0.000000;0.000000;0.000000;0.000000;2.000000;400.696350;-228.516586;1921.277344;1.396431;0.000000;0.000000;0.000000;0.000000;2.000000;449.468506;-143.602768;1888.607422;1.441358;0.000000;0.000000;0.000000;0.000000;2.000000;497.094482;-38.281860;1881.000244;1.605971;0.000000;0.000000;0.000000;0.000000;2.000000;409.283813;-112.621902;1864.886230;1.272733;0.000000;0.000000;0.000000;0.000000;2.000000;-55.066772;-684.129700;2024.548828;0.059845;0.000000;0.000000;0.000000;0.000000;2.000000;-189.071655;-647.290466;2000.837891;0.167800;0.000000;0.000000;0.000000;0.000000;2.000000;-270.844360;-356.725830;1999.528687;0.736562;0.000000;0.000000;0.000000;0.000000;2.000000;-317.832153;-123.302307;1917.643188;1.169611;0.000000;0.000000;0.000000;0.000000;2.000000;-329.682526;-14.396507;1898.845581;2.225371;0.000000;0.000000;0.000000;0.000000;2.000000;-322.073486;18.829475;1790.205688;2.170757;0.000000;0.000000;0.000000;0.000000;2.000000;-295.883484;-50.677536;1806.290283;1.961375;0.000000;0.000000;0.000000;0.000000;2.000000;97.506897;-153.221252;1993.898682;0.016286;0.000000;0.000000;0.000000;0.000000;2.000000;107.628571;265.245728;2088.632813;0.075912;0.000000;0.000000;0.000000;0.000000;2.000000;107.443085;648.307739;2235.241699;0.206731;0.000000;0.000000;0.000000;0.000000;2.000000;122.816010;752.789185;2064.414063;0.578851;0.000000;0.000000;0.000000;0.000000;2.000000;-87.926262;-147.095245;2005.501709;0.014683;0.000000;0.000000;0.000000;0.000000;2.000000;-62.957962;272.334656;2090.651855;0.103655;0.000000;0.000000;0.000000;0.000000;2.000000;-27.184708;663.274658;2223.598877;0.237088;0.000000;0.000000;0.000000;0.000000;2.000000;-17.638306;754.368896;2063.118652;0.497851;0.000000;0.000000;0.000000;0.000000;2.000000;-23.957855;-811.525635;2026.747314;0.085725;0.000000;0.000000;0.000000;0.000000;2.000000;-3.562485;-790.238586;1857.023315;0.212195;0.000000;0.000000;0.000000;0.000000;2.000000;16.622162;-841.508362;1880.782959;0.218912;0.000000;0.000000;0.000000;0.000000;2.000000;61.836273;-880.046875;2003.014404;0.158869;0.000000;0.000000;0.000000;0.000000;2.000000;-37.783447;-831.202759;1872.096436;0.203839;0.000000;0.000000;0.000000;0.000000;2.000000;-114.463356;-865.076721;1984.798340;0.150231;0.000000;0.000000;0.000000;0.000000;2.000000;11944967168.000000
0.000000;-150.000000;2000.000000;0.000000;0.000000;0.000000;0.000000;0.000000;2.000000;-6.992767;-339.979004;1992.314575;0.031274;0.000000;0.000000;0.000000;0.000000;2.000000;-11.965973;-491.956421;1996.104126;0.057620;0.000000;0.000000;0.000000;0.000000;2.000000;-21.337357;-721.326050;2026.270508;0.118999;0.000000;0.000000;0.000000;0.000000;2.000000;16.110092;-685.035400;2022.650757;0.106380;0.000000;0.000000;0.000000;0.000000;2.000000;167.530716;-674.961487;2008.078857;0.170629;0.000000;0.000000;0.000000;0.000000;2.000000;307.164368;-419.082947;2051.458984;0.488079;0.000000;0.000000;0.000000;0.000000;2.000000;382.327759;-215.017075;1933.601440;0.790827;0.000000;0.000000;0.000000;0.000000;2.000000;423.112427;-124.232605;1908.291504;1.165000;0.000000;0.000000;0.000000;0.000000;2.000000;456.167725;-13.843597;1907.325806;1.661811;0.000000;0.000000;0.000000;0.000000;2.000000;394.527100;-93.288483;1885.906860;0.981039;0.000000;0.000000;0.000000;0.000000;2.000000;-55.571808;-681.531128;2022.141724;0.109191;0.000000;0.000000;0.000000;0.000000;2.000000;-187.770142;-641.250671;1998.237427;0.204571;0.000000;0.000000;0.000000;0.000000;2.000000;-252.663712;-348.062683;1998.683960;0.615139;0.000000;0.000000;0.000000;0.000000;2.000000;-283.729279;-115.289520;1911.545166;1.085155;0.000000;0.000000;0.000000;0.000000;2.000000;-295.596954;-5.429749;1907.543457;1.107869;0.000000;0.000000;0.000000;0.000000;2.000000;-265.029602;80.130577;1839.904785;2.971640;0.000000;0.000000;0.000000;0.000000;2.000000;-231.619843;-15.167778;1892.264893;3.450294;0.000000;0.000000;0.000000;0.000000;2.000000;96.996109;-153.325119;1993.941040;0.015959;0.000000;0.000000;0.000000;0.000000;2.000000;105.531113;263.265686;2086.994629;0.101232;0.000000;0.000000;0.000000;0.000000;2.000000;102.814804;645.415466;2229.957764;0.231826;0.000000;0.000000;0.000000;0.000000;2.000000;124.184799;744.620544;2057.859863;0.322329;0.000000;0.000000;0.000000;0.000000;2.000000;-87.465660;-147.001587;2005.463745;0.014391;0.000000;0.000000;0.000000;0.000000;2.000000;-62.890854;270.583679;2088.567139;0.083109;0.000000;0.000000;0.000000;0.000000;2.000000;-28.365891;660.683472;2217.546387;0.204131;0.000000;0.000000;0.000000;0.000000;2.000000;-17.763870;748.628174;2056.480957;0.267844;0.000000;0.000000;0.000000;0.000000;2.000000;-24.805725;-808.321960;2023.289063;0.146172;0.000000;0.000000;0.000000;0.000000;2.000000;-5.149521;-789.718079;1854.070801;0.103521;0.000000;0.000000;0.000000;0.000000;2.000000;14.488647;-840.607117;1878.315674;0.103272;0.000000;0.000000;0.000000;0.000000;2.000000;59.665085;-877.748413;2000.208740;0.129002;0.000000;0.000000;0.000000;0.000000;2.000000;-39.561356;-829.877686;1869.801025;0.097397;0.000000;0.000000;0.000000;0.000000;2.000000;-115.633255;-861.168884;1982.752808;0.139262;0.000000;0.000000;0.000000;0.000000;2.000000;11944999936.000000
0.000000;-150.000000;2000.000000;0.000000;0.000000;0.000000;0.000000;0.000000;2.000000;-4.717606;-339.915222;1983.087524;0.281239;0.000000;0.000000;0.000000;0.000000;2.000000;-8.530090;-491.710510;1969.215088;0.802225;0.000000;0.000000;0.000000;0.000000;2.000000;-20.687027;-721.545776;1999.164917;0.802388;0.000000;0.000000;0.000000;0.000000;2.000000;17.283920;-685.607910;1995.644897;0.800113;0.000000;0.000000;0.000000;0.000000;2.000000;165.535507;-650.682556;1983.123901;1.032020;0.000000;0.000000;0.000000;0.000000;2.000000;278.489197;-379.514069;2014.505981;1.813024;0.000000;0.000000;0.000000;0.000000;2.000000;329.432068;-155.426620;1921.392944;2.385485;0.000000;0.000000;0.000000;0.000000;2.000000;361.804321;-57.941589;1914.624756;2.678646;0.000000;0.000000;0.000000;0.000000;2.000000;388.470459;2.734604;1820.013794;3.306080;0.000000;0.000000;0.000000;0.000000;2.000000;310.748779;-43.761826;1853.671143;3.033925;0.000000;0.000000;0.000000;0.000000;2.000000;-54.524719;-681.247498;1995.014160;0.803422;0.000000;0.000000;0.000000;0.000000;2.000000;-184.329178;-630.479248;1976.591064;0.722712;0.000000;0.000000;0.000000;0.000000;2.000000;-240.312378;-334.823853;1984.526367;0.680158;0.000000;0.000000;0.000000;0.000000;2.000000;-249.351105;-102.898453;1888.736572;1.274770;0.000000;0.000000;0.000000;0.000000;2.000000;-244.622040;7.822777;1886.750244;1.675703;0.000000;0.000000;0.000000;0.000000;2.000000;-226.117157;93.069923;1814.067261;1.434315;0.000000;0.000000;0.000000;0.000000;2.000000;-202.729980;-0.660492;1834.663940;1.954684;0.000000;0.000000;0.000000;0.000000;2.000000;96.797287;-151.387695;1988.582031;0.168736;0.000000;0.000000;0.000000;0.000000;2.000000;114.484726;275.896820;2005.361694;2.458813;0.000000;0.000000;0.000000;0.000000;2.000000;99.115463;638.750671;2193.497559;1.102288;0.000000;0.000000;0.000000;0.000000;2.000000;121.114670;747.751892;2026.929321;0.924475;0.000000;0.000000;0.000000;0.000000;2.000000;-87.286377;-148.748672;2010.296143;0.152156;0.000000;0.000000;0.000000;0.000000;2.000000;-59.831253;276.721680;2041.817261;1.398268;0.000000;0.000000;0.000000;0.000000;2.000000;-30.951950;662.675903;2186.861816;0.913167;0.000000;0.000000;0.000000;0.000000;2.000000;-12.553452;750.199402;2025.758057;0.923330;0.000000;0.000000;0.000000;0.000000;2.000000;-25.186432;-808.702393;1996.066528;0.805749;0.000000;0.000000;0.000000;0.000000;2.000000;-3.967194;-802.823853;1825.698364;0.925529;0.000000;0.000000;0.000000;0.000000;2.000000;16.763763;-851.230286;1854.115723;0.784999;0.000000;0.000000;0.000000;0.000000;2.000000;61.559647;-877.566345;1979.283569;0.621791;0.000000;0.000000;0.000000;0.000000;2.000000;-37.576553;-842.648987;1844.234253;0.847773;0.000000;0.000000;0.000000;0.000000;2.000000;-114.320770;-867.140686;1958.818970;0.731016;0.000000;0.000000;0.000000;0.000000;2.000000;11945033728.000000
0.000000;-150.000000;2000.000000;0.000000;0.000000;0.000000;0.000000;0.000000;2.000000;-3.743866;-339.931213;1982.352173;0.037241;0.000000;0.000000;0.000000;0.000000;2.000000;-6.712982;-491.799255;1968.535156;0.059271;0.000000;0.000000;0.000000;0.000000;2.000000;-20.106125;-722.139221;1994.372559;0.148431;0.000000;0.000000;0.000000;0.000000;2.000000;18.017166;-686.209717;1992.597534;0.097400;0.000000;0.000000;0.000000;0.000000;2.000000;166.493027;-651.076782;1983.078735;0.031631;0.000000;0.000000;0.000000;0.000000;2.000000;267.005127;-374.717651;2012.308594;0.385680;0.000000;0.000000;0.000000;0.000000;2.000000;308.102234;-151.028687;1913.344360;0.708562;0.000000;0.000000;0.000000;0.000000;2.000000;346.284363;-58.696716;1938.260132;0.863205;0.000000;0.000000;0.000000;0.000000;2.000000;384.029663;34.319923;1995.493286;5.442954;0.000000;0.000000;0.000000;0.000000;2.000000;294.603027;-19.633278;1890.174683;1.423370;0.000000;0.000000;0.000000;0.000000;2.000000;-53.755341;-681.702026;1989.843140;0.160146;0.000000;0.000000;0.000000;0.000000;2.000000;-180.650742;-627.162842;1963.353760;0.431320;0.000000;0.000000;0.000000;0.000000;2.000000;-237.059006;-331.980042;1982.125122;0.150862;0.000000;0.000000;0.000000;0.000000;2.000000;-235.183548;-97.861542;1891.174194;0.464862;0.000000;0.000000;0.000000;0.000000;2.000000;-223.873001;12.215469;1898.136597;0.734623;0.000000;0.000000;0.000000;0.000000;2.000000;-170.363876;88.128891;1832.756958;1.800834;0.000000;0.000000;0.000000;0.000000;2.000000;-177.759415;15.899994;1853.858398;1.085931;0.000000;0.000000;0.000000;0.000000;2.000000;97.166611;-151.164017;1991.914307;0.102543;0.000000;0.000000;0.000000;0.000000;2.000000;111.635300;275.886292;2018.412842;0.407672;0.000000;0.000000;0.000000;0.000000;2.000000;98.795273;645.639648;2193.108887;0.210796;0.000000;0.000000;0.000000;0.000000;2.000000;127.697952;753.492004;2026.770752;0.266594;0.000000;0.000000;0.000000;0.000000;2.000000;-87.619415;-148.950348;2007.291260;0.092468;0.000000;0.000000;0.000000;0.000000;2.000000;-59.838821;275.408569;2052.423340;0.326143;0.000000;0.000000;0.000000;0.000000;2.000000;-29.060303;665.154785;2186.930664;0.095183;0.000000;0.000000;0.000000;0.000000;2.000000;-17.538116;756.552368;2027.279175;0.250766;0.000000;0.000000;0.000000;0.000000;2.000000;-24.632126;-809.253479;1989.722168;0.195078;0.000000;0.000000;0.000000;0.000000;2.000000;-5.282654;-789.589783;1820.111084;0.440225;0.000000;0.000000;0.000000;0.000000;2.000000;14.844513;-840.582153;1844.141479;0.449087;0.000000;0.000000;0.000000;0.000000;2.000000;60.592148;-878.078247;1966.125977;0.402925;0.000000;0.000000;0.000000;0.000000;2.000000;-39.448471;-830.211548;1835.723267;0.463456;0.000000;0.000000;0.000000;0.000000;2.000000;-115.336380;-862.762939;1948.918335;0.331813;0.000000;0.000000;0.000000;0.000000;2.000000;11945066496.000000
0.000000;-150.000000;2000.000000;0.000000;0.000000;0.000000;0.000000;0.000000;2.000000;-2.869583;-340.325134;1980.398804;0.064395;0.000000;0.000000;0.000000;0.000000;2.000000;-5.193695;-492.431458;1964.260498;0.135549;0.000000;0.000000;0.000000;0.000000;2.000000;-19.008850;-723.571716;1988.913940;0.170133;0.000000;0.000000;0.000000;0.000000;2.000000;19.307114;-687.627258;1986.986694;0.175460;0.000000;0.000000;0.000000;0.000000;2.000000;167.875214;-651.058655;1977.014404;0.184064;0.000000;0.000000;0.000000;0.000000;2.000000;267.477509;-373.947662;2010.783936;0.052444;0.000000;0.000000;0.000000;0.000000;2.000000;300.925232;-151.244873;1905.092041;0.323709;0.000000;0.000000;0.000000;0.000000;2.000000;324.630096;-55.083008;1934.383545;0.659723;0.000000;0.000000;0.000000;0.000000;2.000000;333.678864;44.874245;1992.337158;1.525267;0.000000;0.000000;0.000000;0.000000;2.000000;280.110565;-26.103226;1888.310791;0.472898;0.000000;0.000000;0.000000;0.000000;2.000000;-52.689194;-682.897888;1984.935547;0.152772;0.000000;0.000000;0.000000;0.000000;2.000000;-179.501144;-624.857239;1963.805786;0.077405;0.000000;0.000000;0.000000;0.000000;2.000000;-236.973648;-328.889008;1981.321655;0.094546;0.000000;0.000000;0.000000;0.000000;2.000000;-233.919891;-95.939270;1885.468262;0.182061;0.000000;0.000000;0.000000;0.000000;2.000000;-220.067459;13.944397;1895.480835;0.146550;0.000000;0.000000;0.000000;0.000000;2.000000;-165.340775;5.616249;1795.916748;2.678234;0.000000;0.000000;0.000000;0.000000;2.000000;-175.724731;18.170662;1858.967529;0.176069;0.000000;0.000000;0.000000;0.000000;2.000000;97.589783;-150.817749;1993.653320;0.053946;0.000000;0.000000;0.000000;0.000000;2.000000;108.555359;275.398804;2044.587158;0.780049;0.000000;0.000000;0.000000;0.000000;2.000000;106.801849;654.262146;2202.250488;0.440944;0.000000;0.000000;0.000000;0.000000;2.000000;124.078186;749.233154;2026.020508;0.166887;0.000000;0.000000;0.000000;0.000000;2.000000;-88.000984;-149.262604;2005.723145;0.048645;0.000000;0.000000;0.000000;0.000000;2.000000;-62.017014;277.609497;2038.638184;0.418107;0.000000;0.000000;0.000000;0.000000;2.000000;-30.945313;666.827881;2178.292480;0.266287;0.000000;0.000000;0.000000;0.000000;2.000000;-16.727737;753.059021;2015.384033;0.367660;0.000000;0.000000;0.000000;0.000000;2.000000;-23.830139;-810.902832;1983.768555;0.184354;0.000000;0.000000;0.000000;0.000000;2.000000;-8.936844;-800.999573;1812.348267;0.422460;0.000000;0.000000;0.000000;0.000000;2.000000;12.914001;-850.198425;1838.921387;0.328798;0.000000;0.000000;0.000000;0.000000;2.000000;62.514984;-879.502991;1962.085693;0.138964;0.000000;0.000000;0.000000;0.000000;2.000000;-41.937714;-841.409424;1831.252930;0.364331;0.000000;0.000000;0.000000;0.000000;2.000000;-114.588608;-868.727051;1948.403320;0.178528;0.000000;0.000000;0.000000;0.000000;2.000000;11945100288.000000
0.000000;-150.000000;2000.000000;0.000000;0.000000;0.000000;0.000000;0.000000;2.000000;-4.234909;-340.151031;1978.927612;0.061482;0.000000;0.000000;0.000000;0.000000;2.000000;-7.497055;-492.323120;1963.523193;0.073880;0.000000;0.000000;0.000000;0.000000;2.000000;-18.400940;-723.259888;1991.427856;0.079501;0.000000;0.000000;0.000000;0.000000;2.000000;19.487869;-686.936646;1988.404907;0.048454;0.000000;0.000000;0.000000;0.000000;2.000000;167.794220;-648.968018;1979.749268;0.105083;0.000000;0.000000;0.000000;0.000000;2.000000;259.411041;-370.838928;2025.684082;0.525706;0.000000;0.000000;0.000000;0.000000;2.000000;274.148285;-151.190399;1909.800659;0.829707;0.000000;0.000000;0.000000;0.000000;2.000000;299.513672;-51.833160;1897.442749;1.366840;0.000000;0.000000;0.000000;0.000000;2.000000;315.997986;61.865467;1912.741699;2.541723;0.000000;0.000000;0.000000;0.000000;2.000000;261.613220;-24.044128;1881.131348;0.608775;0.000000;0.000000;0.000000;0.000000;2.000000;-52.582565;-683.001648;1987.466064;0.077359;0.000000;0.000000;0.000000;0.000000;2.000000;-182.475220;-630.550354;1970.883057;0.291670;0.000000;0.000000;0.000000;0.000000;2.000000;-238.531143;-334.190643;1986.501709;0.231141;0.000000;0.000000;0.000000;0.000000;2.000000;-235.381180;-103.947906;1884.291870;0.251020;0.000000;0.000000;0.000000;0.000000;2.000000;-191.074554;-26.639938;1950.835693;2.273885;0.000000;0.000000;0.000000;0.000000;2.000000;-162.094604;40.161331;1863.221191;2.310846;0.000000;0.000000;0.000000;0.000000;2.000000;-153.373199;-5.829239;1856.048218;1.004816;0.000000;0.000000;0.000000;0.000000;2.000000;97.428162;-151.230774;1991.525879;0.066320;0.000000;0.000000;0.000000;0.000000;2.000000;110.847412;276.916809;2021.545898;0.708151;0.000000;0.000000;0.000000;0.000000;2.000000;101.356140;648.131165;2196.254883;0.310008;0.000000;0.000000;0.000000;0.000000;2.000000;124.430115;755.164307;2027.761108;0.188943;0.000000;0.000000;0.000000;0.000000;2.000000;-87.855247;-148.890167;2007.641479;0.059802;0.000000;0.000000;0.000000;0.000000;2.000000;-59.075546;277.386108;2045.787598;0.236026;0.000000;0.000000;0.000000;0.000000;2.000000;-26.409378;666.174011;2186.329590;0.282345;0.000000;0.000000;0.000000;0.000000;2.000000;-17.439484;760.195129;2027.396240;0.426945;0.000000;0.000000;0.000000;0.000000;2.000000;-22.356079;-810.701904;1987.506958;0.122789;0.000000;0.000000;0.000000;0.000000;2.000000;-5.137955;-809.707947;1816.013306;0.310770;0.000000;0.000000;0.000000;0.000000;2.000000;16.175446;-857.536316;1845.383911;0.314562;0.000000;0.000000;0.000000;0.000000;2.000000;64.021118;-880.591431;1970.561279;0.264798;0.000000;0.000000;0.000000;0.000000;2.000000;-38.538651;-848.990479;1836.530518;0.300376;0.000000;0.000000;0.000000;0.000000;2.000000;-112.850952;-870.005737;1953.946167;0.181516;0.000000;0.000000;0.000000;0.000000;2.000000;11945133056.000000
0.000000;-150.000000;2000.000000;0.000000;0.000000;0.000000;0.000000;0.000000;2.000000;-4.223251;-340.295349;1978.976929;0.004526;0.000000;0.000000;0.000000;0.000000;2.000000;-7.452957;-492.609131;1963.875366;0.013489;0.000000;0.000000;0.000000;0.000000;2.000000;-18.130951;-723.610962;1992.712158;0.040202;0.000000;0.000000;0.000000;0.000000;2.000000;19.751114;-687.244995;1989.468384;0.033681;0.000000;0.000000;0.000000;0.000000;2.000000;168.111710;-649.148926;1980.359863;0.021058;0.000000;0.000000;0.000000;0.000000;2.000000;259.467041;-370.470764;2024.841675;0.027256;0.000000;0.000000;0.000000;0.000000;2.000000;273.191650;-151.656525;1906.889526;0.091724;0.000000;0.000000;0.000000;0.000000;2.000000;292.980530;-51.174194;1892.924072;0.235880;0.000000;0.000000;0.000000;0.000000;2.000000;302.468323;63.664623;1906.135010;0.448736;0.000000;0.000000;0.000000;0.000000;2.000000;260.664124;-22.114243;1882.196289;0.071019;0.000000;0.000000;0.000000;0.000000;2.000000;-52.375931;-683.365051;1988.663574;0.037535;0.000000;0.000000;0.000000;0.000000;2.000000;-182.506027;-631.252075;1972.011841;0.039343;0.000000;0.000000;0.000000;0.000000;2.000000;-239.483627;-334.722809;1985.072144;0.053218;0.000000;0.000000;0.000000;0.000000;2.000000;-236.386124;-105.959183;1879.159546;0.165815;0.000000;0.000000;0.000000;0.000000;2.000000;-188.698517;-27.603226;1942.181030;0.267118;0.000000;0.000000;0.000000;0.000000;2.000000;-164.147705;32.529922;1848.487305;0.494776;0.000000;0.000000;0.000000;0.000000;2.000000;-153.227859;-11.944389;1844.205078;0.394458;0.000000;0.000000;0.000000;0.000000;2.000000;97.495773;-151.223602;1991.490112;0.002273;0.000000;0.000000;0.000000;0.000000;2.000000;111.368301;277.203430;2021.737427;0.018484;0.000000;0.000000;0.000000;0.000000;2.000000;100.996017;648.495117;2196.925049;0.024958;0.000000;0.000000;0.000000;0.000000;2.000000;126.678757;756.539368;2029.284058;0.090084;0.000000;0.000000;0.000000;0.000000;2.000000;-87.916229;-148.896637;2007.673706;0.002050;0.000000;0.000000;0.000000;0.000000;2.000000;-59.517700;277.713684;2045.844238;0.016370;0.000000;0.000000;0.000000;0.000000;2.000000;-27.302246;666.760620;2186.654297;0.033043;0.000000;0.000000;0.000000;0.000000;2.000000;-18.920914;761.037292;2027.685425;0.051149;0.000000;0.000000;0.000000;0.000000;2.000000;-22.030457;-811.133362;1989.133545;0.050724;0.000000;0.000000;0.000000;0.000000;2.000000;-6.802795;-810.778870;1817.324585;0.070267;0.000000;0.000000;0.000000;0.000000;2.000000;14.574844;-858.680481;1846.617310;0.068718;0.000000;0.000000;0.000000;0.000000;2.000000;63.774826;-881.656738;1971.389893;0.040599;0.000000;0.000000;0.000000;0.000000;2.000000;-40.225113;-849.819031;1838.370361;0.077822;0.000000;0.000000;0.000000;0.000000;2.000000;-113.338745;-870.025208;1956.797363;0.085603;0.000000;0.000000;0.000000;0.000000;2.000000;11945166848.000000
0.000000;-150.000000;2000.000000;0.000000;0.000000;0.000000;0.000000;0.000000;2.000000;-4.165085;-340.448425;1978.630493;0.011694;0.000000;0.000000;0.000000;0.000000;2.000000;-6.902298;-493.224213;1966.951782;0.097206;0.000000;0.000000;0.000000;0.000000;2.000000;-16.277527;-724.718262;1994.107178;0.078445;0.000000;0.000000;0.000000;0.000000;2.000000;21.427231;-688.056030;1991.319702;0.080131;0.000000;0.000000;0.000000;0.000000;2.000000;169.409531;-647.523193;1984.245850;0.134514;0.000000;0.000000;0.000000;0.000000;2.000000;259.442139;-368.331360;2030.136597;0.174281;0.000000;0.000000;0.000000;0.000000;2.000000;270.043823;-153.108368;1904.956909;0.121119;0.000000;0.000000;0.000000;0.000000;2.000000;274.236084;-54.350021;1874.400879;0.810038;0.000000;0.000000;0.000000;0.000000;2.000000;259.768127;60.451302;1864.890625;1.814380;0.000000;0.000000;0.000000;0.000000;2.000000;252.899521;-26.501923;1855.954102;0.845834;0.000000;0.000000;0.000000;0.000000;2.000000;-50.789017;-684.620972;1990.162476;0.076855;0.000000;0.000000;0.000000;0.000000;2.000000;-182.588791;-635.424194;1976.942139;0.197119;0.000000;0.000000;0.000000;0.000000;2.000000;-253.497284;-341.851501;1994.670532;0.562162;0.000000;0.000000;0.000000;0.000000;2.000000;-227.376404;-131.973709;1856.994995;1.078613;0.000000;0.000000;0.000000;0.000000;2.000000;-189.291519;-59.218765;1932.269287;1.011296;0.000000;0.000000;0.000000;0.000000;2.000000;-177.422821;-4.291649;1832.946167;1.285215;0.000000;0.000000;0.000000;0.000000;2.000000;-154.488739;-27.237030;1827.479980;0.692677;0.000000;0.000000;0.000000;0.000000;2.000000;97.373367;-150.921783;1989.236328;0.069495;0.000000;0.000000;0.000000;0.000000;2.000000;106.459610;274.830383;2049.855469;0.874077;0.000000;0.000000;0.000000;0.000000;2.000000;100.499527;655.871582;2204.002930;0.312347;0.000000;0.000000;0.000000;0.000000;2.000000;123.767075;754.312500;2029.977905;0.113852;0.000000;0.000000;0.000000;0.000000;2.000000;-87.805847;-149.168793;2009.706055;0.062667;0.000000;0.000000;0.000000;0.000000;2.000000;-63.986511;277.981628;2049.696533;0.180240;0.000000;0.000000;0.000000;0.000000;2.000000;-39.310074;669.207397;2187.162109;0.374301;0.000000;0.000000;0.000000;0.000000;2.000000;-21.678268;761.884766;2027.796997;0.088098;0.000000;0.000000;0.000000;0.000000;2.000000;-19.607681;-812.322021;1989.878540;0.085437;0.000000;0.000000;0.000000;0.000000;2.000000;1.910187;-806.507568;1818.670166;0.298964;0.000000;0.000000;0.000000;0.000000;2.000000;17.833282;-857.336060;1846.593018;0.107574;0.000000;0.000000;0.000000;0.000000;2.000000;60.202377;-889.681763;1971.940430;0.268601;0.000000;0.000000;0.000000;0.000000;2.000000;-35.664536;-843.184326;1836.922974;0.249635;0.000000;0.000000;0.000000;0.000000;2.000000;-114.672279;-861.365234;1952.010620;0.304697;0.000000;0.000000;0.000000;0.000000;2.000000;11945199616.000000
0.000000;-150.000000;2000.000000;0.000000;0.000000;0.000000;0.000000;0.000000;2.000000;-4.413818;-341.281616;1977.717041;0.037321;0.000000;0.000000;0.000000;0.000000;2.000000;-7.286880;-494.750671;1965.330200;0.066879;0.000000;0.000000;0.000000;0.000000;2.000000;-15.884216;-727.820313;1988.838501;0.181306;0.000000;0.000000;0.000000;0.000000;2.000000;21.889618;-690.848145;1986.210449;0.172844;0.000000;0.000000;0.000000;0.000000;2.000000;170.343567;-649.382019;1978.156982;0.190413;0.000000;0.000000;0.000000;0.000000;2.000000;262.473358;-369.937469;2027.620728;0.125891;0.000000;0.000000;0.000000;0.000000;2.000000;266.978210;-156.644684;1896.480591;0.286533;0.000000;0.000000;0.000000;0.000000;2.000000;271.388367;-58.210785;1863.304199;0.357756;0.000000;0.000000;0.000000;0.000000;2.000000;258.880005;39.999939;1801.584106;1.968925;0.000000;0.000000;0.000000;0.000000;2.000000;242.152435;-26.700455;1852.390747;0.335114;0.000000;0.000000;0.000000;0.000000;2.000000;-50.695541;-687.548462;1985.953735;0.151740;0.000000;0.000000;0.000000;0.000000;2.000000;-183.901917;-639.668335;1974.751831;0.146580;0.000000;0.000000;0.000000;0.000000;2.000000;-256.885468;-344.899902;1989.210205;0.210479;0.000000;0.000000;0.000000;0.000000;2.000000;-228.667206;-139.755341;1842.823730;0.479955;0.000000;0.000000;0.000000;0.000000;2.000000;-199.256485;-56.777359;1911.970215;0.673074;0.000000;0.000000;0.000000;0.000000;2.000000;-182.131622;-14.623306;1806.707153;0.846065;0.000000;0.000000;0.000000;0.000000;2.000000;-156.617722;-36.957581;1805.396606;0.716792;0.000000;0.000000;0.000000;0.000000;2.000000;97.724915;-150.869659;1988.108032;0.035007;0.000000;0.000000;0.000000;0.000000;2.000000;106.539398;276.143494;2054.570068;0.144848;0.000000;0.000000;0.000000;0.000000;2.000000;101.635895;657.241638;2213.897461;0.297507;0.000000;0.000000;0.000000;0.000000;2.000000;121.730286;748.764465;2034.639648;0.222755;0.000000;0.000000;0.000000;0.000000;2.000000;-88.122841;-149.215790;2010.723633;0.031571;0.000000;0.000000;0.000000;0.000000;2.000000;-64.343246;279.821930;2053.083740;0.114563;0.000000;0.000000;0.000000;0.000000;2.000000;-39.689728;671.456299;2195.453125;0.254468;0.000000;0.000000;0.000000;0.000000;2.000000;-25.197922;758.125061;2031.404907;0.186083;0.000000;0.000000;0.000000;0.000000;2.000000;-19.089890;-815.776794;1983.159424;0.224106;0.000000;0.000000;0.000000;0.000000;2.000000;-8.245529;-801.105713;1810.624390;0.415411;0.000000;0.000000;0.000000;0.000000;2.000000;13.293472;-851.861145;1835.366333;0.393287;0.000000;0.000000;0.000000;0.000000;2.000000;65.663910;-886.053162;1957.117676;0.479649;0.000000;0.000000;0.000000;0.000000;2.000000;-41.886124;-841.585327;1829.337891;0.294145;0.000000;0.000000;0.000000;0.000000;2.000000;-112.617386;-870.907104;1948.289307;0.309125;0.000000;0.000000;0.000000;0.000000;2.000000;11945233408.000000
0.000000;-150.000000;2000.000000;0.000000;0.000000;0.000000;0.000000;0.000000;2.000000;-4.319000;-340.884521;1978.081299;0.016697;0.000000;0.000000;0.000000;0.000000;2.000000;-7.109360;-494.027954;1966.001099;0.030578;0.000000;0.000000;0.000000;0.000000;2.000000;-15.442017;-726.529846;1989.909546;0.052928;0.000000;0.000000;0.000000;0.000000;2.000000;22.210205;-689.619019;1987.102295;0.047365;0.000000;0.000000;0.000000;0.000000;2.000000;170.259033;-648.200562;1978.123535;0.036162;0.000000;0.000000;0.000000;0.000000;2.000000;262.542877;-368.972534;2024.323364;0.104869;0.000000;0.000000;0.000000;0.000000;2.000000;265.665405;-157.992096;1890.516724;0.190843;0.000000;0.000000;0.000000;0.000000;2.000000;270.508209;-61.387115;1853.043579;0.328888;0.000000;0.000000;0.000000;0.000000;2.000000;253.556580;28.460083;1781.005859;0.738104;0.000000;0.000000;0.000000;0.000000;2.000000;246.958038;-28.299057;1860.331909;0.287435;0.000000;0.000000;0.000000;0.000000;2.000000;-50.212631;-686.380493;1987.065430;0.051368;0.000000;0.000000;0.000000;0.000000;2.000000;-183.207565;-638.756104;1976.364014;0.060371;0.000000;0.000000;0.000000;0.000000;2.000000;-256.511108;-344.795685;1991.120117;0.059480;0.000000;0.000000;0.000000;0.000000;2.000000;-229.421127;-139.885513;1845.191406;0.075934;0.000000;0.000000;0.000000;0.000000;2.000000;-199.449295;-56.273514;1912.906372;0.032973;0.000000;0.000000;0.000000;0.000000;2.000000;-183.476105;-14.917915;1807.429810;0.047441;0.000000;0.000000;0.000000;0.000000;2.000000;-158.598618;-36.837479;1805.968506;0.063028;0.000000;0.000000;0.000000;0.000000;2.000000;97.492493;-150.833801;1988.050781;0.007386;0.000000;0.000000;0.000000;0.000000;2.000000;106.066498;275.480713;2052.611572;0.064728;0.000000;0.000000;0.000000;0.000000;2.000000;100.573975;657.045776;2208.326660;0.173172;0.000000;0.000000;0.000000;0.000000;2.000000;121.668732;746.323425;2028.571045;0.199629;0.000000;0.000000;0.000000;0.000000;2.000000;-87.913277;-149.248108;2010.775024;0.006658;0.000000;0.000000;0.000000;0.000000;2.000000;-65.382706;279.095490;2050.771240;0.080487;0.000000;0.000000;0.000000;0.000000;2.000000;-39.668427;671.347778;2188.389648;0.215587;0.000000;0.000000;0.000000;0.000000;2.000000;-31.584442;755.503479;2023.077148;0.330115;0.000000;0.000000;0.000000;0.000000;2.000000;-18.593033;-814.298767;1984.414429;0.061084;0.000000;0.000000;0.000000;0.000000;2.000000;-9.273636;-796.509705;1812.481201;0.154493;0.000000;0.000000;0.000000;0.000000;2.000000;12.753922;-847.435669;1836.080811;0.137791;0.000000;0.000000;0.000000;0.000000;2.000000;66.219177;-883.361267;1956.500000;0.085972;0.000000;0.000000;0.000000;0.000000;2.000000;-42.414413;-837.452576;1830.693115;0.133705;0.000000;0.000000;0.000000;0.000000;2.000000;-111.819061;-869.306824;1949.392090;0.064119;0.000000;0.000000;0.000000;0.000000;2.000000;11945266176.000000
0.000000;-150.000000;2000.000000;0.000000;0.000000;0.000000;0.000000;0.000000;2.000000;-5.601791;-335.518127;1980.389526;0.176993;0.000000;0.000000;0.000000;0.000000;2.000000;-9.050323;-484.437073;1971.799927;0.336603;0.000000;0.000000;0.000000;0.000000;2.000000;-17.989929;-711.182068;1981.317993;0.525937;0.000000;0.000000;0.000000;0.000000;2.000000;18.719284;-675.398682;1980.215210;0.478852;0.000000;0.000000;0.000000;0.000000;2.000000;162.826096;-639.459961;1962.723633;0.568308;0.000000;0.000000;0.000000;0.000000;2.000000;271.791443;-379.810669;2028.161255;0.436662;0.000000;0.000000;0.000000;0.000000;2.000000;263.554749;-180.428787;1890.134644;0.666992;0.000000;0.000000;0.000000;0.000000;2.000000;293.205078;-91.316910;1853.699829;1.111749;0.000000;0.000000;0.000000;0.000000;2.000000;288.157349;17.314758;1822.853149;1.640367;0.000000;0.000000;0.000000;0.000000;2.000000;228.555069;-47.478348;1826.351074;1.276686;0.000000;0.000000;0.000000;0.000000;2.000000;-51.586121;-671.948792;1981.466919;0.459884;0.000000;0.000000;0.000000;0.000000;2.000000;-180.609863;-625.140808;1972.012329;0.429923;0.000000;0.000000;0.000000;0.000000;2.000000;-270.880859;-344.964050;1982.853271;0.490615;0.000000;0.000000;0.000000;0.000000;2.000000;-237.377335;-153.309601;1832.792236;0.589816;0.000000;0.000000;0.000000;0.000000;2.000000;-216.887573;-52.618500;1867.516846;1.442983;0.000000;0.000000;0.000000;0.000000;2.000000;-185.460419;3.927795;1777.182617;1.056256;0.000000;0.000000;0.000000;0.000000;2.000000;-171.244034;-53.209763;1797.654297;0.659783;0.000000;0.000000;0.000000;0.000000;2.000000;94.370224;-151.387695;1986.170654;0.109094;0.000000;0.000000;0.000000;0.000000;2.000000;111.276138;264.590271;2031.696899;0.714631;0.000000;0.000000;0.000000;0.000000;2.000000;102.163132;630.836304;2192.874268;0.901604;0.000000;0.000000;0.000000;0.000000;2.000000;117.776566;737.221313;2029.023071;0.293255;0.000000;0.000000;0.000000;0.000000;2.000000;-85.097794;-148.748672;2012.470703;0.098379;0.000000;0.000000;0.000000;0.000000;2.000000;-65.197495;267.812805;2045.627075;0.366993;0.000000;0.000000;0.000000;0.000000;2.000000;-38.410873;649.589844;2176.448975;0.735409;0.000000;0.000000;0.000000;0.000000;2.000000;-32.166809;741.464600;2021.423584;0.418677;0.000000;0.000000;0.000000;0.000000;2.000000;-21.585342;-795.916077;1970.838013;0.682046;0.000000;0.000000;0.000000;0.000000;2.000000;-5.470505;-796.435791;1803.511108;0.288331;0.000000;0.000000;0.000000;0.000000;2.000000;15.047394;-843.021240;1832.449219;0.182268;0.000000;0.000000;0.000000;0.000000;2.000000;62.023819;-864.907532;1954.524048;0.563077;0.000000;0.000000;0.000000;0.000000;2.000000;-38.279602;-834.313843;1823.962402;0.251540;0.000000;0.000000;0.000000;0.000000;2.000000;-110.453705;-853.283081;1938.931763;0.567722;0.000000;0.000000;0.000000;0.000000;2.000000;11945299968.000000
0.000000;-150.000000;2000.000000;0.000000;0.000000;0.000000;0.000000;0.000000;2.000000;-4.730377;-336.825165;1979.412476;0.054745;0.000000;0.000000;0.000000;0.000000;2.000000;-8.174088;-486.490143;1965.943359;0.185475;0.000000;0.000000;0.000000;0.000000;2.000000;-18.556503;-714.889893;1974.607666;0.227494;0.000000;0.000000;0.000000;0.000000;2.000000;18.629883;-679.039307;1974.210815;0.207814;0.000000;0.000000;0.000000;0.000000;2.000000;164.646362;-644.133911;1961.680054;0.151613;0.000000;0.000000;0.000000;0.000000;2.000000;270.793854;-375.097687;1995.822998;0.967540;0.000000;0.000000;0.000000;0.000000;2.000000;294.524536;-160.279968;1881.647095;1.121853;0.000000;0.000000;0.000000;0.000000;2.000000;294.335876;-72.243011;1831.173462;0.874130;0.000000;0.000000;0.000000;0.000000;2.000000;298.756042;27.735359;1776.838745;1.430972;0.000000;0.000000;0.000000;0.000000;2.000000;250.819977;-40.212387;1803.393799;0.970516;0.000000;0.000000;0.000000;0.000000;2.000000;-52.186768;-675.184692;1974.351929;0.231987;0.000000;0.000000;0.000000;0.000000;2.000000;-182.903381;-629.568726;1967.968018;0.190001;0.000000;0.000000;0.000000;0.000000;2.000000;-269.364258;-345.707947;1968.737427;0.420708;0.000000;0.000000;0.000000;0.000000;2.000000;-245.178787;-156.477371;1811.019409;0.690821;0.000000;0.000000;0.000000;0.000000;2.000000;-227.629135;-63.620071;1865.868652;0.457620;0.000000;0.000000;0.000000;0.000000;2.000000;-203.488098;-18.268036;1766.425171;0.904095;0.000000;0.000000;0.000000;0.000000;2.000000;-174.886734;-58.996490;1786.562988;0.385585;0.000000;0.000000;0.000000;0.000000;2.000000;95.463593;-151.214096;1989.083008;0.092201;0.000000;0.000000;0.000000;0.000000;2.000000;119.519012;269.747314;2003.639893;0.878730;0.000000;0.000000;0.000000;0.000000;2.000000;97.143829;628.583496;2186.151855;0.257065;0.000000;0.000000;0.000000;0.000000;2.000000;113.658630;718.422363;2011.123535;0.777762;0.000000;0.000000;0.000000;0.000000;2.000000;-86.083725;-148.905197;2009.844238;0.083149;0.000000;0.000000;0.000000;0.000000;2.000000;-60.960007;271.771912;2005.877075;1.188767;0.000000;0.000000;0.000000;0.000000;2.000000;-42.917084;645.298950;2167.633789;0.319308;0.000000;0.000000;0.000000;0.000000;2.000000;-36.116104;726.434448;2005.257080;0.663604;0.000000;0.000000;0.000000;0.000000;2.000000;-22.466797;-800.193970;1963.702759;0.247572;0.000000;0.000000;0.000000;0.000000;2.000000;-3.424789;-802.576294;1795.448975;0.305951;0.000000;0.000000;0.000000;0.000000;2.000000;16.992752;-849.057983;1825.483276;0.278787;0.000000;0.000000;0.000000;0.000000;2.000000;62.372009;-869.438354;1949.477051;0.200974;0.000000;0.000000;0.000000;0.000000;2.000000;-36.622177;-840.666748;1815.942017;0.306729;0.000000;0.000000;0.000000;0.000000;2.000000;-111.151733;-858.819702;1930.752686;0.293012;0.000000;0.000000;0.000000;0.000000;2.000000;11945333760.000000
0.000000;-150.000000;2000.000000;0.000000;0.000000;0.000000;0.000000;0.000000;2.000000;-3.064728;-336.002045;1976.592041;0.103070;0.000000;0.000000;0.000000;0.000000;2.000000;-5.562668;-484.571594;1956.878662;0.293777;0.000000;0.000000;0.000000;0.000000;2.000000;-17.395584;-712.337036;1963.380127;0.353164;0.000000;0.000000;0.000000;0.000000;2.000000;19.888733;-676.801025;1964.114868;0.317915;0.000000;0.000000;0.000000;0.000000;2.000000;166.057800;-642.254456;1960.700562;0.077709;0.000000;0.000000;0.000000;0.000000;2.000000;282.171844;-376.997894;1983.068115;0.524828;0.000000;0.000000;0.000000;0.000000;2.000000;336.655640;-164.959488;1875.894043;1.305505;0.000000;0.000000;0.000000;0.000000;2.000000;340.059753;-78.157974;1823.980469;1.424030;0.000000;0.000000;0.000000;0.000000;2.000000;353.649170;14.532249;1759.797241;1.799759;0.000000;0.000000;0.000000;0.000000;2.000000;326.759277;-32.003761;1818.848755;2.378221;0.000000;0.000000;0.000000;0.000000;2.000000;-50.693954;-672.545959;1962.704224;0.367303;0.000000;0.000000;0.000000;0.000000;2.000000;-179.737106;-623.435120;1956.539551;0.407448;0.000000;0.000000;0.000000;0.000000;2.000000;-270.118469;-341.706482;1951.486572;0.540921;0.000000;0.000000;0.000000;0.000000;2.000000;-265.725525;-148.399506;1798.052734;0.781366;0.000000;0.000000;0.000000;0.000000;2.000000;-241.632599;-51.710136;1753.967651;3.460722;0.000000;0.000000;0.000000;0.000000;2.000000;-204.560532;27.270685;1684.347778;2.864693;0.000000;0.000000;0.000000;0.000000;2.000000;-218.477097;-55.571831;1728.799805;2.210879;0.000000;0.000000;0.000000;0.000000;2.000000;95.706177;-150.984436;1995.291992;0.189757;0.000000;0.000000;0.000000;0.000000;2.000000;131.182373;267.793182;1975.798096;0.923134;0.000000;0.000000;0.000000;0.000000;2.000000;96.047333;613.577271;2177.969238;0.522684;0.000000;0.000000;0.000000;0.000000;2.000000;120.948242;703.957031;2004.838501;0.530239;0.000000;0.000000;0.000000;0.000000;2.000000;-86.302483;-149.112289;2004.245605;0.171104;0.000000;0.000000;0.000000;0.000000;2.000000;-55.103851;269.141235;1977.355347;0.892191;0.000000;0.000000;0.000000;0.000000;2.000000;-38.326431;631.281311;2160.839844;0.495595;0.000000;0.000000;0.000000;0.000000;2.000000;-31.742508;712.984680;1999.304443;0.468282;0.000000;0.000000;0.000000;0.000000;2.000000;-21.530655;-797.287842;1951.709961;0.377666;0.000000;0.000000;0.000000;0.000000;2.000000;-2.847427;-785.549377;1784.282471;0.621645;0.000000;0.000000;0.000000;0.000000;2.000000;17.202026;-834.432617;1810.140991;0.646894;0.000000;0.000000;0.000000;0.000000;2.000000;62.506592;-865.529968;1931.511108;0.561116;0.000000;0.000000;0.000000;0.000000;2.000000;-36.213425;-824.878723;1801.497559;0.653155;0.000000;0.000000;0.000000;0.000000;2.000000;-110.479591;-852.072021;1914.214600;0.545481;0.000000;0.000000;0.000000;0.000000;2.000000;11945366528.000000
0.000000;-150.000000;2000.000000;0.000000;0.000000;0.000000;0.000000;0.000000;2.000000;-5.082108;-335.777893;1974.286499;0.090901;0.000000;0.000000;0.000000;0.000000;2.000000;-9.369873;-483.396149;1948.059814;0.286376;0.000000;0.000000;0.000000;0.000000;2.000000;-24.813263;-711.103027;1954.316895;0.348501;0.000000;0.000000;0.000000;0.000000;2.000000;13.032806;-676.126953;1955.468994;0.327143;0.000000;0.000000;0.000000;0.000000;2.000000;160.296616;-646.319702;1950.452026;0.368130;0.000000;0.000000;0.000000;0.000000;2.000000;281.746155;-383.575012;1976.341431;0.278688;0.000000;0.000000;0.000000;0.000000;2.000000;351.608704;-177.772430;1865.625854;0.657201;0.000000;0.000000;0.000000;0.000000;2.000000;390.042358;-122.351379;1790.088135;2.214525;0.000000;0.000000;0.000000;0.000000;2.000000;451.762024;-48.476334;1850.468628;4.371080;0.000000;0.000000;0.000000;0.000000;2.000000;369.438354;-50.619125;1783.633423;1.727610;0.000000;0.000000;0.000000;0.000000;2.000000;-57.502823;-670.773193;1953.306641;0.347407;0.000000;0.000000;0.000000;0.000000;2.000000;-186.154648;-620.342407;1947.592529;0.338445;0.000000;0.000000;0.000000;0.000000;2.000000;-274.265656;-337.709412;1941.603882;0.338502;0.000000;0.000000;0.000000;0.000000;2.000000;-283.584534;-133.387634;1803.130371;0.706570;0.000000;0.000000;0.000000;0.000000;2.000000;-282.962524;-38.743835;1748.995117;1.290264;0.000000;0.000000;0.000000;0.000000;2.000000;-254.699554;46.438488;1682.505737;1.589417;0.000000;0.000000;0.000000;0.000000;2.000000;-242.207565;-36.300735;1767.724731;1.464667;0.000000;0.000000;0.000000;0.000000;2.000000;95.779465;-152.049255;1995.875488;0.035997;0.000000;0.000000;0.000000;0.000000;2.000000;125.051865;266.597137;1962.335693;0.439181;0.000000;0.000000;0.000000;0.000000;2.000000;88.181656;607.006592;2173.639893;0.329247;0.000000;0.000000;0.000000;0.000000;2.000000;112.036819;698.497925;2000.798096;0.331572;0.000000;0.000000;0.000000;0.000000;2.000000;-86.368553;-148.152084;2003.719238;0.032463;0.000000;0.000000;0.000000;0.000000;2.000000;-61.132294;268.280975;1950.691650;0.809370;0.000000;0.000000;0.000000;0.000000;2.000000;-43.304794;624.349243;2146.162598;0.502433;0.000000;0.000000;0.000000;0.000000;2.000000;-36.947617;707.713013;1985.333984;0.467957;0.000000;0.000000;0.000000;0.000000;2.000000;-30.144318;-796.031006;1942.550049;0.373947;0.000000;0.000000;0.000000;0.000000;2.000000;0.087723;-788.068604;1776.480835;0.257690;0.000000;0.000000;0.000000;0.000000;2.000000;19.227234;-835.884521;1804.978027;0.169651;0.000000;0.000000;0.000000;0.000000;2.000000;56.482376;-862.990601;1930.081909;0.198034;0.000000;0.000000;0.000000;0.000000;2.000000;-33.656845;-827.685791;1792.359375;0.292837;0.000000;0.000000;0.000000;0.000000;2.000000;-115.196075;-853.656494;1900.349976;0.435913;0.000000;0.000000;0.000000;0.000000;2.000000;11945400320.000000
0.000000;-150.000000;2000.000000;0.000000;0.000000;0.000000;0.000000;0.000000;2.000000;-6.155167;-334.576416;1971.815674;0.090014;0.000000;0.000000;0.000000;0.000000;2.000000;-11.141998;-481.392029;1944.869263;0.127067;0.000000;0.000000;0.000000;0.000000;2.000000;-28.986893;-707.873108;1953.353760;0.163715;0.000000;0.000000;0.000000;0.000000;2.000000;9.071136;-673.446472;1954.215454;0.150904;0.000000;0.000000;0.000000;0.000000;2.000000;156.291321;-646.600891;1950.561523;0.122578;0.000000;0.000000;0.000000;0.000000;2.000000;289.672852;-391.777039;1982.341553;0.393318;0.000000;0.000000;0.000000;0.000000;2.000000;363.533752;-202.694641;1849.002930;0.983994;0.000000;0.000000;0.000000;0.000000;2.000000;430.354919;-151.969727;1793.063599;1.529294;0.000000;0.000000;0.000000;0.000000;2.000000;506.109436;-81.523788;1838.903564;1.972939;0.000000;0.000000;0.000000;0.000000;2.000000;398.476929;-113.601669;1747.677612;2.384058;0.000000;0.000000;0.000000;0.000000;2.000000;-61.098007;-667.377625;1951.887451;0.157008;0.000000;0.000000;0.000000;0.000000;2.000000;-188.969162;-616.348694;1948.829834;0.153810;0.000000;0.000000;0.000000;0.000000;2.000000;-285.138855;-337.671143;1943.893555;0.339103;0.000000;0.000000;0.000000;0.000000;2.000000;-322.028137;-146.266998;1793.916016;1.268846;0.000000;0.000000;0.000000;0.000000;2.000000;-341.258850;-76.626022;1712.875732;2.390937;0.000000;0.000000;0.000000;0.000000;2.000000;-327.276794;7.037773;1640.943237;2.821401;0.000000;0.000000;0.000000;0.000000;2.000000;-291.229645;-37.062256;1760.933472;1.510502;0.000000;0.000000;0.000000;0.000000;2.000000;95.418030;-152.889542;1998.084839;0.072974;0.000000;0.000000;0.000000;0.000000;2.000000;117.541901;262.820984;1948.763550;0.487195;0.000000;0.000000;0.000000;0.000000;2.000000;74.533142;599.406860;2161.764160;0.598853;0.000000;0.000000;0.000000;0.000000;2.000000;107.173859;699.175659;1996.040649;0.208641;0.000000;0.000000;0.000000;0.000000;2.000000;-86.042633;-147.394379;2001.726807;0.065809;0.000000;0.000000;0.000000;0.000000;2.000000;-72.342712;267.715759;1948.293945;0.350277;0.000000;0.000000;0.000000;0.000000;2.000000;-48.770035;622.951050;2141.052734;0.232284;0.000000;0.000000;0.000000;0.000000;2.000000;-41.677399;711.983887;1984.212158;0.197469;0.000000;0.000000;0.000000;0.000000;2.000000;-35.192749;-792.490112;1942.479248;0.188196;0.000000;0.000000;0.000000;0.000000;2.000000;-8.430984;-789.616028;1776.380493;0.264242;0.000000;0.000000;0.000000;0.000000;2.000000;14.046509;-834.732300;1806.289673;0.166839;0.000000;0.000000;0.000000;0.000000;2.000000;54.850494;-854.156738;1931.109619;0.275938;0.000000;0.000000;0.000000;0.000000;2.000000;-39.223785;-830.374573;1794.427002;0.198940;0.000000;0.000000;0.000000;0.000000;2.000000;-116.815643;-856.703796;1904.470947;0.164034;0.000000;0.000000;0.000000;0.000000;2.000000;11945433088.000000
0.000000;-150.000000;2000.000000;0.000000;0.000000;0.000000;0.000000;0.000000;2.000000;-7.811478;-333.303528;1976.042847;0.139534;0.000000;0.000000;0.000000;0.000000;2.000000;-14.028458;-479.973083;1957.880859;0.396639;0.000000;0.000000;0.000000;0.000000;2.000000;-33.880981;-703.940979;1969.830444;0.521787;0.000000;0.000000;0.000000;0.000000;2.000000;4.121887;-670.184509;1970.458862;0.511694;0.000000;0.000000;0.000000;0.000000;2.000000;150.010559;-643.786804;1970.062256;0.611967;0.000000;0.000000;0.000000;0.000000;2.000000;302.004761;-406.313049;2021.472900;1.288098;0.000000;0.000000;0.000000;0.000000;2.000000;399.577942;-257.581970;1859.545410;1.968076;0.000000;0.000000;0.000000;0.000000;2.000000;462.642151;-200.964828;1806.717285;1.782806;0.000000;0.000000;0.000000;0.000000;2.000000;542.476501;-124.436569;1788.593872;2.233254;0.000000;0.000000;0.000000;0.000000;2.000000;455.718201;-163.554016;1770.591431;2.348268;0.000000;0.000000;0.000000;0.000000;2.000000;-65.292465;-663.570862;1967.430298;0.489549;0.000000;0.000000;0.000000;0.000000;2.000000;-189.280060;-607.122131;1960.850586;0.448528;0.000000;0.000000;0.000000;0.000000;2.000000;-295.279785;-335.466675;1976.462891;1.011563;0.000000;0.000000;0.000000;0.000000;2.000000;-367.266907;-151.705856;1833.683472;1.789711;0.000000;0.000000;0.000000;0.000000;2.000000;-401.401672;-102.200165;1744.540771;2.149071;0.000000;0.000000;0.000000;0.000000;2.000000;-394.982147;-26.087555;1665.173218;2.342957;0.000000;0.000000;0.000000;0.000000;2.000000;-378.595032;-52.447685;1777.360962;2.669803;0.000000;0.000000;0.000000;0.000000;2.000000;94.445343;-153.616333;1996.875000;0.050724;0.000000;0.000000;0.000000;0.000000;2.000000;114.353149;261.013458;2005.352417;1.678132;0.000000;0.000000;0.000000;0.000000;2.000000;70.763580;615.690491;2177.840820;0.686288;0.000000;0.000000;0.000000;0.000000;2.000000;116.263306;711.919922;2015.300903;0.734469;0.000000;0.000000;0.000000;0.000000;2.000000;-85.165527;-146.738983;2002.818115;0.045748;0.000000;0.000000;0.000000;0.000000;2.000000;-73.265915;267.786346;2009.326782;1.806341;0.000000;0.000000;0.000000;0.000000;2.000000;-57.432404;637.875183;2162.824707;0.822118;0.000000;0.000000;0.000000;0.000000;2.000000;-43.905640;721.860962;2005.604492;0.700390;0.000000;0.000000;0.000000;0.000000;2.000000;-40.718628;-787.854309;1960.391724;0.571442;0.000000;0.000000;0.000000;0.000000;2.000000;-4.868164;-801.698120;1798.229980;0.746344;0.000000;0.000000;0.000000;0.000000;2.000000;11.052917;-845.611816;1832.695557;0.849780;0.000000;0.000000;0.000000;0.000000;2.000000;42.304291;-857.976257;1959.804688;0.933653;0.000000;0.000000;0.000000;0.000000;2.000000;-40.254837;-837.257813;1817.268188;0.706619;0.000000;0.000000;0.000000;0.000000;2.000000;-125.346931;-846.364136;1922.818604;0.672433;0.000000;0.000000;0.000000;0.000000;2.000000;11945466880.000000
0.000000;-150.000000;2000.000000;0.000000;0.000000;0.000000;0.000000;0.000000;2.000000;-7.672974;-335.534363;1979.020142;0.113614;0.000000;0.000000;0.000000;0.000000;2.000000;-13.641983;-484.327454;1967.000977;0.308645;0.000000;0.000000;0.000000;0.000000;2.000000;-32.072632;-709.937805;1988.818726;0.610189;0.000000;0.000000;0.000000;0.000000;2.000000;6.028198;-675.526367;1988.443115;0.575483;0.000000;0.000000;0.000000;0.000000;2.000000;153.909729;-652.252136;1985.144287;0.541060;0.000000;0.000000;0.000000;0.000000;2.000000;323.284241;-424.558960;2042.198242;1.063865;0.000000;0.000000;0.000000;0.000000;2.000000;451.910400;-314.249084;1868.100830;2.368416;0.000000;0.000000;0.000000;0.000000;2.000000;507.714661;-239.962387;1828.846802;1.940221;0.000000;0.000000;0.000000;0.000000;2.000000;575.367920;-157.111526;1791.842773;1.418347;0.000000;0.000000;0.000000;0.000000;2.000000;517.051208;-194.249985;1819.509521;2.570906;0.000000;0.000000;0.000000;0.000000;2.000000;-64.082047;-669.581360;1984.176392;0.544226;0.000000;0.000000;0.000000;0.000000;2.000000;-189.149246;-613.959961;1968.672241;0.317076;0.000000;0.000000;0.000000;0.000000;2.000000;-340.635010;-361.425110;1952.376587;1.756044;0.000000;0.000000;0.000000;0.000000;2.000000;-439.000244;-165.733231;1840.324829;2.239779;0.000000;0.000000;0.000000;0.000000;2.000000;-459.939819;-175.289658;1734.189819;2.875127;0.000000;0.000000;0.000000;0.000000;2.000000;-461.276917;-68.338882;1703.583740;2.670164;0.000000;0.000000;0.000000;0.000000;2.000000;-443.742493;-80.367294;1725.057373;2.688209;0.000000;0.000000;0.000000;0.000000;2.000000;95.374664;-153.530334;1996.338867;0.032847;0.000000;0.000000;0.000000;0.000000;2.000000;102.119934;263.640686;2038.381470;1.077868;0.000000;0.000000;0.000000;0.000000;2.000000;82.722107;634.911743;2188.009277;0.757341;0.000000;0.000000;0.000000;0.000000;2.000000;116.025970;743.575867;2028.041016;1.041390;0.000000;0.000000;0.000000;0.000000;2.000000;-86.003525;-146.816544;2003.301392;0.029616;0.000000;0.000000;0.000000;0.000000;2.000000;-73.536346;267.763184;2061.907227;1.604649;0.000000;0.000000;0.000000;0.000000;2.000000;-57.700531;657.037476;2172.445313;0.654402;0.000000;0.000000;0.000000;0.000000;2.000000;-35.062668;752.309937;2020.765747;1.072554;0.000000;0.000000;0.000000;0.000000;2.000000;-38.183075;-795.082642;1982.961304;0.727359;0.000000;0.000000;0.000000;0.000000;2.000000;-2.048553;-802.696716;1818.745361;0.632700;0.000000;0.000000;0.000000;0.000000;2.000000;12.472427;-849.112549;1851.488037;0.584973;0.000000;0.000000;0.000000;0.000000;2.000000;43.286987;-868.536987;1979.183960;0.674191;0.000000;0.000000;0.000000;0.000000;2.000000;-39.001877;-838.256897;1836.262451;0.581718;0.000000;0.000000;0.000000;0.000000;2.000000;-125.464996;-849.506226;1942.246094;0.600595;0.000000;0.000000;0.000000;0.000000;2.000000;11945499648.000000
0.000000;-150.000000;2000.000000;0.000000;0.000000;0.000000;0.000000;0.000000;2.000000;-5.256088;-338.796570;1980.721313;0.130267;0.000000;0.000000;0.000000;0.000000;2.000000;-8.708344;-490.391571;1974.148438;0.313461;0.000000;0.000000;0.000000;0.000000;2.000000;-26.613281;-718.828857;2003.682373;0.537403;0.000000;0.000000;0.000000;0.000000;2.000000;11.991516;-683.799194;2001.894165;0.499524;0.000000;0.000000;0.000000;0.000000;2.000000;162.590271;-663.107056;2007.670044;0.783282;0.000000;0.000000;0.000000;0.000000;2.000000;355.401062;-444.582306;2047.021729;1.129069;0.000000;0.000000;0.000000;0.000000;2.000000;496.015564;-352.099670;1866.487183;1.720596;0.000000;0.000000;0.000000;0.000000;2.000000;566.298706;-286.049774;1831.876831;2.207655;0.000000;0.000000;0.000000;0.000000;2.000000;643.115601;-203.212830;1810.450073;2.486731;0.000000;0.000000;0.000000;0.000000;2.000000;591.302551;-249.247070;1830.848633;2.754916;0.000000;0.000000;0.000000;0.000000;2.000000;-59.283737;-678.082886;1997.929321;0.499095;0.000000;0.000000;0.000000;0.000000;2.000000;-186.004211;-620.889893;1981.924316;0.452231;0.000000;0.000000;0.000000;0.000000;2.000000;-366.538574;-382.090088;1969.171875;1.099371;0.000000;0.000000;0.000000;0.000000;2.000000;-513.545410;-225.741669;1841.053101;2.832036;0.000000;0.000000;0.000000;0.000000;2.000000;-512.433044;-237.972656;1731.406738;2.420909;0.000000;0.000000;0.000000;0.000000;2.000000;-528.978271;-133.963120;1690.385864;2.817415;0.000000;0.000000;0.000000;0.000000;2.000000;-405.215759;-178.535370;1740.188599;3.152743;0.000000;0.000000;0.000000;0.000000;2.000000;96.655334;-151.839722;1991.664429;0.151903;0.000000;0.000000;0.000000;0.000000;2.000000;98.049744;269.647614;2053.615723;0.499349;0.000000;0.000000;0.000000;0.000000;2.000000;91.524658;655.570190;2183.175049;0.679750;0.000000;0.000000;0.000000;0.000000;2.000000;120.279114;769.244629;2021.946167;0.790810;0.000000;0.000000;0.000000;0.000000;2.000000;-87.158386;-148.341034;2007.516479;0.136976;0.000000;0.000000;0.000000;0.000000;2.000000;-73.204514;271.367188;2076.445801;0.443368;0.000000;0.000000;0.000000;0.000000;2.000000;-52.834320;669.971924;2176.293945;0.424522;0.000000;0.000000;0.000000;0.000000;2.000000;-40.123016;773.784302;2025.615234;0.668478;0.000000;0.000000;0.000000;0.000000;2.000000;-32.622864;-805.490479;2000.513306;0.625880;0.000000;0.000000;0.000000;0.000000;2.000000;-11.684067;-832.568237;1832.976196;1.019843;0.000000;0.000000;0.000000;0.000000;2.000000;9.692383;-873.990356;1870.057129;0.922349;0.000000;0.000000;0.000000;0.000000;2.000000;54.741547;-874.704834;1997.216064;0.658003;0.000000;0.000000;0.000000;0.000000;2.000000;-44.527039;-868.330444;1858.930786;1.126394;0.000000;0.000000;0.000000;0.000000;2.000000;-120.480606;-871.080566;1975.820679;1.190186;0.000000;0.000000;0.000000;0.000000;2.000000;11945533440.000000
0.000000;-150.000000;2000.000000;0.000000;0.000000;0.000000;0.000000;0.000000;2.000000;-1.192093;-340.418274;1983.546753;0.158953;0.000000;0.000000;0.000000;0.000000;2.000000;-0.897278;-493.191406;1980.677124;0.322211;0.000000;0.000000;0.000000;0.000000;2.000000;-15.041840;-721.651489;2021.965698;0.665917;0.000000;0.000000;0.000000;0.000000;2.000000;23.226807;-685.880249;2018.311523;0.610422;0.000000;0.000000;0.000000;0.000000;2.000000;174.785934;-663.973450;2016.160034;0.454256;0.000000;0.000000;0.000000;0.000000;2.000000;407.378235;-484.648010;2053.458984;2.012385;0.000000;0.000000;0.000000;0.000000;2.000000;556.508301;-405.654480;1871.077881;2.469580;0.000000;0.000000;0.000000;0.000000;2.000000;637.288696;-342.317291;1860.819824;2.902109;0.000000;0.000000;0.000000;0.000000;0.000000;727.940735;-283.313019;1819.570068;3.571276;0.000000;0.000000;0.000000;0.000000;2.000000;663.731140;-311.431244;1852.893188;2.989903;0.000000;0.000000;0.000000;0.000000;0.000000;-48.620483;-681.525513;2014.191650;0.602689;0.000000;0.000000;0.000000;0.000000;2.000000;-179.782639;-638.409241;1986.123657;0.581654;0.000000;0.000000;0.000000;0.000000;2.000000;-399.453491;-431.672729;1986.823853;1.894407;0.000000;0.000000;0.000000;0.000000;2.000000;-546.133179;-292.711365;1836.855347;2.276481;0.000000;0.000000;0.000000;0.000000;2.000000;-540.033386;-287.603729;1726.064453;1.740723;0.000000;0.000000;0.000000;0.000000;2.000000;-608.438293;-211.967865;1675.593628;3.427960;0.000000;0.000000;0.000000;0.000000;2.000000;-552.597168;-263.691315;1706.664063;5.294312;0.000000;0.000000;0.000000;0.000000;2.000000;96.976395;-149.592224;1988.254639;0.125014;0.000000;0.000000;0.000000;0.000000;2.000000;108.177811;275.629028;2043.109741;0.481299;0.000000;0.000000;0.000000;0.000000;2.000000;105.449783;661.424622;2181.537109;0.463693;0.000000;0.000000;0.000000;0.000000;2.000000;128.448044;796.785583;2035.147583;0.964816;0.000000;0.000000;0.000000;0.000000;2.000000;-87.447891;-150.367706;2010.591431;0.112736;0.000000;0.000000;0.000000;0.000000;2.000000;-72.445908;271.848145;2081.729980;0.163574;0.000000;0.000000;0.000000;0.000000;2.000000;-51.069061;672.686035;2183.873047;0.251516;0.000000;0.000000;0.000000;0.000000;2.000000;-37.870667;795.757202;2046.842773;0.934899;0.000000;0.000000;0.000000;0.000000;2.000000;-19.638992;-809.036011;2023.175659;0.804376;0.000000;0.000000;0.000000;0.000000;2.000000;-11.123428;-825.758728;1852.050293;0.618314;0.000000;0.000000;0.000000;0.000000;2.000000;17.226578;-867.068115;1884.998535;0.552635;0.000000;0.000000;0.000000;0.000000;2.000000;73.541367;-869.912781;2008.554810;0.685773;0.000000;0.000000;0.000000;0.000000;2.000000;-38.421722;-865.960632;1878.712524;0.635915;0.000000;0.000000;0.000000;0.000000;2.000000;-103.693573;-881.747681;2001.973267;1.002701;0.000000;0.000000;0.000000;0.000000;2.000000;11945566208.000000
0.000000;-150.000000;2000.000000;0.000000;0.000000;0.000000;0.000000;0.000000;2.000000;-0.280624;-340.354828;1993.850220;0.306105;0.000000;0.000000;0.000000;0.000000;2.000000;-0.434555;-492.551636;1998.197144;0.518993;0.000000;0.000000;0.000000;0.000000;2.000000;-9.972885;-719.966125;2041.875854;0.610035;0.000000;0.000000;0.000000;0.000000;2.000000;27.423203;-683.570923;2038.023315;0.600302;0.000000;0.000000;0.000000;0.000000;2.000000;178.690735;-663.625916;2041.047852;0.745581;0.000000;0.000000;0.000000;0.000000;2.000000;432.749054;-520.143005;2084.580566;1.585944;0.000000;0.000000;0.000000;0.000000;2.000000;587.512817;-477.373230;1896.100342;2.427870;0.000000;0.000000;0.000000;0.000000;2.000000;676.446289;-432.350891;1870.983643;2.920956;0.000000;0.000000;0.000000;0.000000;0.000000;772.750366;-370.267944;1857.668579;3.106619;0.000000;0.000000;0.000000;0.000000;0.000000;708.936157;-400.595459;1884.503052;3.102723;0.000000;0.000000;0.000000;0.000000;0.000000;-44.221558;-680.785767;2033.498047;0.586382;0.000000;0.000000;0.000000;0.000000;2.000000;-177.273544;-645.348206;2006.088501;0.629875;0.000000;0.000000;0.000000;0.000000;2.000000;-430.748138;-483.843018;2010.430298;1.931111;0.000000;0.000000;0.000000;0.000000;2.000000;-602.242310;-372.941895;1864.970215;3.014346;0.000000;0.000000;0.000000;0.000000;2.000000;-595.815186;-371.341797;1754.485962;3.094034;0.000000;0.000000;0.000000;0.000000;2.000000;-661.049805;-333.155701;1669.975586;3.913197;0.000000;0.000000;0.000000;0.000000;2.000000;-606.472046;-323.263397;1730.845947;2.482288;0.000000;0.000000;0.000000;0.000000;2.000000;97.336975;-150.119598;1999.260010;0.326228;0.000000;0.000000;0.000000;0.000000;2.000000;117.337311;272.415588;2060.175049;0.580990;0.000000;0.000000;0.000000;0.000000;2.000000;127.771637;658.383545;2193.364258;0.752958;0.000000;0.000000;0.000000;0.000000;2.000000;133.528870;807.545288;2060.270020;0.822618;0.000000;0.000000;0.000000;0.000000;2.000000;-87.773048;-149.892151;2000.667358;0.294176;0.000000;0.000000;0.000000;0.000000;2.000000;-79.275192;272.098206;2064.742920;0.541849;0.000000;0.000000;0.000000;0.000000;2.000000;-59.612122;666.715576;2184.067383;0.308487;0.000000;0.000000;0.000000;0.000000;2.000000;-44.786469;804.799866;2063.362305;0.593698;0.000000;0.000000;0.000000;0.000000;2.000000;-12.732620;-807.098816;2044.057007;0.653379;0.000000;0.000000;0.000000;0.000000;2.000000;-9.273224;-834.135010;1874.694946;0.716589;0.000000;0.000000;0.000000;0.000000;2.000000;17.808701;-874.622864;1909.301880;0.753348;0.000000;0.000000;0.000000;0.000000;2.000000;76.763245;-872.947327;2031.107910;0.680140;0.000000;0.000000;0.000000;0.000000;2.000000;-37.666916;-871.197937;1904.202148;0.770391;0.000000;0.000000;0.000000;0.000000;2.000000;-100.311729;-876.515808;2029.145508;0.824965;0.000000;0.000000;0.000000;0.000000;2.000000;11945600000.000000
0.000000;-150.000000;2000.000000;0.000000;0.000000;0.000000;0.000000;0.000000;2.000000;0.109314;-339.544159;1992.186646;0.055967;0.000000;0.000000;0.000000;0.000000;2.000000;0.181870;-491.142181;1996.522461;0.067294;0.000000;0.000000;0.000000;0.000000;2.000000;-6.311584;-717.013306;2043.792603;0.150308;0.000000;0.000000;0.000000;0.000000;2.000000;30.460861;-680.357788;2039.255615;0.135838;0.000000;0.000000;0.000000;0.000000;2.000000;181.060608;-661.044189;2046.511475;0.192086;0.000000;0.000000;0.000000;0.000000;2.000000;453.183044;-555.046997;2079.048828;1.208038;0.000000;0.000000;0.000000;0.000000;2.000000;609.631531;-541.342529;1888.889404;2.014334;0.000000;0.000000;0.000000;0.000000;2.000000;709.573486;-519.430298;1884.949463;2.787899;0.000000;0.000000;0.000000;0.000000;0.000000;822.497131;-498.221649;1885.094849;4.142896;0.000000;0.000000;0.000000;0.000000;0.000000;745.239990;-502.066010;1898.715942;3.216814;0.000000;0.000000;0.000000;0.000000;0.000000;-40.942719;-678.568726;2034.896484;0.124225;0.000000;0.000000;0.000000;0.000000;2.000000;-174.618042;-644.377075;2012.158936;0.198172;0.000000;0.000000;0.000000;0.000000;2.000000;-448.757813;-524.508667;2001.130981;1.344608;0.000000;0.000000;0.000000;0.000000;2.000000;-643.072998;-462.805206;1856.879395;2.930737;0.000000;0.000000;0.000000;0.000000;2.000000;-626.908813;-476.724640;1748.715698;3.255969;0.000000;0.000000;0.000000;0.000000;2.000000;-701.396973;-444.951630;1669.995972;3.517217;0.000000;0.000000;0.000000;0.000000;2.000000;-634.642029;-445.775299;1719.976318;3.733958;0.000000;0.000000;0.000000;0.000000;2.000000;96.956848;-149.949707;2000.136230;0.028708;0.000000;0.000000;0.000000;0.000000;2.000000;130.130829;270.611145;2057.061523;0.393288;0.000000;0.000000;0.000000;0.000000;2.000000;144.815582;652.969604;2195.249512;0.532145;0.000000;0.000000;0.000000;0.000000;2.000000;165.858185;806.808105;2070.456543;1.003320;0.000000;0.000000;0.000000;0.000000;2.000000;-87.430229;-150.045349;1999.877075;0.025892;0.000000;0.000000;0.000000;0.000000;2.000000;-86.505341;268.828308;2073.133789;0.341760;0.000000;0.000000;0.000000;0.000000;2.000000;-78.252014;664.827759;2183.253906;0.554951;0.000000;0.000000;0.000000;0.000000;2.000000;-55.786484;803.346924;2065.360840;0.333632;0.000000;0.000000;0.000000;0.000000;2.000000;-7.944473;-803.783325;2047.406616;0.198820;0.000000;0.000000;0.000000;0.000000;2.000000;-2.352005;-822.089478;1877.615723;0.420102;0.000000;0.000000;0.000000;0.000000;2.000000;25.951508;-863.018677;1910.265503;0.420479;0.000000;0.000000;0.000000;0.000000;2.000000;83.772949;-865.151123;2032.017090;0.311419;0.000000;0.000000;0.000000;0.000000;2.000000;-29.362671;-861.495728;1904.895020;0.378480;0.000000;0.000000;0.000000;0.000000;2.000000;-92.315903;-875.417603;2028.397705;0.239863;0.000000;0.000000;0.000000;0.000000;2.000000;11945633792.000000
0.000000;-150.000000;2000.000000;0.000000;0.000000;0.000000;0.000000;0.000000;2.000000;-1.744293;-339.739197;1985.433594;0.213792;0.000000;0.000000;0.000000;0.000000;2.000000;-2.901825;-491.699188;1992.740967;0.149876;0.000000;0.000000;0.000000;0.000000;2.000000;-11.108475;-717.300781;2044.401611;0.147825;0.000000;0.000000;0.000000;0.000000;2.000000;26.040070;-680.861206;2039.323608;0.135800;0.000000;0.000000;0.000000;0.000000;2.000000;176.718170;-673.215088;2061.461426;0.603051;0.000000;0.000000;0.000000;0.000000;2.000000;457.367004;-584.430298;2045.790771;1.360339;0.000000;0.000000;0.000000;0.000000;2.000000;643.138489;-628.244873;1888.375977;2.842397;0.000000;0.000000;0.000000;0.000000;2.000000;745.735657;-632.202393;1885.428711;3.614172;0.000000;0.000000;0.000000;0.000000;0.000000;860.182312;-627.955933;1872.421753;4.140929;0.000000;0.000000;0.000000;0.000000;0.000000;768.176208;-591.113037;1895.910034;2.807504;0.000000;0.000000;0.000000;0.000000;0.000000;-45.556244;-678.686401;2034.593262;0.141143;0.000000;0.000000;0.000000;0.000000;2.000000;-182.696899;-649.997803;2027.625732;0.559465;0.000000;0.000000;0.000000;0.000000;2.000000;-458.187561;-591.808350;1923.079468;3.158268;0.000000;0.000000;0.000000;0.000000;2.000000;-685.321899;-546.340210;1827.621094;2.993075;0.000000;0.000000;0.000000;0.000000;2.000000;-669.792480;-589.640869;1727.045776;3.744927;0.000000;0.000000;0.000000;0.000000;2.000000;-732.276489;-557.169189;1638.293335;3.681308;0.000000;0.000000;0.000000;0.000000;2.000000;-660.096680;-567.041260;1693.617798;3.866006;0.000000;0.000000;0.000000;0.000000;2.000000;97.252777;-150.799835;1998.772827;0.049858;0.000000;0.000000;0.000000;0.000000;2.000000;144.958374;269.948120;2054.060059;0.462122;0.000000;0.000000;0.000000;0.000000;2.000000;187.731812;654.487183;2183.902588;1.355495;0.000000;0.000000;0.000000;0.000000;2.000000;205.829651;808.960693;2058.425781;1.275580;0.000000;0.000000;0.000000;0.000000;2.000000;-87.697098;-149.278748;2001.106812;0.044967;0.000000;0.000000;0.000000;0.000000;2.000000;-109.397964;271.938293;2064.936523;0.748110;0.000000;0.000000;0.000000;0.000000;2.000000;-116.895897;670.919922;2169.047363;1.270166;0.000000;0.000000;0.000000;0.000000;2.000000;-126.809280;805.043335;2043.681641;2.266760;0.000000;0.000000;0.000000;0.000000;2.000000;-13.332565;-804.248901;2049.662842;0.178831;0.000000;0.000000;0.000000;0.000000;2.000000;-14.687881;-804.177002;1878.260986;0.664027;0.000000;0.000000;0.000000;0.000000;2.000000;11.408981;-850.599487;1905.254639;0.603315;0.000000;0.000000;0.000000;0.000000;2.000000;72.970276;-870.483765;2024.003662;0.441557;0.000000;0.000000;0.000000;0.000000;2.000000;-43.930176;-844.323853;1902.321045;0.691687;0.000000;0.000000;0.000000;0.000000;2.000000;-103.961884;-867.017822;2026.474609;0.442119;0.000000;0.000000;0.000000;0.000000;2.000000;11945666560.000000
0.000000;-150.000000;2000.000000;0.000000;0.000000;0.000000;0.000000;0.000000;2.000000;-2.198044;-340.234009;1984.462646;0.034933;0.000000;0.000000;0.000000;0.000000;2.000000;-3.618927;-492.635254;1992.105835;0.039635;0.000000;0.000000;0.000000;0.000000;2.000000;-13.184479;-719.982056;2038.780273;0.194275;0.000000;0.000000;0.000000;0.000000;2.000000;24.300430;-683.568909;2034.405640;0.173930;0.000000;0.000000;0.000000;0.000000;2.000000;175.815048;-674.041748;2052.996094;0.253119;0.000000;0.000000;0.000000;0.000000;2.000000;468.744690;-634.567261;2045.810303;1.521418;0.000000;0.000000;0.000000;0.000000;2.000000;647.856445;-726.583008;1900.784668;2.936498;0.000000;0.000000;0.000000;0.000000;2.000000;750.038757;-739.681213;1902.025513;3.220816;0.000000;0.000000;0.000000;0.000000;0.000000;862.999023;-757.536255;1885.090698;3.853831;0.000000;0.000000;0.000000;0.000000;0.000000;780.273743;-712.774780;1893.398804;3.618831;0.000000;0.000000;0.000000;0.000000;0.000000;-47.509842;-680.813110;2029.933960;0.162218;0.000000;0.000000;0.000000;0.000000;2.000000;-185.873276;-655.883667;2024.256470;0.221620;0.000000;0.000000;0.000000;0.000000;2.000000;-458.906982;-613.339111;1904.260376;0.846504;0.000000;0.000000;0.000000;0.000000;2.000000;-631.574097;-619.705261;1721.791504;4.129353;0.000000;0.000000;0.000000;0.000000;2.000000;-702.129211;-705.278687;1723.942505;3.554513;0.000000;0.000000;0.000000;0.000000;2.000000;-724.066223;-678.643005;1615.671631;3.664617;0.000000;0.000000;0.000000;0.000000;2.000000;-716.188293;-691.558289;1627.052734;4.495932;0.000000;0.000000;0.000000;0.000000;2.000000;97.538467;-150.992157;1998.349243;0.016155;0.000000;0.000000;0.000000;0.000000;2.000000;173.346176;268.356812;2041.520996;0.919583;0.000000;0.000000;0.000000;0.000000;2.000000;213.948044;648.029907;2189.054199;0.813413;0.000000;0.000000;0.000000;0.000000;2.000000;259.362732;809.822144;2079.801270;1.706005;0.000000;0.000000;0.000000;0.000000;2.000000;-87.954720;-149.105286;2001.488647;0.014565;0.000000;0.000000;0.000000;0.000000;2.000000;-129.050842;271.669281;2067.286621;0.585781;0.000000;0.000000;0.000000;0.000000;2.000000;-156.346939;671.639404;2169.213379;1.167672;0.000000;0.000000;0.000000;0.000000;2.000000;-188.227539;806.254456;2047.267578;1.820986;0.000000;0.000000;0.000000;0.000000;2.000000;-15.972702;-807.273987;2042.076782;0.253998;0.000000;0.000000;0.000000;0.000000;2.000000;4.708435;-821.281128;1871.976196;0.787562;0.000000;0.000000;0.000000;0.000000;2.000000;28.243683;-864.582336;1905.996826;0.647993;0.000000;0.000000;0.000000;0.000000;2.000000;74.653305;-872.673767;2033.188843;0.283838;0.000000;0.000000;0.000000;0.000000;2.000000;-26.555786;-860.397522;1895.569458;0.728378;0.000000;0.000000;0.000000;0.000000;2.000000;-101.700417;-874.907715;2013.016479;0.466484;0.000000;0.000000;0.000000;0.000000;2.000000;11945700352.000000
0.000000;-150.000000;2000.000000;0.000000;0.000000;0.000000;0.000000;0.000000;2.000000;-0.781860;-338.339050;1977.058472;0.237211;0.000000;0.000000;0.000000;0.000000;2.000000;-2.847672;-489.971069;1980.364014;0.368193;0.000000;0.000000;0.000000;0.000000;2.000000;-13.022583;-717.011780;2021.093506;0.547338;0.000000;0.000000;0.000000;0.000000;2.000000;24.174942;-680.542419;2019.210327;0.472848;0.000000;0.000000;0.000000;0.000000;2.000000;174.785202;-674.788147;2039.112915;0.425455;0.000000;0.000000;0.000000;0.000000;2.000000;468.007141;-691.954163;2029.310425;1.822399;0.000000;0.000000;0.000000;0.000000;2.000000;651.321594;-775.558228;1887.013184;1.556167;0.000000;0.000000;0.000000;0.000000;2.000000;729.321594;-841.659058;1892.826172;3.188073;0.000000;0.000000;0.000000;0.000000;0.000000;834.277527;-883.639893;1872.155762;3.966624;0.000000;0.000000;0.000000;0.000000;0.000000;777.759521;-834.145203;1897.009888;3.706365;0.000000;0.000000;0.000000;0.000000;0.000000;-46.957260;-678.053833;2011.714600;0.562604;0.000000;0.000000;0.000000;0.000000;2.000000;-184.831818;-657.036011;2001.239502;0.704020;0.000000;0.000000;0.000000;0.000000;2.000000;-467.903320;-644.390503;1904.392090;0.986592;0.000000;0.000000;0.000000;0.000000;2.000000;-618.666382;-710.810242;1716.638550;2.812469;0.000000;0.000000;0.000000;0.000000;2.000000;-669.451538;-803.308899;1748.620728;3.242163;0.000000;0.000000;0.000000;0.000000;2.000000;-693.887329;-825.835449;1640.667236;4.648416;0.000000;0.000000;0.000000;0.000000;2.000000;-684.131470;-831.470642;1679.310547;4.661702;0.000000;0.000000;0.000000;0.000000;2.000000;96.753647;-151.179047;2006.381836;0.246369;0.000000;0.000000;0.000000;0.000000;2.000000;186.056564;262.659546;2051.412842;0.521361;0.000000;0.000000;0.000000;0.000000;2.000000;227.743149;644.579895;2185.416260;0.447935;0.000000;0.000000;0.000000;0.000000;2.000000;280.642395;794.397949;2065.207275;0.917415;0.000000;0.000000;0.000000;0.000000;2.000000;-87.247032;-148.936798;1994.245239;0.222163;0.000000;0.000000;0.000000;0.000000;2.000000;-143.831985;269.369812;2046.139038;0.790511;0.000000;0.000000;0.000000;0.000000;2.000000;-183.659332;665.037415;2150.638916;1.027932;0.000000;0.000000;0.000000;0.000000;2.000000;-197.344086;799.658081;2026.982910;0.707910;0.000000;0.000000;0.000000;0.000000;2.000000;-15.417511;-803.844299;2022.251343;0.614245;0.000000;0.000000;0.000000;0.000000;2.000000;1.315384;-810.328369;1852.304932;0.694859;0.000000;0.000000;0.000000;0.000000;2.000000;23.545822;-855.878418;1883.519287;0.749434;0.000000;0.000000;0.000000;0.000000;2.000000;71.706833;-871.936035;2008.416260;0.761661;0.000000;0.000000;0.000000;0.000000;2.000000;-30.892838;-849.016907;1874.515259;0.742279;0.000000;0.000000;0.000000;0.000000;2.000000;-103.878845;-866.078796;1991.977661;0.699463;0.000000;0.000000;0.000000;0.000000;2.000000;11945733120.000000
0.000000;-150.000000;2000.000000;0.000000;0.000000;0.000000;0.000000;0.000000;2.000000;-3.134506;-336.384216;1982.519653;0.185235;0.000000;0.000000;0.000000;0.000000;2.000000;-6.736481;-485.925354;1987.864624;0.277210;0.000000;0.000000;0.000000;0.000000;2.000000;-18.865204;-710.808533;2022.394531;0.255098;0.000000;0.000000;0.000000;0.000000;2.000000;18.266388;-675.253174;2020.658081;0.238554;0.000000;0.000000;0.000000;0.000000;2.000000;166.949493;-688.246460;2035.858154;0.470812;0.000000;0.000000;0.000000;0.000000;2.000000;451.439606;-742.951111;2049.186523;1.692292;0.000000;0.000000;0.000000;0.000000;2.000000;625.305786;-845.126465;1912.887329;2.327513;0.000000;0.000000;0.000000;0.000000;2.000000;655.662720;-940.342957;1927.866333;3.788798;0.000000;0.000000;0.000000;0.000000;0.000000;754.543579;-979.182068;1888.202759;3.713079;0.000000;0.000000;0.000000;0.000000;0.000000;716.792114;-961.096497;1886.682861;4.178804;0.000000;0.000000;0.000000;0.000000;0.000000;-52.033951;-671.711060;2014.899902;0.258238;0.000000;0.000000;0.000000;0.000000;2.000000;-189.825439;-666.984863;2008.651123;0.395757;0.000000;0.000000;0.000000;0.000000;2.000000;-466.780487;-701.794128;1911.690063;1.712730;0.000000;0.000000;0.000000;0.000000;2.000000;-597.848755;-808.230164;1732.110962;2.983361;0.000000;0.000000;0.000000;0.000000;2.000000;-635.162109;-900.522949;1776.030151;3.156543;0.000000;0.000000;0.000000;0.000000;2.000000;-674.551880;-912.958740;1672.503784;2.803970;0.000000;0.000000;0.000000;0.000000;2.000000;-654.105957;-936.623718;1688.198242;3.246816;0.000000;0.000000;0.000000;0.000000;2.000000;95.517548;-152.109116;2005.360596;0.054854;0.000000;0.000000;0.000000;0.000000;2.000000;192.334015;253.367966;2057.575928;0.378653;0.000000;0.000000;0.000000;0.000000;2.000000;242.375702;623.810120;2204.151855;0.934176;0.000000;0.000000;0.000000;0.000000;2.000000;285.609131;759.111084;2068.219971;1.058293;0.000000;0.000000;0.000000;0.000000;2.000000;-86.132362;-148.098129;1995.166138;0.049464;0.000000;0.000000;0.000000;0.000000;2.000000;-149.117035;260.359253;2068.154785;0.721127;0.000000;0.000000;0.000000;0.000000;2.000000;-205.263245;648.678955;2171.504639;1.012103;0.000000;0.000000;0.000000;0.000000;2.000000;-206.677750;756.260254;2026.095337;1.313893;0.000000;0.000000;0.000000;0.000000;2.000000;-22.341019;-796.458191;2021.347046;0.300782;0.000000;0.000000;0.000000;0.000000;2.000000;1.616989;-810.424011;1855.007080;0.080510;0.000000;0.000000;0.000000;0.000000;2.000000;20.716995;-854.648621;1888.619263;0.176380;0.000000;0.000000;0.000000;0.000000;2.000000;62.041321;-866.641846;2014.509766;0.372660;0.000000;0.000000;0.000000;0.000000;2.000000;-32.304520;-846.699341;1876.950195;0.107894;0.000000;0.000000;0.000000;0.000000;2.000000;-110.040634;-856.513977;1989.941895;0.342047;0.000000;0.000000;0.000000;0.000000;2.000000;11945766912.000000
0.000000;-150.000000;2000.000000;0.000000;0.000000;0.000000;0.000000;0.000000;2.000000;-6.264755;-332.409637;1976.065674;0.250262;0.000000;0.000000;0.000000;0.000000;2.000000;-13.934845;-479.313293;1971.894165;0.571414;0.000000;0.000000;0.000000;0.000000;2.000000;-23.769562;-701.322205;2000.105469;0.754251;0.000000;0.000000;0.000000;0.000000;2.000000;12.112808;-665.707214;2001.426758;0.681599;0.000000;0.000000;0.000000;0.000000;2.000000;154.897171;-689.758118;2029.536011;0.417894;0.000000;0.000000;0.000000;0.000000;2.000000;427.033020;-773.722412;2015.680298;1.575494;0.000000;0.000000;0.000000;0.000000;2.000000;599.178589;-895.930969;1902.978271;1.769472;0.000000;0.000000;0.000000;0.000000;2.000000;622.214355;-992.436401;1908.227173;1.982050;0.000000;0.000000;0.000000;0.000000;0.000000;714.616516;-1047.393188;1878.700073;2.429404;0.000000;0.000000;0.000000;0.000000;0.000000;655.713257;-1026.727295;1856.884033;2.883224;0.000000;0.000000;0.000000;0.000000;0.000000;-56.583466;-663.290894;1991.604492;0.768579;0.000000;0.000000;0.000000;0.000000;2.000000;-191.463760;-675.409424;1983.056152;0.823839;0.000000;0.000000;0.000000;0.000000;2.000000;-462.468994;-724.807373;1890.745850;0.958688;0.000000;0.000000;0.000000;0.000000;2.000000;-576.340576;-868.630737;1732.385376;1.956676;0.000000;0.000000;0.000000;0.000000;2.000000;-624.835510;-958.472168;1764.339233;1.831418;0.000000;0.000000;0.000000;0.000000;0.000000;-657.850403;-1015.402466;1676.712036;3.170212;0.000000;0.000000;0.000000;0.000000;2.000000;-635.130127;-982.654785;1681.897705;1.531556;0.000000;0.000000;0.000000;0.000000;2.000000;92.546097;-155.288681;2016.082642;0.353137;0.000000;0.000000;0.000000;0.000000;2.000000;198.062790;243.767929;2031.731934;0.859324;0.000000;0.000000;0.000000;0.000000;2.000000;231.309952;606.697815;2183.442383;0.886673;0.000000;0.000000;0.000000;0.000000;2.000000;281.262390;747.727234;2061.052490;0.431432;0.000000;0.000000;0.000000;0.000000;2.000000;-83.452896;-145.230972;1985.497559;0.318440;0.000000;0.000000;0.000000;0.000000;2.000000;-141.755920;258.287476;2048.991211;0.629669;0.000000;0.000000;0.000000;0.000000;2.000000;-194.071259;642.697449;2141.875488;0.983654;0.000000;0.000000;0.000000;0.000000;2.000000;-207.390869;745.633057;1997.462036;0.932317;0.000000;0.000000;0.000000;0.000000;2.000000;-25.540390;-785.530945;1996.989380;0.820541;0.000000;0.000000;0.000000;0.000000;2.000000;-8.841965;-801.674683;1832.824585;0.794632;0.000000;0.000000;0.000000;0.000000;2.000000;16.075668;-841.923462;1865.907593;0.807011;0.000000;0.000000;0.000000;0.000000;2.000000;63.847885;-845.626831;1987.619141;1.042969;0.000000;0.000000;0.000000;0.000000;2.000000;-37.096390;-839.968994;1857.010986;0.658665;0.000000;0.000000;0.000000;0.000000;2.000000;-106.432961;-854.202515;1972.187622;0.557372;0.000000;0.000000;0.000000;0.000000;2.000000;11945799680.000000
0.000000;-150.000000;2000.000000;0.000000;0.000000;0.000000;0.000000;0.000000;2.000000;-6.794250;-330.181702;1978.851929;0.106728;0.000000;0.000000;0.000000;0.000000;2.000000;-13.471634;-475.116699;1975.109375;0.157047;0.000000;0.000000;0.000000;0.000000;2.000000;-22.664276;-694.860718;1996.004150;0.228830;0.000000;0.000000;0.000000;0.000000;2.000000;12.775742;-659.798950;1997.572388;0.209678;0.000000;0.000000;0.000000;0.000000;2.000000;151.605209;-692.787170;2025.843018;0.171665;0.000000;0.000000;0.000000;0.000000;2.000000;416.461182;-787.274597;2025.260742;0.582317;0.000000;0.000000;0.000000;0.000000;2.000000;564.875244;-925.942627;1905.055420;1.350202;0.000000;0.000000;0.000000;0.000000;2.000000;585.619751;-1021.577637;1910.075317;1.385434;0.000000;0.000000;0.000000;0.000000;0.000000;665.946289;-1094.946655;1894.106812;2.064613;0.000000;0.000000;0.000000;0.000000;0.000000;578.118713;-1058.832764;1847.846680;2.499383;0.000000;0.000000;0.000000;0.000000;0.000000;-55.192673;-657.097717;1989.656616;0.196484;0.000000;0.000000;0.000000;0.000000;2.000000;-186.451950;-682.076782;1982.158569;0.248258;0.000000;0.000000;0.000000;0.000000;2.000000;-452.384766;-744.656799;1895.782593;0.675507;0.000000;0.000000;0.000000;0.000000;2.000000;-541.394531;-906.933533;1744.562256;1.576107;0.000000;0.000000;0.000000;0.000000;2.000000;-608.333984;-987.265503;1758.607910;0.996625;0.000000;0.000000;0.000000;0.000000;0.000000;-651.010315;-1042.290527;1675.950928;0.821345;0.000000;0.000000;0.000000;0.000000;2.000000;-590.848633;-1036.236206;1718.401733;2.323433;0.000000;0.000000;0.000000;0.000000;0.000000;92.294632;-154.469910;2008.432129;0.227815;0.000000;0.000000;0.000000;0.000000;2.000000;216.705612;233.227798;2021.542358;0.701840;0.000000;0.000000;0.000000;0.000000;2.000000;227.423386;589.801453;2177.487305;0.542490;0.000000;0.000000;0.000000;0.000000;2.000000;280.253540;734.065430;2064.619629;0.418910;0.000000;0.000000;0.000000;0.000000;2.000000;-83.226151;-145.969299;1992.396362;0.205430;0.000000;0.000000;0.000000;0.000000;2.000000;-142.796600;252.142792;2052.066895;0.205665;0.000000;0.000000;0.000000;0.000000;2.000000;-196.156906;631.520508;2141.562988;0.336593;0.000000;0.000000;0.000000;0.000000;2.000000;-212.754669;732.007507;1998.767822;0.435055;0.000000;0.000000;0.000000;0.000000;2.000000;-24.557938;-777.765503;1990.266479;0.305344;0.000000;0.000000;0.000000;0.000000;2.000000;-4.892914;-802.376282;1829.812500;0.148436;0.000000;0.000000;0.000000;0.000000;2.000000;14.406235;-842.916809;1864.857300;0.065352;0.000000;0.000000;0.000000;0.000000;2.000000;57.191513;-846.124207;1986.516479;0.200207;0.000000;0.000000;0.000000;0.000000;2.000000;-37.255203;-835.999084;1854.184937;0.144284;0.000000;0.000000;0.000000;0.000000;2.000000;-110.168709;-837.945129;1965.791016;0.528689;0.000000;0.000000;0.000000;0.000000;2.000000;11945833472.000000
0.000000;-150.000000;2000.000000;0.000000;0.000000;0.000000;0.000000;0.000000;2.000000;-10.189590;-331.489288;1994.537231;0.491387;0.000000;0.000000;0.000000;0.000000;2.000000;-18.643463;-476.627747;1993.871582;0.595720;0.000000;0.000000;0.000000;0.000000;2.000000;-34.826828;-696.389282;2014.341675;0.673138;0.000000;0.000000;0.000000;0.000000;2.000000;1.741028;-662.393433;2016.183350;0.665020;0.000000;0.000000;0.000000;0.000000;2.000000;139.861893;-698.280151;2045.653809;0.722530;0.000000;0.000000;0.000000;0.000000;2.000000;403.906189;-796.380127;2043.320557;0.726482;0.000000;0.000000;0.000000;0.000000;2.000000;549.289978;-941.043640;1925.710327;0.914289;0.000000;0.000000;0.000000;0.000000;2.000000;544.242981;-1036.683838;1904.215454;1.356084;0.000000;0.000000;0.000000;0.000000;0.000000;624.956421;-1110.538940;1916.968506;1.509293;0.000000;0.000000;0.000000;0.000000;0.000000;562.208374;-1076.163086;1885.447144;1.353575;0.000000;0.000000;0.000000;0.000000;0.000000;-66.179001;-657.554016;2007.864014;0.649112;0.000000;0.000000;0.000000;0.000000;2.000000;-198.603989;-677.885803;2003.291626;0.754866;0.000000;0.000000;0.000000;0.000000;2.000000;-457.597046;-761.390869;1912.029785;0.729343;0.000000;0.000000;0.000000;0.000000;2.000000;-556.352356;-921.585815;1764.025757;0.872426;0.000000;0.000000;0.000000;0.000000;2.000000;-590.117126;-1013.578369;1803.609863;1.685222;0.000000;0.000000;0.000000;0.000000;0.000000;-618.085510;-1061.151123;1710.465332;1.565349;0.000000;0.000000;0.000000;0.000000;0.000000;-582.570007;-1059.166992;1741.956543;1.034535;0.000000;0.000000;0.000000;0.000000;0.000000;92.474136;-155.421295;2007.621460;0.038536;0.000000;0.000000;0.000000;0.000000;2.000000;203.191635;236.198746;2037.699463;0.649176;0.000000;0.000000;0.000000;0.000000;2.000000;212.086685;584.580200;2212.770996;1.184858;0.000000;0.000000;0.000000;0.000000;2.000000;265.657227;717.424255;2086.479004;0.949393;0.000000;0.000000;0.000000;0.000000;2.000000;-83.387985;-145.111374;1993.127319;0.034749;0.000000;0.000000;0.000000;0.000000;2.000000;-151.571075;252.906021;2048.843262;0.286225;0.000000;0.000000;0.000000;0.000000;2.000000;-210.490173;627.220703;2157.161133;0.659655;0.000000;0.000000;0.000000;0.000000;2.000000;-221.710068;731.676453;2016.334106;0.601810;0.000000;0.000000;0.000000;0.000000;2.000000;-39.276077;-779.327148;2008.429688;0.715027;0.000000;0.000000;0.000000;0.000000;2.000000;-17.841995;-805.865417;1848.223511;0.695117;0.000000;0.000000;0.000000;0.000000;2.000000;-0.521179;-846.861206;1883.925293;0.748754;0.000000;0.000000;0.000000;0.000000;2.000000;40.209427;-850.652771;2006.504150;0.812253;0.000000;0.000000;0.000000;0.000000;2.000000;-51.815231;-838.205994;1872.332642;0.713227;0.000000;0.000000;0.000000;0.000000;2.000000;-126.686836;-836.755676;1982.918701;0.727075;0.000000;0.000000;0.000000;0.000000;2.000000;11945866240.000000
0.000000;-150.000000;2000.000000;0.000000;0.000000;0.000000;0.000000;0.000000;2.000000;-7.056992;-333.074768;1981.628418;0.395885;0.000000;0.000000;0.000000;0.000000;2.000000;-14.220734;-480.056091;1977.918579;0.500296;0.000000;0.000000;0.000000;0.000000;2.000000;-32.682602;-701.830933;2004.048218;0.350352;0.000000;0.000000;0.000000;0.000000;2.000000;4.554016;-667.632080;2005.770874;0.354837;0.000000;0.000000;0.000000;0.000000;2.000000;144.772232;-698.621399;2039.626587;0.230283;0.000000;0.000000;0.000000;0.000000;2.000000;409.302307;-803.739197;2021.796631;0.691835;0.000000;0.000000;0.000000;0.000000;2.000000;542.425842;-951.062561;1888.096680;1.169676;0.000000;0.000000;0.000000;0.000000;2.000000;535.127258;-1050.061646;1892.865356;0.585075;0.000000;0.000000;0.000000;0.000000;0.000000;625.243408;-1115.647095;1889.044678;0.840100;0.000000;0.000000;0.000000;0.000000;0.000000;553.786194;-1095.048950;1862.351685;0.917381;0.000000;0.000000;0.000000;0.000000;0.000000;-63.993774;-662.473816;1995.836670;0.389948;0.000000;0.000000;0.000000;0.000000;2.000000;-198.702988;-677.671997;1989.127808;0.419205;0.000000;0.000000;0.000000;0.000000;2.000000;-459.380432;-759.836060;1890.400146;0.643900;0.000000;0.000000;0.000000;0.000000;2.000000;-556.199158;-927.520569;1744.558960;0.602271;0.000000;0.000000;0.000000;0.000000;2.000000;-577.148132;-1026.478516;1779.472900;0.896228;0.000000;0.000000;0.000000;0.000000;0.000000;-616.880798;-1066.010376;1685.267700;0.760244;0.000000;0.000000;0.000000;0.000000;2.000000;-583.359619;-1063.272827;1715.289307;0.798799;0.000000;0.000000;0.000000;0.000000;0.000000;93.128311;-154.857971;2012.637207;0.150613;0.000000;0.000000;0.000000;0.000000;2.000000;182.045273;244.684158;2069.000244;1.145708;0.000000;0.000000;0.000000;0.000000;2.000000;219.296707;614.949524;2201.058594;0.986582;0.000000;0.000000;0.000000;0.000000;2.000000;261.607422;719.627258;2044.098755;1.261549;0.000000;0.000000;0.000000;0.000000;2.000000;-83.977905;-145.619354;1988.604614;0.135808;0.000000;0.000000;0.000000;0.000000;2.000000;-152.371033;256.186676;2053.596680;0.172548;0.000000;0.000000;0.000000;0.000000;2.000000;-214.413696;636.782288;2156.159180;0.307284;0.000000;0.000000;0.000000;0.000000;2.000000;-221.476410;727.541809;2003.324951;0.404013;0.000000;0.000000;0.000000;0.000000;2.000000;-37.695129;-785.898865;2000.143188;0.316453;0.000000;0.000000;0.000000;0.000000;2.000000;-24.364990;-806.688782;1836.147827;0.406887;0.000000;0.000000;0.000000;0.000000;2.000000;-2.724472;-848.342529;1869.819702;0.424754;0.000000;0.000000;0.000000;0.000000;2.000000;45.933975;-853.877869;1991.148071;0.494280;0.000000;0.000000;0.000000;0.000000;2.000000;-55.627441;-841.852600;1861.395630;0.359341;0.000000;0.000000;0.000000;0.000000;2.000000;-124.648949;-847.614868;1977.535645;0.363705;0.000000;0.000000;0.000000;0.000000;2.000000;11945900032.000000
0.000000;-150.000000;2000.000000;0.000000;0.000000;0.000000;0.000000;0.000000;2.000000;-7.700974;-332.883331;1979.937744;0.053837;0.000000;0.000000;0.000000;0.000000;2.000000;-15.278992;-479.856232;1976.333130;0.056719;0.000000;0.000000;0.000000;0.000000;2.000000;-31.192780;-701.685547;2003.769775;0.045057;0.000000;0.000000;0.000000;0.000000;2.000000;5.579163;-666.993652;2005.698486;0.035803;0.000000;0.000000;0.000000;0.000000;2.000000;147.404114;-685.713135;2041.834473;0.395288;0.000000;0.000000;0.000000;0.000000;2.000000;412.880829;-788.614014;2024.863770;0.468824;0.000000;0.000000;0.000000;0.000000;2.000000;544.327271;-932.407471;1885.743164;0.559270;0.000000;0.000000;0.000000;0.000000;2.000000;537.797607;-1026.208618;1853.542969;1.363309;0.000000;0.000000;0.000000;0.000000;0.000000;627.506226;-1090.181885;1870.816528;0.929168;0.000000;0.000000;0.000000;0.000000;0.000000;554.500854;-1065.845703;1836.830078;1.147916;0.000000;0.000000;0.000000;0.000000;0.000000;-62.910370;-662.791504;1994.916382;0.043104;0.000000;0.000000;0.000000;0.000000;2.000000;-198.117355;-671.374878;1986.527100;0.202360;0.000000;0.000000;0.000000;0.000000;2.000000;-458.354279;-750.182373;1883.921143;0.345393;0.000000;0.000000;0.000000;0.000000;2.000000;-552.189697;-914.520142;1732.404419;0.539872;0.000000;0.000000;0.000000;0.000000;2.000000;-577.491699;-1014.746948;1760.088013;0.670603;0.000000;0.000000;0.000000;0.000000;0.000000;-612.597046;-1057.566772;1665.474487;0.649302;0.000000;0.000000;0.000000;0.000000;2.000000;-579.871704;-1048.209106;1703.631592;0.573050;0.000000;0.000000;0.000000;0.000000;0.000000;93.403442;-155.070129;2010.365112;0.068019;0.000000;0.000000;0.000000;0.000000;2.000000;183.165894;246.178741;2051.370361;0.524638;0.000000;0.000000;0.000000;0.000000;2.000000;222.207367;609.622681;2200.797119;0.179800;0.000000;0.000000;0.000000;0.000000;2.000000;263.557983;731.249268;2056.276855;0.501493;0.000000;0.000000;0.000000;0.000000;2.000000;-84.226013;-145.428040;1990.653564;0.061339;0.000000;0.000000;0.000000;0.000000;2.000000;-150.604279;258.802246;2041.288086;0.376031;0.000000;0.000000;0.000000;0.000000;2.000000;-211.180374;640.543091;2140.518799;0.485556;0.000000;0.000000;0.000000;0.000000;2.000000;-220.816559;742.807495;1995.264771;0.511231;0.000000;0.000000;0.000000;0.000000;2.000000;-35.074631;-785.841431;2000.384155;0.077894;0.000000;0.000000;0.000000;0.000000;2.000000;-23.073425;-801.366577;1835.693604;0.162627;0.000000;0.000000;0.000000;0.000000;2.000000;-4.315140;-845.613403;1867.755005;0.111676;0.000000;0.000000;0.000000;0.000000;2.000000;43.784271;-858.933350;1988.710083;0.177860;0.000000;0.000000;0.000000;0.000000;2.000000;-56.657211;-835.257568;1859.677002;0.203973;0.000000;0.000000;0.000000;0.000000;2.000000;-125.988861;-840.666626;1975.659546;0.216641;0.000000;0.000000;0.000000;0.000000;2.000000;11945933824.000000
0.000000;-150.000000;2000.000000;0.000000;0.000000;0.000000;0.000000;0.000000;2.000000;-6.359558;-335.290192;1988.012085;0.260362;0.000000;0.000000;0.000000;0.000000;2.000000;-12.465851;-483.675110;1990.243652;0.448515;0.000000;0.000000;0.000000;0.000000;2.000000;-25.363983;-706.970276;2023.232056;0.640639;0.000000;0.000000;0.000000;0.000000;2.000000;11.231644;-671.406128;2024.375488;0.610543;0.000000;0.000000;0.000000;0.000000;2.000000;153.826065;-692.614746;2061.500244;0.665547;0.000000;0.000000;0.000000;0.000000;2.000000;426.251953;-781.612122;2035.462158;0.562832;0.000000;0.000000;0.000000;0.000000;2.000000;553.046692;-918.416565;1882.017334;0.515788;0.000000;0.000000;0.000000;0.000000;2.000000;581.579956;-1014.081848;1872.560913;1.503013;0.000000;0.000000;0.000000;0.000000;0.000000;676.002869;-1072.440186;1854.110352;1.656345;0.000000;0.000000;0.000000;0.000000;0.000000;595.494812;-1051.240723;1846.385254;1.359698;0.000000;0.000000;0.000000;0.000000;0.000000;-57.910187;-668.413147;2013.341064;0.607349;0.000000;0.000000;0.000000;0.000000;2.000000;-194.408493;-675.381592;2004.664673;0.578049;0.000000;0.000000;0.000000;0.000000;2.000000;-457.281555;-740.777100;1892.420654;0.388247;0.000000;0.000000;0.000000;0.000000;2.000000;-540.707031;-906.438538;1732.982788;0.428876;0.000000;0.000000;0.000000;0.000000;2.000000;-579.057922;-1003.756042;1759.741089;0.338970;0.000000;0.000000;0.000000;0.000000;0.000000;-611.126221;-1053.041992;1666.061768;0.146299;0.000000;0.000000;0.000000;0.000000;2.000000;-569.265076;-1043.838623;1706.025269;0.357631;0.000000;0.000000;0.000000;0.000000;2.000000;94.533218;-153.768448;2008.096802;0.086940;0.000000;0.000000;0.000000;0.000000;2.000000;181.502426;251.118164;2056.123047;0.215258;0.000000;0.000000;0.000000;0.000000;2.000000;224.228012;619.283020;2202.313477;0.304725;0.000000;0.000000;0.000000;0.000000;2.000000;272.665649;748.651917;2064.555176;0.650484;0.000000;0.000000;0.000000;0.000000;2.000000;-85.244766;-146.601837;1992.698608;0.078388;0.000000;0.000000;0.000000;0.000000;2.000000;-144.654160;260.072388;2059.899414;0.597552;0.000000;0.000000;0.000000;0.000000;2.000000;-199.035492;646.555298;2158.760254;0.693492;0.000000;0.000000;0.000000;0.000000;2.000000;-213.347473;751.715393;2014.005005;0.673004;0.000000;0.000000;0.000000;0.000000;2.000000;-28.066360;-791.982239;2021.835205;0.713728;0.000000;0.000000;0.000000;0.000000;2.000000;-16.282623;-796.759766;1854.982056;0.639692;0.000000;0.000000;0.000000;0.000000;2.000000;5.372452;-842.142151;1884.460083;0.598766;0.000000;0.000000;0.000000;0.000000;2.000000;55.458847;-860.218506;2005.261597;0.619364;0.000000;0.000000;0.000000;0.000000;2.000000;-48.001205;-834.240967;1877.161255;0.596194;0.000000;0.000000;0.000000;0.000000;2.000000;-116.689636;-850.806274;1993.882202;0.696813;0.000000;0.000000;0.000000;0.000000;2.000000;11945966592.000000
0.000000;-150.000000;2000.000000;0.000000;0.000000;0.000000;0.000000;0.000000;2.000000;-8.051865;-336.578796;1989.628662;0.079062;0.000000;0.000000;0.000000;0.000000;2.000000;-15.928757;-485.789917;1995.381470;0.193740;0.000000;0.000000;0.000000;0.000000;2.000000;-29.139343;-709.799072;2033.499146;0.334371;0.000000;0.000000;0.000000;0.000000;2.000000;7.734390;-674.010681;2033.893311;0.309812;0.000000;0.000000;0.000000;0.000000;2.000000;150.751160;-698.104248;2071.669434;0.353881;0.000000;0.000000;0.000000;0.000000;2.000000;428.331970;-777.430176;2047.335083;0.377562;0.000000;0.000000;0.000000;0.000000;2.000000;558.546570;-897.094971;1880.445435;0.653277;0.000000;0.000000;0.000000;0.000000;2.000000;577.701599;-993.838562;1858.873901;0.732185;0.000000;0.000000;0.000000;0.000000;0.000000;674.054138;-1052.100342;1846.423584;0.646041;0.000000;0.000000;0.000000;0.000000;0.000000;588.573303;-1028.369873;1828.289673;0.887011;0.000000;0.000000;0.000000;0.000000;0.000000;-61.863129;-671.180420;2022.668457;0.310772;0.000000;0.000000;0.000000;0.000000;2.000000;-199.261032;-678.517334;2013.859131;0.321349;0.000000;0.000000;0.000000;0.000000;2.000000;-464.300171;-740.782227;1899.757324;0.300462;0.000000;0.000000;0.000000;0.000000;2.000000;-535.660400;-899.825500;1725.840576;0.324459;0.000000;0.000000;0.000000;0.000000;2.000000;-573.874268;-996.789734;1756.710938;0.272160;0.000000;0.000000;0.000000;0.000000;0.000000;-614.852295;-1032.497559;1659.527100;0.647440;0.000000;0.000000;0.000000;0.000000;2.000000;-565.933838;-1039.766846;1701.834839;0.199035;0.000000;0.000000;0.000000;0.000000;2.000000;94.986084;-154.639526;2009.721558;0.056177;0.000000;0.000000;0.000000;0.000000;2.000000;177.209534;252.348251;2071.018066;0.460169;0.000000;0.000000;0.000000;0.000000;2.000000;220.902893;623.140991;2217.632813;0.477740;0.000000;0.000000;0.000000;0.000000;2.000000;270.570953;755.151794;2080.952148;0.525634;0.000000;0.000000;0.000000;0.000000;2.000000;-85.653145;-145.816315;1991.233643;0.050654;0.000000;0.000000;0.000000;0.000000;2.000000;-146.484680;261.321838;2070.707520;0.326497;0.000000;0.000000;0.000000;0.000000;2.000000;-202.351227;647.496277;2180.449707;0.649905;0.000000;0.000000;0.000000;0.000000;2.000000;-217.524460;751.710510;2033.606079;0.593075;0.000000;0.000000;0.000000;0.000000;2.000000;-31.935425;-795.392578;2033.965820;0.390077;0.000000;0.000000;0.000000;0.000000;2.000000;-18.388580;-799.797058;1866.103027;0.346800;0.000000;0.000000;0.000000;0.000000;2.000000;1.153976;-846.513245;1895.753784;0.379492;0.000000;0.000000;0.000000;0.000000;2.000000;49.401154;-867.448181;2017.812378;0.464603;0.000000;0.000000;0.000000;0.000000;2.000000;-52.115463;-836.284546;1887.858643;0.344521;0.000000;0.000000;0.000000;0.000000;2.000000;-123.223434;-850.688293;2004.497314;0.368885;0.000000;0.000000;0.000000;0.000000;2.000000;11946000384.000000
0.000000;-150.000000;2000.000000;0.000000;0.000000;0.000000;0.000000;0.000000;2.000000;-6.501022;-335.777191;1985.605225;0.133846;0.000000;0.000000;0.000000;0.000000;2.000000;-13.591049;-484.601288;1989.931152;0.184584;0.000000;0.000000;0.000000;0.000000;2.000000;-27.647369;-706.644653;2034.416016;0.110105;0.000000;0.000000;0.000000;0.000000;2.000000;9.329941;-671.212402;2033.335327;0.099767;0.000000;0.000000;0.000000;0.000000;2.000000;151.726563;-697.074585;2070.396484;0.058160;0.000000;0.000000;0.000000;0.000000;2.000000;429.608856;-770.698608;2042.726440;0.251995;0.000000;0.000000;0.000000;0.000000;2.000000;567.659058;-891.028809;1883.930298;0.350594;0.000000;0.000000;0.000000;0.000000;2.000000;572.262573;-983.538940;1844.588867;0.562491;0.000000;0.000000;0.000000;0.000000;0.000000;672.337891;-1035.711182;1840.708008;0.532283;0.000000;0.000000;0.000000;0.000000;0.000000;596.146606;-1016.538574;1815.352295;0.582806;0.000000;0.000000;0.000000;0.000000;0.000000;-60.164871;-668.258301;2022.940186;0.103475;0.000000;0.000000;0.000000;0.000000;2.000000;-197.232803;-676.143921;2016.654541;0.127887;0.000000;0.000000;0.000000;0.000000;2.000000;-461.042450;-740.174805;1903.099121;0.143625;0.000000;0.000000;0.000000;0.000000;2.000000;-530.471558;-894.675781;1725.449463;0.223418;0.000000;0.000000;0.000000;0.000000;2.000000;-572.610535;-991.511597;1749.692505;0.270755;0.000000;0.000000;0.000000;0.000000;2.000000;-610.580688;-1026.028687;1651.268311;0.345672;0.000000;0.000000;0.000000;0.000000;2.000000;-567.512329;-1029.359863;1687.649902;0.539056;0.000000;0.000000;0.000000;0.000000;2.000000;94.536804;-154.177597;2011.220581;0.049794;0.000000;0.000000;0.000000;0.000000;2.000000;177.740234;251.992294;2067.304199;0.115004;0.000000;0.000000;0.000000;0.000000;2.000000;225.485840;618.998657;2218.634277;0.190986;0.000000;0.000000;0.000000;0.000000;2.000000;270.761017;750.240112;2080.586914;0.150418;0.000000;0.000000;0.000000;0.000000;2.000000;-85.247978;-146.232864;1989.881958;0.044901;0.000000;0.000000;0.000000;0.000000;2.000000;-144.307907;260.812836;2063.985840;0.216176;0.000000;0.000000;0.000000;0.000000;2.000000;-197.990463;647.464844;2168.263184;0.394998;0.000000;0.000000;0.000000;0.000000;2.000000;-212.996994;759.737061;2028.202759;0.326009;0.000000;0.000000;0.000000;0.000000;2.000000;-30.952454;-791.899536;2037.338867;0.151193;0.000000;0.000000;0.000000;0.000000;2.000000;-21.877945;-800.790161;1869.887939;0.159999;0.000000;0.000000;0.000000;0.000000;2.000000;1.599808;-844.935059;1900.247437;0.145982;0.000000;0.000000;0.000000;0.000000;2.000000;54.418030;-858.508667;2020.989136;0.327515;0.000000;0.000000;0.000000;0.000000;2.000000;-52.278931;-838.648926;1893.679077;0.191787;0.000000;0.000000;0.000000;0.000000;2.000000;-118.707581;-854.029053;2012.420898;0.296408;0.000000;0.000000;0.000000;0.000000;2.000000;11946033152.000000
0.000000;-150.000000;2000.000000;0.000000;0.000000;0.000000;0.000000;0.000000;2.000000;-7.567810;-335.794128;1985.534912;0.031642;0.000000;0.000000;0.000000;0.000000;2.000000;-15.209579;-484.669067;1988.756348;0.059218;0.000000;0.000000;0.000000;0.000000;2.000000;-28.906677;-706.791687;2033.345215;0.049111;0.000000;0.000000;0.000000;0.000000;2.000000;8.047073;-671.314819;2032.120850;0.052365;0.000000;0.000000;0.000000;0.000000;2.000000;150.671249;-696.850159;2068.732910;0.058677;0.000000;0.000000;0.000000;0.000000;2.000000;429.173462;-767.967346;2039.759033;0.120042;0.000000;0.000000;0.000000;0.000000;2.000000;565.730469;-892.002747;1882.404907;0.078266;0.000000;0.000000;0.000000;0.000000;2.000000;582.562439;-982.386658;1841.401245;0.320882;0.000000;0.000000;0.000000;0.000000;0.000000;684.323730;-1030.841064;1833.823486;0.433689;0.000000;0.000000;0.000000;0.000000;0.000000;597.480469;-1008.579773;1802.761230;0.442565;0.000000;0.000000;0.000000;0.000000;0.000000;-61.511826;-668.423523;2021.980103;0.049193;0.000000;0.000000;0.000000;0.000000;2.000000;-198.713669;-675.051880;2016.174927;0.056270;0.000000;0.000000;0.000000;0.000000;2.000000;-458.179749;-745.799255;1896.506226;0.270083;0.000000;0.000000;0.000000;0.000000;2.000000;-529.643311;-898.711426;1718.176147;0.247367;0.000000;0.000000;0.000000;0.000000;2.000000;-573.954834;-991.015320;1753.742065;0.127120;0.000000;0.000000;0.000000;0.000000;2.000000;-607.966431;-1024.692383;1653.553223;0.110095;0.000000;0.000000;0.000000;0.000000;2.000000;-567.719543;-1037.110229;1687.625366;0.229438;0.000000;0.000000;0.000000;0.000000;2.000000;94.675308;-154.641479;2010.084473;0.036546;0.000000;0.000000;0.000000;0.000000;2.000000;178.867142;251.173950;2068.268066;0.050122;0.000000;0.000000;0.000000;0.000000;2.000000;222.415115;621.879150;2212.013184;0.232196;0.000000;0.000000;0.000000;0.000000;2.000000;273.713745;759.230286;2082.166748;0.283902;0.000000;0.000000;0.000000;0.000000;2.000000;-85.372871;-145.814575;1990.906372;0.032953;0.000000;0.000000;0.000000;0.000000;2.000000;-144.212051;259.159821;2076.442871;0.371881;0.000000;0.000000;0.000000;0.000000;2.000000;-198.198288;642.950134;2191.139648;0.690064;0.000000;0.000000;0.000000;0.000000;2.000000;-213.458511;751.106689;2047.827759;0.634582;0.000000;0.000000;0.000000;0.000000;2.000000;-32.125809;-792.077698;2036.295654;0.046760;0.000000;0.000000;0.000000;0.000000;2.000000;-21.443756;-805.843201;1869.213257;0.151407;0.000000;0.000000;0.000000;0.000000;2.000000;-0.241776;-850.133484;1901.038086;0.164873;0.000000;0.000000;0.000000;0.000000;2.000000;50.518692;-862.706360;2022.815063;0.177950;0.000000;0.000000;0.000000;0.000000;2.000000;-53.736298;-841.730408;1893.601440;0.100900;0.000000;0.000000;0.000000;0.000000;2.000000;-122.197769;-851.073425;2011.869141;0.136325;0.000000;0.000000;0.000000;0.000000;2.000000;11946066944.000000
0.000000;-150.000000;2000.000000;0.000000;0.000000;0.000000;0.000000;0.000000;2.000000;-5.689270;-335.141418;1979.464478;0.194943;0.000000;0.000000;0.000000;0.000000;2.000000;-11.867371;-483.995789;1980.813232;0.263790;0.000000;0.000000;0.000000;0.000000;2.000000;-27.107849;-706.081116;2024.163940;0.286340;0.000000;0.000000;0.000000;0.000000;2.000000;9.955429;-670.758179;2023.744751;0.262718;0.000000;0.000000;0.000000;0.000000;2.000000;151.769089;-697.373230;2062.210938;0.202465;0.000000;0.000000;0.000000;0.000000;2.000000;426.955322;-768.754150;2012.140503;0.845905;0.000000;0.000000;0.000000;0.000000;2.000000;571.578796;-891.944458;1861.777954;0.654300;0.000000;0.000000;0.000000;0.000000;2.000000;602.301208;-982.291016;1829.972168;0.696076;0.000000;0.000000;0.000000;0.000000;0.000000;702.481445;-1033.461914;1820.695557;0.688450;0.000000;0.000000;0.000000;0.000000;0.000000;649.926758;-1008.328979;1830.973389;1.817424;0.000000;0.000000;0.000000;0.000000;0.000000;-59.348663;-667.580139;2012.399536;0.300839;0.000000;0.000000;0.000000;0.000000;2.000000;-196.316055;-673.373413;2003.527466;0.396169;0.000000;0.000000;0.000000;0.000000;2.000000;-454.953430;-744.649170;1882.949707;0.426713;0.000000;0.000000;0.000000;0.000000;2.000000;-529.161377;-901.417847;1709.418579;0.280117;0.000000;0.000000;0.000000;0.000000;2.000000;-574.185364;-991.534546;1749.191162;0.139960;0.000000;0.000000;0.000000;0.000000;0.000000;-601.222168;-1026.100220;1647.290894;0.284131;0.000000;0.000000;0.000000;0.000000;2.000000;-564.014771;-1041.847534;1679.230469;0.315147;0.000000;0.000000;0.000000;0.000000;2.000000;94.789505;-153.857040;2008.512817;0.053719;0.000000;0.000000;0.000000;0.000000;2.000000;179.096268;251.953796;2064.144043;0.128276;0.000000;0.000000;0.000000;0.000000;2.000000;224.202438;623.159363;2205.219727;0.217906;0.000000;0.000000;0.000000;0.000000;2.000000;275.137146;759.481445;2074.381104;0.241659;0.000000;0.000000;0.000000;0.000000;2.000000;-85.475876;-146.521927;1992.323608;0.048440;0.000000;0.000000;0.000000;0.000000;2.000000;-144.734741;259.691345;2069.704590;0.206891;0.000000;0.000000;0.000000;0.000000;2.000000;-198.639191;645.217896;2177.279297;0.428820;0.000000;0.000000;0.000000;0.000000;2.000000;-212.823746;751.442078;2032.595825;0.465358;0.000000;0.000000;0.000000;0.000000;2.000000;-30.671387;-791.299988;2026.688477;0.297477;0.000000;0.000000;0.000000;0.000000;2.000000;-21.031082;-802.120972;1859.458496;0.318877;0.000000;0.000000;0.000000;0.000000;2.000000;-1.888138;-847.968323;1890.283447;0.338540;0.000000;0.000000;0.000000;0.000000;2.000000;48.453781;-865.398560;2011.521484;0.359870;0.000000;0.000000;0.000000;0.000000;2.000000;-54.901062;-836.909912;1883.195557;0.351782;0.000000;0.000000;0.000000;0.000000;2.000000;-123.409866;-845.427063;2001.374023;0.365572;0.000000;0.000000;0.000000;0.000000;2.000000;11946099712.000000
0.000000;-150.000000;2000.000000;0.000000;0.000000;0.000000;0.000000;0.000000;2.000000;-7.962387;-334.919128;1982.603394;0.114877;0.000000;0.000000;0.000000;0.000000;2.000000;-16.772461;-483.263000;1984.895996;0.190100;0.000000;0.000000;0.000000;0.000000;2.000000;-31.569565;-705.944153;2021.982910;0.147022;0.000000;0.000000;0.000000;0.000000;2.000000;5.261169;-670.570496;2022.943115;0.141037;0.000000;0.000000;0.000000;0.000000;2.000000;145.346008;-702.382385;2062.364258;0.241088;0.000000;0.000000;0.000000;0.000000;2.000000;422.162842;-767.977722;2017.745728;0.219445;0.000000;0.000000;0.000000;0.000000;2.000000;566.338440;-890.416870;1867.296631;0.229703;0.000000;0.000000;0.000000;0.000000;2.000000;589.932190;-979.602051;1827.829102;0.379914;0.000000;0.000000;0.000000;0.000000;0.000000;690.679382;-1026.427979;1809.513428;0.524223;0.000000;0.000000;0.000000;0.000000;0.000000;631.064941;-1007.692261;1813.196533;0.767242;0.000000;0.000000;0.000000;0.000000;0.000000;-63.750168;-667.356567;2010.911865;0.137651;0.000000;0.000000;0.000000;0.000000;2.000000;-200.051132;-677.216797;2000.683228;0.179548;0.000000;0.000000;0.000000;0.000000;2.000000;-456.949646;-751.084167;1879.707397;0.221268;0.000000;0.000000;0.000000;0.000000;2.000000;-536.372681;-908.924866;1710.357544;0.309298;0.000000;0.000000;0.000000;0.000000;2.000000;-572.234924;-1003.385010;1748.615967;0.355814;0.000000;0.000000;0.000000;0.000000;2.000000;-607.016724;-1036.075317;1648.762817;0.344150;0.000000;0.000000;0.000000;0.000000;2.000000;-567.145752;-1048.459839;1675.407349;0.244283;0.000000;0.000000;0.000000;0.000000;2.000000;93.827148;-155.356125;2013.989136;0.170418;0.000000;0.000000;0.000000;0.000000;2.000000;185.600555;248.462952;2064.340332;0.218527;0.000000;0.000000;0.000000;0.000000;2.000000;223.924957;615.011414;2216.395508;0.409370;0.000000;0.000000;0.000000;0.000000;2.000000;266.026367;742.614441;2074.783691;0.567429;0.000000;0.000000;0.000000;0.000000;2.000000;-84.608040;-145.170151;1987.385376;0.153674;0.000000;0.000000;0.000000;0.000000;2.000000;-148.140884;258.435059;2069.357910;0.107924;0.000000;0.000000;0.000000;0.000000;2.000000;-207.411987;640.826416;2181.486328;0.315890;0.000000;0.000000;0.000000;0.000000;2.000000;-217.864349;741.403259;2033.047485;0.332691;0.000000;0.000000;0.000000;0.000000;2.000000;-34.806595;-791.003540;2022.171021;0.181448;0.000000;0.000000;0.000000;0.000000;2.000000;-27.665649;-807.974243;1855.741577;0.283989;0.000000;0.000000;0.000000;0.000000;2.000000;-8.100937;-852.542908;1887.877319;0.239163;0.000000;0.000000;0.000000;0.000000;2.000000;43.913712;-865.449280;2008.619751;0.159458;0.000000;0.000000;0.000000;0.000000;2.000000;-61.086319;-841.768372;1881.189453;0.240206;0.000000;0.000000;0.000000;0.000000;2.000000;-127.665642;-845.874023;2000.313843;0.130462;0.000000;0.000000;0.000000;0.000000;2.000000;11946133504.000000
0.000000;-150.000000;2000.000000;0.000000;0.000000;0.000000;0.000000;0.000000;2.000000;-8.734772;-335.414856;2001.200073;0.568216;0.000000;0.000000;0.000000;0.000000;2.000000;-16.255249;-483.533936;2006.304443;0.653577;0.000000;0.000000;0.000000;0.000000;2.000000;-32.897583;-706.328552;2039.648315;0.540754;0.000000;0.000000;0.000000;0.000000;2.000000;4.160553;-671.329346;2041.248779;0.560132;0.000000;0.000000;0.000000;0.000000;2.000000;144.689972;-701.074524;2079.840088;0.535186;0.000000;0.000000;0.000000;0.000000;2.000000;422.535858;-753.163269;2027.320313;0.538425;0.000000;0.000000;0.000000;0.000000;2.000000;559.616089;-891.295776;1884.616577;0.567613;0.000000;0.000000;0.000000;0.000000;2.000000;612.276001;-972.249573;1857.946777;1.166227;0.000000;0.000000;0.000000;0.000000;0.000000;699.030640;-1016.578552;1801.837280;0.458453;0.000000;0.000000;0.000000;0.000000;0.000000;615.695923;-1006.908386;1816.122925;0.478051;0.000000;0.000000;0.000000;0.000000;0.000000;-64.696274;-667.363037;2029.176392;0.558137;0.000000;0.000000;0.000000;0.000000;2.000000;-200.542923;-678.643311;2017.286987;0.508795;0.000000;0.000000;0.000000;0.000000;2.000000;-455.728394;-751.912048;1893.433838;0.421311;0.000000;0.000000;0.000000;0.000000;2.000000;-539.030273;-912.697021;1729.334473;0.596004;0.000000;0.000000;0.000000;0.000000;2.000000;-576.914673;-1005.309021;1769.645142;0.660075;0.000000;0.000000;0.000000;0.000000;2.000000;-604.285278;-1047.383789;1671.194458;0.771148;0.000000;0.000000;0.000000;0.000000;2.000000;-560.661377;-1056.408936;1707.204346;1.019618;0.000000;0.000000;0.000000;0.000000;2.000000;93.969940;-154.347244;2012.301392;0.060165;0.000000;0.000000;0.000000;0.000000;2.000000;187.663849;249.016769;2057.235840;0.226402;0.000000;0.000000;0.000000;0.000000;2.000000;211.789612;605.937439;2231.853027;0.660576;0.000000;0.000000;0.000000;0.000000;2.000000;264.513641;728.980957;2090.170410;0.629070;0.000000;0.000000;0.000000;0.000000;2.000000;-84.736801;-146.079910;1988.907349;0.054255;0.000000;0.000000;0.000000;0.000000;2.000000;-151.873886;255.122238;2076.408203;0.263614;0.000000;0.000000;0.000000;0.000000;2.000000;-215.423584;634.841309;2192.993164;0.465245;0.000000;0.000000;0.000000;0.000000;2.000000;-218.879471;727.946106;2039.758423;0.459958;0.000000;0.000000;0.000000;0.000000;2.000000;-36.818222;-791.221558;2038.433838;0.500128;0.000000;0.000000;0.000000;0.000000;2.000000;-32.849915;-808.872253;1872.224609;0.528028;0.000000;0.000000;0.000000;0.000000;2.000000;-13.875595;-853.732544;1904.147461;0.528121;0.000000;0.000000;0.000000;0.000000;2.000000;39.716766;-867.492310;2023.882568;0.487080;0.000000;0.000000;0.000000;0.000000;2.000000;-66.606415;-841.709167;1898.301392;0.548717;0.000000;0.000000;0.000000;0.000000;2.000000;-131.189941;-843.802002;2018.336304;0.563975;0.000000;0.000000;0.000000;0.000000;2.000000;11946166272.000000
0.000000;-150.000000;2000.000000;0.000000;0.000000;0.000000;0.000000;0.000000;2.000000;-7.798279;-332.622711;1979.394043;0.651160;0.000000;0.000000;0.000000;0.000000;2.000000;-12.414474;-479.597046;1977.691650;0.862234;0.000000;0.000000;0.000000;0.000000;2.000000;-31.217178;-700.800049;2006.394287;0.998826;0.000000;0.000000;0.000000;0.000000;2.000000;6.292755;-666.936035;2005.890259;1.056290;0.000000;0.000000;0.000000;0.000000;2.000000;145.491196;-707.773926;2031.978760;1.430355;0.000000;0.000000;0.000000;0.000000;2.000000;426.915710;-745.334595;2008.062500;0.628688;0.000000;0.000000;0.000000;0.000000;2.000000;566.417114;-863.388977;1853.820313;1.246224;0.000000;0.000000;0.000000;0.000000;2.000000;617.252869;-947.234741;1838.235840;0.953895;0.000000;0.000000;0.000000;0.000000;0.000000;710.131348;-999.822632;1806.291992;0.609232;0.000000;0.000000;0.000000;0.000000;0.000000;618.865356;-982.949707;1793.697021;0.975658;0.000000;0.000000;0.000000;0.000000;0.000000;-62.573013;-661.280762;1999.561279;0.896890;0.000000;0.000000;0.000000;0.000000;2.000000;-196.258224;-678.696350;1985.034912;0.962816;0.000000;0.000000;0.000000;0.000000;2.000000;-446.775635;-750.687866;1857.200806;1.105078;0.000000;0.000000;0.000000;0.000000;2.000000;-537.134094;-912.363220;1701.182861;0.835031;0.000000;0.000000;0.000000;0.000000;2.000000;-570.187683;-1008.879883;1733.117065;1.104214;0.000000;0.000000;0.000000;0.000000;2.000000;-604.537231;-1056.527588;1640.693848;0.942316;0.000000;0.000000;0.000000;0.000000;2.000000;-556.002869;-1052.623413;1672.339478;1.046929;0.000000;0.000000;0.000000;0.000000;2.000000;93.392776;-152.812653;1989.583252;0.674042;0.000000;0.000000;0.000000;0.000000;2.000000;206.608536;242.606354;2024.290405;1.140532;0.000000;0.000000;0.000000;0.000000;2.000000;219.289017;594.406616;2202.308105;0.964427;0.000000;0.000000;0.000000;0.000000;2.000000;264.586670;724.093628;2066.516602;0.714771;0.000000;0.000000;0.000000;0.000000;2.000000;-84.216370;-147.463699;2009.393188;0.607810;0.000000;0.000000;0.000000;0.000000;2.000000;-149.565842;255.610840;2066.598389;0.298577;0.000000;0.000000;0.000000;0.000000;2.000000;-204.391129;637.054077;2168.584473;0.795378;0.000000;0.000000;0.000000;0.000000;2.000000;-222.884888;722.394531;2013.801636;0.794399;0.000000;0.000000;0.000000;0.000000;2.000000;-37.093842;-784.765259;2003.393066;1.054441;0.000000;0.000000;0.000000;0.000000;2.000000;-31.055573;-808.961670;1839.600586;0.966899;0.000000;0.000000;0.000000;0.000000;2.000000;-11.566742;-851.618042;1873.232910;0.919528;0.000000;0.000000;0.000000;0.000000;2.000000;40.608292;-859.087524;1992.844360;0.951953;0.000000;0.000000;0.000000;0.000000;2.000000;-64.017761;-841.176453;1866.458252;0.945568;0.000000;0.000000;0.000000;0.000000;2.000000;-129.181824;-839.819031;1984.785156;1.001609;0.000000;0.000000;0.000000;0.000000;2.000000;11946200064.000000
0.000000;-150.000000;2000.000000;0.000000;0.000000;0.000000;0.000000;0.000000;2.000000;-3.656158;-330.905151;1978.444580;0.135639;0.000000;0.000000;0.000000;0.000000;2.000000;-5.473877;-476.450317;1972.516602;0.272599;0.000000;0.000000;0.000000;0.000000;2.000000;-21.710983;-696.257507;1996.881470;0.420068;0.000000;0.000000;0.000000;0.000000;2.000000;15.041946;-662.267029;1997.326904;0.387744;0.000000;0.000000;0.000000;0.000000;2.000000;152.220795;-705.291382;2022.817261;0.344325;0.000000;0.000000;0.000000;0.000000;2.000000;430.143402;-749.946167;2002.041748;0.243910;0.000000;0.000000;0.000000;0.000000;2.000000;571.083252;-860.214661;1846.809326;0.266340;0.000000;0.000000;0.000000;0.000000;2.000000;632.329346;-936.819397;1839.472290;0.543500;0.000000;0.000000;0.000000;0.000000;0.000000;715.298340;-995.778748;1796.805176;0.341346;0.000000;0.000000;0.000000;0.000000;0.000000;651.406616;-968.773926;1789.872681;1.056472;0.000000;0.000000;0.000000;0.000000;0.000000;-53.180023;-657.367432;1990.515991;0.402897;0.000000;0.000000;0.000000;0.000000;2.000000;-184.325729;-681.735718;1974.713379;0.475475;0.000000;0.000000;0.000000;0.000000;2.000000;-432.708862;-763.517944;1855.017700;0.567110;0.000000;0.000000;0.000000;0.000000;2.000000;-531.954956;-913.262207;1696.030396;0.217823;0.000000;0.000000;0.000000;0.000000;2.000000;-568.584961;-1002.908630;1738.881226;0.250143;0.000000;0.000000;0.000000;0.000000;2.000000;-593.406982;-1030.019775;1636.816650;0.858487;0.000000;0.000000;0.000000;0.000000;2.000000;-562.308899;-1048.170898;1650.738403;0.678829;0.000000;0.000000;0.000000;0.000000;2.000000;92.680634;-150.785843;1990.874878;0.074179;0.000000;0.000000;0.000000;0.000000;2.000000;213.646362;238.036057;2028.050537;0.272121;0.000000;0.000000;0.000000;0.000000;2.000000;232.101440;587.545837;2201.864258;0.430294;0.000000;0.000000;0.000000;0.000000;2.000000;271.407410;717.176270;2066.718750;0.287543;0.000000;0.000000;0.000000;0.000000;2.000000;-83.574219;-149.291382;2008.228516;0.066891;0.000000;0.000000;0.000000;0.000000;2.000000;-151.943085;252.983673;2026.613892;1.187890;0.000000;0.000000;0.000000;0.000000;2.000000;-196.359619;623.439819;2155.950928;0.598814;0.000000;0.000000;0.000000;0.000000;2.000000;-215.275391;714.627808;2006.552368;0.386725;0.000000;0.000000;0.000000;0.000000;2.000000;-26.499146;-779.432312;1992.378540;0.479008;0.000000;0.000000;0.000000;0.000000;2.000000;-14.561630;-807.861450;1831.175049;0.549064;0.000000;0.000000;0.000000;0.000000;2.000000;1.215012;-850.096436;1866.326538;0.432284;0.000000;0.000000;0.000000;0.000000;2.000000;47.238174;-856.829895;1987.167236;0.266798;0.000000;0.000000;0.000000;0.000000;2.000000;-49.843521;-837.507263;1857.036377;0.515241;0.000000;0.000000;0.000000;0.000000;2.000000;-119.337692;-830.095459;1971.160522;0.574653;0.000000;0.000000;0.000000;0.000000;2.000000;11946233856.000000
0.000000;-150.000000;2000.000000;0.000000;0.000000;0.000000;0.000000;0.000000;2.000000;-3.596313;-328.815430;1969.115479;0.291763;0.000000;0.000000;0.000000;0.000000;2.000000;-5.479126;-473.406189;1957.124878;0.478817;0.000000;0.000000;0.000000;0.000000;2.000000;-21.156815;-692.556824;1979.716675;0.536131;0.000000;0.000000;0.000000;0.000000;2.000000;15.407990;-658.655029;1980.131592;0.536328;0.000000;0.000000;0.000000;0.000000;2.000000;152.725235;-699.658997;2004.885010;0.573815;0.000000;0.000000;0.000000;0.000000;2.000000;431.061523;-737.438599;1993.160645;0.468975;0.000000;0.000000;0.000000;0.000000;2.000000;574.558838;-857.538818;1849.423462;0.155830;0.000000;0.000000;0.000000;0.000000;2.000000;652.877014;-909.202759;1821.250610;1.188586;0.000000;0.000000;0.000000;0.000000;0.000000;724.591064;-988.210510;1794.813232;0.370761;0.000000;0.000000;0.000000;0.000000;0.000000;661.478088;-939.718018;1786.256836;0.944939;0.000000;0.000000;0.000000;0.000000;0.000000;-52.604675;-653.813538;1973.962036;0.516996;0.000000;0.000000;0.000000;0.000000;2.000000;-184.050568;-676.166504;1962.907471;0.398452;0.000000;0.000000;0.000000;0.000000;2.000000;-437.676697;-749.483948;1851.763428;0.465053;0.000000;0.000000;0.000000;0.000000;2.000000;-533.565430;-893.354248;1686.835815;0.671013;0.000000;0.000000;0.000000;0.000000;2.000000;-598.485657;-972.519348;1712.210205;1.534674;0.000000;0.000000;0.000000;0.000000;2.000000;-614.848206;-1027.227173;1620.479736;0.827032;0.000000;0.000000;0.000000;0.000000;2.000000;-559.556641;-1031.186523;1641.188477;0.600541;0.000000;0.000000;0.000000;0.000000;2.000000;92.472855;-150.598602;1992.697876;0.056284;0.000000;0.000000;0.000000;0.000000;2.000000;218.079239;236.207687;2014.543701;0.437401;0.000000;0.000000;0.000000;0.000000;2.000000;234.715408;581.848145;2192.744629;0.337718;0.000000;0.000000;0.000000;0.000000;2.000000;272.922729;715.535889;2062.394531;0.148523;0.000000;0.000000;0.000000;0.000000;2.000000;-83.386848;-149.460220;2006.584717;0.050752;0.000000;0.000000;0.000000;0.000000;2.000000;-148.809235;251.556427;2027.128418;0.106255;0.000000;0.000000;0.000000;0.000000;2.000000;-195.859238;623.214966;2146.962402;0.274818;0.000000;0.000000;0.000000;0.000000;2.000000;-213.990204;713.772888;1997.904785;0.268074;0.000000;0.000000;0.000000;0.000000;2.000000;-25.854263;-775.368286;1974.586914;0.557290;0.000000;0.000000;0.000000;0.000000;2.000000;-15.935593;-814.219116;1816.105835;0.500887;0.000000;0.000000;0.000000;0.000000;2.000000;1.913422;-853.219177;1853.560547;0.401639;0.000000;0.000000;0.000000;0.000000;2.000000;50.183563;-850.068481;1973.114746;0.484321;0.000000;0.000000;0.000000;0.000000;2.000000;-49.519806;-843.096802;1844.541138;0.417855;0.000000;0.000000;0.000000;0.000000;2.000000;-116.842033;-830.304810;1958.869385;0.382803;0.000000;0.000000;0.000000;0.000000;2.000000;11946266624.000000
0.000000;-150.000000;2000.000000;0.000000;0.000000;0.000000;0.000000;0.000000;2.000000;-3.390488;-330.661072;1963.008911;0.188882;0.000000;0.000000;0.000000;0.000000;2.000000;-6.578644;-477.587097;1950.990845;0.222075;0.000000;0.000000;0.000000;0.000000;2.000000;-19.531509;-700.007935;1978.167236;0.230295;0.000000;0.000000;0.000000;0.000000;2.000000;17.098068;-664.994446;1978.442749;0.200483;0.000000;0.000000;0.000000;0.000000;2.000000;158.748718;-698.714233;2003.727661;0.183653;0.000000;0.000000;0.000000;0.000000;2.000000;443.331970;-717.239685;1986.759888;0.724589;0.000000;0.000000;0.000000;0.000000;2.000000;587.726074;-842.679932;1842.155273;0.625655;0.000000;0.000000;0.000000;0.000000;2.000000;667.432007;-891.689819;1808.166382;0.777197;0.000000;0.000000;0.000000;0.000000;0.000000;749.652222;-965.701721;1792.640015;0.998918;0.000000;0.000000;0.000000;0.000000;0.000000;680.601013;-929.504639;1785.124756;0.642430;0.000000;0.000000;0.000000;0.000000;0.000000;-51.981277;-661.250366;1971.065063;0.236904;0.000000;0.000000;0.000000;0.000000;2.000000;-186.907959;-671.408020;1957.781860;0.223577;0.000000;0.000000;0.000000;0.000000;2.000000;-452.540985;-722.119873;1850.061768;0.922914;0.000000;0.000000;0.000000;0.000000;2.000000;-536.463928;-876.011108;1682.030029;0.539435;0.000000;0.000000;0.000000;0.000000;2.000000;-620.760620;-941.884521;1688.660522;1.319870;0.000000;0.000000;0.000000;0.000000;2.000000;-658.625488;-972.787415;1590.334839;2.251554;0.000000;0.000000;0.000000;0.000000;2.000000;-592.803101;-988.148010;1599.375122;2.030074;0.000000;0.000000;0.000000;0.000000;2.000000;94.213074;-152.228088;2002.246582;0.291247;0.000000;0.000000;0.000000;0.000000;2.000000;195.254761;248.527496;2024.146606;0.818470;0.000000;0.000000;0.000000;0.000000;2.000000;222.671051;601.052612;2201.417969;0.718261;0.000000;0.000000;0.000000;0.000000;2.000000;272.975891;723.572754;2060.107422;0.247281;0.000000;0.000000;0.000000;0.000000;2.000000;-84.956078;-147.990845;1997.974365;0.262626;0.000000;0.000000;0.000000;0.000000;2.000000;-147.723083;256.960144;2052.750977;0.775589;0.000000;0.000000;0.000000;0.000000;2.000000;-199.750519;640.583923;2152.177246;0.548879;0.000000;0.000000;0.000000;0.000000;2.000000;-215.815796;730.614502;1999.242798;0.502871;0.000000;0.000000;0.000000;0.000000;2.000000;-22.972275;-784.311157;1974.570801;0.278048;0.000000;0.000000;0.000000;0.000000;2.000000;-27.459213;-815.561218;1811.473633;0.369676;0.000000;0.000000;0.000000;0.000000;2.000000;-4.172211;-856.174377;1845.484009;0.311778;0.000000;0.000000;0.000000;0.000000;2.000000;56.538818;-856.740662;1961.633057;0.435664;0.000000;0.000000;0.000000;0.000000;2.000000;-57.436920;-847.670898;1841.989624;0.280919;0.000000;0.000000;0.000000;0.000000;2.000000;-114.421928;-843.153137;1964.789551;0.424721;0.000000;0.000000;0.000000;0.000000;2.000000;11946300416.000000
0.000000;-150.000000;2000.000000;0.000000;0.000000;0.000000;0.000000;0.000000;2.000000;-1.091827;-333.102661;1969.389526;0.219975;0.000000;0.000000;0.000000;0.000000;2.000000;-3.174011;-480.992188;1957.078125;0.236863;0.000000;0.000000;0.000000;0.000000;2.000000;-10.769821;-704.220154;1990.992310;0.491127;0.000000;0.000000;0.000000;0.000000;2.000000;25.151764;-668.011963;1990.771362;0.458741;0.000000;0.000000;0.000000;0.000000;2.000000;168.707977;-700.000916;2013.047974;0.418114;0.000000;0.000000;0.000000;0.000000;2.000000;455.853333;-684.666321;2011.492676;1.305325;0.000000;0.000000;0.000000;0.000000;2.000000;602.107910;-803.190063;1860.457153;1.398906;0.000000;0.000000;0.000000;0.000000;2.000000;687.707092;-849.536255;1836.685181;1.671885;0.000000;0.000000;0.000000;0.000000;0.000000;790.570862;-880.420288;1803.398438;2.905267;0.000000;0.000000;0.000000;0.000000;0.000000;698.240784;-888.841125;1797.465698;1.404134;0.000000;0.000000;0.000000;0.000000;0.000000;-44.324814;-666.327026;1982.163208;0.439668;0.000000;0.000000;0.000000;0.000000;2.000000;-177.592255;-689.840210;1961.807129;0.642125;0.000000;0.000000;0.000000;0.000000;2.000000;-457.965240;-696.592102;1876.990845;1.144415;0.000000;0.000000;0.000000;0.000000;2.000000;-579.731201;-795.136658;1689.384521;2.808085;0.000000;0.000000;0.000000;0.000000;2.000000;-627.320679;-890.643372;1673.456543;1.643380;0.000000;0.000000;0.000000;0.000000;2.000000;-676.790283;-879.261475;1575.282471;2.943584;0.000000;0.000000;0.000000;0.000000;2.000000;-607.548706;-910.718140;1603.649902;2.408974;0.000000;0.000000;0.000000;0.000000;2.000000;94.419342;-152.089478;2009.130737;0.210225;0.000000;0.000000;0.000000;0.000000;2.000000;188.114014;250.553345;2060.535156;1.133358;0.000000;0.000000;0.000000;0.000000;2.000000;227.954254;621.132446;2200.492676;0.634273;0.000000;0.000000;0.000000;0.000000;2.000000;277.189362;755.289368;2067.900635;1.004965;0.000000;0.000000;0.000000;0.000000;2.000000;-85.142067;-148.115829;1991.766235;0.189580;0.000000;0.000000;0.000000;0.000000;2.000000;-148.218292;258.631470;2052.979004;0.053650;0.000000;0.000000;0.000000;0.000000;2.000000;-196.621948;645.133545;2153.625488;0.174203;0.000000;0.000000;0.000000;0.000000;2.000000;-213.729446;760.274780;2017.173828;1.059627;0.000000;0.000000;0.000000;0.000000;2.000000;-11.944305;-789.207397;1989.889526;0.595095;0.000000;0.000000;0.000000;0.000000;2.000000;-13.766739;-808.534851;1823.809082;0.601914;0.000000;0.000000;0.000000;0.000000;2.000000;4.876266;-853.645264;1855.587280;0.421040;0.000000;0.000000;0.000000;0.000000;2.000000;61.810822;-867.874817;1973.732056;0.526947;0.000000;0.000000;0.000000;0.000000;2.000000;-47.640945;-840.104980;1851.274292;0.472194;0.000000;0.000000;0.000000;0.000000;2.000000;-108.430939;-839.136292;1973.307007;0.340615;0.000000;0.000000;0.000000;0.000000;2.000000;11946333184.000000
0.000000;-150.000000;2000.000000;0.000000;0.000000;0.000000;0.000000;0.000000;2.000000;-1.509216;-336.428528;1961.270996;0.259922;0.000000;0.000000;0.000000;0.000000;2.000000;-4.531631;-487.965302;1947.105225;0.362347;0.000000;0.000000;0.000000;0.000000;2.000000;-12.648560;-717.199951;1979.959961;0.507167;0.000000;0.000000;0.000000;0.000000;2.000000;24.130371;-680.005371;1980.772583;0.463069;0.000000;0.000000;0.000000;0.000000;2.000000;171.002090;-715.870605;2001.303955;0.588169;0.000000;0.000000;0.000000;0.000000;2.000000;457.724365;-651.617920;2026.875488;1.080169;0.000000;0.000000;0.000000;0.000000;2.000000;612.197266;-731.671509;1850.778809;2.156495;0.000000;0.000000;0.000000;0.000000;2.000000;688.036987;-794.355469;1821.085327;1.696982;0.000000;0.000000;0.000000;0.000000;0.000000;792.909180;-835.475830;1796.357178;1.348033;0.000000;0.000000;0.000000;0.000000;0.000000;679.727722;-826.844116;1772.308105;2.054360;0.000000;0.000000;0.000000;0.000000;0.000000;-46.938080;-678.317017;1970.501953;0.500962;0.000000;0.000000;0.000000;0.000000;2.000000;-183.828537;-703.582886;1952.490845;0.524841;0.000000;0.000000;0.000000;0.000000;2.000000;-463.513733;-700.220215;1842.583862;1.036927;0.000000;0.000000;0.000000;0.000000;2.000000;-608.765015;-760.594360;1647.394653;1.824050;0.000000;0.000000;0.000000;0.000000;2.000000;-679.322266;-836.696045;1685.810547;2.247320;0.000000;0.000000;0.000000;0.000000;2.000000;-726.265076;-816.349243;1584.653198;2.384658;0.000000;0.000000;0.000000;0.000000;2.000000;-675.916443;-880.440552;1667.442139;2.908587;0.000000;0.000000;0.000000;0.000000;2.000000;96.758438;-152.867889;2010.034546;0.077701;0.000000;0.000000;0.000000;0.000000;2.000000;183.779221;263.134216;2054.085938;0.437595;0.000000;0.000000;0.000000;0.000000;2.000000;220.463486;645.469971;2192.736328;0.787740;0.000000;0.000000;0.000000;0.000000;2.000000;272.578369;773.394165;2048.170410;0.804101;0.000000;0.000000;0.000000;0.000000;2.000000;-87.251373;-147.413910;1990.951294;0.070067;0.000000;0.000000;0.000000;0.000000;2.000000;-150.617004;272.169312;2036.917236;0.625667;0.000000;0.000000;0.000000;0.000000;2.000000;-193.671875;665.537720;2153.899414;0.610149;0.000000;0.000000;0.000000;0.000000;2.000000;-212.856873;780.892944;2011.885620;0.630428;0.000000;0.000000;0.000000;0.000000;2.000000;-13.684006;-804.360229;1978.133423;0.569875;0.000000;0.000000;0.000000;0.000000;2.000000;-15.600555;-844.004761;1811.283691;1.114499;0.000000;0.000000;0.000000;0.000000;2.000000;8.552002;-884.005737;1848.505005;0.928963;0.000000;0.000000;0.000000;0.000000;2.000000;69.614548;-878.442017;1969.119873;0.412006;0.000000;0.000000;0.000000;0.000000;2.000000;-46.502258;-876.195923;1843.811768;1.091145;0.000000;0.000000;0.000000;0.000000;2.000000;-107.091064;-866.861938;1969.498901;0.829131;0.000000;0.000000;0.000000;0.000000;2.000000;11946366976.000000
0.000000;-150.000000;2000.000000;0.000000;0.000000;0.000000;0.000000;0.000000;2.000000;-1.449448;-339.870422;1972.239868;0.350841;0.000000;0.000000;0.000000;0.000000;2.000000;-4.489410;-493.124329;1966.016357;0.598213;0.000000;0.000000;0.000000;0.000000;2.000000;-12.351151;-722.830811;2007.304810;0.852056;0.000000;0.000000;0.000000;0.000000;2.000000;24.634277;-685.261780;2006.947266;0.814881;0.000000;0.000000;0.000000;0.000000;2.000000;175.758347;-708.565186;2023.097046;0.716305;0.000000;0.000000;0.000000;0.000000;2.000000;455.453430;-609.683899;2041.600586;1.358100;0.000000;0.000000;0.000000;0.000000;2.000000;617.749634;-680.273315;1865.777832;1.642734;0.000000;0.000000;0.000000;0.000000;2.000000;704.939941;-726.332581;1834.094238;2.175554;0.000000;0.000000;0.000000;0.000000;0.000000;816.634033;-728.505676;1802.035889;3.348285;0.000000;0.000000;0.000000;0.000000;0.000000;716.344849;-760.691162;1801.218018;2.470381;0.000000;0.000000;0.000000;0.000000;0.000000;-46.943497;-684.085083;1996.233154;0.804742;0.000000;0.000000;0.000000;0.000000;2.000000;-184.933731;-702.343872;1971.044678;0.568481;0.000000;0.000000;0.000000;0.000000;2.000000;-463.627869;-658.879211;1860.753296;1.378104;0.000000;0.000000;0.000000;0.000000;2.000000;-613.614502;-682.317993;1658.820435;2.418652;0.000000;0.000000;0.000000;0.000000;2.000000;-701.634277;-734.145569;1703.575684;3.248370;0.000000;0.000000;0.000000;0.000000;2.000000;-717.565674;-683.465881;1602.438965;4.100046;0.000000;0.000000;0.000000;0.000000;2.000000;-700.278320;-757.429932;1710.829468;4.049486;0.000000;0.000000;0.000000;0.000000;2.000000;97.398697;-152.389069;2011.254883;0.044522;0.000000;0.000000;0.000000;0.000000;2.000000;169.000565;268.403534;2068.053223;0.641058;0.000000;0.000000;0.000000;0.000000;2.000000;203.014267;657.771973;2196.844238;0.663495;0.000000;0.000000;0.000000;0.000000;2.000000;274.368103;800.587341;2073.896973;1.143708;0.000000;0.000000;0.000000;0.000000;2.000000;-87.828682;-147.845673;1989.850830;0.040148;0.000000;0.000000;0.000000;0.000000;2.000000;-138.677673;275.450928;2046.901489;0.485414;0.000000;0.000000;0.000000;0.000000;2.000000;-173.255005;673.276550;2162.974121;0.721590;0.000000;0.000000;0.000000;0.000000;2.000000;-202.752533;808.408325;2039.523315;1.229459;0.000000;0.000000;0.000000;0.000000;2.000000;-13.210205;-810.680237;2008.592041;0.949432;0.000000;0.000000;0.000000;0.000000;2.000000;-11.259048;-813.127075;1835.782104;1.210149;0.000000;0.000000;0.000000;0.000000;2.000000;15.489212;-858.979065;1864.183716;0.925785;0.000000;0.000000;0.000000;0.000000;2.000000;75.654617;-875.998230;1985.359741;0.534003;0.000000;0.000000;0.000000;0.000000;2.000000;-40.363708;-853.863586;1860.078125;0.863712;0.000000;0.000000;0.000000;0.000000;2.000000;-102.803947;-876.202332;1984.427124;0.553096;0.000000;0.000000;0.000000;0.000000;2.000000;11946399744.000000
0.000000;-150.000000;2000.000000;0.000000;0.000000;0.000000;0.000000;0.000000;2.000000;2.368576;-340.819305;1969.988892;0.134133;0.000000;0.000000;0.000000;0.000000;2.000000;1.967957;-495.134796;1963.864746;0.210023;0.000000;0.000000;0.000000;0.000000;2.000000;-1.026703;-726.256958;2006.735107;0.350529;0.000000;0.000000;0.000000;0.000000;2.000000;35.423264;-687.686523;2005.993286;0.328456;0.000000;0.000000;0.000000;0.000000;2.000000;186.232208;-710.678345;2032.223877;0.415846;0.000000;0.000000;0.000000;0.000000;2.000000;458.935364;-587.554810;2035.358643;0.688173;0.000000;0.000000;0.000000;0.000000;2.000000;632.532898;-576.383057;1854.218018;3.124159;0.000000;0.000000;0.000000;0.000000;2.000000;711.674622;-642.832275;1840.337891;2.485908;0.000000;0.000000;0.000000;0.000000;0.000000;822.659546;-647.021729;1803.536377;2.418330;0.000000;0.000000;0.000000;0.000000;0.000000;745.873901;-635.479614;1882.242676;4.499166;0.000000;0.000000;0.000000;0.000000;0.000000;-36.691422;-688.034058;1995.538452;0.325766;0.000000;0.000000;0.000000;0.000000;2.000000;-176.200531;-703.553345;1971.573120;0.261375;0.000000;0.000000;0.000000;0.000000;2.000000;-447.698059;-602.778320;1876.233643;1.785579;0.000000;0.000000;0.000000;0.000000;2.000000;-611.719238;-563.282104;1685.926392;3.613215;0.000000;0.000000;0.000000;0.000000;2.000000;-682.349243;-649.363159;1700.249878;2.574919;0.000000;0.000000;0.000000;0.000000;2.000000;-694.054810;-555.906128;1634.257446;3.952237;0.000000;0.000000;0.000000;0.000000;2.000000;-695.267456;-645.685547;1712.222900;3.310409;0.000000;0.000000;0.000000;0.000000;2.000000;97.935211;-150.750336;2012.500244;0.062945;0.000000;0.000000;0.000000;0.000000;2.000000;157.013306;275.598450;2063.950684;0.431174;0.000000;0.000000;0.000000;0.000000;2.000000;175.821655;669.397400;2191.213867;0.890881;0.000000;0.000000;0.000000;0.000000;2.000000;249.537445;814.738525;2070.420410;0.851997;0.000000;0.000000;0.000000;0.000000;2.000000;-88.312500;-149.323395;1988.727905;0.056759;0.000000;0.000000;0.000000;0.000000;2.000000;-126.410591;280.027466;2030.113647;0.630026;0.000000;0.000000;0.000000;0.000000;2.000000;-141.927826;678.408569;2157.820313;0.951716;0.000000;0.000000;0.000000;0.000000;2.000000;-189.456390;812.533569;2037.055664;0.418395;0.000000;0.000000;0.000000;0.000000;2.000000;-0.077148;-814.685181;2008.520386;0.406319;0.000000;0.000000;0.000000;0.000000;2.000000;17.561905;-804.448486;1835.724121;0.890723;0.000000;0.000000;0.000000;0.000000;2.000000;35.101898;-856.027100;1862.280518;0.589628;0.000000;0.000000;0.000000;0.000000;2.000000;81.212830;-890.805908;1986.808228;0.470013;0.000000;0.000000;0.000000;0.000000;2.000000;-19.251389;-842.475586;1854.086548;0.731676;0.000000;0.000000;0.000000;0.000000;2.000000;-95.886917;-864.856812;1971.361328;0.551476;0.000000;0.000000;0.000000;0.000000;2.000000;11946433536.000000
0.000000;-150.000000;2000.000000;0.000000;0.000000;0.000000;0.000000;0.000000;2.000000;5.043121;-341.576752;1980.695435;0.337570;0.000000;0.000000;0.000000;0.000000;2.000000;6.549210;-495.540741;1982.719604;0.592276;0.000000;0.000000;0.000000;0.000000;2.000000;4.514648;-725.798340;2026.514526;0.627017;0.000000;0.000000;0.000000;0.000000;2.000000;40.777237;-687.282349;2025.143433;0.606952;0.000000;0.000000;0.000000;0.000000;2.000000;191.786240;-708.285522;2049.119873;0.547659;0.000000;0.000000;0.000000;0.000000;2.000000;454.978271;-567.790527;2050.876465;0.776304;0.000000;0.000000;0.000000;0.000000;2.000000;625.698120;-528.093628;1872.040283;1.584628;0.000000;0.000000;0.000000;0.000000;2.000000;712.340637;-573.804932;1906.846436;2.925330;0.000000;0.000000;0.000000;0.000000;0.000000;761.405396;-516.365723;1817.948975;4.425657;0.000000;0.000000;0.000000;0.000000;0.000000;736.830688;-563.191406;1939.144043;2.821041;0.000000;0.000000;0.000000;0.000000;0.000000;-31.251862;-687.798340;2015.635620;0.635426;0.000000;0.000000;0.000000;0.000000;2.000000;-170.921188;-701.994507;1994.417847;0.717120;0.000000;0.000000;0.000000;0.000000;2.000000;-430.302979;-562.223267;1919.605347;1.888248;0.000000;0.000000;0.000000;0.000000;2.000000;-567.747070;-501.821930;1715.248169;2.473745;0.000000;0.000000;0.000000;0.000000;2.000000;-669.947937;-531.870117;1749.628540;3.907759;0.000000;0.000000;0.000000;0.000000;2.000000;-642.075439;-476.440338;1653.194824;2.954897;0.000000;0.000000;0.000000;0.000000;2.000000;-670.414978;-472.387726;1746.388062;5.443521;0.000000;0.000000;0.000000;0.000000;2.000000;97.414749;-148.861115;2014.146240;0.078100;0.000000;0.000000;0.000000;0.000000;2.000000;126.034531;273.184418;2102.852539;1.519416;0.000000;0.000000;0.000000;0.000000;2.000000;138.570724;669.582520;2218.324707;1.406017;0.000000;0.000000;0.000000;0.000000;2.000000;197.091476;815.639160;2091.237793;1.722218;0.000000;0.000000;0.000000;0.000000;2.000000;-87.843155;-151.027008;1987.243652;0.070426;0.000000;0.000000;0.000000;0.000000;2.000000;-106.572525;272.978271;2066.472168;1.282168;0.000000;0.000000;0.000000;0.000000;2.000000;-118.962814;674.867676;2178.554199;0.950378;0.000000;0.000000;0.000000;0.000000;2.000000;-139.517395;813.630127;2056.279297;1.633376;0.000000;0.000000;0.000000;0.000000;2.000000;5.640091;-813.956909;2028.671143;0.639611;0.000000;0.000000;0.000000;0.000000;2.000000;21.256622;-801.723267;1856.323608;0.644070;0.000000;0.000000;0.000000;0.000000;2.000000;42.195114;-852.066895;1882.377808;0.661534;0.000000;0.000000;0.000000;0.000000;2.000000;91.216904;-884.394409;2006.008179;0.689067;0.000000;0.000000;0.000000;0.000000;2.000000;-12.811340;-842.007690;1874.670654;0.658359;0.000000;0.000000;0.000000;0.000000;2.000000;-86.766548;-869.793457;1992.007935;0.705104;0.000000;0.000000;0.000000;0.000000;2.000000;11946466304.000000
0.000000;-150.000000;2000.000000;0.000000;0.000000;0.000000;0.000000;0.000000;2.000000;1.921097;-340.149994;1967.623901;0.399938;0.000000;0.000000;0.000000;0.000000;2.000000;1.204056;-494.317505;1964.031616;0.576344;0.000000;0.000000;0.000000;0.000000;2.000000;0.687805;-724.902466;2007.993774;0.560286;0.000000;0.000000;0.000000;0.000000;2.000000;36.763077;-686.108582;2006.515137;0.564986;0.000000;0.000000;0.000000;0.000000;2.000000;186.884247;-708.351746;2035.818481;0.419510;0.000000;0.000000;0.000000;0.000000;2.000000;427.648773;-531.512329;2041.662964;1.371491;0.000000;0.000000;0.000000;0.000000;2.000000;593.788940;-453.512085;1870.778687;2.400886;0.000000;0.000000;0.000000;0.000000;2.000000;693.896118;-481.266418;1863.853027;3.068534;0.000000;0.000000;0.000000;0.000000;0.000000;733.373169;-400.153015;1789.612915;3.635718;0.000000;0.000000;0.000000;0.000000;2.000000;727.991943;-453.633057;1886.824463;3.602369;0.000000;0.000000;0.000000;0.000000;0.000000;-35.390564;-687.071594;1997.170654;0.560400;0.000000;0.000000;0.000000;0.000000;2.000000;-175.037933;-701.225342;1974.436279;0.604159;0.000000;0.000000;0.000000;0.000000;2.000000;-421.717041;-531.758057;1918.632690;0.937113;0.000000;0.000000;0.000000;0.000000;2.000000;-531.515442;-422.304688;1717.499512;2.586755;0.000000;0.000000;0.000000;0.000000;2.000000;-639.509949;-440.555725;1741.392456;2.858828;0.000000;0.000000;0.000000;0.000000;2.000000;-616.598633;-371.026489;1652.915161;3.209315;0.000000;0.000000;0.000000;0.000000;2.000000;-635.433472;-392.064392;1750.536499;2.595536;0.000000;0.000000;0.000000;0.000000;2.000000;98.092377;-150.685699;2009.847778;0.139636;0.000000;0.000000;0.000000;0.000000;2.000000;115.694519;278.673706;2061.815918;1.262837;0.000000;0.000000;0.000000;0.000000;2.000000;102.423248;664.481201;2210.479492;1.104970;0.000000;0.000000;0.000000;0.000000;2.000000;130.507355;818.950623;2082.498535;1.989725;0.000000;0.000000;0.000000;0.000000;2.000000;-88.454216;-149.381653;1991.119873;0.125920;0.000000;0.000000;0.000000;0.000000;2.000000;-91.847359;280.850281;2034.083374;1.078345;0.000000;0.000000;0.000000;0.000000;2.000000;-85.549026;675.576904;2171.542236;1.010564;0.000000;0.000000;0.000000;0.000000;2.000000;-81.469933;814.483459;2047.369629;1.738088;0.000000;0.000000;0.000000;0.000000;2.000000;2.361450;-813.180969;2010.188477;0.555967;0.000000;0.000000;0.000000;0.000000;2.000000;13.734192;-797.300171;1837.549438;0.612664;0.000000;0.000000;0.000000;0.000000;2.000000;41.459702;-844.815125;1862.770264;0.619038;0.000000;0.000000;0.000000;0.000000;2.000000;96.161499;-871.744385;1985.531616;0.727141;0.000000;0.000000;0.000000;0.000000;2.000000;-14.577255;-841.918945;1855.903687;0.557827;0.000000;0.000000;0.000000;0.000000;2.000000;-82.659195;-880.301270;1974.056152;0.627445;0.000000;0.000000;0.000000;0.000000;2.000000;11946500096.000000
0.000000;-150.000000;2000.000000;0.000000;0.000000;0.000000;0.000000;0.000000;2.000000;4.638489;-338.088348;1965.592041;0.121163;0.000000;0.000000;0.000000;0.000000;2.000000;3.702698;-490.873138;1959.531006;0.189018;0.000000;0.000000;0.000000;0.000000;2.000000;1.492126;-720.476685;1997.639526;0.344518;0.000000;0.000000;0.000000;0.000000;2.000000;37.459625;-682.166870;1997.603638;0.298132;0.000000;0.000000;0.000000;0.000000;2.000000;188.144836;-701.820679;2017.488647;0.595075;0.000000;0.000000;0.000000;0.000000;2.000000;420.629730;-519.720825;2041.190186;0.419025;0.000000;0.000000;0.000000;0.000000;2.000000;573.539551;-416.410309;1874.531616;1.294990;0.000000;0.000000;0.000000;0.000000;2.000000;674.364746;-399.935516;1889.369019;2.668719;0.000000;0.000000;0.000000;0.000000;0.000000;690.738770;-321.645325;1805.570190;2.769507;0.000000;0.000000;0.000000;0.000000;2.000000;690.663208;-371.460541;1918.113281;2.915147;0.000000;0.000000;0.000000;0.000000;0.000000;-33.946899;-682.541504;1987.296021;0.334462;0.000000;0.000000;0.000000;0.000000;2.000000;-172.330414;-698.315430;1965.399536;0.301277;0.000000;0.000000;0.000000;0.000000;2.000000;-401.830566;-507.559235;1919.951172;0.956712;0.000000;0.000000;0.000000;0.000000;2.000000;-482.258911;-363.465668;1729.758789;2.371459;0.000000;0.000000;0.000000;0.000000;2.000000;-592.478760;-349.474030;1733.089844;3.138528;0.000000;0.000000;0.000000;0.000000;2.000000;-571.940369;-288.743256;1638.986206;2.888535;0.000000;0.000000;0.000000;0.000000;2.000000;-518.789917;-283.111267;1624.687988;6.202982;0.000000;0.000000;0.000000;0.000000;2.000000;95.563110;-151.399963;2020.535400;0.335877;0.000000;0.000000;0.000000;0.000000;2.000000;102.021118;270.441101;2099.370361;1.245279;0.000000;0.000000;0.000000;0.000000;2.000000;88.531250;663.796021;2214.844238;0.444875;0.000000;0.000000;0.000000;0.000000;2.000000;123.008942;804.976074;2076.216797;0.520568;0.000000;0.000000;0.000000;0.000000;2.000000;-86.173470;-148.737579;1981.482300;0.302877;0.000000;0.000000;0.000000;0.000000;2.000000;-75.715164;273.144287;2057.090332;0.889183;0.000000;0.000000;0.000000;0.000000;2.000000;-67.506042;670.379761;2175.154541;0.583523;0.000000;0.000000;0.000000;0.000000;2.000000;-47.786499;806.552124;2051.808594;1.064702;0.000000;0.000000;0.000000;0.000000;2.000000;2.710266;-808.043457;1997.748901;0.410865;0.000000;0.000000;0.000000;0.000000;2.000000;15.410294;-793.795654;1826.537109;0.356367;0.000000;0.000000;0.000000;0.000000;2.000000;42.627380;-840.728760;1852.175781;0.348362;0.000000;0.000000;0.000000;0.000000;2.000000;95.830017;-866.450317;1974.566406;0.371730;0.000000;0.000000;0.000000;0.000000;2.000000;-12.874161;-837.839233;1844.887573;0.362247;0.000000;0.000000;0.000000;0.000000;2.000000;-81.392487;-874.787598;1961.809082;0.411700;0.000000;0.000000;0.000000;0.000000;2.000000;11946532864.000000
0.000000;-150.000000;2000.000000;0.000000;0.000000;0.000000;0.000000;0.000000;2.000000;0.597366;-341.281311;2000.093384;1.032305;0.000000;0.000000;0.000000;0.000000;2.000000;-0.438034;-493.700470;2012.427612;1.572375;0.000000;0.000000;0.000000;0.000000;2.000000;-0.038635;-724.385620;2043.546997;1.364199;0.000000;0.000000;0.000000;0.000000;2.000000;35.614822;-685.779419;2043.969360;1.377332;0.000000;0.000000;0.000000;0.000000;2.000000;188.003326;-694.761597;2057.709717;1.208454;0.000000;0.000000;0.000000;0.000000;2.000000;393.064178;-483.012543;2087.688232;1.933619;0.000000;0.000000;0.000000;0.000000;2.000000;527.172119;-339.675385;1935.013306;3.200434;0.000000;0.000000;0.000000;0.000000;2.000000;626.136963;-310.345612;1932.817871;3.273996;0.000000;0.000000;0.000000;0.000000;0.000000;658.378174;-238.660645;1847.707764;2.915941;0.000000;0.000000;0.000000;0.000000;2.000000;657.678955;-306.094055;1954.216553;2.415792;0.000000;0.000000;0.000000;0.000000;0.000000;-35.984711;-686.458374;2035.068848;1.419757;0.000000;0.000000;0.000000;0.000000;2.000000;-174.369324;-698.043579;2010.632202;1.339945;0.000000;0.000000;0.000000;0.000000;2.000000;-381.479004;-480.769257;1978.432983;1.996585;0.000000;0.000000;0.000000;0.000000;2.000000;-454.125031;-320.492218;1798.295654;2.534557;0.000000;0.000000;0.000000;0.000000;2.000000;-533.924561;-243.686859;1807.801025;4.206061;0.000000;0.000000;0.000000;0.000000;2.000000;-520.009033;-194.859100;1705.869873;3.741416;0.000000;0.000000;0.000000;0.000000;2.000000;-443.230560;-223.584717;1723.492554;4.080693;0.000000;0.000000;0.000000;0.000000;2.000000;97.028015;-149.691162;2011.961548;0.262321;0.000000;0.000000;0.000000;0.000000;2.000000;95.425354;262.985779;2130.000488;0.953095;0.000000;0.000000;0.000000;0.000000;2.000000;81.255707;646.516846;2274.832031;1.859888;0.000000;0.000000;0.000000;0.000000;2.000000;103.312592;777.800293;2124.422363;1.738245;0.000000;0.000000;0.000000;0.000000;2.000000;-87.494408;-150.278503;1989.213623;0.236544;0.000000;0.000000;0.000000;0.000000;2.000000;-74.936325;265.585327;2092.853516;1.081960;0.000000;0.000000;0.000000;0.000000;2.000000;-58.601517;657.175171;2227.844482;1.628917;0.000000;0.000000;0.000000;0.000000;2.000000;-34.343384;785.523438;2097.115479;1.530734;0.000000;0.000000;0.000000;0.000000;2.000000;1.885544;-811.908936;2040.958374;1.284028;0.000000;0.000000;0.000000;0.000000;2.000000;25.201813;-805.267090;1870.385742;1.372216;0.000000;0.000000;0.000000;0.000000;2.000000;48.487259;-852.376343;1899.367554;1.448859;0.000000;0.000000;0.000000;0.000000;2.000000;93.138855;-875.626099;2025.622803;1.537172;0.000000;0.000000;0.000000;0.000000;2.000000;-6.286285;-847.119873;1888.659912;1.338416;0.000000;0.000000;0.000000;0.000000;2.000000;-83.254593;-875.944580;2002.585083;1.208419;0.000000;0.000000;0.000000;0.000000;2.000000;11946566656.000000
0.000000;-150.000000;2000.000000;0.000000;0.000000;0.000000;0.000000;0.000000;2.000000;2.028702;-339.682068;2008.533447;0.257714;0.000000;0.000000;0.000000;0.000000;2.000000;3.438232;-490.790955;2022.971436;0.343408;0.000000;0.000000;0.000000;0.000000;2.000000;-0.334396;-720.587524;2046.943604;0.151039;0.000000;0.000000;0.000000;0.000000;2.000000;35.916916;-683.073547;2047.283081;0.126917;0.000000;0.000000;0.000000;0.000000;2.000000;186.978180;-697.124573;2058.806641;0.082848;0.000000;0.000000;0.000000;0.000000;2.000000;373.027222;-473.117432;2100.217285;0.758159;0.000000;0.000000;0.000000;0.000000;2.000000;496.952271;-315.289978;1956.436646;1.312416;0.000000;0.000000;0.000000;0.000000;2.000000;590.032104;-272.507385;1953.321045;1.662387;0.000000;0.000000;0.000000;0.000000;2.000000;620.861816;-186.489456;1883.485229;2.176497;0.000000;0.000000;0.000000;0.000000;2.000000;592.675537;-228.627548;1977.332764;3.069797;0.000000;0.000000;0.000000;0.000000;0.000000;-35.416153;-681.928894;2040.906250;0.219296;0.000000;0.000000;0.000000;0.000000;2.000000;-173.392273;-678.168945;2017.653809;0.624442;0.000000;0.000000;0.000000;0.000000;2.000000;-354.998291;-440.965332;1993.857910;1.486581;0.000000;0.000000;0.000000;0.000000;2.000000;-421.214478;-274.976379;1819.056641;1.772067;0.000000;0.000000;0.000000;0.000000;2.000000;-497.971283;-196.021072;1826.263550;1.849380;0.000000;0.000000;0.000000;0.000000;2.000000;-470.607666;-122.530899;1744.842407;2.837010;0.000000;0.000000;0.000000;0.000000;2.000000;-435.390686;-156.580185;1745.183716;2.097037;0.000000;0.000000;0.000000;0.000000;2.000000;97.006439;-148.844467;2002.623535;0.277472;0.000000;0.000000;0.000000;0.000000;2.000000;91.492859;256.091034;2135.109863;0.279347;0.000000;0.000000;0.000000;0.000000;2.000000;74.360718;627.588745;2300.999023;0.977246;0.000000;0.000000;0.000000;0.000000;2.000000;94.803467;748.162537;2143.513672;1.073236;0.000000;0.000000;0.000000;0.000000;2.000000;-87.474945;-151.041977;1997.634277;0.250214;0.000000;0.000000;0.000000;0.000000;2.000000;-76.087914;259.987427;2107.590576;0.467757;0.000000;0.000000;0.000000;0.000000;2.000000;-59.534927;647.240112;2245.763672;0.606958;0.000000;0.000000;0.000000;0.000000;2.000000;-23.376083;761.640381;2106.984131;0.830748;0.000000;0.000000;0.000000;0.000000;2.000000;-0.494370;-807.372070;2041.702393;0.153200;0.000000;0.000000;0.000000;0.000000;2.000000;31.879059;-812.786011;1873.853394;0.314777;0.000000;0.000000;0.000000;0.000000;2.000000;51.657974;-858.302185;1906.809082;0.296734;0.000000;0.000000;0.000000;0.000000;2.000000;88.340302;-874.529236;2035.637695;0.330231;0.000000;0.000000;0.000000;0.000000;2.000000;-1.837357;-851.957336;1892.856689;0.230761;0.000000;0.000000;0.000000;0.000000;2.000000;-85.184319;-870.417114;2003.125488;0.173991;0.000000;0.000000;0.000000;0.000000;2.000000;11946600448.000000
