posX0;posY0;posZ0;posVel0;rotX0;rotY0;rotZ0;rotVel0;confidence0;posX1;posY1;posZ1;posVel1;rotX1;rotY1;rotZ1;rotVel1;confidence1;posX2;posY2;posZ2;posVel2;rotX2;rotY2;rotZ2;rotVel2;confidence2;posX3;posY3;posZ3;posVel3;rotX3;rotY3;rotZ3;rotVel3;confidence3;posX4;posY4;posZ4;posVel4;rotX4;rotY4;rotZ4;rotVel4;confidence4;posX5;posY5;posZ5;posVel5;rotX5;rotY5;rotZ5;rotVel5;confidence5;posX6;posY6;posZ6;posVel6;rotX6;rotY6;rotZ6;rotVel6;confidence6;posX7;posY7;posZ7;posVel7;rotX7;rotY7;rotZ7;rotVel7;confidence7;posX8;posY8;posZ8;posVel8;rotX8;rotY8;rotZ8;rotVel8;confidence8;posX9;posY9;posZ9;posVel9;rotX9;rotY9;rotZ9;rotVel9;confidence9;posX10;posY10;posZ10;posVel10;rotX10;rotY10;rotZ10;rotVel10;confidence10;posX11;posY11;posZ11;posVel11;rotX11;rotY11;rotZ11;rotVel11;confidence11;posX12;posY12;posZ12;posVel12;rotX12;rotY12;rotZ12;rotVel12;confidence12;posX13;posY13;posZ13;posVel13;rotX13;rotY13;rotZ13;rotVel13;confidence13;posX14;posY14;posZ14;posVel14;rotX14;rotY14;rotZ14;rotVel14;confidence14;posX15;posY15;posZ15;posVel15;rotX15;rotY15;rotZ15;rotVel15;confidence15;posX16;posY16;posZ16;posVel16;rotX16;rotY16;rotZ16;rotVel16;confidence16;posX17;posY17;posZ17;posVel17;rotX17;rotY17;rotZ17;rotVel17;confidence17;posX18;posY18;posZ18;posVel18;rotX18;rotY18;rotZ18;rotVel18;confidence18;posX19;posY19;posZ19;posVel19;rotX19;rotY19;rotZ19;rotVel19;confidence19;posX20;posY20;posZ20;posVel20;rotX20;rotY20;rotZ20;rotVel20;confidence20;posX21;posY21;posZ21;posVel21;rotX21;rotY21;rotZ21;rotVel21;confidence21;posX22;posY22;posZ22;posVel22;rotX22;rotY22;rotZ22;rotVel22;confidence22;posX23;posY23;posZ23;posVel23;rotX23;rotY23;rotZ23;rotVel23;confidence23;posX24;posY24;posZ24;posVel24;rotX24;rotY24;rotZ24;rotVel24;confidence24;posX25;posY25;posZ25;posVel25;rotX25;rotY25;rotZ25;rotVel25;confidence25;posX26;posY26;posZ26;posVel26;rotX26;rotY26;rotZ26;rotVel26;confidence26;posX27;posY27;posZ27;posVel27;rotX27;rotY27;rotZ27;rotVel27;confidence27;posX28;posY28;posZ28;posVel28;rotX28;rotY28;rotZ28;rotVel28;confidence28;posX29;posY29;posZ29;posVel29;rotX29;rotY29;rotZ29;rotVel29;confidence29;posX30;posY30;posZ30;posVel30;rotX30;rotY30;rotZ30;rotVel30;confidence30;posX31;posY31;posZ31;posVel31;rotX31;rotY31;rotZ31;rotVel31;confidence31;TimeStamp
0.000000;-150.000000;2000.000000;0.000000;0.000000;0.000000;0.000000;0.000000;2.000000;-10.687674;-332.245514;1951.429565;0.000000;0.000000;0.000000;0.000000;0.000000;2.000000;-19.617517;-480.612396;1924.676758;0.000000;0.000000;0.000000;0.000000;0.000000;2.000000;-30.855827;-704.362671;1976.229858;0.000000;0.000000;0.000000;0.000000;0.000000;2.000000;6.454307;-668.559814;1971.780762;0.000000;0.000000;0.000000;0.000000;0.000000;2.000000;154.988480;-693.943115;1957.435669;0.000000;0.000000;0.000000;0.000000;0.000000;2.000000;356.518066;-902.606812;1919.133911;0.000000;0.000000;0.000000;0.000000;0.000000;2.000000;400.069397;-1102.463379;1783.207520;0.000000;0.000000;0.000000;0.000000;0.000000;2.000000;428.476105;-1167.341919;1856.556763;0.000000;0.000000;0.000000;0.000000;0.000000;0.000000;429.538879;-1257.914185;1786.652710;0.000000;0.000000;0.000000;0.000000;0.000000;0.000000;422.160828;-1249.803345;1792.210449;0.000000;0.000000;0.000000;0.000000;0.000000;0.000000;-64.497162;-665.722290;1965.810791;0.000000;0.000000;0.000000;0.000000;0.000000;2.000000;-194.127182;-704.656372;1933.074951;0.000000;0.000000;0.000000;0.000000;0.000000;2.000000;-387.245026;-911.870972;1840.017212;0.000000;0.000000;0.000000;0.000000;0.000000;2.000000;-493.919769;-1111.320190;1736.612793;0.000000;0.000000;0.000000;0.000000;0.000000;2.000000;-529.582642;-1215.031006;1731.620728;0.000000;0.000000;0.000000;0.000000;0.000000;0.000000;-554.417786;-1324.666016;1728.246338;0.000000;0.000000;0.000000;0.000000;0.000000;0.000000;-526.496765;-1224.757324;1687.907471;0.000000;0.000000;0.000000;0.000000;0.000000;0.000000;96.341286;-156.109558;2001.724854;0.000000;0.000000;0.000000;0.000000;0.000000;2.000000;200.269852;248.824371;2071.886719;0.000000;0.000000;0.000000;0.000000;0.000000;2.000000;276.181458;613.604370;2230.937012;0.000000;0.000000;0.000000;0.000000;0.000000;2.000000;318.983948;795.112061;2163.312256;0.000000;0.000000;0.000000;0.000000;0.000000;2.000000;-86.875168;-144.490692;1998.444702;0.000000;0.000000;0.000000;0.000000;0.000000;2.000000;-185.564941;266.121002;2029.541626;0.000000;0.000000;0.000000;0.000000;0.000000;2.000000;-255.938812;626.329346;2210.904785;0.000000;0.000000;0.000000;0.000000;0.000000;2.000000;-297.497620;790.535156;2142.941406;0.000000;0.000000;0.000000;0.000000;0.000000;2.000000;-33.995625;-790.636353;1981.576294;0.000000;0.000000;0.000000;0.000000;0.000000;2.000000;-21.899374;-808.867310;1812.839111;0.000000;0.000000;0.000000;0.000000;0.000000;2.000000;3.759974;-850.424438;1846.413696;0.000000;0.000000;0.000000;0.000000;0.000000;2.000000;56.157578;-854.260376;1969.940918;0.000000;0.000000;0.000000;0.000000;0.000000;2.000000;-50.987934;-847.365356;1838.781494;0.000000;0.000000;0.000000;0.000000;0.000000;2.000000;-119.107071;-859.579590;1959.022705;0.000000;0.000000;0.000000;0.000000;0.000000;2.000000;13366299648.000000
0.000000;-150.000000;2000.000000;0.000000;0.000000;0.000000;0.000000;0.000000;2.000000;-10.329350;-325.789551;1936.537354;0.480449;0.000000;0.000000;0.000000;0.000000;2.000000;-18.953129;-473.362366;1913.293091;0.399878;0.000000;0.000000;0.000000;0.000000;2.000000;-26.544485;-693.316833;1972.005737;0.372495;0.000000;0.000000;0.000000;0.000000;2.000000;9.946224;-657.691284;1965.385620;0.387221;0.000000;0.000000;0.000000;0.000000;2.000000;154.318558;-691.789490;1943.278442;0.424235;0.000000;0.000000;0.000000;0.000000;2.000000;302.022614;-935.931458;1891.906494;2.054861;0.000000;0.000000;0.000000;0.000000;2.000000;239.932114;-1130.645996;1759.820313;4.861258;0.000000;0.000000;0.000000;0.000000;2.000000;260.790466;-1205.040527;1824.913696;5.171628;0.000000;0.000000;0.000000;0.000000;0.000000;252.757339;-1303.202148;1768.769775;5.426267;0.000000;0.000000;0.000000;0.000000;0.000000;239.749496;-1270.746582;1815.629883;5.477546;0.000000;0.000000;0.000000;0.000000;0.000000;-60.516296;-655.686951;1961.354492;0.345633;0.000000;0.000000;0.000000;0.000000;2.000000;-187.834869;-695.603943;1926.218262;0.384198;0.000000;0.000000;0.000000;0.000000;2.000000;-332.749817;-934.457092;1830.195190;1.769722;0.000000;0.000000;0.000000;0.000000;2.000000;-322.311066;-1154.789551;1720.335571;5.260871;0.000000;0.000000;0.000000;0.000000;2.000000;-342.640961;-1255.107910;1757.157593;5.708074;0.000000;0.000000;0.000000;0.000000;0.000000;-358.546875;-1356.700928;1800.091187;6.246348;0.000000;0.000000;0.000000;0.000000;0.000000;-336.953735;-1270.052002;1754.744629;6.096790;0.000000;0.000000;0.000000;0.000000;0.000000;95.504448;-155.557220;1999.848633;0.062954;0.000000;0.000000;0.000000;0.000000;2.000000;214.892883;244.858887;2042.659424;0.974225;0.000000;0.000000;0.000000;0.000000;2.000000;286.950714;596.350769;2222.640137;0.650033;0.000000;0.000000;0.000000;0.000000;2.000000;352.305756;772.101196;2163.705566;1.198416;0.000000;0.000000;0.000000;0.000000;2.000000;-86.120560;-144.988831;2000.136353;0.056763;0.000000;0.000000;0.000000;0.000000;2.000000;-191.441910;261.026611;1990.198853;1.186795;0.000000;0.000000;0.000000;0.000000;2.000000;-265.005341;607.899841;2187.194336;0.928306;0.000000;0.000000;0.000000;0.000000;2.000000;-299.301514;783.912598;2163.832031;0.650726;0.000000;0.000000;0.000000;0.000000;2.000000;-28.689026;-778.598938;1980.226196;0.391344;0.000000;0.000000;0.000000;0.000000;2.000000;-27.482491;-763.980713;1812.273926;1.338660;0.000000;0.000000;0.000000;0.000000;2.000000;0.263018;-810.327271;1835.312866;1.235562;0.000000;0.000000;0.000000;0.000000;2.000000;60.032509;-836.661438;1951.178345;0.769852;0.000000;0.000000;0.000000;0.000000;2.000000;-54.375122;-806.858154;1831.891235;1.220064;0.000000;0.000000;0.000000;0.000000;2.000000;-113.933113;-842.821533;1950.449097;0.577711;0.000000;0.000000;0.000000;0.000000;2.000000;13366333440.000000
0.000000;-150.000000;2000.000000;0.000000;0.000000;0.000000;0.000000;0.000000;2.000000;-5.899041;-324.321625;1937.035645;0.143240;0.000000;0.000000;0.000000;0.000000;2.000000;-11.375086;-469.880096;1909.459106;0.280118;0.000000;0.000000;0.000000;0.000000;2.000000;-16.453474;-689.140625;1962.590454;0.440043;0.000000;0.000000;0.000000;0.000000;2.000000;19.364643;-653.525757;1955.938721;0.426485;0.000000;0.000000;0.000000;0.000000;2.000000;158.941467;-689.466553;1919.816772;0.733195;0.000000;0.000000;0.000000;0.000000;2.000000;248.954025;-958.418457;1874.355347;1.838664;0.000000;0.000000;0.000000;0.000000;2.000000;101.468239;-1123.102173;1778.197266;4.268848;0.000000;0.000000;0.000000;0.000000;2.000000;108.546539;-1195.078979;1847.385254;4.706283;0.000000;0.000000;0.000000;0.000000;0.000000;55.417419;-1270.591309;1783.435669;6.120399;0.000000;0.000000;0.000000;0.000000;0.000000;59.694534;-1253.704346;1839.678711;5.567980;0.000000;0.000000;0.000000;0.000000;0.000000;-50.530582;-651.784912;1953.807251;0.400119;0.000000;0.000000;0.000000;0.000000;2.000000;-178.273865;-683.140991;1916.607422;0.561976;0.000000;0.000000;0.000000;0.000000;2.000000;-309.047943;-934.124512;1842.036377;0.808631;0.000000;0.000000;0.000000;0.000000;2.000000;-161.753342;-1114.474243;1768.700317;5.263133;0.000000;0.000000;0.000000;0.000000;2.000000;-164.151566;-1218.166504;1797.957520;5.700155;0.000000;0.000000;0.000000;0.000000;0.000000;-170.348969;-1322.895264;1832.322632;5.917589;0.000000;0.000000;0.000000;0.000000;0.000000;-146.145569;-1232.505859;1791.849243;6.041727;0.000000;0.000000;0.000000;0.000000;0.000000;94.670616;-153.956451;2002.084229;0.087685;0.000000;0.000000;0.000000;0.000000;2.000000;219.851990;242.875214;2004.669067;1.170776;0.000000;0.000000;0.000000;0.000000;2.000000;301.640259;574.659790;2208.083984;0.914592;0.000000;0.000000;0.000000;0.000000;2.000000;363.092072;758.807373;2192.894287;1.032673;0.000000;0.000000;0.000000;0.000000;2.000000;-85.368668;-146.432312;1998.120728;0.079062;0.000000;0.000000;0.000000;0.000000;2.000000;-199.716934;252.296112;1971.287842;0.683978;0.000000;0.000000;0.000000;0.000000;2.000000;-284.766785;597.699524;2158.252686;1.113863;0.000000;0.000000;0.000000;0.000000;2.000000;-323.778076;772.555786;2157.705078;0.844416;0.000000;0.000000;0.000000;0.000000;2.000000;-18.007027;-773.808105;1968.770752;0.499859;0.000000;0.000000;0.000000;0.000000;2.000000;-33.714935;-732.483643;1807.704590;0.989724;0.000000;0.000000;0.000000;0.000000;2.000000;-3.992140;-780.996338;1819.862549;1.020001;0.000000;0.000000;0.000000;0.000000;2.000000;66.594437;-824.312744;1922.353027;0.977729;0.000000;0.000000;0.000000;0.000000;2.000000;-58.191254;-778.023926;1822.501953;0.932727;0.000000;0.000000;0.000000;0.000000;2.000000;-104.928856;-833.300171;1937.856445;0.554638;0.000000;0.000000;0.000000;0.000000;2.000000;13366366208.000000
0.000000;-150.000000;2000.000000;0.000000;0.000000;0.000000;0.000000;0.000000;2.000000;-5.642457;-324.360626;1938.995850;0.058514;0.000000;0.000000;0.000000;0.000000;2.000000;-12.055786;-469.085327;1909.963867;0.034381;0.000000;0.000000;0.000000;0.000000;2.000000;-9.925743;-689.013489;1956.941162;0.255497;0.000000;0.000000;0.000000;0.000000;2.000000;24.426865;-651.826904;1953.052979;0.179616;0.000000;0.000000;0.000000;0.000000;2.000000;159.120300;-707.652649;1927.164795;0.580471;0.000000;0.000000;0.000000;0.000000;2.000000;159.871368;-975.069092;1825.015137;3.053573;0.000000;0.000000;0.000000;0.000000;2.000000;27.782518;-1174.985229;1807.336792;2.802823;0.000000;0.000000;0.000000;0.000000;2.000000;52.378559;-1265.529053;1841.202637;2.672589;0.000000;0.000000;0.000000;0.000000;0.000000;18.931534;-1371.563477;1828.274048;3.443092;0.000000;0.000000;0.000000;0.000000;0.000000;12.227753;-1317.393066;1802.881836;2.590572;0.000000;0.000000;0.000000;0.000000;0.000000;-45.047878;-653.067749;1947.433838;0.251671;0.000000;0.000000;0.000000;0.000000;2.000000;-159.001404;-711.305420;1900.721069;1.113979;0.000000;0.000000;0.000000;0.000000;2.000000;-178.758881;-983.789673;1798.551636;4.322251;0.000000;0.000000;0.000000;0.000000;2.000000;-64.929802;-1198.181030;1781.925171;3.807770;0.000000;0.000000;0.000000;0.000000;2.000000;-40.738300;-1295.504028;1820.374878;4.360745;0.000000;0.000000;0.000000;0.000000;0.000000;-62.458416;-1403.292725;1824.243774;3.988929;0.000000;0.000000;0.000000;0.000000;0.000000;6.011587;-1302.667114;1800.772705;4.965425;0.000000;0.000000;0.000000;0.000000;0.000000;93.983971;-155.674515;2007.525879;0.170087;0.000000;0.000000;0.000000;0.000000;2.000000;238.564056;232.183777;1982.130371;0.922822;0.000000;0.000000;0.000000;0.000000;2.000000;327.399109;551.505493;2199.435303;1.056442;0.000000;0.000000;0.000000;0.000000;2.000000;381.166534;735.924316;2171.867676;1.063876;0.000000;0.000000;0.000000;0.000000;2.000000;-84.749466;-144.883057;1993.213501;0.153382;0.000000;0.000000;0.000000;0.000000;2.000000;-211.722122;248.187973;1961.822510;0.468459;0.000000;0.000000;0.000000;0.000000;2.000000;-309.514404;576.643433;2169.078857;1.013531;0.000000;0.000000;0.000000;0.000000;2.000000;-345.992493;750.439758;2150.526367;0.951643;0.000000;0.000000;0.000000;0.000000;2.000000;-7.988334;-773.521179;1960.837402;0.378273;0.000000;0.000000;0.000000;0.000000;2.000000;-32.294819;-750.580627;1797.769287;0.612384;0.000000;0.000000;0.000000;0.000000;2.000000;-0.926797;-796.707947;1813.586548;0.508823;0.000000;0.000000;0.000000;0.000000;2.000000;75.263916;-826.972900;1916.176880;0.324687;0.000000;0.000000;0.000000;0.000000;2.000000;-54.813263;-794.538208;1818.579712;0.512149;0.000000;0.000000;0.000000;0.000000;2.000000;-94.471153;-837.538696;1941.052002;0.347057;0.000000;0.000000;0.000000;0.000000;2.000000;13366400000.000000
0.000000;-150.000000;2000.000000;0.000000;0.000000;0.000000;0.000000;0.000000;2.000000;-5.738378;-322.384888;1940.275024;0.069710;0.000000;0.000000;0.000000;0.000000;2.000000;-11.819412;-465.367249;1911.771851;0.122547;0.000000;0.000000;0.000000;0.000000;2.000000;-10.077538;-682.626404;1957.963379;0.191470;0.000000;0.000000;0.000000;0.000000;2.000000;23.972355;-646.070618;1953.597656;0.171633;0.000000;0.000000;0.000000;0.000000;2.000000;157.300522;-703.707458;1936.500244;0.304715;0.000000;0.000000;0.000000;0.000000;2.000000;156.306519;-965.871155;1830.650146;0.336192;0.000000;0.000000;0.000000;0.000000;2.000000;52.657707;-1174.145630;1783.873535;1.012231;0.000000;0.000000;0.000000;0.000000;2.000000;75.606621;-1258.140381;1829.960571;0.794345;0.000000;0.000000;0.000000;0.000000;0.000000;76.374672;-1249.608276;1719.741821;5.121524;0.000000;0.000000;0.000000;0.000000;0.000000;-4.537973;-1311.097656;1760.513428;1.361206;0.000000;0.000000;0.000000;0.000000;0.000000;-44.731224;-646.938904;1949.168213;0.188725;0.000000;0.000000;0.000000;0.000000;2.000000;-161.117126;-704.431946;1913.778931;0.441150;0.000000;0.000000;0.000000;0.000000;2.000000;-193.174118;-965.705627;1796.746094;0.686458;0.000000;0.000000;0.000000;0.000000;2.000000;-76.635284;-1174.911987;1776.861084;0.785248;0.000000;0.000000;0.000000;0.000000;2.000000;-64.956703;-1276.671997;1804.441772;1.023004;0.000000;0.000000;0.000000;0.000000;0.000000;-62.229012;-1383.862183;1822.071289;0.578627;0.000000;0.000000;0.000000;0.000000;0.000000;-51.537056;-1307.937500;1767.832275;1.968466;0.000000;0.000000;0.000000;0.000000;0.000000;92.965118;-155.117996;2005.839966;0.060576;0.000000;0.000000;0.000000;0.000000;2.000000;234.492294;228.438568;1981.039551;0.166867;0.000000;0.000000;0.000000;0.000000;2.000000;324.131256;548.391541;2187.965820;0.364754;0.000000;0.000000;0.000000;0.000000;2.000000;374.982513;732.926331;2178.080322;0.274156;0.000000;0.000000;0.000000;0.000000;2.000000;-83.830734;-145.384872;1994.733765;0.054623;0.000000;0.000000;0.000000;0.000000;2.000000;-211.334503;242.953751;1976.414795;0.458910;0.000000;0.000000;0.000000;0.000000;2.000000;-309.021606;575.273560;2167.424805;0.065207;0.000000;0.000000;0.000000;0.000000;2.000000;-348.728424;746.997986;2161.810547;0.358383;0.000000;0.000000;0.000000;0.000000;2.000000;-8.531494;-766.102295;1961.716309;0.221664;0.000000;0.000000;0.000000;0.000000;2.000000;0.949596;-776.792969;1797.936279;1.252830;0.000000;0.000000;0.000000;0.000000;2.000000;25.182476;-818.872437;1828.291260;1.102977;0.000000;0.000000;0.000000;0.000000;2.000000;77.030159;-828.940186;1946.751709;0.908171;0.000000;0.000000;0.000000;0.000000;2.000000;-27.713810;-814.423401;1821.690674;0.998940;0.000000;0.000000;0.000000;0.000000;2.000000;-92.493614;-829.855103;1938.028442;0.251260;0.000000;0.000000;0.000000;0.000000;2.000000;13366433792.000000
0.000000;-150.000000;2000.000000;0.000000;0.000000;0.000000;0.000000;0.000000;2.000000;-5.441260;-324.080383;1939.297241;0.060414;0.000000;0.000000;0.000000;0.000000;2.000000;-11.345095;-468.727478;1911.291504;0.104595;0.000000;0.000000;0.000000;0.000000;2.000000;-9.235894;-688.124817;1958.598145;0.170854;0.000000;0.000000;0.000000;0.000000;2.000000;25.195261;-651.355408;1953.096924;0.166244;0.000000;0.000000;0.000000;0.000000;2.000000;158.994751;-713.098083;1941.832397;0.333587;0.000000;0.000000;0.000000;0.000000;2.000000;156.364838;-978.912170;1837.166260;0.444899;0.000000;0.000000;0.000000;0.000000;2.000000;73.428261;-1196.070923;1778.351196;0.936960;0.000000;0.000000;0.000000;0.000000;2.000000;101.205582;-1281.347168;1821.555908;1.085199;0.000000;0.000000;0.000000;0.000000;0.000000;72.727875;-1311.892090;1717.945679;1.904795;0.000000;0.000000;0.000000;0.000000;0.000000;28.825727;-1337.587769;1749.637817;1.341782;0.000000;0.000000;0.000000;0.000000;0.000000;-44.330322;-651.932983;1950.590454;0.158939;0.000000;0.000000;0.000000;0.000000;2.000000;-165.993713;-707.361938;1925.880737;0.408092;0.000000;0.000000;0.000000;0.000000;2.000000;-209.666763;-964.480408;1796.578003;0.504729;0.000000;0.000000;0.000000;0.000000;2.000000;-119.516167;-1183.851196;1744.522583;1.661586;0.000000;0.000000;0.000000;0.000000;2.000000;-118.236313;-1290.606323;1754.058472;2.277879;0.000000;0.000000;0.000000;0.000000;0.000000;-123.018410;-1400.020264;1761.961670;2.655134;0.000000;0.000000;0.000000;0.000000;0.000000;-99.342506;-1316.413452;1716.359863;2.159345;0.000000;0.000000;0.000000;0.000000;0.000000;93.957756;-154.956070;2005.790649;0.030730;0.000000;0.000000;0.000000;0.000000;2.000000;231.369965;235.286469;1994.681885;0.475483;0.000000;0.000000;0.000000;0.000000;2.000000;316.368866;555.271729;2211.098145;0.773665;0.000000;0.000000;0.000000;0.000000;2.000000;361.199646;737.948120;2164.944824;0.600915;0.000000;0.000000;0.000000;0.000000;2.000000;-84.725845;-145.530884;1994.778320;0.027711;0.000000;0.000000;0.000000;0.000000;2.000000;-217.599365;245.966492;1995.619995;0.623310;0.000000;0.000000;0.000000;0.000000;2.000000;-316.339111;581.119751;2189.741211;0.738592;0.000000;0.000000;0.000000;0.000000;2.000000;-359.656342;749.536072;2150.855225;0.478533;0.000000;0.000000;0.000000;0.000000;2.000000;-7.940305;-772.469604;1962.613647;0.197063;0.000000;0.000000;0.000000;0.000000;2.000000;-36.566109;-794.664978;1800.485840;1.270550;0.000000;0.000000;0.000000;0.000000;2.000000;-6.476762;-835.833496;1827.839355;1.096167;0.000000;0.000000;0.000000;0.000000;2.000000;71.658325;-839.715149;1932.989990;0.558014;0.000000;0.000000;0.000000;0.000000;2.000000;-59.951797;-829.996277;1833.131592;1.147029;0.000000;0.000000;0.000000;0.000000;2.000000;-97.123283;-835.454590;1963.270386;0.801599;0.000000;0.000000;0.000000;0.000000;2.000000;13366466560.000000
0.000000;-150.000000;2000.000000;0.000000;0.000000;0.000000;0.000000;0.000000;2.000000;-7.739559;-332.896790;1958.814331;0.637399;0.000000;0.000000;0.000000;0.000000;2.000000;-14.076906;-479.875214;1929.505127;0.637085;0.000000;0.000000;0.000000;0.000000;2.000000;-21.756916;-703.241089;1976.270874;0.781610;0.000000;0.000000;0.000000;0.000000;2.000000;14.836853;-667.238770;1971.555054;0.783109;0.000000;0.000000;0.000000;0.000000;2.000000;155.283203;-720.078003;1980.913208;1.179935;0.000000;0.000000;0.000000;0.000000;2.000000;168.264603;-974.593506;1841.181274;0.393012;0.000000;0.000000;0.000000;0.000000;2.000000;149.664642;-1186.506226;1721.798828;2.823228;0.000000;0.000000;0.000000;0.000000;2.000000;174.963135;-1274.570679;1764.941284;2.758855;0.000000;0.000000;0.000000;0.000000;0.000000;160.207016;-1338.277710;1671.995728;3.026608;0.000000;0.000000;0.000000;0.000000;0.000000;82.530319;-1326.445557;1714.711914;1.924249;0.000000;0.000000;0.000000;0.000000;0.000000;-55.800186;-664.976318;1967.696533;0.721424;0.000000;0.000000;0.000000;0.000000;2.000000;-188.203171;-700.118530;1948.579834;0.963915;0.000000;0.000000;0.000000;0.000000;2.000000;-225.343582;-958.712769;1809.124756;0.618234;0.000000;0.000000;0.000000;0.000000;2.000000;-222.271103;-1178.221558;1695.865601;3.368614;0.000000;0.000000;0.000000;0.000000;2.000000;-196.607529;-1282.549072;1714.518555;2.608597;0.000000;0.000000;0.000000;0.000000;0.000000;-176.806671;-1355.526245;1632.297119;4.357864;0.000000;0.000000;0.000000;0.000000;0.000000;-156.124725;-1301.725952;1688.194824;1.925401;0.000000;0.000000;0.000000;0.000000;0.000000;95.737076;-154.721252;2002.975342;0.098802;0.000000;0.000000;0.000000;0.000000;2.000000;222.643387;245.912292;2028.844482;1.089781;0.000000;0.000000;0.000000;0.000000;2.000000;306.122284;578.801147;2238.929688;1.120322;0.000000;0.000000;0.000000;0.000000;2.000000;350.462189;758.114624;2170.356445;0.694811;0.000000;0.000000;0.000000;0.000000;2.000000;-86.330338;-145.742645;1997.316895;0.089092;0.000000;0.000000;0.000000;0.000000;2.000000;-218.568665;251.654053;2035.905640;1.204329;0.000000;0.000000;0.000000;0.000000;2.000000;-318.011902;602.114746;2216.549805;1.008888;0.000000;0.000000;0.000000;0.000000;2.000000;-358.075439;768.287231;2156.184570;0.578770;0.000000;0.000000;0.000000;0.000000;2.000000;-23.947285;-789.052124;1979.844604;0.851589;0.000000;0.000000;0.000000;0.000000;2.000000;-40.887886;-834.745483;1818.020142;1.300932;0.000000;0.000000;0.000000;0.000000;2.000000;-12.162980;-871.887573;1853.527954;1.320825;0.000000;0.000000;0.000000;0.000000;2.000000;59.361210;-859.737915;1965.393311;1.184491;0.000000;0.000000;0.000000;0.000000;2.000000;-66.842056;-866.091309;1854.141479;1.252633;0.000000;0.000000;0.000000;0.000000;2.000000;-114.149475;-853.794189;1982.980957;0.942678;0.000000;0.000000;0.000000;0.000000;2.000000;13366500352.000000
0.000000;-150.000000;2000.000000;0.000000;0.000000;0.000000;0.000000;0.000000;2.000000;-8.153145;-334.777496;1965.068848;0.199714;0.000000;0.000000;0.000000;0.000000;2.000000;-14.587872;-482.056305;1934.881470;0.177746;0.000000;0.000000;0.000000;0.000000;2.000000;-20.395699;-706.422363;1980.632935;0.169917;0.000000;0.000000;0.000000;0.000000;2.000000;15.962814;-669.872437;1976.581055;0.176540;0.000000;0.000000;0.000000;0.000000;2.000000;153.101166;-729.943726;1994.795410;0.523987;0.000000;0.000000;0.000000;0.000000;2.000000;214.850708;-955.533691;1820.724976;1.658091;0.000000;0.000000;0.000000;0.000000;2.000000;267.047607;-1144.848389;1674.725830;4.063540;0.000000;0.000000;0.000000;0.000000;2.000000;278.788879;-1242.220947;1701.221802;3.846482;0.000000;0.000000;0.000000;0.000000;0.000000;315.509216;-1307.535156;1615.301514;5.131866;0.000000;0.000000;0.000000;0.000000;0.000000;257.966034;-1294.534180;1681.743164;5.533954;0.000000;0.000000;0.000000;0.000000;0.000000;-54.857513;-668.383911;1971.738525;0.163883;0.000000;0.000000;0.000000;0.000000;2.000000;-183.855499;-716.519409;1954.589355;0.549321;0.000000;0.000000;0.000000;0.000000;2.000000;-269.932800;-955.906738;1801.176514;1.384855;0.000000;0.000000;0.000000;0.000000;2.000000;-331.938904;-1158.219604;1672.216675;3.477715;0.000000;0.000000;0.000000;0.000000;2.000000;-342.160065;-1265.883911;1655.794189;4.816736;0.000000;0.000000;0.000000;0.000000;0.000000;-334.106415;-1314.956909;1555.376221;5.485182;0.000000;0.000000;0.000000;0.000000;0.000000;-302.229950;-1286.390991;1615.072632;5.007929;0.000000;0.000000;0.000000;0.000000;0.000000;96.049438;-154.732208;2002.613770;0.014586;0.000000;0.000000;0.000000;0.000000;2.000000;216.512573;247.256485;2050.500977;0.688100;0.000000;0.000000;0.000000;0.000000;2.000000;299.586884;597.111694;2233.914063;0.612746;0.000000;0.000000;0.000000;0.000000;2.000000;339.635590;779.047974;2167.870850;0.723208;0.000000;0.000000;0.000000;0.000000;2.000000;-86.612015;-145.732758;1997.643066;0.013155;0.000000;0.000000;0.000000;0.000000;2.000000;-209.311874;253.611053;2056.676025;0.696528;0.000000;0.000000;0.000000;0.000000;2.000000;-304.144440;617.222534;2215.358398;0.626890;0.000000;0.000000;0.000000;0.000000;2.000000;-352.839844;781.049561;2153.237305;0.430476;0.000000;0.000000;0.000000;0.000000;2.000000;-21.665054;-792.539185;1983.783813;0.175006;0.000000;0.000000;0.000000;0.000000;2.000000;-51.845100;-845.992310;1825.752197;0.534133;0.000000;0.000000;0.000000;0.000000;2.000000;-17.807373;-880.264526;1859.725098;0.361652;0.000000;0.000000;0.000000;0.000000;2.000000;63.715710;-859.859863;1963.777466;0.141792;0.000000;0.000000;0.000000;0.000000;2.000000;-72.571266;-877.097534;1865.532593;0.514036;0.000000;0.000000;0.000000;0.000000;2.000000;-107.892441;-861.607056;1998.276855;0.557859;0.000000;0.000000;0.000000;0.000000;2.000000;13366533120.000000
0.000000;-150.000000;2000.000000;0.000000;0.000000;0.000000;0.000000;0.000000;2.000000;-6.479853;-337.588379;1971.294678;0.208124;0.000000;0.000000;0.000000;0.000000;2.000000;-11.521969;-486.230774;1940.900513;0.234988;0.000000;0.000000;0.000000;0.000000;2.000000;-13.655767;-712.929749;1985.589233;0.313652;0.000000;0.000000;0.000000;0.000000;2.000000;22.467152;-675.557800;1981.119995;0.288787;0.000000;0.000000;0.000000;0.000000;2.000000;154.006302;-746.825256;2008.825073;0.650124;0.000000;0.000000;0.000000;0.000000;2.000000;275.993256;-926.742615;1810.695923;2.021845;0.000000;0.000000;0.000000;0.000000;2.000000;381.984985;-1076.970215;1645.966553;4.040815;0.000000;0.000000;0.000000;0.000000;2.000000;449.279297;-1153.741699;1654.983765;5.846621;0.000000;0.000000;0.000000;0.000000;0.000000;504.701569;-1226.677002;1585.449097;6.152383;0.000000;0.000000;0.000000;0.000000;0.000000;462.972351;-1195.322998;1597.363770;7.187478;0.000000;0.000000;0.000000;0.000000;0.000000;-49.063858;-674.953430;1977.485718;0.310026;0.000000;0.000000;0.000000;0.000000;2.000000;-181.506378;-720.232971;1976.776489;0.669333;0.000000;0.000000;0.000000;0.000000;2.000000;-317.556213;-919.111511;1798.596436;1.782591;0.000000;0.000000;0.000000;0.000000;2.000000;-434.347992;-1083.772217;1651.160034;3.798201;0.000000;0.000000;0.000000;0.000000;2.000000;-459.906738;-1176.466797;1705.304932;4.614107;0.000000;0.000000;0.000000;0.000000;0.000000;-434.548309;-1247.008301;1620.691162;4.076040;0.000000;0.000000;0.000000;0.000000;0.000000;-429.996857;-1227.899658;1655.340210;4.325725;0.000000;0.000000;0.000000;0.000000;0.000000;96.976349;-153.529175;2001.171997;0.061970;0.000000;0.000000;0.000000;0.000000;2.000000;210.112335;252.505524;2063.522217;0.456601;0.000000;0.000000;0.000000;0.000000;2.000000;285.202026;615.317566;2232.484619;0.687943;0.000000;0.000000;0.000000;0.000000;2.000000;318.827118;797.378784;2158.459473;0.866612;0.000000;0.000000;0.000000;0.000000;2.000000;-87.447838;-146.817566;1998.943237;0.055881;0.000000;0.000000;0.000000;0.000000;2.000000;-203.059525;256.733826;2069.236572;0.425366;0.000000;0.000000;0.000000;0.000000;2.000000;-288.429138;630.599854;2218.443359;0.617519;0.000000;0.000000;0.000000;0.000000;2.000000;-299.151703;796.487915;2140.854492;1.693291;0.000000;0.000000;0.000000;0.000000;2.000000;-13.760233;-799.832581;1988.191406;0.343973;0.000000;0.000000;0.000000;0.000000;2.000000;-24.031853;-847.952454;1824.395996;0.826089;0.000000;0.000000;0.000000;0.000000;2.000000;7.157021;-883.012512;1861.097168;0.744337;0.000000;0.000000;0.000000;0.000000;2.000000;76.120903;-864.648621;1975.604980;0.526645;0.000000;0.000000;0.000000;0.000000;2.000000;-48.466595;-881.467468;1860.616577;0.739405;0.000000;0.000000;0.000000;0.000000;2.000000;-99.719551;-872.239685;1989.977295;0.466715;0.000000;0.000000;0.000000;0.000000;2.000000;13366566912.000000
0.000000;-150.000000;2000.000000;0.000000;0.000000;0.000000;0.000000;0.000000;2.000000;-6.240047;-340.181183;1969.555908;0.095552;0.000000;0.000000;0.000000;0.000000;2.000000;-11.220678;-491.257355;1939.810425;0.157234;0.000000;0.000000;0.000000;0.000000;2.000000;-22.333031;-721.487427;1982.973267;0.380396;0.000000;0.000000;0.000000;0.000000;2.000000;15.537632;-684.541504;1981.026855;0.346255;0.000000;0.000000;0.000000;0.000000;2.000000;143.772430;-765.242432;2010.781250;0.645756;0.000000;0.000000;0.000000;0.000000;2.000000;341.655975;-872.887451;1814.948608;2.594902;0.000000;0.000000;0.000000;0.000000;2.000000;507.441223;-963.349365;1650.344849;5.167135;0.000000;0.000000;0.000000;0.000000;2.000000;587.068481;-1025.981079;1626.789185;5.798627;0.000000;0.000000;0.000000;0.000000;2.000000;647.338135;-1020.741333;1526.977905;7.850410;0.000000;0.000000;0.000000;0.000000;2.000000;615.774292;-1029.335083;1564.618774;6.957249;0.000000;0.000000;0.000000;0.000000;2.000000;-56.647469;-681.927368;1972.883911;0.344353;0.000000;0.000000;0.000000;0.000000;2.000000;-187.222183;-737.845581;1971.608276;0.586688;0.000000;0.000000;0.000000;0.000000;2.000000;-394.594604;-860.407593;1785.936401;2.980950;0.000000;0.000000;0.000000;0.000000;2.000000;-567.106689;-962.933472;1630.728149;5.513837;0.000000;0.000000;0.000000;0.000000;2.000000;-625.758850;-1052.630737;1598.231567;7.111774;0.000000;0.000000;0.000000;0.000000;2.000000;-677.635498;-1142.457642;1549.230347;8.364760;0.000000;0.000000;0.000000;0.000000;2.000000;-562.812378;-992.664063;1515.114258;9.288533;0.000000;0.000000;0.000000;0.000000;2.000000;98.437759;-153.162811;1999.581177;0.066865;0.000000;0.000000;0.000000;0.000000;2.000000;196.546143;264.053040;2056.956055;0.579433;0.000000;0.000000;0.000000;0.000000;2.000000;262.807495;634.927551;2226.792969;0.924870;0.000000;0.000000;0.000000;0.000000;2.000000;276.906921;816.265015;2138.109863;1.534430;0.000000;0.000000;0.000000;0.000000;2.000000;-88.765656;-147.147949;2000.377686;0.060294;0.000000;0.000000;0.000000;0.000000;2.000000;-195.729980;267.199371;2059.189453;0.496035;0.000000;0.000000;0.000000;0.000000;2.000000;-268.296295;645.774170;2219.845215;0.770565;0.000000;0.000000;0.000000;0.000000;2.000000;-268.203400;809.623413;2131.444824;1.065444;0.000000;0.000000;0.000000;0.000000;2.000000;-24.960014;-809.661987;1984.847656;0.466063;0.000000;0.000000;0.000000;0.000000;2.000000;-18.991335;-874.292603;1823.873047;0.818579;0.000000;0.000000;0.000000;0.000000;2.000000;11.996445;-903.797485;1866.585693;0.672467;0.000000;0.000000;0.000000;0.000000;2.000000;71.241806;-869.291016;1985.116699;0.355671;0.000000;0.000000;0.000000;0.000000;2.000000;-44.217552;-906.532104;1861.915894;0.776838;0.000000;0.000000;0.000000;0.000000;2.000000;-106.865692;-889.015869;1987.600830;0.561188;0.000000;0.000000;0.000000;0.000000;2.000000;13366599680.000000
0.000000;-150.000000;2000.000000;0.000000;0.000000;0.000000;0.000000;0.000000;2.000000;-5.462387;-347.086243;1975.368774;0.268095;0.000000;0.000000;0.000000;0.000000;2.000000;-9.853046;-504.277954;1952.924561;0.548375;0.000000;0.000000;0.000000;0.000000;2.000000;-22.110964;-738.728638;2010.782227;0.968298;0.000000;0.000000;0.000000;0.000000;2.000000;17.251293;-701.346313;2005.025269;0.868468;0.000000;0.000000;0.000000;0.000000;2.000000;172.104401;-734.373779;1988.371826;1.406127;0.000000;0.000000;0.000000;0.000000;2.000000;426.714294;-772.032715;1819.619507;3.906744;0.000000;0.000000;0.000000;0.000000;2.000000;615.594727;-810.324768;1647.620728;5.545878;0.000000;0.000000;0.000000;0.000000;2.000000;692.472229;-872.630676;1688.960938;5.805896;0.000000;0.000000;0.000000;0.000000;2.000000;718.462280;-834.401306;1577.851074;6.091327;0.000000;0.000000;0.000000;0.000000;2.000000;727.612671;-928.181824;1640.814819;4.999839;0.000000;0.000000;0.000000;0.000000;2.000000;-57.436798;-698.071960;1999.692261;0.926382;0.000000;0.000000;0.000000;0.000000;2.000000;-196.451233;-719.990906;1959.110107;0.700399;0.000000;0.000000;0.000000;0.000000;2.000000;-461.136292;-754.502319;1794.518433;3.710019;0.000000;0.000000;0.000000;0.000000;2.000000;-661.410217;-791.693665;1630.406128;5.785097;0.000000;0.000000;0.000000;0.000000;2.000000;-764.228577;-843.951477;1624.822998;7.452923;0.000000;0.000000;0.000000;0.000000;2.000000;-838.782166;-933.278625;1603.500488;7.977407;0.000000;0.000000;0.000000;0.000000;2.000000;-748.114807;-849.879211;1577.573975;7.165231;0.000000;0.000000;0.000000;0.000000;2.000000;101.509071;-152.659393;1998.767944;0.095194;0.000000;0.000000;0.000000;0.000000;2.000000;178.318207;283.738525;2048.271484;0.834495;0.000000;0.000000;0.000000;0.000000;2.000000;212.381256;670.316162;2224.239014;1.824627;0.000000;0.000000;0.000000;0.000000;2.000000;235.654999;846.048706;2114.199463;1.663657;0.000000;0.000000;0.000000;0.000000;2.000000;-91.535194;-147.601898;2001.111206;0.085842;0.000000;0.000000;0.000000;0.000000;2.000000;-178.715424;286.290222;2051.140869;0.793361;0.000000;0.000000;0.000000;0.000000;2.000000;-227.857697;678.292725;2222.390137;1.537463;0.000000;0.000000;0.000000;0.000000;2.000000;-209.933136;834.205994;2111.847412;1.959344;0.000000;0.000000;0.000000;0.000000;2.000000;-25.785923;-829.360291;2017.793335;1.136195;0.000000;0.000000;0.000000;0.000000;2.000000;-15.289108;-834.493958;1839.212158;1.266948;0.000000;0.000000;0.000000;0.000000;2.000000;14.583027;-879.216125;1870.732788;0.741672;0.000000;0.000000;0.000000;0.000000;2.000000;72.170937;-890.005188;1999.190918;0.741608;0.000000;0.000000;0.000000;0.000000;2.000000;-43.225964;-878.493591;1863.784058;0.832096;0.000000;0.000000;0.000000;0.000000;2.000000;-111.804649;-904.583313;1989.916016;0.488146;0.000000;0.000000;0.000000;0.000000;2.000000;13366633472.000000
0.000000;-150.000000;2000.000000;0.000000;0.000000;0.000000;0.000000;0.000000;2.000000;-3.175945;-345.312500;1982.695801;0.240411;0.000000;0.000000;0.000000;0.000000;2.000000;-5.827084;-500.606323;1961.359985;0.306463;0.000000;0.000000;0.000000;0.000000;2.000000;-9.327660;-732.278687;2018.505249;0.496471;0.000000;0.000000;0.000000;0.000000;2.000000;28.213028;-694.218201;2011.808716;0.449536;0.000000;0.000000;0.000000;0.000000;2.000000;183.186630;-701.795105;1986.977539;1.051033;0.000000;0.000000;0.000000;0.000000;2.000000;456.660645;-650.417480;1865.159912;4.067088;0.000000;0.000000;0.000000;0.000000;2.000000;655.717163;-624.721558;1707.956787;6.080492;0.000000;0.000000;0.000000;0.000000;2.000000;758.649414;-648.473633;1701.326904;7.142594;0.000000;0.000000;0.000000;0.000000;2.000000;784.810181;-587.601379;1602.750732;7.836082;0.000000;0.000000;0.000000;0.000000;2.000000;782.801147;-597.260620;1625.928467;10.248465;0.000000;0.000000;0.000000;0.000000;2.000000;-45.681335;-693.226929;2008.560669;0.473085;0.000000;0.000000;0.000000;0.000000;2.000000;-184.577667;-705.760437;1970.518677;0.664165;0.000000;0.000000;0.000000;0.000000;2.000000;-459.367035;-630.406067;1849.672119;4.144658;0.000000;0.000000;0.000000;0.000000;2.000000;-658.856812;-581.862854;1693.147461;6.684114;0.000000;0.000000;0.000000;0.000000;2.000000;-771.713623;-596.536865;1699.160034;7.887245;0.000000;0.000000;0.000000;0.000000;2.000000;-862.213135;-670.051819;1705.080811;8.640082;0.000000;0.000000;0.000000;0.000000;2.000000;-778.207031;-602.880310;1681.862061;8.233527;0.000000;0.000000;0.000000;0.000000;2.000000;100.202209;-151.481812;1998.334717;0.055289;0.000000;0.000000;0.000000;0.000000;2.000000;156.264160;281.842621;2050.574463;0.679165;0.000000;0.000000;0.000000;0.000000;2.000000;183.126648;672.250122;2204.595703;1.076986;0.000000;0.000000;0.000000;0.000000;2.000000;196.309921;851.442566;2103.994873;1.251318;0.000000;0.000000;0.000000;0.000000;2.000000;-90.356735;-148.663788;2001.501709;0.049856;0.000000;0.000000;0.000000;0.000000;2.000000;-147.548035;284.597748;2048.821289;0.955181;0.000000;0.000000;0.000000;0.000000;2.000000;-177.136169;677.883423;2207.104736;1.616707;0.000000;0.000000;0.000000;0.000000;2.000000;-177.457977;842.513794;2113.340332;1.023993;0.000000;0.000000;0.000000;0.000000;2.000000;-10.045582;-821.799438;2025.418213;0.581489;0.000000;0.000000;0.000000;0.000000;2.000000;-22.764662;-815.151611;1849.373047;0.704721;0.000000;0.000000;0.000000;0.000000;2.000000;9.765633;-861.510254;1873.412964;0.565925;0.000000;0.000000;0.000000;0.000000;2.000000;82.409607;-881.075439;1990.706665;0.488809;0.000000;0.000000;0.000000;0.000000;2.000000;-47.676788;-859.876587;1874.136719;0.664120;0.000000;0.000000;0.000000;0.000000;2.000000;-99.032211;-893.343018;2004.458740;0.683056;0.000000;0.000000;0.000000;0.000000;2.000000;13366666240.000000
0.000000;-150.000000;2000.000000;0.000000;0.000000;0.000000;0.000000;0.000000;2.000000;-5.025967;-342.636505;1987.207764;0.164610;0.000000;0.000000;0.000000;0.000000;2.000000;-9.046093;-495.574982;1966.435669;0.231957;0.000000;0.000000;0.000000;0.000000;2.000000;-14.074745;-724.880737;2017.694336;0.261226;0.000000;0.000000;0.000000;0.000000;2.000000;23.127850;-687.439087;2012.274536;0.251160;0.000000;0.000000;0.000000;0.000000;2.000000;177.068161;-684.039551;1996.858765;0.627991;0.000000;0.000000;0.000000;0.000000;2.000000;434.267181;-557.670044;1911.031250;3.132889;0.000000;0.000000;0.000000;0.000000;2.000000;635.986023;-462.688751;1795.592163;5.482574;0.000000;0.000000;0.000000;0.000000;2.000000;725.971985;-477.428802;1846.098145;6.701503;0.000000;0.000000;0.000000;0.000000;2.000000;749.445557;-408.057892;1754.891357;7.042421;0.000000;0.000000;0.000000;0.000000;2.000000;760.405762;-399.157928;1751.867676;6.978314;0.000000;0.000000;0.000000;0.000000;2.000000;-49.604897;-686.048950;2008.396118;0.242128;0.000000;0.000000;0.000000;0.000000;2.000000;-187.683197;-685.078369;1973.751343;0.626251;0.000000;0.000000;0.000000;0.000000;2.000000;-437.765076;-529.529419;1895.211060;3.337110;0.000000;0.000000;0.000000;0.000000;2.000000;-628.467834;-404.225433;1783.070190;5.960188;0.000000;0.000000;0.000000;0.000000;2.000000;-739.531616;-400.127167;1798.717407;6.585588;0.000000;0.000000;0.000000;0.000000;2.000000;-853.327942;-415.116974;1805.401489;8.111611;0.000000;0.000000;0.000000;0.000000;2.000000;-747.603271;-402.137726;1778.044189;6.649179;0.000000;0.000000;0.000000;0.000000;2.000000;98.671936;-152.555939;1999.722168;0.068898;0.000000;0.000000;0.000000;0.000000;2.000000;141.900253;275.934723;2048.036133;0.465716;0.000000;0.000000;0.000000;0.000000;2.000000;165.556274;660.516846;2199.923828;0.640337;0.000000;0.000000;0.000000;0.000000;2.000000;158.642792;841.749878;2109.186035;1.161196;0.000000;0.000000;0.000000;0.000000;2.000000;-88.976822;-147.695190;2000.250610;0.062128;0.000000;0.000000;0.000000;0.000000;2.000000;-124.598419;280.656738;2051.717041;0.694392;0.000000;0.000000;0.000000;0.000000;2.000000;-141.115707;667.727356;2210.033936;1.110893;0.000000;0.000000;0.000000;0.000000;2.000000;-137.730072;832.915283;2123.345215;1.245198;0.000000;0.000000;0.000000;0.000000;2.000000;-15.247211;-813.165405;2022.573242;0.309945;0.000000;0.000000;0.000000;0.000000;2.000000;-17.321873;-819.194092;1848.742432;0.201499;0.000000;0.000000;0.000000;0.000000;2.000000;10.948124;-864.344849;1877.611572;0.153944;0.000000;0.000000;0.000000;0.000000;2.000000;74.589767;-878.069458;1998.417114;0.336938;0.000000;0.000000;0.000000;0.000000;2.000000;-45.415432;-860.097778;1874.710815;0.069352;0.000000;0.000000;0.000000;0.000000;2.000000;-104.963760;-880.895996;2001.744995;0.415856;0.000000;0.000000;0.000000;0.000000;2.000000;13366700032.000000
0.000000;-150.000000;2000.000000;0.000000;0.000000;0.000000;0.000000;0.000000;2.000000;-2.352306;-343.261841;1983.616577;0.133778;0.000000;0.000000;0.000000;0.000000;2.000000;-4.328857;-497.135010;1964.498291;0.157814;0.000000;0.000000;0.000000;0.000000;2.000000;-15.389233;-725.969910;2021.326172;0.118757;0.000000;0.000000;0.000000;0.000000;2.000000;22.945316;-689.492065;2015.021851;0.101636;0.000000;0.000000;0.000000;0.000000;2.000000;178.252731;-695.400696;2014.001099;0.609596;0.000000;0.000000;0.000000;0.000000;2.000000;387.472961;-489.139404;1951.127441;2.727335;0.000000;0.000000;0.000000;0.000000;2.000000;561.084961;-319.789429;1882.068481;5.417062;0.000000;0.000000;0.000000;0.000000;2.000000;653.580261;-270.894104;1878.256836;6.546054;0.000000;0.000000;0.000000;0.000000;2.000000;747.968018;-205.341217;1902.659424;7.423704;0.000000;0.000000;0.000000;0.000000;2.000000;663.410156;-230.345520;1867.956177;6.707998;0.000000;0.000000;0.000000;0.000000;2.000000;-50.044407;-686.276489;2011.069214;0.080449;0.000000;0.000000;0.000000;0.000000;2.000000;-189.527298;-672.281494;1982.912231;0.468915;0.000000;0.000000;0.000000;0.000000;2.000000;-398.804077;-452.453735;1942.951538;2.920223;0.000000;0.000000;0.000000;0.000000;2.000000;-564.180298;-272.351929;1869.304688;5.035987;0.000000;0.000000;0.000000;0.000000;2.000000;-657.566711;-211.802185;1887.184814;6.617881;0.000000;0.000000;0.000000;0.000000;2.000000;-731.145386;-126.909302;1913.905884;9.804353;0.000000;0.000000;0.000000;0.000000;2.000000;-669.371948;-211.071716;1858.181519;6.553878;0.000000;0.000000;0.000000;0.000000;2.000000;99.116165;-151.062988;1998.308350;0.062251;0.000000;0.000000;0.000000;0.000000;2.000000;131.515564;280.272827;2046.785645;0.335098;0.000000;0.000000;0.000000;0.000000;2.000000;136.817749;667.430420;2198.820557;0.875326;0.000000;0.000000;0.000000;0.000000;2.000000;130.259033;850.264465;2109.293701;0.876940;0.000000;0.000000;0.000000;0.000000;2.000000;-89.377403;-149.041443;2001.525391;0.056132;0.000000;0.000000;0.000000;0.000000;2.000000;-115.824913;282.258667;2049.729248;0.270401;0.000000;0.000000;0.000000;0.000000;2.000000;-105.370293;669.596924;2212.680664;1.062145;0.000000;0.000000;0.000000;0.000000;2.000000;-107.240005;842.208252;2139.743164;1.060767;0.000000;0.000000;0.000000;0.000000;2.000000;-18.884708;-814.440552;2028.288574;0.204002;0.000000;0.000000;0.000000;0.000000;2.000000;-14.826103;-813.024048;1853.634399;0.244440;0.000000;0.000000;0.000000;0.000000;2.000000;12.286366;-859.758667;1881.636475;0.184863;0.000000;0.000000;0.000000;0.000000;2.000000;71.802933;-879.140625;2004.435181;0.198803;0.000000;0.000000;0.000000;0.000000;2.000000;-44.161713;-854.990723;1876.923706;0.168837;0.000000;0.000000;0.000000;0.000000;2.000000;-108.552216;-880.902344;2001.321045;0.106931;0.000000;0.000000;0.000000;0.000000;2.000000;13366733824.000000
0.000000;-150.000000;2000.000000;0.000000;0.000000;0.000000;0.000000;0.000000;2.000000;-1.437462;-342.992096;1978.964844;0.144913;0.000000;0.000000;0.000000;0.000000;2.000000;-2.459991;-497.703766;1966.631958;0.088283;0.000000;0.000000;0.000000;0.000000;2.000000;-9.957985;-727.402344;2021.384766;0.171426;0.000000;0.000000;0.000000;0.000000;2.000000;27.912933;-690.543701;2014.162720;0.157162;0.000000;0.000000;0.000000;0.000000;2.000000;182.252975;-674.042114;2003.874390;0.731621;0.000000;0.000000;0.000000;0.000000;2.000000;344.294434;-421.143707;1989.238281;2.719360;0.000000;0.000000;0.000000;0.000000;2.000000;476.110413;-208.370087;1956.774658;4.846049;0.000000;0.000000;0.000000;0.000000;2.000000;515.812073;-111.630371;1963.498901;6.933015;0.000000;0.000000;0.000000;0.000000;2.000000;608.920288;-39.905029;1959.974609;6.823149;0.000000;0.000000;0.000000;0.000000;2.000000;576.681580;-136.689423;1900.235474;4.018050;0.000000;0.000000;0.000000;0.000000;2.000000;-45.254707;-687.827148;2012.736938;0.161850;0.000000;0.000000;0.000000;0.000000;2.000000;-181.291595;-652.641113;1985.604614;0.655112;0.000000;0.000000;0.000000;0.000000;2.000000;-322.066101;-380.504791;1988.381958;3.496799;0.000000;0.000000;0.000000;0.000000;2.000000;-429.006470;-155.610687;1930.837769;5.765060;0.000000;0.000000;0.000000;0.000000;2.000000;-504.120422;-109.049530;2000.976074;6.619735;0.000000;0.000000;0.000000;0.000000;2.000000;-592.985352;-47.929047;2042.515137;6.244288;0.000000;0.000000;0.000000;0.000000;2.000000;-496.592773;-59.335754;1950.211548;7.558630;0.000000;0.000000;0.000000;0.000000;2.000000;99.182144;-150.428955;1997.158081;0.040133;0.000000;0.000000;0.000000;0.000000;2.000000;117.930420;283.524658;2030.590332;0.652690;0.000000;0.000000;0.000000;0.000000;2.000000;115.429489;664.911133;2197.555664;0.658363;0.000000;0.000000;0.000000;0.000000;2.000000;126.533630;852.488525;2118.491943;0.310369;0.000000;0.000000;0.000000;0.000000;2.000000;-89.436890;-149.613159;2002.562744;0.036193;0.000000;0.000000;0.000000;0.000000;2.000000;-115.398422;283.822815;2031.475098;0.559265;0.000000;0.000000;0.000000;0.000000;2.000000;-95.640175;665.911255;2206.470703;0.369783;0.000000;0.000000;0.000000;0.000000;2.000000;-78.260658;842.864014;2146.756592;0.910131;0.000000;0.000000;0.000000;0.000000;2.000000;-12.589771;-816.043213;2027.514526;0.199637;0.000000;0.000000;0.000000;0.000000;2.000000;-9.387814;-806.624512;1852.936646;0.257175;0.000000;0.000000;0.000000;0.000000;2.000000;16.041588;-855.677734;1878.568604;0.193414;0.000000;0.000000;0.000000;0.000000;2.000000;75.445969;-883.095215;2000.019653;0.212327;0.000000;0.000000;0.000000;0.000000;2.000000;-40.249878;-848.497192;1874.476318;0.243105;0.000000;0.000000;0.000000;0.000000;2.000000;-105.012680;-877.690918;1998.095093;0.175969;0.000000;0.000000;0.000000;0.000000;2.000000;13366766592.000000
0.000000;-150.000000;2000.000000;0.000000;0.000000;0.000000;0.000000;0.000000;2.000000;1.809349;-332.473755;1981.494019;0.334247;0.000000;0.000000;0.000000;0.000000;2.000000;3.017838;-478.802856;1972.114746;0.604528;0.000000;0.000000;0.000000;0.000000;2.000000;-8.177536;-700.920349;1991.068726;1.192384;0.000000;0.000000;0.000000;0.000000;2.000000;28.183914;-666.033997;1990.671387;1.004693;0.000000;0.000000;0.000000;0.000000;2.000000;172.485397;-638.341675;1987.482300;1.197916;0.000000;0.000000;0.000000;0.000000;2.000000;285.786133;-382.029724;2034.215698;2.471680;0.000000;0.000000;0.000000;0.000000;2.000000;352.080505;-155.443787;2000.689209;4.196871;0.000000;0.000000;0.000000;0.000000;2.000000;378.537048;-61.765320;2018.720337;4.620683;0.000000;0.000000;0.000000;0.000000;2.000000;407.918457;44.320671;2033.673950;6.808100;0.000000;0.000000;0.000000;0.000000;2.000000;367.881226;-29.462021;2039.971802;8.083849;0.000000;0.000000;0.000000;0.000000;2.000000;-40.818977;-662.222351;1987.355835;1.074949;0.000000;0.000000;0.000000;0.000000;2.000000;-167.149231;-616.281006;1972.841797;1.214731;0.000000;0.000000;0.000000;0.000000;2.000000;-258.408234;-348.251221;2033.106079;2.492280;0.000000;0.000000;0.000000;0.000000;2.000000;-310.029572;-112.407623;2037.781250;4.903744;0.000000;0.000000;0.000000;0.000000;2.000000;-306.888672;-37.356384;1962.152710;6.315656;0.000000;0.000000;0.000000;0.000000;2.000000;-325.771881;21.563492;1872.178467;9.600428;0.000000;0.000000;0.000000;0.000000;2.000000;-310.593018;1.028671;2019.485352;6.139250;0.000000;0.000000;0.000000;0.000000;2.000000;93.650360;-149.493073;2004.158081;0.265473;0.000000;0.000000;0.000000;0.000000;2.000000;111.454559;261.548309;2015.535400;0.811268;0.000000;0.000000;0.000000;0.000000;2.000000;101.682816;613.915527;2190.074707;1.578572;0.000000;0.000000;0.000000;0.000000;2.000000;106.037231;799.917786;2140.273438;1.789868;0.000000;0.000000;0.000000;0.000000;2.000000;-84.448647;-150.457092;1996.250488;0.239390;0.000000;0.000000;0.000000;0.000000;2.000000;-86.986702;260.273590;2014.439941;1.202789;0.000000;0.000000;0.000000;0.000000;2.000000;-58.039150;607.687256;2205.385742;2.051327;0.000000;0.000000;0.000000;0.000000;2.000000;-49.916168;781.210815;2170.382813;2.126305;0.000000;0.000000;0.000000;0.000000;2.000000;-11.739468;-784.560303;1984.383301;1.580433;0.000000;0.000000;0.000000;0.000000;2.000000;-33.188515;-831.398315;1827.416504;1.266452;0.000000;0.000000;0.000000;0.000000;2.000000;-1.930229;-866.042542;1861.093140;0.802727;0.000000;0.000000;0.000000;0.000000;2.000000;72.133377;-849.929382;1967.120972;1.385900;0.000000;0.000000;0.000000;0.000000;2.000000;-55.507599;-862.858582;1864.041870;0.692702;0.000000;0.000000;0.000000;0.000000;2.000000;-96.634102;-851.841064;1991.838623;0.825188;0.000000;0.000000;0.000000;0.000000;2.000000;13366800384.000000
0.000000;-150.000000;2000.000000;0.000000;0.000000;0.000000;0.000000;0.000000;2.000000;0.321495;-332.948151;1975.598267;0.186129;0.000000;0.000000;0.000000;0.000000;2.000000;0.603714;-479.278595;1956.640503;0.478169;0.000000;0.000000;0.000000;0.000000;2.000000;-9.370682;-701.036011;1990.868652;0.037089;0.000000;0.000000;0.000000;0.000000;2.000000;27.078133;-665.992432;1987.028320;0.116193;0.000000;0.000000;0.000000;0.000000;2.000000;172.411072;-643.808838;1970.969849;0.530827;0.000000;0.000000;0.000000;0.000000;2.000000;228.285294;-375.166168;2051.228027;1.841926;0.000000;0.000000;0.000000;0.000000;2.000000;255.290146;-136.752350;2053.439453;3.412014;0.000000;0.000000;0.000000;0.000000;2.000000;266.961853;-43.959641;2019.127930;3.448113;0.000000;0.000000;0.000000;0.000000;2.000000;265.690613;67.108368;2006.533447;4.473157;0.000000;0.000000;0.000000;0.000000;2.000000;235.757126;-21.217804;2001.764648;4.204845;0.000000;0.000000;0.000000;0.000000;2.000000;-42.438206;-662.469116;1985.546143;0.074489;0.000000;0.000000;0.000000;0.000000;2.000000;-171.553635;-627.038086;1961.372070;0.498351;0.000000;0.000000;0.000000;0.000000;2.000000;-205.396881;-346.369141;2031.610962;1.619440;0.000000;0.000000;0.000000;0.000000;2.000000;-233.846405;-112.417847;2090.768555;2.831980;0.000000;0.000000;0.000000;0.000000;2.000000;-207.069672;-33.798798;2022.892212;3.567527;0.000000;0.000000;0.000000;0.000000;2.000000;-187.309662;54.430695;1960.453857;5.110631;0.000000;0.000000;0.000000;0.000000;2.000000;-201.605408;-30.053177;2000.296143;3.507877;0.000000;0.000000;0.000000;0.000000;2.000000;94.234467;-149.271545;1995.780029;0.256388;0.000000;0.000000;0.000000;0.000000;2.000000;112.931442;264.470367;1995.274902;0.626323;0.000000;0.000000;0.000000;0.000000;2.000000;95.993561;608.311523;2190.606934;0.244247;0.000000;0.000000;0.000000;0.000000;2.000000;102.834244;796.378052;2144.273438;0.190066;0.000000;0.000000;0.000000;0.000000;2.000000;-84.975357;-150.656921;2003.805298;0.231195;0.000000;0.000000;0.000000;0.000000;2.000000;-100.979935;262.747192;2001.776733;0.580866;0.000000;0.000000;0.000000;0.000000;2.000000;-61.895920;605.674683;2203.902832;0.140262;0.000000;0.000000;0.000000;0.000000;2.000000;-56.230492;781.374023;2173.999023;0.222117;0.000000;0.000000;0.000000;0.000000;2.000000;-12.887794;-785.465576;1989.865479;0.173152;0.000000;0.000000;0.000000;0.000000;2.000000;-19.462303;-813.922119;1826.211182;0.679165;0.000000;0.000000;0.000000;0.000000;2.000000;7.047211;-853.709961;1858.879761;0.470393;0.000000;0.000000;0.000000;0.000000;2.000000;70.529633;-852.770630;1973.639160;0.222447;0.000000;0.000000;0.000000;0.000000;2.000000;-46.736912;-848.362305;1856.786743;0.562471;0.000000;0.000000;0.000000;0.000000;2.000000;-100.929504;-849.560425;1981.023315;0.361891;0.000000;0.000000;0.000000;0.000000;2.000000;13366833152.000000
0.000000;-150.000000;2000.000000;0.000000;0.000000;0.000000;0.000000;0.000000;2.000000;-1.149811;-334.193817;1971.559814;0.132427;0.000000;0.000000;0.000000;0.000000;2.000000;-2.189087;-480.859772;1945.300293;0.348769;0.000000;0.000000;0.000000;0.000000;2.000000;-15.231995;-705.501099;1973.736938;0.551878;0.000000;0.000000;0.000000;0.000000;2.000000;22.060669;-670.586182;1970.239014;0.536078;0.000000;0.000000;0.000000;0.000000;2.000000;168.252594;-647.375977;1950.433350;0.628988;0.000000;0.000000;0.000000;0.000000;2.000000;226.594635;-385.857483;2057.898193;0.376252;0.000000;0.000000;0.000000;0.000000;2.000000;249.094543;-144.616486;2055.148438;0.300554;0.000000;0.000000;0.000000;0.000000;2.000000;265.533020;-48.784470;2029.346313;0.337067;0.000000;0.000000;0.000000;0.000000;2.000000;265.215149;63.972954;2024.007690;0.525559;0.000000;0.000000;0.000000;0.000000;2.000000;233.565155;-28.442719;2003.098022;0.226886;0.000000;0.000000;0.000000;0.000000;2.000000;-48.088066;-665.912231;1970.013916;0.499607;0.000000;0.000000;0.000000;0.000000;2.000000;-176.117844;-620.312744;1949.896118;0.416155;0.000000;0.000000;0.000000;0.000000;2.000000;-215.748779;-344.356018;2043.731079;0.475434;0.000000;0.000000;0.000000;0.000000;2.000000;-235.925140;-103.814606;2087.771973;0.276525;0.000000;0.000000;0.000000;0.000000;2.000000;-225.829803;3.052826;2073.296631;1.929349;0.000000;0.000000;0.000000;0.000000;2.000000;-185.207916;72.487930;1996.875244;1.204612;0.000000;0.000000;0.000000;0.000000;2.000000;-198.871384;8.841202;2047.243530;1.805962;0.000000;0.000000;0.000000;0.000000;2.000000;95.201698;-150.090988;1996.740479;0.047065;0.000000;0.000000;0.000000;0.000000;2.000000;131.327118;265.864746;1972.419434;0.869201;0.000000;0.000000;0.000000;0.000000;2.000000;105.514442;592.570129;2201.233398;0.628706;0.000000;0.000000;0.000000;0.000000;2.000000;112.137596;778.670166;2141.013672;0.599755;0.000000;0.000000;0.000000;0.000000;2.000000;-85.847557;-149.917938;2002.939209;0.042442;0.000000;0.000000;0.000000;0.000000;2.000000;-103.237259;267.421204;2011.007690;0.313394;0.000000;0.000000;0.000000;0.000000;2.000000;-65.487457;603.869568;2231.268555;0.818518;0.000000;0.000000;0.000000;0.000000;2.000000;-58.137844;772.034302;2167.312500;0.344573;0.000000;0.000000;0.000000;0.000000;2.000000;-20.144932;-790.632080;1970.393921;0.633660;0.000000;0.000000;0.000000;0.000000;2.000000;-22.980640;-841.963501;1810.588135;0.955613;0.000000;0.000000;0.000000;0.000000;2.000000;5.336571;-875.802979;1848.957764;0.718486;0.000000;0.000000;0.000000;0.000000;2.000000;67.671318;-855.684204;1964.064331;0.308016;0.000000;0.000000;0.000000;0.000000;2.000000;-49.145004;-873.598755;1845.745605;0.818274;0.000000;0.000000;0.000000;0.000000;2.000000;-105.498337;-860.543335;1969.799194;0.483984;0.000000;0.000000;0.000000;0.000000;2.000000;13366866944.000000
0.000000;-150.000000;2000.000000;0.000000;0.000000;0.000000;0.000000;0.000000;2.000000;-2.180534;-335.389771;1969.670532;0.075138;0.000000;0.000000;0.000000;0.000000;2.000000;-3.928871;-483.562378;1945.195923;0.098141;0.000000;0.000000;0.000000;0.000000;2.000000;-16.369560;-709.415894;1978.392212;0.188843;0.000000;0.000000;0.000000;0.000000;2.000000;21.069763;-674.034119;1975.157471;0.185785;0.000000;0.000000;0.000000;0.000000;2.000000;168.991791;-649.430481;1961.964111;0.358144;0.000000;0.000000;0.000000;0.000000;2.000000;235.522675;-382.605316;2057.134766;0.290910;0.000000;0.000000;0.000000;0.000000;2.000000;278.522644;-143.653351;2083.676758;1.251148;0.000000;0.000000;0.000000;0.000000;2.000000;326.078461;-56.374817;2103.745605;2.936454;0.000000;0.000000;0.000000;0.000000;2.000000;357.979370;43.215424;2148.590576;4.782308;0.000000;0.000000;0.000000;0.000000;2.000000;316.039734;-19.161514;2105.970703;4.033748;0.000000;0.000000;0.000000;0.000000;2.000000;-49.633957;-669.843018;1972.846680;0.155206;0.000000;0.000000;0.000000;0.000000;2.000000;-179.850952;-630.725220;1946.552856;0.352651;0.000000;0.000000;0.000000;0.000000;2.000000;-249.483948;-355.135773;2030.906494;1.149478;0.000000;0.000000;0.000000;0.000000;2.000000;-303.090363;-121.085953;2090.222168;2.117724;0.000000;0.000000;0.000000;0.000000;2.000000;-335.224854;-18.090492;2106.936279;3.551851;0.000000;0.000000;0.000000;0.000000;2.000000;-333.342987;68.573250;2036.263184;4.679325;0.000000;0.000000;0.000000;0.000000;2.000000;-305.518341;2.698257;2072.171387;3.347586;0.000000;0.000000;0.000000;0.000000;2.000000;95.987419;-150.755966;1997.719971;0.043362;0.000000;0.000000;0.000000;0.000000;2.000000;132.753601;269.138977;1990.356689;0.558147;0.000000;0.000000;0.000000;0.000000;2.000000;101.418114;596.511475;2223.086426;0.689095;0.000000;0.000000;0.000000;0.000000;2.000000;108.956520;774.004456;2137.316162;0.205987;0.000000;0.000000;0.000000;0.000000;2.000000;-86.556068;-149.318298;2002.056030;0.039100;0.000000;0.000000;0.000000;0.000000;2.000000;-97.439156;270.617004;2031.572998;0.659323;0.000000;0.000000;0.000000;0.000000;2.000000;-70.798569;614.205200;2248.340332;0.630230;0.000000;0.000000;0.000000;0.000000;2.000000;-55.595520;779.827759;2175.668457;0.357230;0.000000;0.000000;0.000000;0.000000;2.000000;-20.652985;-795.312439;1976.750000;0.241385;0.000000;0.000000;0.000000;0.000000;2.000000;-22.579399;-839.610229;1813.451904;0.113778;0.000000;0.000000;0.000000;0.000000;2.000000;4.515167;-876.185486;1850.896729;0.065315;0.000000;0.000000;0.000000;0.000000;2.000000;66.206535;-862.865112;1968.530151;0.261909;0.000000;0.000000;0.000000;0.000000;2.000000;-50.273205;-872.355225;1847.052979;0.064942;0.000000;0.000000;0.000000;0.000000;2.000000;-108.477310;-863.361877;1971.820435;0.139529;0.000000;0.000000;0.000000;0.000000;2.000000;13366899712.000000
0.000000;-150.000000;2000.000000;0.000000;0.000000;0.000000;0.000000;0.000000;2.000000;-6.988182;-338.575592;1986.041748;0.513654;0.000000;0.000000;0.000000;0.000000;2.000000;-12.370255;-488.649353;1967.812744;0.730082;0.000000;0.000000;0.000000;0.000000;2.000000;-27.714340;-715.639404;2003.344971;0.831803;0.000000;0.000000;0.000000;0.000000;2.000000;10.349762;-680.313782;2000.939209;0.846918;0.000000;0.000000;0.000000;0.000000;2.000000;157.543854;-649.766785;1981.220337;0.663018;0.000000;0.000000;0.000000;0.000000;2.000000;269.481750;-396.690430;2077.793701;1.247961;0.000000;0.000000;0.000000;0.000000;2.000000;349.373535;-165.264954;2101.747559;2.256335;0.000000;0.000000;0.000000;0.000000;2.000000;407.340881;-94.349960;2146.929443;2.946013;0.000000;0.000000;0.000000;0.000000;2.000000;472.210266;-5.060730;2177.809814;3.770389;0.000000;0.000000;0.000000;0.000000;0.000000;378.883301;-49.904343;2149.803711;2.443113;0.000000;0.000000;0.000000;0.000000;2.000000;-60.713955;-675.607910;1996.211548;0.784024;0.000000;0.000000;0.000000;0.000000;2.000000;-186.232529;-628.115967;1958.198486;0.400492;0.000000;0.000000;0.000000;0.000000;2.000000;-295.833435;-363.227448;2041.906250;1.429900;0.000000;0.000000;0.000000;0.000000;2.000000;-370.506042;-128.073807;2076.297852;2.047598;0.000000;0.000000;0.000000;0.000000;2.000000;-426.341125;-87.484604;2161.897949;3.759393;0.000000;0.000000;0.000000;0.000000;2.000000;-432.920349;23.877754;2146.250000;4.585495;0.000000;0.000000;0.000000;0.000000;2.000000;-351.599915;-15.700058;2107.026367;1.794427;0.000000;0.000000;0.000000;0.000000;2.000000;96.605530;-153.760071;2002.432861;0.166400;0.000000;0.000000;0.000000;0.000000;2.000000;121.628723;268.376373;2040.675537;1.525201;0.000000;0.000000;0.000000;0.000000;2.000000;108.128311;616.853760;2248.151855;0.975715;0.000000;0.000000;0.000000;0.000000;2.000000;99.204910;789.199463;2149.677246;0.647520;0.000000;0.000000;0.000000;0.000000;2.000000;-87.113464;-146.609375;1997.806152;0.150052;0.000000;0.000000;0.000000;0.000000;2.000000;-90.537941;271.787476;2067.321289;1.077981;0.000000;0.000000;0.000000;0.000000;2.000000;-66.489456;626.644714;2271.394287;0.785629;0.000000;0.000000;0.000000;0.000000;2.000000;-49.893574;786.083191;2183.510742;0.341466;0.000000;0.000000;0.000000;0.000000;2.000000;-32.625076;-802.134888;2002.512085;0.864577;0.000000;0.000000;0.000000;0.000000;2.000000;-24.941895;-836.965027;1835.856201;0.671262;0.000000;0.000000;0.000000;0.000000;2.000000;3.207413;-874.137573;1872.599121;0.646248;0.000000;0.000000;0.000000;0.000000;2.000000;59.477707;-863.785645;1994.275391;0.787937;0.000000;0.000000;0.000000;0.000000;2.000000;-51.909054;-873.620972;1866.519775;0.579320;0.000000;0.000000;0.000000;0.000000;2.000000;-116.027512;-875.817383;1989.787109;0.684449;0.000000;0.000000;0.000000;0.000000;2.000000;13366933504.000000
0.000000;-150.000000;2000.000000;0.000000;0.000000;0.000000;0.000000;0.000000;2.000000;-6.035423;-340.023315;1981.337524;0.152994;0.000000;0.000000;0.000000;0.000000;2.000000;-10.665802;-491.525970;1962.646118;0.187811;0.000000;0.000000;0.000000;0.000000;2.000000;-30.740616;-721.552979;1989.619629;0.465344;0.000000;0.000000;0.000000;0.000000;2.000000;8.292664;-686.467651;1989.576416;0.399320;0.000000;0.000000;0.000000;0.000000;2.000000;159.729584;-664.701294;1984.719116;0.472834;0.000000;0.000000;0.000000;0.000000;2.000000;322.581940;-440.358490;2088.193359;2.121945;0.000000;0.000000;0.000000;0.000000;2.000000;445.058380;-224.359406;2083.413086;3.477384;0.000000;0.000000;0.000000;0.000000;2.000000;537.158813;-185.534882;2108.740723;4.979676;0.000000;0.000000;0.000000;0.000000;2.000000;627.595581;-141.933990;2166.249023;6.329182;0.000000;0.000000;0.000000;0.000000;0.000000;539.527344;-137.749664;2111.949707;5.705745;0.000000;0.000000;0.000000;0.000000;2.000000;-63.203999;-680.355347;1982.983154;0.435588;0.000000;0.000000;0.000000;0.000000;2.000000;-191.299561;-624.933472;1964.280273;0.260369;0.000000;0.000000;0.000000;0.000000;2.000000;-354.227417;-373.989929;2001.478882;2.192186;0.000000;0.000000;0.000000;0.000000;2.000000;-490.373627;-164.888489;2032.962524;4.048788;0.000000;0.000000;0.000000;0.000000;2.000000;-581.884705;-130.299438;2085.445801;5.448208;0.000000;0.000000;0.000000;0.000000;2.000000;-496.877838;-121.300156;2010.433838;6.373223;0.000000;0.000000;0.000000;0.000000;2.000000;-515.531067;-81.851166;2093.748047;5.409942;0.000000;0.000000;0.000000;0.000000;2.000000;97.460472;-153.551361;2004.641724;0.072562;0.000000;0.000000;0.000000;0.000000;2.000000;121.864601;269.382019;2070.137939;0.899674;0.000000;0.000000;0.000000;0.000000;2.000000;111.213219;634.543823;2255.550781;0.592701;0.000000;0.000000;0.000000;0.000000;2.000000;105.732796;796.423096;2137.208496;0.482780;0.000000;0.000000;0.000000;0.000000;2.000000;-87.884399;-146.797607;1995.814331;0.065432;0.000000;0.000000;0.000000;0.000000;2.000000;-92.802536;273.825073;2075.908203;0.278054;0.000000;0.000000;0.000000;0.000000;2.000000;-74.577774;638.915894;2270.229736;0.449924;0.000000;0.000000;0.000000;0.000000;2.000000;-64.707443;788.661987;2162.798096;0.781104;0.000000;0.000000;0.000000;0.000000;2.000000;-37.032463;-808.694214;1985.429443;0.574401;0.000000;0.000000;0.000000;0.000000;2.000000;-10.166771;-873.122437;1828.163208;1.214908;0.000000;0.000000;0.000000;0.000000;2.000000;10.318825;-904.984375;1874.609131;0.968008;0.000000;0.000000;0.000000;0.000000;2.000000;51.336418;-876.115723;2000.746948;0.492263;0.000000;0.000000;0.000000;0.000000;2.000000;-43.863903;-902.692261;1860.708984;0.937456;0.000000;0.000000;0.000000;0.000000;2.000000;-124.173630;-879.764893;1973.435303;0.570380;0.000000;0.000000;0.000000;0.000000;2.000000;13366966272.000000
0.000000;-150.000000;2000.000000;0.000000;0.000000;0.000000;0.000000;0.000000;2.000000;-7.285286;-342.164856;1983.927124;0.106099;0.000000;0.000000;0.000000;0.000000;2.000000;-12.342560;-494.907471;1962.850342;0.111858;0.000000;0.000000;0.000000;0.000000;2.000000;-38.507072;-723.499817;2009.834473;0.643429;0.000000;0.000000;0.000000;0.000000;2.000000;1.537758;-688.770447;2008.780396;0.606273;0.000000;0.000000;0.000000;0.000000;2.000000;154.540405;-666.432251;2008.395142;0.719098;0.000000;0.000000;0.000000;0.000000;2.000000;367.362183;-472.729980;2089.214600;1.635448;0.000000;0.000000;0.000000;0.000000;2.000000;547.378906;-299.342102;2067.556885;3.783173;0.000000;0.000000;0.000000;0.000000;2.000000;637.243774;-254.060913;2094.433105;3.614386;0.000000;0.000000;0.000000;0.000000;0.000000;723.252563;-200.533966;2152.723145;3.343746;0.000000;0.000000;0.000000;0.000000;0.000000;629.739197;-199.570557;2082.556641;3.351175;0.000000;0.000000;0.000000;0.000000;0.000000;-70.087181;-682.211487;1997.578125;0.480677;0.000000;0.000000;0.000000;0.000000;2.000000;-193.091385;-621.662415;1959.650024;0.175946;0.000000;0.000000;0.000000;0.000000;2.000000;-402.002930;-400.605347;1975.390503;1.793110;0.000000;0.000000;0.000000;0.000000;2.000000;-573.753174;-213.551208;1982.776733;3.219885;0.000000;0.000000;0.000000;0.000000;2.000000;-661.112244;-190.233368;2049.120605;3.130213;0.000000;0.000000;0.000000;0.000000;2.000000;-624.871277;-186.087646;1940.182739;4.726977;0.000000;0.000000;0.000000;0.000000;2.000000;-666.044617;-129.982239;1993.842407;5.532514;0.000000;0.000000;0.000000;0.000000;2.000000;98.144722;-154.446136;2008.671631;0.123827;0.000000;0.000000;0.000000;0.000000;2.000000;118.640099;265.604675;2111.858398;1.243342;0.000000;0.000000;0.000000;0.000000;2.000000;131.022552;658.379883;2241.611816;1.005660;0.000000;0.000000;0.000000;0.000000;2.000000;130.211304;828.578674;2131.642578;1.207212;0.000000;0.000000;0.000000;0.000000;2.000000;-88.501419;-145.990723;1992.180298;0.111663;0.000000;0.000000;0.000000;0.000000;2.000000;-102.467560;280.692139;2061.847412;0.544279;0.000000;0.000000;0.000000;0.000000;2.000000;-91.194649;659.145569;2239.413574;1.196587;0.000000;0.000000;0.000000;0.000000;2.000000;-74.497780;822.810364;2151.701416;1.101353;0.000000;0.000000;0.000000;0.000000;2.000000;-46.306492;-811.446289;2013.234985;0.871220;0.000000;0.000000;0.000000;0.000000;2.000000;-23.359085;-822.751160;1841.317627;1.589313;0.000000;0.000000;0.000000;0.000000;2.000000;-0.304306;-867.292969;1875.228027;1.158994;0.000000;0.000000;0.000000;0.000000;2.000000;44.950874;-878.058716;2004.219849;0.222658;0.000000;0.000000;0.000000;0.000000;2.000000;-55.538059;-862.477051;1864.080078;1.243219;0.000000;0.000000;0.000000;0.000000;2.000000;-133.080597;-878.667725;1981.593628;0.358911;0.000000;0.000000;0.000000;0.000000;2.000000;13367000064.000000
0.000000;-150.000000;2000.000000;0.000000;0.000000;0.000000;0.000000;0.000000;2.000000;-2.960983;-341.337952;1983.502563;0.134982;0.000000;0.000000;0.000000;0.000000;2.000000;-4.731216;-493.902588;1966.214233;0.255799;0.000000;0.000000;0.000000;0.000000;2.000000;-27.058891;-723.344360;2004.811157;0.381554;0.000000;0.000000;0.000000;0.000000;2.000000;12.179199;-688.063782;2005.306763;0.342295;0.000000;0.000000;0.000000;0.000000;2.000000;164.851593;-670.108643;2012.691040;0.358878;0.000000;0.000000;0.000000;0.000000;2.000000;420.878967;-534.680420;2080.666992;2.511907;0.000000;0.000000;0.000000;0.000000;2.000000;628.584167;-403.590088;2035.668701;4.148459;0.000000;0.000000;0.000000;0.000000;2.000000;722.976563;-394.105957;2077.468994;5.037759;0.000000;0.000000;0.000000;0.000000;0.000000;833.854126;-383.270081;2110.959717;6.642001;0.000000;0.000000;0.000000;0.000000;0.000000;750.972839;-356.449585;2063.708252;6.077818;0.000000;0.000000;0.000000;0.000000;0.000000;-59.125355;-682.409363;1993.779907;0.354092;0.000000;0.000000;0.000000;0.000000;2.000000;-184.128113;-624.865540;1960.479492;0.291580;0.000000;0.000000;0.000000;0.000000;2.000000;-438.044495;-462.986816;1925.636963;2.671963;0.000000;0.000000;0.000000;0.000000;2.000000;-645.244873;-324.000793;1884.522339;5.011215;0.000000;0.000000;0.000000;0.000000;2.000000;-736.194641;-312.605988;1948.223022;5.355183;0.000000;0.000000;0.000000;0.000000;2.000000;-664.818176;-336.031189;1862.016724;5.302401;0.000000;0.000000;0.000000;0.000000;2.000000;-741.482788;-272.535614;1904.596313;5.625280;0.000000;0.000000;0.000000;0.000000;2.000000;97.142036;-152.700195;2013.881348;0.170448;0.000000;0.000000;0.000000;0.000000;2.000000;124.748909;263.046082;2124.121582;0.425334;0.000000;0.000000;0.000000;0.000000;2.000000;148.632629;653.271667;2253.800781;0.671927;0.000000;0.000000;0.000000;0.000000;2.000000;158.098236;814.327820;2132.765625;0.956340;0.000000;0.000000;0.000000;0.000000;2.000000;-87.597252;-147.565155;1987.482544;0.153698;0.000000;0.000000;0.000000;0.000000;2.000000;-105.398293;279.879456;2035.800171;0.800299;0.000000;0.000000;0.000000;0.000000;2.000000;-113.468994;659.089539;2207.223877;1.194609;0.000000;0.000000;0.000000;0.000000;2.000000;-91.276932;826.297119;2129.873535;0.846913;0.000000;0.000000;0.000000;0.000000;2.000000;-33.276985;-811.067627;2005.082153;0.469197;0.000000;0.000000;0.000000;0.000000;2.000000;-5.199081;-836.910034;1836.346313;0.718929;0.000000;0.000000;0.000000;0.000000;2.000000;15.325043;-878.920532;1874.360352;0.595077;0.000000;0.000000;0.000000;0.000000;2.000000;55.817619;-880.266479;2004.690186;0.338706;0.000000;0.000000;0.000000;0.000000;2.000000;-39.094597;-873.596436;1860.998413;0.613035;0.000000;0.000000;0.000000;0.000000;2.000000;-120.492554;-878.016724;1976.114746;0.419437;0.000000;0.000000;0.000000;0.000000;2.000000;13367032832.000000
0.000000;-150.000000;2000.000000;0.000000;0.000000;0.000000;0.000000;0.000000;2.000000;-11.110718;-341.318634;1986.166016;0.253727;0.000000;0.000000;0.000000;0.000000;2.000000;-19.062462;-493.785980;1969.273193;0.433669;0.000000;0.000000;0.000000;0.000000;2.000000;-39.772583;-722.420288;2013.640869;0.458885;0.000000;0.000000;0.000000;0.000000;2.000000;-1.102814;-686.506836;2014.850464;0.486186;0.000000;0.000000;0.000000;0.000000;2.000000;151.694656;-667.646484;2014.762085;0.400823;0.000000;0.000000;0.000000;0.000000;2.000000;434.467773;-603.974487;2082.292480;2.090217;0.000000;0.000000;0.000000;0.000000;2.000000;662.690491;-530.821167;2011.874023;3.961146;0.000000;0.000000;0.000000;0.000000;2.000000;759.196472;-560.776123;2035.201660;5.200034;0.000000;0.000000;0.000000;0.000000;0.000000;870.379578;-544.969727;2065.714844;5.085141;0.000000;0.000000;0.000000;0.000000;0.000000;777.883240;-582.249512;2061.145996;6.729766;0.000000;0.000000;0.000000;0.000000;0.000000;-71.911560;-682.324097;1999.965088;0.420333;0.000000;0.000000;0.000000;0.000000;2.000000;-198.373672;-648.460205;1945.920044;0.922433;0.000000;0.000000;0.000000;0.000000;2.000000;-480.116455;-546.585938;1899.006470;2.879495;0.000000;0.000000;0.000000;0.000000;2.000000;-675.499268;-449.136566;1771.277588;5.073994;0.000000;0.000000;0.000000;0.000000;2.000000;-760.487305;-466.686127;1841.544678;5.592264;0.000000;0.000000;0.000000;0.000000;2.000000;-860.711975;-483.003510;1894.204346;7.309559;0.000000;0.000000;0.000000;0.000000;2.000000;-785.402832;-437.669891;1815.405518;5.704069;0.000000;0.000000;0.000000;0.000000;2.000000;96.833374;-156.700592;2014.895508;0.122469;0.000000;0.000000;0.000000;0.000000;2.000000;140.758621;258.863403;2121.058594;0.497993;0.000000;0.000000;0.000000;0.000000;2.000000;173.368484;649.324341;2248.580566;0.757191;0.000000;0.000000;0.000000;0.000000;2.000000;189.036850;826.453979;2153.254639;1.155273;0.000000;0.000000;0.000000;0.000000;2.000000;-87.318916;-143.957764;1986.567871;0.110439;0.000000;0.000000;0.000000;0.000000;2.000000;-127.829010;283.429504;2021.100830;0.800544;0.000000;0.000000;0.000000;0.000000;2.000000;-160.055176;670.861816;2170.209961;1.794917;0.000000;0.000000;0.000000;0.000000;2.000000;-163.510651;841.185425;2096.476807;2.395868;0.000000;0.000000;0.000000;0.000000;2.000000;-44.716805;-810.218262;2016.238037;0.473526;0.000000;0.000000;0.000000;0.000000;2.000000;-1.806725;-817.379883;1848.736084;0.691764;0.000000;0.000000;0.000000;0.000000;2.000000;15.618759;-863.395386;1883.560303;0.534112;0.000000;0.000000;0.000000;0.000000;2.000000;44.587952;-879.212524;2016.041626;0.473551;0.000000;0.000000;0.000000;0.000000;2.000000;-37.480446;-856.484131;1866.142700;0.530942;0.000000;0.000000;0.000000;0.000000;2.000000;-128.624832;-873.357300;1972.534668;0.296905;0.000000;0.000000;0.000000;0.000000;2.000000;13367066624.000000
0.000000;-150.000000;2000.000000;0.000000;0.000000;0.000000;0.000000;0.000000;2.000000;-7.973671;-340.462036;1987.977051;0.110150;0.000000;0.000000;0.000000;0.000000;2.000000;-13.142616;-492.234375;1971.972656;0.197938;0.000000;0.000000;0.000000;0.000000;2.000000;-30.970329;-718.805786;2020.719727;0.350964;0.000000;0.000000;0.000000;0.000000;2.000000;6.943466;-682.533386;2021.565063;0.331673;0.000000;0.000000;0.000000;0.000000;2.000000;159.245270;-667.481445;2022.953125;0.329707;0.000000;0.000000;0.000000;0.000000;2.000000;445.051178;-689.249573;2096.271973;2.576321;0.000000;0.000000;0.000000;0.000000;2.000000;664.158813;-710.186401;1981.310303;5.384604;0.000000;0.000000;0.000000;0.000000;2.000000;754.491821;-740.922913;2020.345459;5.350957;0.000000;0.000000;0.000000;0.000000;0.000000;864.522583;-709.497681;2003.340454;5.209873;0.000000;0.000000;0.000000;0.000000;0.000000;792.974365;-757.878418;2027.950928;5.308190;0.000000;0.000000;0.000000;0.000000;0.000000;-63.334248;-679.710999;2005.934570;0.318770;0.000000;0.000000;0.000000;0.000000;2.000000;-189.542114;-656.826294;1947.861450;0.364553;0.000000;0.000000;0.000000;0.000000;2.000000;-477.736115;-643.910583;1860.366943;3.099592;0.000000;0.000000;0.000000;0.000000;2.000000;-687.769287;-632.052063;1722.602051;5.613119;0.000000;0.000000;0.000000;0.000000;2.000000;-766.545166;-651.930420;1798.240234;5.632547;0.000000;0.000000;0.000000;0.000000;2.000000;-871.123657;-675.169006;1836.369629;5.946669;0.000000;0.000000;0.000000;0.000000;2.000000;-795.656738;-614.571716;1759.357422;5.499867;0.000000;0.000000;0.000000;0.000000;2.000000;95.870255;-155.129974;2017.685059;0.098930;0.000000;0.000000;0.000000;0.000000;2.000000;145.576355;255.716309;2129.238037;0.295955;0.000000;0.000000;0.000000;0.000000;2.000000;179.599365;642.103149;2260.911377;0.461324;0.000000;0.000000;0.000000;0.000000;2.000000;250.120209;804.332397;2166.372314;1.961316;0.000000;0.000000;0.000000;0.000000;2.000000;-86.450424;-145.374084;1984.052612;0.089205;0.000000;0.000000;0.000000;0.000000;2.000000;-144.352386;278.199524;2007.438599;0.653077;0.000000;0.000000;0.000000;0.000000;2.000000;-197.012817;663.898193;2148.159424;1.290119;0.000000;0.000000;0.000000;0.000000;2.000000;-226.060852;822.698181;2058.758301;2.229694;0.000000;0.000000;0.000000;0.000000;2.000000;-34.668938;-806.073730;2025.119751;0.415378;0.000000;0.000000;0.000000;0.000000;2.000000;-5.743301;-804.550842;1855.536133;0.445194;0.000000;0.000000;0.000000;0.000000;2.000000;14.803070;-851.673584;1886.332275;0.357265;0.000000;0.000000;0.000000;0.000000;2.000000;54.455872;-873.349365;2014.314819;0.343499;0.000000;0.000000;0.000000;0.000000;2.000000;-39.289581;-844.698120;1873.733032;0.418292;0.000000;0.000000;0.000000;0.000000;2.000000;-120.751564;-867.804565;1985.569580;0.479668;0.000000;0.000000;0.000000;0.000000;2.000000;13367100416.000000
0.000000;-150.000000;2000.000000;0.000000;0.000000;0.000000;0.000000;0.000000;2.000000;-11.549843;-339.639374;1987.311646;0.113813;0.000000;0.000000;0.000000;0.000000;2.000000;-18.632980;-490.263702;1966.452148;0.245099;0.000000;0.000000;0.000000;0.000000;2.000000;-35.099899;-714.893188;2020.893311;0.173687;0.000000;0.000000;0.000000;0.000000;2.000000;2.310417;-678.329468;2021.467529;0.190942;0.000000;0.000000;0.000000;0.000000;2.000000;154.216248;-677.493530;2035.710571;0.518157;0.000000;0.000000;0.000000;0.000000;2.000000;433.295441;-771.317383;2053.121094;2.852263;0.000000;0.000000;0.000000;0.000000;2.000000;645.230225;-856.441772;1957.635742;4.558208;0.000000;0.000000;0.000000;0.000000;2.000000;696.390869;-937.714966;1994.239258;6.312373;0.000000;0.000000;0.000000;0.000000;0.000000;806.433228;-960.689941;1968.485718;7.939661;0.000000;0.000000;0.000000;0.000000;0.000000;703.976196;-960.027954;2023.232544;6.742063;0.000000;0.000000;0.000000;0.000000;0.000000;-67.455994;-676.677612;2004.469360;0.162453;0.000000;0.000000;0.000000;0.000000;2.000000;-195.915802;-673.173706;1948.012451;0.535481;0.000000;0.000000;0.000000;0.000000;2.000000;-468.311157;-726.461060;1832.794922;2.671574;0.000000;0.000000;0.000000;0.000000;2.000000;-647.079102;-779.605347;1665.286743;4.987800;0.000000;0.000000;0.000000;0.000000;2.000000;-711.208496;-856.314941;1712.705078;6.969204;0.000000;0.000000;0.000000;0.000000;2.000000;-793.967285;-932.110596;1696.695435;9.230292;0.000000;0.000000;0.000000;0.000000;2.000000;-731.903442;-879.323120;1692.584961;8.556704;0.000000;0.000000;0.000000;0.000000;2.000000;95.289566;-157.039734;2018.476318;0.065527;0.000000;0.000000;0.000000;0.000000;2.000000;162.979736;249.915253;2129.719238;0.560030;0.000000;0.000000;0.000000;0.000000;2.000000;211.524475;632.246826;2264.681641;1.026124;0.000000;0.000000;0.000000;0.000000;2.000000;282.947632;801.459351;2185.653809;1.165144;0.000000;0.000000;0.000000;0.000000;2.000000;-85.926796;-143.651947;1983.339111;0.059089;0.000000;0.000000;0.000000;0.000000;2.000000;-172.494034;274.069641;1997.169189;0.922857;0.000000;0.000000;0.000000;0.000000;2.000000;-243.953156;662.367920;2117.142578;1.717622;0.000000;0.000000;0.000000;0.000000;2.000000;-279.741394;818.718750;2027.052979;1.906473;0.000000;0.000000;0.000000;0.000000;2.000000;-38.005302;-801.771484;2027.599976;0.182576;0.000000;0.000000;0.000000;0.000000;2.000000;-10.944344;-796.797607;1858.316528;0.297283;0.000000;0.000000;0.000000;0.000000;2.000000;8.926598;-844.883423;1887.671631;0.277077;0.000000;0.000000;0.000000;0.000000;2.000000;49.373672;-870.291504;2014.264771;0.181013;0.000000;0.000000;0.000000;0.000000;2.000000;-44.979713;-836.577148;1875.878540;0.309616;0.000000;0.000000;0.000000;0.000000;2.000000;-125.439835;-860.661377;1987.687866;0.268645;0.000000;0.000000;0.000000;0.000000;2.000000;13367133184.000000
0.000000;-150.000000;2000.000000;0.000000;0.000000;0.000000;0.000000;0.000000;2.000000;-13.691010;-338.016907;1984.106079;0.123770;0.000000;0.000000;0.000000;0.000000;2.000000;-22.463600;-487.343872;1961.768799;0.198807;0.000000;0.000000;0.000000;0.000000;2.000000;-44.676689;-710.230713;2014.964355;0.360748;0.000000;0.000000;0.000000;0.000000;2.000000;-6.887611;-674.592285;2016.807373;0.324561;0.000000;0.000000;0.000000;0.000000;2.000000;142.710587;-684.018066;2039.404053;0.406394;0.000000;0.000000;0.000000;0.000000;2.000000;395.318176;-832.183044;2049.752686;2.125383;0.000000;0.000000;0.000000;0.000000;2.000000;560.914001;-982.078857;1946.797119;4.489081;0.000000;0.000000;0.000000;0.000000;2.000000;584.296204;-1081.469116;1947.954102;5.565712;0.000000;0.000000;0.000000;0.000000;0.000000;674.509216;-1139.429077;1907.564209;6.816826;0.000000;0.000000;0.000000;0.000000;0.000000;573.270508;-1118.032227;1877.253662;7.448877;0.000000;0.000000;0.000000;0.000000;0.000000;-75.569748;-671.664307;1997.656616;0.346855;0.000000;0.000000;0.000000;0.000000;2.000000;-201.629150;-684.391663;1939.391479;0.451526;0.000000;0.000000;0.000000;0.000000;2.000000;-428.177856;-828.904541;1809.229614;3.329772;0.000000;0.000000;0.000000;0.000000;2.000000;-577.872131;-976.984375;1676.203979;6.198070;0.000000;0.000000;0.000000;0.000000;2.000000;-652.206726;-1056.992065;1663.522461;6.358766;0.000000;0.000000;0.000000;0.000000;2.000000;-730.194702;-1134.183228;1638.141968;6.505626;0.000000;0.000000;0.000000;0.000000;0.000000;-642.719421;-997.150024;1575.041138;5.587754;0.000000;0.000000;0.000000;0.000000;2.000000;94.132584;-158.575684;2020.360352;0.079666;0.000000;0.000000;0.000000;0.000000;2.000000;184.056076;244.683655;2117.895508;0.731716;0.000000;0.000000;0.000000;0.000000;2.000000;235.277878;618.527710;2266.952148;0.814525;0.000000;0.000000;0.000000;0.000000;2.000000;296.004639;799.217102;2211.022461;0.846934;0.000000;0.000000;0.000000;0.000000;2.000000;-84.883492;-142.266937;1981.640015;0.071842;0.000000;0.000000;0.000000;0.000000;2.000000;-188.172379;268.988495;1976.153687;0.790344;0.000000;0.000000;0.000000;0.000000;2.000000;-290.328369;648.825867;2091.781738;1.614699;0.000000;0.000000;0.000000;0.000000;2.000000;-323.872101;803.637939;2000.597412;1.586695;0.000000;0.000000;0.000000;0.000000;2.000000;-49.361305;-796.485840;2021.402588;0.413563;0.000000;0.000000;0.000000;0.000000;2.000000;-14.232559;-806.353760;1854.958496;0.315144;0.000000;0.000000;0.000000;0.000000;2.000000;4.071381;-851.257935;1889.184570;0.241316;0.000000;0.000000;0.000000;0.000000;2.000000;38.029358;-865.052002;2018.521729;0.390656;0.000000;0.000000;0.000000;0.000000;2.000000;-48.848625;-844.334595;1874.171509;0.261458;0.000000;0.000000;0.000000;0.000000;2.000000;-134.148682;-858.698364;1982.895386;0.299846;0.000000;0.000000;0.000000;0.000000;2.000000;13367166976.000000
0.000000;-150.000000;2000.000000;0.000000;0.000000;0.000000;0.000000;0.000000;2.000000;-10.745369;-334.098602;1984.876831;0.151436;0.000000;0.000000;0.000000;0.000000;2.000000;-16.692734;-480.077209;1961.721680;0.283188;0.000000;0.000000;0.000000;0.000000;2.000000;-35.781326;-700.147095;2005.372192;0.504064;0.000000;0.000000;0.000000;0.000000;2.000000;0.732033;-664.924988;2008.595093;0.451575;0.000000;0.000000;0.000000;0.000000;2.000000;144.549194;-690.029541;2034.435913;0.244523;0.000000;0.000000;0.000000;0.000000;2.000000;352.820679;-885.872314;2054.705566;2.095095;0.000000;0.000000;0.000000;0.000000;2.000000;449.319702;-1064.565186;1925.783203;4.283223;0.000000;0.000000;0.000000;0.000000;2.000000;421.559998;-1160.029907;1935.253052;5.528332;0.000000;0.000000;0.000000;0.000000;0.000000;473.999207;-1258.085449;1921.315430;7.122616;0.000000;0.000000;0.000000;0.000000;0.000000;433.846802;-1201.176636;1945.318237;5.371852;0.000000;0.000000;0.000000;0.000000;0.000000;-66.432640;-662.191833;1989.810059;0.467609;0.000000;0.000000;0.000000;0.000000;2.000000;-189.427582;-677.225708;1932.804565;0.476325;0.000000;0.000000;0.000000;0.000000;2.000000;-391.768951;-859.630493;1827.608887;1.558337;0.000000;0.000000;0.000000;0.000000;2.000000;-404.324554;-1054.551636;1682.052979;5.803931;0.000000;0.000000;0.000000;0.000000;2.000000;-435.516357;-1131.947632;1749.874878;7.477105;0.000000;0.000000;0.000000;0.000000;2.000000;-441.499969;-1180.967896;1651.410645;8.934383;0.000000;0.000000;0.000000;0.000000;2.000000;-453.004578;-1154.415405;1620.666992;7.648039;0.000000;0.000000;0.000000;0.000000;2.000000;91.891632;-157.103333;2021.179688;0.085564;0.000000;0.000000;0.000000;0.000000;2.000000;192.359222;236.311356;2107.919922;0.471346;0.000000;0.000000;0.000000;0.000000;2.000000;239.960327;593.491577;2274.084229;0.807188;0.000000;0.000000;0.000000;0.000000;2.000000;293.334717;777.143188;2239.816406;1.110218;0.000000;0.000000;0.000000;0.000000;2.000000;-82.862732;-143.594604;1980.901367;0.077154;0.000000;0.000000;0.000000;0.000000;2.000000;-198.382355;253.929138;1955.369629;0.842973;0.000000;0.000000;0.000000;0.000000;2.000000;-316.950378;621.315247;2063.782227;1.447427;0.000000;0.000000;0.000000;0.000000;2.000000;-352.263062;786.239014;2004.543457;1.023291;0.000000;0.000000;0.000000;0.000000;2.000000;-39.313072;-784.738098;2008.447144;0.615533;0.000000;0.000000;0.000000;0.000000;2.000000;-3.532822;-820.311829;1849.611938;0.560974;0.000000;0.000000;0.000000;0.000000;2.000000;8.584259;-860.986023;1889.218506;0.327269;0.000000;0.000000;0.000000;0.000000;2.000000;37.845764;-860.744995;2017.400513;0.135936;0.000000;0.000000;0.000000;0.000000;2.000000;-41.782257;-850.500122;1872.082397;0.293210;0.000000;0.000000;0.000000;0.000000;2.000000;-128.078323;-840.432434;1976.565918;0.618352;0.000000;0.000000;0.000000;0.000000;2.000000;13367199744.000000
0.000000;-150.000000;2000.000000;0.000000;0.000000;0.000000;0.000000;0.000000;2.000000;-9.373718;-332.592255;1978.980835;0.184601;0.000000;0.000000;0.000000;0.000000;2.000000;-13.958618;-477.662048;1954.885742;0.229298;0.000000;0.000000;0.000000;0.000000;2.000000;-28.285271;-694.556030;2008.820557;0.294953;0.000000;0.000000;0.000000;0.000000;2.000000;7.034225;-658.443604;2011.044800;0.277174;0.000000;0.000000;0.000000;0.000000;2.000000;144.405411;-703.958618;2039.388428;0.437501;0.000000;0.000000;0.000000;0.000000;2.000000;299.716797;-942.781799;2049.578125;2.308429;0.000000;0.000000;0.000000;0.000000;2.000000;265.109985;-1145.527344;1927.345703;5.954741;0.000000;0.000000;0.000000;0.000000;2.000000;283.994263;-1242.141113;1940.615356;4.743657;0.000000;0.000000;0.000000;0.000000;0.000000;285.642395;-1347.094238;1978.119507;6.390097;0.000000;0.000000;0.000000;0.000000;0.000000;279.867798;-1289.685059;1907.423218;5.374114;0.000000;0.000000;0.000000;0.000000;0.000000;-59.372765;-658.452698;1990.812134;0.238267;0.000000;0.000000;0.000000;0.000000;2.000000;-176.581100;-678.858948;1925.621338;0.438232;0.000000;0.000000;0.000000;0.000000;2.000000;-358.597260;-884.988098;1832.097412;1.242727;0.000000;0.000000;0.000000;0.000000;2.000000;-255.320740;-1077.785156;1727.858276;4.664042;0.000000;0.000000;0.000000;0.000000;2.000000;-275.494629;-1153.031982;1801.137817;5.011539;0.000000;0.000000;0.000000;0.000000;0.000000;-228.861389;-1245.852783;1766.300903;7.405594;0.000000;0.000000;0.000000;0.000000;0.000000;-268.971069;-1147.704834;1826.167847;8.165895;0.000000;0.000000;0.000000;0.000000;0.000000;87.369217;-158.378357;2033.818726;0.399035;0.000000;0.000000;0.000000;0.000000;2.000000;211.943375;230.599823;2094.832520;0.717246;0.000000;0.000000;0.000000;0.000000;2.000000;245.644333;581.881958;2271.558594;0.389761;0.000000;0.000000;0.000000;0.000000;2.000000;304.555664;763.877563;2244.107910;0.529623;0.000000;0.000000;0.000000;0.000000;2.000000;-78.784645;-142.444855;1969.504150;0.359829;0.000000;0.000000;0.000000;0.000000;2.000000;-207.224075;248.411957;1939.291870;0.567001;0.000000;0.000000;0.000000;0.000000;2.000000;-336.461182;608.329224;2052.511963;0.769599;0.000000;0.000000;0.000000;0.000000;2.000000;-368.119843;780.488586;2021.326660;0.704148;0.000000;0.000000;0.000000;0.000000;2.000000;-29.697632;-778.501038;2016.024292;0.406587;0.000000;0.000000;0.000000;0.000000;2.000000;21.788528;-770.244690;1858.678223;1.681873;0.000000;0.000000;0.000000;0.000000;2.000000;37.409866;-816.781006;1889.077759;1.561709;0.000000;0.000000;0.000000;0.000000;2.000000;57.319427;-842.626526;2015.716187;0.788713;0.000000;0.000000;0.000000;0.000000;2.000000;-12.423897;-809.694946;1869.706055;1.489263;0.000000;0.000000;0.000000;0.000000;2.000000;-105.656525;-836.565430;1963.796265;0.772114;0.000000;0.000000;0.000000;0.000000;2.000000;13367233536.000000
0.000000;-150.000000;2000.000000;0.000000;0.000000;0.000000;0.000000;0.000000;2.000000;3.087181;-328.522552;1968.649292;0.509358;0.000000;0.000000;0.000000;0.000000;2.000000;5.192467;-471.375214;1944.318726;0.694535;0.000000;0.000000;0.000000;0.000000;2.000000;-15.021347;-686.662109;1988.011230;0.790678;0.000000;0.000000;0.000000;0.000000;2.000000;19.090538;-651.231812;1995.859497;0.631322;0.000000;0.000000;0.000000;0.000000;2.000000;136.606995;-723.032593;2042.053101;0.634099;0.000000;0.000000;0.000000;0.000000;2.000000;224.648590;-988.214722;2014.243774;2.886760;0.000000;0.000000;0.000000;0.000000;2.000000;159.254944;-1198.882813;1931.268311;3.619581;0.000000;0.000000;0.000000;0.000000;2.000000;157.142334;-1296.102051;1942.109985;4.207159;0.000000;0.000000;0.000000;0.000000;0.000000;133.878571;-1402.557617;1955.566895;4.978863;0.000000;0.000000;0.000000;0.000000;0.000000;133.424133;-1328.309082;1926.899170;4.659993;0.000000;0.000000;0.000000;0.000000;0.000000;-43.204720;-650.482666;1967.668823;0.895232;0.000000;0.000000;0.000000;0.000000;2.000000;-152.742096;-690.799927;1902.607300;1.074865;0.000000;0.000000;0.000000;0.000000;2.000000;-280.938477;-926.070190;1802.251099;2.831635;0.000000;0.000000;0.000000;0.000000;2.000000;-124.279007;-1105.910645;1793.726929;4.557416;0.000000;0.000000;0.000000;0.000000;2.000000;-114.961014;-1190.314087;1856.081787;5.301619;0.000000;0.000000;0.000000;0.000000;0.000000;-75.485382;-1222.182251;1760.828369;4.739021;0.000000;0.000000;0.000000;0.000000;2.000000;-71.365234;-1222.261719;1842.491211;6.464632;0.000000;0.000000;0.000000;0.000000;0.000000;83.281960;-155.621033;2040.209229;0.246319;0.000000;0.000000;0.000000;0.000000;2.000000;262.046265;208.474991;2071.074707;1.821938;0.000000;0.000000;0.000000;0.000000;2.000000;246.654846;549.935059;2256.288818;1.081025;0.000000;0.000000;0.000000;0.000000;2.000000;308.613159;728.794800;2236.124512;1.104972;0.000000;0.000000;0.000000;0.000000;2.000000;-75.099014;-144.931259;1963.741699;0.222112;0.000000;0.000000;0.000000;0.000000;2.000000;-206.793732;237.821457;1928.019043;0.472205;0.000000;0.000000;0.000000;0.000000;2.000000;-381.881500;576.243286;2023.662109;1.911879;0.000000;0.000000;0.000000;0.000000;2.000000;-382.137177;750.869385;2010.264771;1.055462;0.000000;0.000000;0.000000;0.000000;2.000000;-17.071304;-769.539307;1992.100830;0.869654;0.000000;0.000000;0.000000;0.000000;2.000000;8.910805;-796.113403;1833.108276;1.177539;0.000000;0.000000;0.000000;0.000000;2.000000;21.747795;-838.406494;1868.901733;1.021329;0.000000;0.000000;0.000000;0.000000;2.000000;56.916496;-846.105225;1992.583496;0.713997;0.000000;0.000000;0.000000;0.000000;2.000000;-28.121773;-826.047119;1855.386108;0.818234;0.000000;0.000000;0.000000;0.000000;2.000000;-106.935776;-820.191650;1962.522949;0.502715;0.000000;0.000000;0.000000;0.000000;2.000000;13367266304.000000
0.000000;-150.000000;2000.000000;0.000000;0.000000;0.000000;0.000000;0.000000;2.000000;4.041534;-329.951324;1965.944214;0.094834;0.000000;0.000000;0.000000;0.000000;2.000000;5.663757;-474.293304;1941.229614;0.126524;0.000000;0.000000;0.000000;0.000000;2.000000;-14.408691;-693.411621;1977.019287;0.382142;0.000000;0.000000;0.000000;0.000000;2.000000;17.934906;-657.094238;1989.980347;0.248065;0.000000;0.000000;0.000000;0.000000;2.000000;129.909607;-731.843140;2048.464600;0.378496;0.000000;0.000000;0.000000;0.000000;2.000000;189.498108;-1007.873047;2020.670898;1.206905;0.000000;0.000000;0.000000;0.000000;2.000000;85.624023;-1208.712158;1945.888916;2.240449;0.000000;0.000000;0.000000;0.000000;2.000000;32.235382;-1290.758911;1931.949951;3.711924;0.000000;0.000000;0.000000;0.000000;0.000000;56.488617;-1398.556396;1942.043701;2.327901;0.000000;0.000000;0.000000;0.000000;0.000000;2.848328;-1296.717529;1884.264404;4.170989;0.000000;0.000000;0.000000;0.000000;0.000000;-41.121460;-656.921143;1954.101074;0.448678;0.000000;0.000000;0.000000;0.000000;2.000000;-140.165894;-712.560059;1881.097168;0.978958;0.000000;0.000000;0.000000;0.000000;2.000000;-164.273880;-980.905396;1776.212646;3.891822;0.000000;0.000000;0.000000;0.000000;2.000000;-34.620949;-1181.396484;1810.227905;3.502588;0.000000;0.000000;0.000000;0.000000;2.000000;-61.739304;-1252.667480;1884.517700;2.567779;0.000000;0.000000;0.000000;0.000000;0.000000;-33.563019;-1240.858398;1779.825684;1.469896;0.000000;0.000000;0.000000;0.000000;0.000000;-28.602936;-1299.348633;1884.079346;2.884438;0.000000;0.000000;0.000000;0.000000;0.000000;79.230255;-157.552689;2049.311035;0.300320;0.000000;0.000000;0.000000;0.000000;2.000000;268.533752;206.709778;2070.677246;0.199310;0.000000;0.000000;0.000000;0.000000;2.000000;243.347504;547.931335;2263.732178;0.248222;0.000000;0.000000;0.000000;0.000000;2.000000;313.825806;720.255493;2215.350586;0.682335;0.000000;0.000000;0.000000;0.000000;2.000000;-71.445419;-143.189423;1955.534180;0.270812;0.000000;0.000000;0.000000;0.000000;2.000000;-207.137695;243.087982;1924.017822;0.195994;0.000000;0.000000;0.000000;0.000000;2.000000;-401.955109;575.472412;2019.765869;0.605551;0.000000;0.000000;0.000000;0.000000;2.000000;-393.505188;752.202881;2015.485840;0.372293;0.000000;0.000000;0.000000;0.000000;2.000000;-14.836967;-777.270630;1978.733643;0.461731;0.000000;0.000000;0.000000;0.000000;2.000000;20.990494;-800.705933;1819.385986;0.557816;0.000000;0.000000;0.000000;0.000000;2.000000;41.374908;-839.302124;1856.775635;0.683246;0.000000;0.000000;0.000000;0.000000;2.000000;74.123627;-837.658691;1982.749756;0.637539;0.000000;0.000000;0.000000;0.000000;2.000000;-10.092331;-837.623657;1841.594238;0.754061;0.000000;0.000000;0.000000;0.000000;2.000000;-92.361328;-846.447510;1947.676880;0.991333;0.000000;0.000000;0.000000;0.000000;2.000000;13367300096.000000
0.000000;-150.000000;2000.000000;0.000000;0.000000;0.000000;0.000000;0.000000;2.000000;4.445786;-329.673035;1966.213257;0.017080;0.000000;0.000000;0.000000;0.000000;2.000000;6.313629;-473.810425;1941.809692;0.030395;0.000000;0.000000;0.000000;0.000000;2.000000;-17.449097;-692.301025;1976.790771;0.099028;0.000000;0.000000;0.000000;0.000000;2.000000;14.184143;-656.215881;1991.675903;0.128445;0.000000;0.000000;0.000000;0.000000;2.000000;120.951004;-730.784119;2058.853027;0.419877;0.000000;0.000000;0.000000;0.000000;2.000000;185.332306;-1005.650696;2035.538574;0.476055;0.000000;0.000000;0.000000;0.000000;2.000000;89.131668;-1207.305420;1954.267090;0.280490;0.000000;0.000000;0.000000;0.000000;2.000000;41.825500;-1293.491943;1945.501099;0.513452;0.000000;0.000000;0.000000;0.000000;0.000000;22.916260;-1402.199707;1935.842285;1.047795;0.000000;0.000000;0.000000;0.000000;0.000000;28.085464;-1226.020020;1841.422363;2.637696;0.000000;0.000000;0.000000;0.000000;0.000000;-42.345497;-655.773926;1952.143066;0.078687;0.000000;0.000000;0.000000;0.000000;2.000000;-134.783371;-707.599854;1868.824829;0.436076;0.000000;0.000000;0.000000;0.000000;2.000000;-128.868332;-966.723083;1741.840332;1.566877;0.000000;0.000000;0.000000;0.000000;2.000000;-3.801926;-1165.108887;1796.300049;1.145561;0.000000;0.000000;0.000000;0.000000;2.000000;-38.537025;-1225.774414;1876.351929;1.112223;0.000000;0.000000;0.000000;0.000000;0.000000;-14.561699;-1274.502197;1781.991943;1.181014;0.000000;0.000000;0.000000;0.000000;0.000000;-19.369835;-1283.981445;1866.556152;0.765050;0.000000;0.000000;0.000000;0.000000;0.000000;78.872070;-157.376694;2049.606445;0.015153;0.000000;0.000000;0.000000;0.000000;2.000000;266.838379;206.660431;2072.982422;0.087339;0.000000;0.000000;0.000000;0.000000;2.000000;245.414551;549.999390;2261.310547;0.115862;0.000000;0.000000;0.000000;0.000000;2.000000;312.986481;724.268982;2217.254150;0.137959;0.000000;0.000000;0.000000;0.000000;2.000000;-71.122421;-143.348129;1955.267456;0.013670;0.000000;0.000000;0.000000;0.000000;2.000000;-206.454071;242.334900;1924.082520;0.031102;0.000000;0.000000;0.000000;0.000000;2.000000;-400.616333;574.382568;2019.510986;0.053253;0.000000;0.000000;0.000000;0.000000;2.000000;-392.640717;750.754333;2012.764893;0.097700;0.000000;0.000000;0.000000;0.000000;2.000000;-18.548683;-776.005737;1978.706177;0.119672;0.000000;0.000000;0.000000;0.000000;2.000000;50.723984;-800.375305;1831.265747;0.977191;0.000000;0.000000;0.000000;0.000000;2.000000;64.406281;-837.276917;1873.014160;0.862215;0.000000;0.000000;0.000000;0.000000;2.000000;69.911682;-831.991760;2002.738281;0.646941;0.000000;0.000000;0.000000;0.000000;2.000000;17.321777;-838.263306;1847.433228;0.855601;0.000000;0.000000;0.000000;0.000000;2.000000;-84.733597;-849.122925;1934.061035;0.483231;0.000000;0.000000;0.000000;0.000000;2.000000;13367332864.000000
0.000000;-150.000000;2000.000000;0.000000;0.000000;0.000000;0.000000;0.000000;2.000000;2.486305;-336.857971;1975.723022;0.357447;0.000000;0.000000;0.000000;0.000000;2.000000;1.850418;-486.666443;1959.810669;0.667797;0.000000;0.000000;0.000000;0.000000;2.000000;-24.698975;-714.144836;1971.529419;0.698663;0.000000;0.000000;0.000000;0.000000;2.000000;5.362747;-678.605164;1994.193848;0.716022;0.000000;0.000000;0.000000;0.000000;2.000000;99.248390;-736.741699;2097.177246;1.315214;0.000000;0.000000;0.000000;0.000000;2.000000;194.946198;-1011.589478;2074.774414;1.208295;0.000000;0.000000;0.000000;0.000000;2.000000;128.847168;-1220.036377;1964.321045;1.269555;0.000000;0.000000;0.000000;0.000000;2.000000;113.105064;-1320.378662;1969.691772;2.365363;0.000000;0.000000;0.000000;0.000000;0.000000;65.654228;-1424.178467;1970.568848;1.754615;0.000000;0.000000;0.000000;0.000000;0.000000;87.522926;-1349.057251;1939.060913;4.969852;0.000000;0.000000;0.000000;0.000000;0.000000;-47.362808;-674.261719;1946.717407;0.589194;0.000000;0.000000;0.000000;0.000000;2.000000;-153.961334;-706.306458;1863.614624;0.589345;0.000000;0.000000;0.000000;0.000000;2.000000;-59.142311;-951.553467;1724.622559;2.172258;0.000000;0.000000;0.000000;0.000000;2.000000;39.072533;-1175.339355;1767.307007;1.561277;0.000000;0.000000;0.000000;0.000000;2.000000;-2.885689;-1245.044800;1840.615601;1.598957;0.000000;0.000000;0.000000;0.000000;0.000000;20.080254;-1317.732544;1758.305420;1.782946;0.000000;0.000000;0.000000;0.000000;0.000000;4.002312;-1307.706299;1771.636475;2.976817;0.000000;0.000000;0.000000;0.000000;0.000000;77.233543;-156.401962;2057.185303;0.231267;0.000000;0.000000;0.000000;0.000000;2.000000;251.878784;226.031372;2102.533691;1.135493;0.000000;0.000000;0.000000;0.000000;2.000000;253.633972;591.496765;2275.014893;1.315932;0.000000;0.000000;0.000000;0.000000;2.000000;321.899017;770.637146;2225.969238;1.420884;0.000000;0.000000;0.000000;0.000000;2.000000;-69.644882;-144.227066;1948.433594;0.208534;0.000000;0.000000;0.000000;0.000000;2.000000;-198.797485;257.949768;1947.289063;0.858187;0.000000;0.000000;0.000000;0.000000;2.000000;-399.636414;604.075195;2028.731445;0.920536;0.000000;0.000000;0.000000;0.000000;2.000000;-379.046021;782.515320;1999.044800;1.100047;0.000000;0.000000;0.000000;0.000000;2.000000;-25.212990;-800.205933;1965.357422;0.841317;0.000000;0.000000;0.000000;0.000000;2.000000;78.231972;-845.958801;1838.809082;1.591269;0.000000;0.000000;0.000000;0.000000;2.000000;89.327568;-868.689514;1892.246704;1.316036;0.000000;0.000000;0.000000;0.000000;2.000000;67.165733;-830.040283;2018.523315;0.477643;0.000000;0.000000;0.000000;0.000000;2.000000;47.872993;-886.069092;1860.163208;1.720669;0.000000;0.000000;0.000000;0.000000;2.000000;-69.864334;-896.871094;1932.094238;1.481075;0.000000;0.000000;0.000000;0.000000;2.000000;13367366656.000000
0.000000;-150.000000;2000.000000;0.000000;0.000000;0.000000;0.000000;0.000000;2.000000;8.926659;-337.215637;1968.459229;0.287475;0.000000;0.000000;0.000000;0.000000;2.000000;14.055702;-487.384644;1945.859619;0.548958;0.000000;0.000000;0.000000;0.000000;2.000000;-28.914795;-713.003479;1973.166748;0.138033;0.000000;0.000000;0.000000;0.000000;2.000000;1.526199;-677.195190;1995.922241;0.131328;0.000000;0.000000;0.000000;0.000000;2.000000;81.002480;-737.972473;2110.739502;0.673757;0.000000;0.000000;0.000000;0.000000;2.000000;189.708405;-1011.557007;2108.312988;1.004531;0.000000;0.000000;0.000000;0.000000;2.000000;186.217743;-1229.238892;1991.449463;1.897639;0.000000;0.000000;0.000000;0.000000;2.000000;210.412781;-1328.769165;1997.110352;3.002025;0.000000;0.000000;0.000000;0.000000;0.000000;206.630371;-1443.256104;2008.509766;4.357056;0.000000;0.000000;0.000000;0.000000;0.000000;199.488831;-1369.312256;1977.118286;3.550519;0.000000;0.000000;0.000000;0.000000;0.000000;-46.675484;-673.773132;1942.960449;0.113945;0.000000;0.000000;0.000000;0.000000;2.000000;-140.035309;-698.830994;1841.544556;0.803326;0.000000;0.000000;0.000000;0.000000;2.000000;-50.182610;-937.473389;1683.563354;1.311593;0.000000;0.000000;0.000000;0.000000;2.000000;71.431129;-1156.001709;1675.457642;2.938094;0.000000;0.000000;0.000000;0.000000;2.000000;9.890999;-1246.713379;1661.869873;5.303313;0.000000;0.000000;0.000000;0.000000;2.000000;24.599220;-1327.386963;1583.905273;5.170621;0.000000;0.000000;0.000000;0.000000;2.000000;17.475029;-1246.247803;1610.739990;5.112480;0.000000;0.000000;0.000000;0.000000;2.000000;77.471031;-156.125244;2058.283203;0.034235;0.000000;0.000000;0.000000;0.000000;2.000000;230.761688;234.990265;2131.962891;1.104201;0.000000;0.000000;0.000000;0.000000;2.000000;243.528595;615.269104;2278.116455;0.769904;0.000000;0.000000;0.000000;0.000000;2.000000;318.393402;789.643127;2216.298340;0.639535;0.000000;0.000000;0.000000;0.000000;2.000000;-69.859024;-144.476593;1947.443359;0.030877;0.000000;0.000000;0.000000;0.000000;2.000000;-191.506073;263.823212;1947.399780;0.277091;0.000000;0.000000;0.000000;0.000000;2.000000;-389.819794;615.325195;2029.665527;0.442708;0.000000;0.000000;0.000000;0.000000;2.000000;-380.570221;789.581421;1972.505005;0.813998;0.000000;0.000000;0.000000;0.000000;2.000000;-34.649666;-799.836731;1973.806519;0.374994;0.000000;0.000000;0.000000;0.000000;2.000000;77.132439;-847.208679;1853.114990;0.426208;0.000000;0.000000;0.000000;0.000000;2.000000;90.861107;-860.492126;1909.601929;0.569808;0.000000;0.000000;0.000000;0.000000;1.000000;61.210869;-807.953491;2030.435059;0.763228;0.000000;0.000000;0.000000;0.000000;1.000000;52.569221;-888.383667;1880.305054;0.615862;0.000000;0.000000;0.000000;0.000000;2.000000;-64.231850;-906.662109;1954.512207;0.742864;0.000000;0.000000;0.000000;0.000000;2.000000;13367400448.000000
0.000000;-150.000000;2000.000000;0.000000;0.000000;0.000000;0.000000;0.000000;2.000000;10.466301;-337.687775;1961.321045;0.223315;0.000000;0.000000;0.000000;0.000000;2.000000;11.108803;-489.478271;1938.969849;0.237443;0.000000;0.000000;0.000000;0.000000;2.000000;-49.621849;-711.795776;1976.802612;0.642654;0.000000;0.000000;0.000000;0.000000;2.000000;-19.023605;-675.933594;2000.420410;0.643132;0.000000;0.000000;0.000000;0.000000;2.000000;51.994164;-715.239197;2131.032715;1.283952;0.000000;0.000000;0.000000;0.000000;2.000000;233.111816;-950.451904;2146.576660;2.568159;0.000000;0.000000;0.000000;0.000000;2.000000;305.219696;-1168.236328;2048.485596;4.436704;0.000000;0.000000;0.000000;0.000000;2.000000;342.367035;-1264.931274;2048.877686;4.744189;0.000000;0.000000;0.000000;0.000000;0.000000;363.951721;-1379.018311;2054.311035;5.370943;0.000000;0.000000;0.000000;0.000000;0.000000;324.298706;-1286.129395;1964.955688;4.592345;0.000000;0.000000;0.000000;0.000000;0.000000;-61.800995;-673.503601;1942.068115;0.462470;0.000000;0.000000;0.000000;0.000000;2.000000;-127.036476;-698.655518;1819.081787;0.792033;0.000000;0.000000;0.000000;0.000000;2.000000;-28.441429;-906.373657;1621.907349;2.209383;0.000000;0.000000;0.000000;0.000000;2.000000;70.233208;-1135.234863;1580.393433;2.969770;0.000000;0.000000;0.000000;0.000000;2.000000;9.467094;-1169.380127;1493.323608;5.659217;0.000000;0.000000;0.000000;0.000000;2.000000;33.279747;-1237.927612;1405.072632;6.108049;0.000000;0.000000;0.000000;0.000000;2.000000;42.383247;-1149.754272;1470.274902;5.255927;0.000000;0.000000;0.000000;0.000000;2.000000;73.461464;-159.164276;2064.347656;0.240470;0.000000;0.000000;0.000000;0.000000;2.000000;177.740326;249.433487;2151.739746;1.782340;0.000000;0.000000;0.000000;0.000000;2.000000;217.039001;644.858643;2258.916748;1.346191;0.000000;0.000000;0.000000;0.000000;2.000000;307.117310;817.021179;2205.444824;0.962396;0.000000;0.000000;0.000000;0.000000;2.000000;-66.243431;-141.736176;1941.974976;0.216837;0.000000;0.000000;0.000000;0.000000;2.000000;-172.331390;275.134796;1947.315796;0.679403;0.000000;0.000000;0.000000;0.000000;2.000000;-349.838135;646.556091;2006.583252;1.700980;0.000000;0.000000;0.000000;0.000000;2.000000;-345.812195;827.431091;1965.999634;1.580751;0.000000;0.000000;0.000000;0.000000;2.000000;-61.172512;-798.713440;1982.604858;0.853475;0.000000;0.000000;0.000000;0.000000;2.000000;66.173805;-828.705017;1869.628418;0.827454;0.000000;0.000000;0.000000;0.000000;2.000000;75.549339;-845.555786;1926.668213;0.835091;0.000000;0.000000;0.000000;0.000000;1.000000;30.084511;-804.528137;2048.517578;1.103522;0.000000;0.000000;0.000000;0.000000;1.000000;42.191704;-873.963135;1891.403320;0.639280;0.000000;0.000000;0.000000;0.000000;2.000000;-80.542618;-906.551392;1952.554932;0.501348;0.000000;0.000000;0.000000;0.000000;2.000000;13367433216.000000
0.000000;-150.000000;2000.000000;0.000000;0.000000;0.000000;0.000000;0.000000;2.000000;8.245049;-333.006866;1959.328735;0.164271;0.000000;0.000000;0.000000;0.000000;2.000000;4.005936;-480.958099;1934.868164;0.349981;0.000000;0.000000;0.000000;0.000000;2.000000;-49.516724;-701.486572;1960.365356;0.574187;0.000000;0.000000;0.000000;0.000000;2.000000;-24.669815;-665.598389;1987.799561;0.510836;0.000000;0.000000;0.000000;0.000000;2.000000;26.557831;-721.540039;2117.626465;0.871072;0.000000;0.000000;0.000000;0.000000;2.000000;240.975388;-905.213745;2186.733887;1.805144;0.000000;0.000000;0.000000;0.000000;2.000000;377.313599;-1087.266357;2098.504395;3.533280;0.000000;0.000000;0.000000;0.000000;2.000000;445.752563;-1145.001465;2145.845947;5.494593;0.000000;0.000000;0.000000;0.000000;0.000000;516.410217;-1229.054565;2175.172852;7.269254;0.000000;0.000000;0.000000;0.000000;0.000000;483.541138;-1168.838623;2127.748291;7.580421;0.000000;0.000000;0.000000;0.000000;0.000000;-58.487587;-663.927612;1925.638062;0.571244;0.000000;0.000000;0.000000;0.000000;2.000000;-103.286438;-708.703857;1802.664307;0.904672;0.000000;0.000000;0.000000;0.000000;2.000000;-35.563332;-875.425659;1567.438599;1.865836;0.000000;0.000000;0.000000;0.000000;2.000000;43.916092;-1084.407104;1462.358276;3.882002;0.000000;0.000000;0.000000;0.000000;2.000000;16.031067;-1068.484619;1358.138306;4.995670;0.000000;0.000000;0.000000;0.000000;2.000000;46.037384;-1112.186890;1259.801758;5.698218;0.000000;0.000000;0.000000;0.000000;2.000000;53.294205;-1099.761597;1331.937866;4.364858;0.000000;0.000000;0.000000;0.000000;2.000000;57.979919;-164.075836;2075.090332;0.576267;0.000000;0.000000;0.000000;0.000000;2.000000;147.894699;240.551971;2149.285156;0.924351;0.000000;0.000000;0.000000;0.000000;2.000000;188.922226;631.853638;2233.831055;1.179627;0.000000;0.000000;0.000000;0.000000;2.000000;280.976990;800.851440;2191.472900;0.999164;0.000000;0.000000;0.000000;0.000000;2.000000;-52.283035;-137.307190;1932.287598;0.519650;0.000000;0.000000;0.000000;0.000000;2.000000;-143.051605;273.258972;1943.609497;0.875147;0.000000;0.000000;0.000000;0.000000;2.000000;-294.395508;647.446045;1993.132324;1.688503;0.000000;0.000000;0.000000;0.000000;2.000000;-267.143250;824.499390;1965.246338;2.329757;0.000000;0.000000;0.000000;0.000000;2.000000;-57.457504;-786.991455;1963.243652;0.678742;0.000000;0.000000;0.000000;0.000000;2.000000;92.157593;-818.087036;1891.025146;1.044470;0.000000;0.000000;0.000000;0.000000;2.000000;83.136200;-840.397095;1944.755493;0.600174;0.000000;0.000000;0.000000;0.000000;1.000000;7.863533;-807.186646;2049.690918;0.663180;0.000000;0.000000;0.000000;0.000000;1.000000;60.554031;-861.605957;1899.318359;0.695603;0.000000;0.000000;0.000000;0.000000;2.000000;-73.663254;-886.967773;1917.613647;1.202698;0.000000;0.000000;0.000000;0.000000;2.000000;13367467008.000000
0.000000;-150.000000;2000.000000;0.000000;0.000000;0.000000;0.000000;0.000000;2.000000;-5.285568;-339.266907;1966.586792;0.506026;0.000000;0.000000;0.000000;0.000000;2.000000;-18.129784;-490.937744;1945.209229;0.805410;0.000000;0.000000;0.000000;0.000000;2.000000;-60.396900;-719.051636;1975.552002;0.782551;0.000000;0.000000;0.000000;0.000000;2.000000;-37.071541;-680.402222;2002.982300;0.749685;0.000000;0.000000;0.000000;0.000000;1.000000;56.221405;-679.246887;2125.575684;1.595059;0.000000;0.000000;0.000000;0.000000;1.000000;325.192688;-786.762024;2194.762451;4.442150;0.000000;0.000000;0.000000;0.000000;1.000000;465.688416;-968.578735;2096.367188;4.516336;0.000000;0.000000;0.000000;0.000000;1.000000;464.605164;-1072.334717;2097.970703;2.717250;0.000000;0.000000;0.000000;0.000000;0.000000;512.536011;-1167.190918;2145.566406;2.096329;0.000000;0.000000;0.000000;0.000000;0.000000;482.856262;-1113.811157;2116.769531;1.712529;0.000000;0.000000;0.000000;0.000000;0.000000;-71.642044;-681.815369;1939.242432;0.794683;0.000000;0.000000;0.000000;0.000000;2.000000;-96.964867;-685.373535;1799.840698;0.742675;0.000000;0.000000;0.000000;0.000000;2.000000;-45.489090;-780.125183;1516.200195;3.315911;0.000000;0.000000;0.000000;0.000000;2.000000;40.140274;-943.838623;1343.181885;5.625240;0.000000;0.000000;0.000000;0.000000;2.000000;1.866890;-898.221436;1248.635254;6.192971;0.000000;0.000000;0.000000;0.000000;2.000000;32.649963;-932.865234;1143.975098;6.527573;0.000000;0.000000;0.000000;0.000000;2.000000;31.830368;-920.801514;1210.813477;6.627201;0.000000;0.000000;0.000000;0.000000;2.000000;51.515030;-165.941040;2082.147949;0.297580;0.000000;0.000000;0.000000;0.000000;2.000000;126.670319;254.401566;2143.810547;0.791257;0.000000;0.000000;0.000000;0.000000;2.000000;135.463013;659.535583;2219.954834;1.885366;0.000000;0.000000;0.000000;0.000000;2.000000;236.001144;830.994080;2184.526367;1.665840;0.000000;0.000000;0.000000;0.000000;2.000000;-46.453369;-135.625275;1925.923584;0.268337;0.000000;0.000000;0.000000;0.000000;2.000000;-106.919273;290.959259;1936.297119;1.247985;0.000000;0.000000;0.000000;0.000000;2.000000;-233.420624;684.856689;1985.761963;2.194682;0.000000;0.000000;0.000000;0.000000;2.000000;-171.076401;858.735840;1966.182739;3.112472;0.000000;0.000000;0.000000;0.000000;2.000000;-63.665337;-806.904053;1980.149048;0.819351;0.000000;0.000000;0.000000;0.000000;2.000000;87.074402;-800.700928;1895.131226;0.566819;0.000000;0.000000;0.000000;0.000000;2.000000;88.507599;-819.947632;1952.281006;0.684891;0.000000;0.000000;0.000000;0.000000;1.000000;12.039551;-799.270264;2063.593262;0.504587;0.000000;0.000000;0.000000;0.000000;1.000000;69.692917;-851.646729;1909.666260;0.519503;0.000000;0.000000;0.000000;0.000000;2.000000;-52.782646;-913.764038;1942.509766;1.285314;0.000000;0.000000;0.000000;0.000000;2.000000;13367499776.000000
0.000000;-150.000000;2000.000000;0.000000;0.000000;0.000000;0.000000;0.000000;2.000000;-8.754440;-342.405365;1972.084106;0.213609;0.000000;0.000000;0.000000;0.000000;2.000000;-18.661964;-496.268402;1951.221802;0.238310;0.000000;0.000000;0.000000;0.000000;2.000000;-56.764751;-729.662842;1964.069824;0.474990;0.000000;0.000000;0.000000;0.000000;2.000000;-37.429916;-691.664673;1996.337524;0.387117;0.000000;0.000000;0.000000;0.000000;1.000000;36.684845;-661.679199;2130.224854;0.789588;0.000000;0.000000;0.000000;0.000000;1.000000;320.366333;-665.696533;2232.118652;3.752063;0.000000;0.000000;0.000000;0.000000;1.000000;491.775757;-810.421143;2115.120605;4.775921;0.000000;0.000000;0.000000;0.000000;1.000000;424.340698;-882.642456;2079.475342;5.764634;0.000000;0.000000;0.000000;0.000000;0.000000;519.662598;-837.694336;2026.679199;10.368169;0.000000;0.000000;0.000000;0.000000;0.000000;500.450500;-914.774170;2018.428833;6.590376;0.000000;0.000000;0.000000;0.000000;0.000000;-65.543526;-690.146484;1928.539307;0.440084;0.000000;0.000000;0.000000;0.000000;2.000000;-79.783951;-661.238281;1788.744995;0.936185;0.000000;0.000000;0.000000;0.000000;2.000000;-36.898674;-681.544678;1485.276367;3.067989;0.000000;0.000000;0.000000;0.000000;2.000000;29.010483;-817.940063;1278.640747;4.199664;0.000000;0.000000;0.000000;0.000000;2.000000;8.816154;-744.843384;1194.729736;4.815444;0.000000;0.000000;0.000000;0.000000;2.000000;57.105927;-821.180298;1122.172241;3.444351;0.000000;0.000000;0.000000;0.000000;2.000000;28.399979;-767.704956;1148.512207;4.892378;0.000000;0.000000;0.000000;0.000000;2.000000;44.186432;-164.761353;2087.882813;0.277587;0.000000;0.000000;0.000000;0.000000;2.000000;122.998383;261.717773;2139.088379;0.279662;0.000000;0.000000;0.000000;0.000000;2.000000;61.642212;669.884216;2200.949951;2.276491;0.000000;0.000000;0.000000;0.000000;2.000000;161.408127;846.361572;2175.135742;2.270843;0.000000;0.000000;0.000000;0.000000;2.000000;-39.844841;-136.689087;1920.752075;0.250315;0.000000;0.000000;0.000000;0.000000;2.000000;-89.306328;296.406036;1937.771118;0.547312;0.000000;0.000000;0.000000;0.000000;2.000000;-182.674561;705.070679;1984.149048;1.617178;0.000000;0.000000;0.000000;0.000000;2.000000;-84.944061;862.574097;1952.614990;2.582825;0.000000;0.000000;0.000000;0.000000;2.000000;-57.610008;-818.764771;1963.269531;0.636253;0.000000;0.000000;0.000000;0.000000;2.000000;96.980698;-812.819092;1880.849243;0.627032;0.000000;0.000000;0.000000;0.000000;2.000000;96.683731;-834.499390;1937.927979;0.651453;0.000000;0.000000;0.000000;0.000000;1.000000;17.247757;-816.028931;2049.611572;0.664005;0.000000;0.000000;0.000000;0.000000;1.000000;77.898392;-864.479858;1893.192993;0.663953;0.000000;0.000000;0.000000;0.000000;2.000000;-48.182663;-925.644409;1921.308228;0.731971;0.000000;0.000000;0.000000;0.000000;2.000000;13367533568.000000
0.000000;-150.000000;2000.000000;0.000000;0.000000;0.000000;0.000000;0.000000;2.000000;0.842651;-329.483826;1941.435791;1.056450;0.000000;0.000000;0.000000;0.000000;2.000000;-10.553841;-473.564758;1897.935547;1.784854;0.000000;0.000000;0.000000;0.000000;2.000000;-18.223015;-700.955505;1865.984741;3.333305;0.000000;0.000000;0.000000;0.000000;2.000000;-10.709511;-668.790955;1905.978638;2.959090;0.000000;0.000000;0.000000;0.000000;2.000000;20.300751;-671.561768;2054.020264;2.397766;0.000000;0.000000;0.000000;0.000000;2.000000;193.841827;-612.183716;2281.790039;4.458003;0.000000;0.000000;0.000000;0.000000;2.000000;435.708069;-572.274597;2269.437500;8.827500;0.000000;0.000000;0.000000;0.000000;2.000000;528.454712;-614.156006;2274.737305;10.617834;0.000000;0.000000;0.000000;0.000000;0.000000;492.759338;-579.244507;2377.609863;13.325823;0.000000;0.000000;0.000000;0.000000;0.000000;539.770447;-588.765137;2376.664063;14.830426;0.000000;0.000000;0.000000;0.000000;0.000000;-25.350868;-657.984314;1837.125854;3.201623;0.000000;0.000000;0.000000;0.000000;1.000000;-53.496418;-616.750549;1707.216919;2.945700;0.000000;0.000000;0.000000;0.000000;1.000000;-16.747177;-557.246521;1417.567505;4.363118;0.000000;0.000000;0.000000;0.000000;1.000000;182.563934;-658.599426;1309.021851;6.816504;0.000000;0.000000;0.000000;0.000000;1.000000;131.566589;-698.355774;1220.380615;4.081460;0.000000;0.000000;0.000000;0.000000;1.000000;111.453224;-766.584656;1133.354980;2.375547;0.000000;0.000000;0.000000;0.000000;1.000000;102.357048;-741.717712;1229.336670;3.436119;0.000000;0.000000;0.000000;0.000000;1.000000;25.731644;-178.738983;2088.447510;0.706712;0.000000;0.000000;0.000000;0.000000;2.000000;145.981171;223.571930;2144.755859;1.370044;0.000000;0.000000;0.000000;0.000000;1.000000;101.719902;618.177124;2223.871582;2.115475;0.000000;0.000000;0.000000;0.000000;1.000000;223.437317;774.574524;2218.508789;3.183529;0.000000;0.000000;0.000000;0.000000;1.000000;-23.203346;-124.084808;1920.242798;0.637274;0.000000;0.000000;0.000000;0.000000;2.000000;-9.007401;298.697266;1932.584595;2.456630;0.000000;0.000000;0.000000;0.000000;2.000000;-91.498146;697.244019;1974.470581;2.808292;0.000000;0.000000;0.000000;0.000000;2.000000;10.760910;848.003723;1965.235840;2.979338;0.000000;0.000000;0.000000;0.000000;2.000000;-7.191772;-785.404175;1851.167236;3.886873;0.000000;0.000000;0.000000;0.000000;2.000000;135.657562;-845.147217;1921.465210;1.975566;0.000000;0.000000;0.000000;0.000000;2.000000;84.476067;-860.818970;1946.830078;0.926144;0.000000;0.000000;0.000000;0.000000;2.000000;-38.040028;-806.849243;1955.498779;3.342786;0.000000;0.000000;0.000000;0.000000;2.000000;102.602592;-882.808838;1899.404175;0.957702;0.000000;0.000000;0.000000;0.000000;2.000000;1.912033;-886.387085;1804.149658;4.068892;0.000000;0.000000;0.000000;0.000000;2.000000;13367566336.000000
0.000000;-150.000000;2000.000000;0.000000;0.000000;0.000000;0.000000;0.000000;2.000000;-0.069817;-324.906097;1939.594360;0.148493;0.000000;0.000000;0.000000;0.000000;2.000000;-8.991295;-465.224030;1893.600220;0.281994;0.000000;0.000000;0.000000;0.000000;2.000000;-6.475670;-688.232300;1862.485718;0.522816;0.000000;0.000000;0.000000;0.000000;2.000000;-2.029984;-656.422852;1901.893066;0.463197;0.000000;0.000000;0.000000;0.000000;2.000000;15.735657;-643.319580;2048.511230;0.862167;0.000000;0.000000;0.000000;0.000000;2.000000;126.295670;-541.083496;2292.391113;2.919073;0.000000;0.000000;0.000000;0.000000;1.000000;364.234680;-510.301727;2274.804443;2.803969;0.000000;0.000000;0.000000;0.000000;1.000000;440.680908;-572.028076;2256.889160;2.929173;0.000000;0.000000;0.000000;0.000000;0.000000;489.666565;-573.960327;2357.672852;0.617187;0.000000;0.000000;0.000000;0.000000;0.000000;484.913513;-568.275146;2336.341797;2.104006;0.000000;0.000000;0.000000;0.000000;0.000000;-13.878998;-646.435791;1833.834717;0.491458;0.000000;0.000000;0.000000;0.000000;2.000000;-27.117989;-593.582153;1708.786377;1.039992;0.000000;0.000000;0.000000;0.000000;2.000000;-29.593849;-393.237152;1496.309082;5.397288;0.000000;0.000000;0.000000;0.000000;2.000000;152.112808;-258.349854;1406.118530;12.221317;0.000000;0.000000;0.000000;0.000000;2.000000;123.802795;-264.780121;1302.573364;13.061251;0.000000;0.000000;0.000000;0.000000;2.000000;124.645981;-266.400482;1192.426758;14.909832;0.000000;0.000000;0.000000;0.000000;1.000000;162.761551;-395.799835;1361.774292;11.106081;0.000000;0.000000;0.000000;0.000000;1.000000;24.048264;-179.866669;2086.452148;0.084155;0.000000;0.000000;0.000000;0.000000;2.000000;148.623245;211.675705;2146.376953;0.363797;0.000000;0.000000;0.000000;0.000000;1.000000;121.190369;599.204102;2227.272949;0.810780;0.000000;0.000000;0.000000;0.000000;1.000000;243.549515;749.824219;2217.383789;0.944351;0.000000;0.000000;0.000000;0.000000;1.000000;-21.685371;-123.067932;1922.042358;0.075891;0.000000;0.000000;0.000000;0.000000;2.000000;6.026413;289.982300;1947.850952;0.684501;0.000000;0.000000;0.000000;0.000000;2.000000;-49.166019;684.512573;1993.732788;1.426954;0.000000;0.000000;0.000000;0.000000;2.000000;52.119598;829.305176;1966.592651;1.343793;0.000000;0.000000;0.000000;0.000000;2.000000;8.163017;-770.524536;1848.621826;0.637210;0.000000;0.000000;0.000000;0.000000;2.000000;160.970230;-815.172607;1897.962891;1.353387;0.000000;0.000000;0.000000;0.000000;2.000000;116.249634;-834.627930;1929.457153;1.322553;0.000000;0.000000;0.000000;0.000000;2.000000;-5.904526;-792.667603;1954.092285;1.040299;0.000000;0.000000;0.000000;0.000000;2.000000;129.457367;-855.175659;1881.041016;1.263158;0.000000;0.000000;0.000000;0.000000;2.000000;19.780891;-868.961792;1801.992798;0.741351;0.000000;0.000000;0.000000;0.000000;2.000000;13367600128.000000
0.000000;-150.000000;2000.000000;0.000000;0.000000;0.000000;0.000000;0.000000;2.000000;9.204834;-319.919800;1943.504883;0.342796;0.000000;0.000000;0.000000;0.000000;2.000000;12.506287;-455.921204;1898.339111;0.729329;0.000000;0.000000;0.000000;0.000000;2.000000;-9.200798;-670.288818;1863.919434;0.555596;0.000000;0.000000;0.000000;0.000000;2.000000;-3.594795;-640.727905;1902.924438;0.482374;0.000000;0.000000;0.000000;0.000000;2.000000;8.478867;-626.452637;2045.373169;0.568481;0.000000;0.000000;0.000000;0.000000;2.000000;134.510132;-502.521606;2259.595947;1.565055;0.000000;0.000000;0.000000;0.000000;1.000000;363.266174;-467.931885;2288.065674;1.355201;0.000000;0.000000;0.000000;0.000000;1.000000;408.447632;-553.396118;2283.572021;1.397861;0.000000;0.000000;0.000000;0.000000;0.000000;489.395081;-592.006409;2344.810059;0.676353;0.000000;0.000000;0.000000;0.000000;0.000000;470.817993;-557.998352;2320.894775;0.711070;0.000000;0.000000;0.000000;0.000000;0.000000;-9.713814;-628.851929;1836.622314;0.557989;0.000000;0.000000;0.000000;0.000000;2.000000;-13.756561;-570.804504;1717.949097;0.853022;0.000000;0.000000;0.000000;0.000000;2.000000;32.519936;-348.364807;1549.249878;2.842295;0.000000;0.000000;0.000000;0.000000;2.000000;101.036850;-168.858704;1412.123413;3.149893;0.000000;0.000000;0.000000;0.000000;2.000000;79.620392;-200.304047;1315.115967;2.415822;0.000000;0.000000;0.000000;0.000000;2.000000;79.112473;-214.538635;1209.326660;2.168372;0.000000;0.000000;0.000000;0.000000;2.000000;93.584244;-269.022522;1337.062988;4.471490;0.000000;0.000000;0.000000;0.000000;2.000000;1.113251;-178.855896;2086.971191;0.700779;0.000000;0.000000;0.000000;0.000000;2.000000;20.416824;218.929581;2144.210693;3.919365;0.000000;0.000000;0.000000;0.000000;2.000000;-124.247002;573.278015;2181.145020;7.662249;0.000000;0.000000;0.000000;0.000000;2.000000;-54.322758;747.976440;2174.783203;9.183009;0.000000;0.000000;0.000000;0.000000;2.000000;-1.003868;-123.979370;1921.574341;0.631923;0.000000;0.000000;0.000000;0.000000;2.000000;88.481461;266.927551;1948.373413;2.612887;0.000000;0.000000;0.000000;0.000000;2.000000;20.849739;647.485107;1988.166626;2.423069;0.000000;0.000000;0.000000;0.000000;2.000000;110.733398;795.463196;1993.752563;2.225591;0.000000;0.000000;0.000000;0.000000;2.000000;-3.904922;-750.973633;1849.711670;0.701945;0.000000;0.000000;0.000000;0.000000;2.000000;136.728485;-812.887939;1899.409790;0.744388;0.000000;0.000000;0.000000;0.000000;2.000000;91.102188;-825.111145;1929.959229;0.820699;0.000000;0.000000;0.000000;0.000000;2.000000;-20.790855;-768.378906;1952.193604;0.871301;0.000000;0.000000;0.000000;0.000000;1.000000;101.311646;-847.485840;1883.523682;0.893638;0.000000;0.000000;0.000000;0.000000;2.000000;-5.431274;-847.872925;1806.418579;1.012145;0.000000;0.000000;0.000000;0.000000;2.000000;13367632896.000000
0.000000;-150.000000;2000.000000;0.000000;0.000000;0.000000;0.000000;0.000000;2.000000;6.543472;-325.250824;1949.533203;0.250830;0.000000;0.000000;0.000000;0.000000;2.000000;11.226433;-465.353485;1909.113770;0.425457;0.000000;0.000000;0.000000;0.000000;2.000000;5.394661;-686.136963;1885.916992;0.911191;0.000000;0.000000;0.000000;0.000000;2.000000;3.695763;-653.483887;1923.925049;0.758461;0.000000;0.000000;0.000000;0.000000;2.000000;-2.460045;-627.937500;2067.769531;0.738909;0.000000;0.000000;0.000000;0.000000;2.000000;-14.020622;-433.397003;2272.517578;4.863185;0.000000;0.000000;0.000000;0.000000;2.000000;166.418198;-292.640717;2335.089355;7.923323;0.000000;0.000000;0.000000;0.000000;2.000000;158.471863;-269.749878;2430.559570;12.004193;0.000000;0.000000;0.000000;0.000000;0.000000;239.390457;-221.897125;2488.686523;13.886046;0.000000;0.000000;0.000000;0.000000;0.000000;208.766098;-288.706085;2477.776855;12.049814;0.000000;0.000000;0.000000;0.000000;0.000000;6.871178;-645.774536;1855.594727;0.898272;0.000000;0.000000;0.000000;0.000000;2.000000;20.051727;-590.581177;1733.628052;1.248503;0.000000;0.000000;0.000000;0.000000;2.000000;12.127777;-332.095734;1606.837402;1.870875;0.000000;0.000000;0.000000;0.000000;2.000000;61.729950;-108.818695;1533.306641;4.167778;0.000000;0.000000;0.000000;0.000000;2.000000;46.748383;-36.501984;1457.192871;6.490042;0.000000;0.000000;0.000000;0.000000;2.000000;67.901199;51.871536;1397.647095;9.660346;0.000000;0.000000;0.000000;0.000000;2.000000;54.704697;-38.812820;1428.396606;7.418884;0.000000;0.000000;0.000000;0.000000;2.000000;-12.020515;-176.008728;2088.759277;0.401197;0.000000;0.000000;0.000000;0.000000;2.000000;31.876244;224.827545;2160.127441;0.606073;0.000000;0.000000;0.000000;0.000000;2.000000;-158.652252;566.507568;2170.745117;1.082352;0.000000;0.000000;0.000000;0.000000;2.000000;-127.433868;755.474854;2164.581543;2.195765;0.000000;0.000000;0.000000;0.000000;2.000000;10.839424;-126.546814;1919.961792;0.361778;0.000000;0.000000;0.000000;0.000000;2.000000;117.197784;264.083221;1978.489014;1.234295;0.000000;0.000000;0.000000;0.000000;2.000000;40.785324;651.743042;1995.203735;0.638189;0.000000;0.000000;0.000000;0.000000;2.000000;134.818085;798.555664;2021.438354;1.089778;0.000000;0.000000;0.000000;0.000000;2.000000;16.926552;-768.504761;1877.896484;1.159673;0.000000;0.000000;0.000000;0.000000;2.000000;157.402847;-834.408203;1932.117065;1.310235;0.000000;0.000000;0.000000;0.000000;2.000000;110.516052;-843.207397;1963.774170;1.272085;0.000000;0.000000;0.000000;0.000000;1.000000;-0.902382;-779.709839;1982.992310;1.135570;0.000000;0.000000;0.000000;0.000000;1.000000;119.939926;-868.962891;1917.860840;1.319227;0.000000;0.000000;0.000000;0.000000;2.000000;11.324211;-869.266968;1839.349609;1.263479;0.000000;0.000000;0.000000;0.000000;2.000000;13367666688.000000
0.000000;-150.000000;2000.000000;0.000000;0.000000;0.000000;0.000000;0.000000;2.000000;-0.014023;-331.518585;1971.487305;0.702957;0.000000;0.000000;0.000000;0.000000;2.000000;7.200394;-476.904175;1951.763794;1.313018;0.000000;0.000000;0.000000;0.000000;2.000000;12.250725;-697.320068;1914.492920;0.930481;0.000000;0.000000;0.000000;0.000000;2.000000;2.682472;-667.001526;1953.705566;0.968292;0.000000;0.000000;0.000000;0.000000;2.000000;-20.524513;-649.556274;2098.044922;1.223832;0.000000;0.000000;0.000000;0.000000;2.000000;13.160744;-455.001526;2303.026367;1.367805;0.000000;0.000000;0.000000;0.000000;2.000000;168.947845;-308.962463;2410.101807;2.273002;0.000000;0.000000;0.000000;0.000000;2.000000;132.945953;-250.546448;2481.704834;1.784468;0.000000;0.000000;0.000000;0.000000;0.000000;236.029663;-278.336212;2513.112549;1.822613;0.000000;0.000000;0.000000;0.000000;0.000000;226.421936;-360.800812;2527.616211;2.645759;0.000000;0.000000;0.000000;0.000000;0.000000;18.016960;-654.785278;1887.225952;1.027666;0.000000;0.000000;0.000000;0.000000;2.000000;49.839172;-575.331726;1782.249512;1.746698;0.000000;0.000000;0.000000;0.000000;2.000000;41.339890;-291.614838;1722.834473;3.737065;0.000000;0.000000;0.000000;0.000000;2.000000;81.351212;-53.406479;1709.724731;5.502897;0.000000;0.000000;0.000000;0.000000;2.000000;81.603226;23.045044;1635.174561;5.648908;0.000000;0.000000;0.000000;0.000000;2.000000;73.282211;111.834167;1571.825562;5.453642;0.000000;0.000000;0.000000;0.000000;2.000000;55.731400;26.413467;1618.629761;5.951331;0.000000;0.000000;0.000000;0.000000;2.000000;-36.780788;-163.405609;2085.361816;0.828309;0.000000;0.000000;0.000000;0.000000;2.000000;28.384636;225.454636;2205.962402;1.360441;0.000000;0.000000;0.000000;0.000000;2.000000;-202.950165;543.820679;2185.983398;1.540306;0.000000;0.000000;0.000000;0.000000;2.000000;-173.581360;734.479309;2182.167969;1.588030;0.000000;0.000000;0.000000;0.000000;2.000000;33.166855;-137.911560;1923.025513;0.746923;0.000000;0.000000;0.000000;0.000000;2.000000;142.277145;250.389557;2006.421143;1.182489;0.000000;0.000000;0.000000;0.000000;2.000000;53.162628;638.436890;2012.228394;0.736908;0.000000;0.000000;0.000000;0.000000;2.000000;153.179504;778.315674;2056.315918;1.311213;0.000000;0.000000;0.000000;0.000000;2.000000;27.588440;-779.337891;1903.727051;0.886921;0.000000;0.000000;0.000000;0.000000;2.000000;172.409637;-858.400391;1916.586304;0.955272;0.000000;0.000000;0.000000;0.000000;2.000000;136.016891;-862.815125;1961.075195;0.955275;0.000000;0.000000;0.000000;0.000000;1.000000;40.493179;-788.762329;2010.458618;1.494345;0.000000;0.000000;0.000000;0.000000;1.000000;129.233093;-889.579163;1914.844360;0.675139;0.000000;0.000000;0.000000;0.000000;2.000000;1.931595;-879.892944;1871.143677;1.030236;0.000000;0.000000;0.000000;0.000000;2.000000;13367700480.000000
0.000000;-150.000000;2000.000000;0.000000;0.000000;0.000000;0.000000;0.000000;2.000000;-1.522141;-328.289551;1974.212891;0.136921;0.000000;0.000000;0.000000;0.000000;2.000000;8.082550;-471.270752;1959.843384;0.301790;0.000000;0.000000;0.000000;0.000000;2.000000;20.759979;-687.851379;1928.321655;0.573615;0.000000;0.000000;0.000000;0.000000;2.000000;4.648293;-657.633850;1964.057007;0.430255;0.000000;0.000000;0.000000;0.000000;2.000000;-36.294106;-629.231812;2099.534912;0.786373;0.000000;0.000000;0.000000;0.000000;2.000000;-21.173542;-397.146362;2253.724121;2.545388;0.000000;0.000000;0.000000;0.000000;2.000000;30.119820;-206.121689;2379.146973;5.356478;0.000000;0.000000;0.000000;0.000000;2.000000;39.166267;-213.831497;2475.652832;3.078987;0.000000;0.000000;0.000000;0.000000;0.000000;129.405670;-159.379318;2447.418945;5.271249;0.000000;0.000000;0.000000;0.000000;0.000000;26.061836;-200.864273;2507.132813;7.848622;0.000000;0.000000;0.000000;0.000000;0.000000;30.685707;-646.508789;1902.281982;0.651450;0.000000;0.000000;0.000000;0.000000;2.000000;82.036201;-571.079163;1805.800903;1.224284;0.000000;0.000000;0.000000;0.000000;2.000000;72.342506;-290.106812;1848.243530;3.942662;0.000000;0.000000;0.000000;0.000000;2.000000;112.112343;-67.888351;1920.956177;6.529242;0.000000;0.000000;0.000000;0.000000;2.000000;129.819061;29.941608;1888.141724;7.861740;0.000000;0.000000;0.000000;0.000000;2.000000;124.141045;135.821716;1872.029785;9.320840;0.000000;0.000000;0.000000;0.000000;2.000000;108.155022;36.529343;1845.318726;7.107285;0.000000;0.000000;0.000000;0.000000;2.000000;-46.037380;-161.029099;2078.971680;0.350841;0.000000;0.000000;0.000000;0.000000;2.000000;9.836555;214.543167;2217.691406;0.747937;0.000000;0.000000;0.000000;0.000000;2.000000;-206.314514;533.318604;2187.367676;0.339183;0.000000;0.000000;0.000000;0.000000;2.000000;-164.233704;717.723694;2190.535645;0.638793;0.000000;0.000000;0.000000;0.000000;2.000000;41.513939;-140.054565;1928.787720;0.316368;0.000000;0.000000;0.000000;0.000000;2.000000;153.904022;237.250565;2018.661743;0.652855;0.000000;0.000000;0.000000;0.000000;2.000000;60.157310;616.031738;2006.341309;0.738484;0.000000;0.000000;0.000000;0.000000;2.000000;163.661163;745.464417;2059.509766;1.056839;0.000000;0.000000;0.000000;0.000000;2.000000;37.944084;-768.269836;1921.876099;0.721616;0.000000;0.000000;0.000000;0.000000;2.000000;183.904358;-829.594849;1957.422363;1.564892;0.000000;0.000000;0.000000;0.000000;2.000000;142.253906;-839.102600;1994.426758;1.263262;0.000000;0.000000;0.000000;0.000000;1.000000;34.125069;-778.864258;2027.085815;0.621682;0.000000;0.000000;0.000000;0.000000;1.000000;146.260895;-864.684631;1948.417725;1.377305;0.000000;0.000000;0.000000;0.000000;2.000000;29.989090;-868.161560;1885.387329;1.024832;0.000000;0.000000;0.000000;0.000000;2.000000;13367733248.000000
0.000000;-150.000000;2000.000000;0.000000;0.000000;0.000000;0.000000;0.000000;2.000000;0.656418;-328.994568;1963.489014;0.324503;0.000000;0.000000;0.000000;0.000000;2.000000;8.053986;-472.680725;1938.415161;0.635493;0.000000;0.000000;0.000000;0.000000;2.000000;17.106003;-692.370483;1905.619629;0.693480;0.000000;0.000000;0.000000;0.000000;2.000000;0.073479;-661.550049;1941.382568;0.694262;0.000000;0.000000;0.000000;0.000000;2.000000;-43.354465;-618.667358;2074.430664;0.832647;0.000000;0.000000;0.000000;0.000000;2.000000;-128.662170;-352.925537;2121.048340;5.219767;0.000000;0.000000;0.000000;0.000000;2.000000;-201.990265;-130.417923;2160.000977;9.708565;0.000000;0.000000;0.000000;0.000000;2.000000;-254.692337;-69.504715;2216.870605;12.349504;0.000000;0.000000;0.000000;0.000000;0.000000;-171.517670;-98.250229;2149.805176;12.654707;0.000000;0.000000;0.000000;0.000000;2.000000;-166.658173;-5.755264;2236.665039;11.398468;0.000000;0.000000;0.000000;0.000000;0.000000;29.152939;-650.552856;1879.884888;0.675036;0.000000;0.000000;0.000000;0.000000;2.000000;85.059219;-577.873230;1781.263916;0.758732;0.000000;0.000000;0.000000;0.000000;2.000000;57.822266;-292.559814;1812.601440;1.141229;0.000000;0.000000;0.000000;0.000000;2.000000;110.994766;-76.027954;1902.755005;0.590956;0.000000;0.000000;0.000000;0.000000;2.000000;120.011459;29.653130;1898.139893;0.414548;0.000000;0.000000;0.000000;0.000000;2.000000;113.078583;135.933594;1920.144653;1.461007;0.000000;0.000000;0.000000;0.000000;2.000000;91.097000;49.761875;1851.414307;0.663850;0.000000;0.000000;0.000000;0.000000;2.000000;-48.255230;-166.145004;2078.282715;0.166263;0.000000;0.000000;0.000000;0.000000;2.000000;-23.161972;229.840088;2181.280762;1.522990;0.000000;0.000000;0.000000;0.000000;2.000000;-229.440674;562.070496;2157.766602;1.399872;0.000000;0.000000;0.000000;0.000000;2.000000;-150.964371;737.041321;2152.762451;1.315486;0.000000;0.000000;0.000000;0.000000;2.000000;43.513870;-135.441330;1929.408936;0.149927;0.000000;0.000000;0.000000;0.000000;2.000000;139.838623;255.370895;2004.697144;0.794715;0.000000;0.000000;0.000000;0.000000;2.000000;47.749374;640.197266;1992.239502;0.905748;0.000000;0.000000;0.000000;0.000000;2.000000;170.644104;752.219360;2051.380127;0.374886;0.000000;0.000000;0.000000;0.000000;2.000000;32.898132;-774.264526;1899.262939;0.708223;0.000000;0.000000;0.000000;0.000000;2.000000;181.915314;-828.026672;1943.726440;0.412173;0.000000;0.000000;0.000000;0.000000;2.000000;137.649811;-843.500793;1976.680542;0.557940;0.000000;0.000000;0.000000;0.000000;1.000000;21.186447;-793.216919;2004.221436;0.885901;0.000000;0.000000;0.000000;0.000000;1.000000;147.543915;-865.511902;1928.891357;0.579603;0.000000;0.000000;0.000000;0.000000;2.000000;35.899292;-872.823181;1854.855957;0.930564;0.000000;0.000000;0.000000;0.000000;2.000000;13367767040.000000
0.000000;-150.000000;2000.000000;0.000000;0.000000;0.000000;0.000000;0.000000;2.000000;1.147469;-333.640381;1961.758423;0.152037;0.000000;0.000000;0.000000;0.000000;2.000000;4.191330;-480.690186;1932.497314;0.325971;0.000000;0.000000;0.000000;0.000000;2.000000;4.446762;-704.799744;1889.095093;0.739888;0.000000;0.000000;0.000000;0.000000;2.000000;-13.006180;-673.968811;1926.522949;0.713166;0.000000;0.000000;0.000000;0.000000;2.000000;-65.266647;-635.451050;2062.085449;0.922742;0.000000;0.000000;0.000000;0.000000;2.000000;-166.723450;-367.803345;2112.038086;1.277078;0.000000;0.000000;0.000000;0.000000;2.000000;-252.464478;-143.368332;2153.858887;1.601253;0.000000;0.000000;0.000000;0.000000;2.000000;-321.303131;-72.740936;2130.970947;3.318739;0.000000;0.000000;0.000000;0.000000;2.000000;-274.610077;23.984207;2093.931641;5.169209;0.000000;0.000000;0.000000;0.000000;2.000000;-284.424500;-49.030106;2256.220947;3.875138;0.000000;0.000000;0.000000;0.000000;0.000000;19.805885;-661.397827;1865.105591;0.627957;0.000000;0.000000;0.000000;0.000000;2.000000;81.581841;-588.426453;1765.210083;0.595827;0.000000;0.000000;0.000000;0.000000;2.000000;60.467827;-293.441528;1778.874390;1.032780;0.000000;0.000000;0.000000;0.000000;2.000000;121.474281;-70.254684;1865.203003;1.202758;0.000000;0.000000;0.000000;0.000000;2.000000;130.136841;37.128117;1881.875732;0.627596;0.000000;0.000000;0.000000;0.000000;2.000000;120.976570;140.061279;1924.207153;0.298885;0.000000;0.000000;0.000000;0.000000;2.000000;84.774651;51.725586;1779.967163;2.189734;0.000000;0.000000;0.000000;0.000000;2.000000;-50.895134;-166.868576;2079.477539;0.091146;0.000000;0.000000;0.000000;0.000000;2.000000;-28.123405;242.075653;2176.573486;0.427773;0.000000;0.000000;0.000000;0.000000;2.000000;-235.559814;584.867981;2140.634033;0.890096;0.000000;0.000000;0.000000;0.000000;2.000000;-145.128510;759.638794;2149.410156;0.719556;0.000000;0.000000;0.000000;0.000000;2.000000;45.894371;-134.788895;1928.331665;0.082188;0.000000;0.000000;0.000000;0.000000;2.000000;141.190002;266.435547;2010.417358;0.382352;0.000000;0.000000;0.000000;0.000000;2.000000;38.874489;659.470215;1992.922241;0.647862;0.000000;0.000000;0.000000;0.000000;2.000000;170.744324;775.487732;2037.576782;0.825645;0.000000;0.000000;0.000000;0.000000;2.000000;17.032112;-789.207764;1879.408081;0.899749;0.000000;0.000000;0.000000;0.000000;2.000000;166.951355;-837.701599;1940.387451;0.553264;0.000000;0.000000;0.000000;0.000000;2.000000;118.991570;-858.561218;1967.373291;0.784943;0.000000;0.000000;0.000000;0.000000;2.000000;-6.417603;-816.402222;1983.568237;1.267893;0.000000;0.000000;0.000000;0.000000;2.000000;136.493744;-877.223328;1918.716553;0.581270;0.000000;0.000000;0.000000;0.000000;2.000000;32.570732;-886.817200;1828.793945;0.908451;0.000000;0.000000;0.000000;0.000000;2.000000;13367799808.000000
0.000000;-150.000000;2000.000000;0.000000;0.000000;0.000000;0.000000;0.000000;2.000000;5.507187;-332.509094;1956.164429;0.212533;0.000000;0.000000;0.000000;0.000000;2.000000;-1.728508;-475.396179;1910.696533;0.686620;0.000000;0.000000;0.000000;0.000000;2.000000;-10.184624;-697.624451;1858.146851;1.035053;0.000000;0.000000;0.000000;0.000000;2.000000;-28.328613;-667.324219;1895.753662;1.036034;0.000000;0.000000;0.000000;0.000000;2.000000;-100.139717;-642.498535;2025.623901;1.507562;0.000000;0.000000;0.000000;0.000000;2.000000;-201.149445;-389.176270;2126.749023;1.275708;0.000000;0.000000;0.000000;0.000000;2.000000;-287.310852;-176.912537;2211.110352;2.217924;0.000000;0.000000;0.000000;0.000000;2.000000;-352.572052;-130.074249;2149.308105;2.007323;0.000000;0.000000;0.000000;0.000000;2.000000;-369.515900;-18.203049;2137.785645;3.336259;0.000000;0.000000;0.000000;0.000000;2.000000;-395.226105;-95.107391;2275.772705;3.597977;0.000000;0.000000;0.000000;0.000000;0.000000;8.812790;-654.172424;1836.890869;0.921247;0.000000;0.000000;0.000000;0.000000;2.000000;70.006767;-580.822998;1736.713501;0.937606;0.000000;0.000000;0.000000;0.000000;2.000000;82.270927;-285.335175;1717.496094;1.942420;0.000000;0.000000;0.000000;0.000000;2.000000;153.283478;-49.394897;1737.603394;3.940248;0.000000;0.000000;0.000000;0.000000;2.000000;121.109383;10.535370;1822.939331;1.931975;0.000000;0.000000;0.000000;0.000000;2.000000;130.995819;107.185570;1878.240967;1.698454;0.000000;0.000000;0.000000;0.000000;2.000000;95.165947;47.705826;1647.062500;3.946818;0.000000;0.000000;0.000000;0.000000;2.000000;-65.444092;-168.255341;2067.783936;0.553896;0.000000;0.000000;0.000000;0.000000;2.000000;-64.975357;245.819244;2145.860352;1.423957;0.000000;0.000000;0.000000;0.000000;2.000000;-243.084320;606.284851;2123.281006;0.845561;0.000000;0.000000;0.000000;0.000000;2.000000;-172.612244;787.753174;2154.652344;1.173777;0.000000;0.000000;0.000000;0.000000;2.000000;59.013817;-133.538330;1938.876221;0.499471;0.000000;0.000000;0.000000;0.000000;2.000000;107.404305;282.483093;1980.785889;1.412114;0.000000;0.000000;0.000000;0.000000;2.000000;31.361885;682.096191;1969.612183;0.986703;0.000000;0.000000;0.000000;0.000000;2.000000;148.130341;812.611145;2016.980225;1.423460;0.000000;0.000000;0.000000;0.000000;2.000000;-1.314583;-782.240723;1845.743164;1.153158;0.000000;0.000000;0.000000;0.000000;2.000000;148.210419;-813.574646;1918.312988;1.115384;0.000000;0.000000;0.000000;0.000000;2.000000;100.422783;-835.933838;1944.527344;1.098820;0.000000;0.000000;0.000000;0.000000;2.000000;-28.650604;-802.657104;1950.625122;1.244476;0.000000;0.000000;0.000000;0.000000;2.000000;122.069084;-857.070374;1898.558716;0.945373;0.000000;0.000000;0.000000;0.000000;2.000000;24.405617;-882.210083;1804.495728;0.770720;0.000000;0.000000;0.000000;0.000000;2.000000;13367833600.000000
0.000000;-150.000000;2000.000000;0.000000;0.000000;0.000000;0.000000;0.000000;2.000000;1.302246;-335.857819;1961.302002;0.226921;0.000000;0.000000;0.000000;0.000000;2.000000;-12.198090;-479.610748;1914.522339;0.363674;0.000000;0.000000;0.000000;0.000000;2.000000;-28.533875;-703.636475;1860.480835;0.593555;0.000000;0.000000;0.000000;0.000000;2.000000;-49.547241;-671.603027;1895.876099;0.660586;0.000000;0.000000;0.000000;0.000000;2.000000;-139.498749;-652.665283;2017.082153;1.267658;0.000000;0.000000;0.000000;0.000000;2.000000;-245.873932;-418.947723;2160.384033;1.934423;0.000000;0.000000;0.000000;0.000000;2.000000;-336.729156;-223.087219;2279.968262;2.945489;0.000000;0.000000;0.000000;0.000000;2.000000;-384.299194;-135.878937;2254.834961;3.367490;0.000000;0.000000;0.000000;0.000000;0.000000;-426.906677;-43.208054;2201.748047;2.731305;0.000000;0.000000;0.000000;0.000000;0.000000;-391.699310;-108.946045;2229.278809;1.484306;0.000000;0.000000;0.000000;0.000000;0.000000;-3.912361;-661.201050;1841.675903;0.467056;0.000000;0.000000;0.000000;0.000000;2.000000;79.450417;-599.592773;1747.655884;0.722966;0.000000;0.000000;0.000000;0.000000;2.000000;113.599480;-307.827728;1688.622314;1.470266;0.000000;0.000000;0.000000;0.000000;2.000000;194.555481;-72.007355;1706.036865;1.729339;0.000000;0.000000;0.000000;0.000000;2.000000;211.599548;-9.557800;1795.380859;2.951174;0.000000;0.000000;0.000000;0.000000;2.000000;194.530243;43.942703;1893.464478;2.774925;0.000000;0.000000;0.000000;0.000000;2.000000;160.907379;58.971420;1687.356445;2.378111;0.000000;0.000000;0.000000;0.000000;2.000000;-72.806099;-163.563202;2062.690918;0.308445;0.000000;0.000000;0.000000;0.000000;2.000000;-112.821083;252.018173;2147.408203;1.473097;0.000000;0.000000;0.000000;0.000000;2.000000;-245.697083;636.800049;2140.589600;1.073591;0.000000;0.000000;0.000000;0.000000;2.000000;-198.297821;787.793945;2261.818604;3.363081;0.000000;0.000000;0.000000;0.000000;2.000000;65.652458;-137.769440;1943.468872;0.278139;0.000000;0.000000;0.000000;0.000000;2.000000;85.793495;285.962585;1977.249512;0.676665;0.000000;0.000000;0.000000;0.000000;2.000000;24.970665;692.839600;1973.119507;0.396223;0.000000;0.000000;0.000000;0.000000;2.000000;122.654243;837.928711;2028.334961;1.149561;0.000000;0.000000;0.000000;0.000000;2.000000;-23.640114;-789.674561;1849.094238;0.725344;0.000000;0.000000;0.000000;0.000000;2.000000;138.973328;-799.767090;1901.001953;0.732196;0.000000;0.000000;0.000000;0.000000;2.000000;97.803810;-825.468628;1935.529541;0.428704;0.000000;0.000000;0.000000;0.000000;1.000000;-33.544342;-805.595337;1959.012939;0.309625;0.000000;0.000000;0.000000;0.000000;1.000000;115.276588;-847.613525;1887.573242;0.488520;0.000000;0.000000;0.000000;0.000000;2.000000;7.784798;-890.086914;1809.594482;0.582473;0.000000;0.000000;0.000000;0.000000;2.000000;13367866368.000000
0.000000;-150.000000;2000.000000;0.000000;0.000000;0.000000;0.000000;0.000000;2.000000;1.883904;-339.649628;1960.854736;0.114292;0.000000;0.000000;0.000000;0.000000;2.000000;-11.301796;-486.410797;1913.354980;0.205892;0.000000;0.000000;0.000000;0.000000;2.000000;-27.105980;-714.520874;1856.313354;0.347482;0.000000;0.000000;0.000000;0.000000;2.000000;-49.199005;-682.077759;1892.231445;0.328366;0.000000;0.000000;0.000000;0.000000;2.000000;-143.671326;-668.436035;2014.572876;0.488437;0.000000;0.000000;0.000000;0.000000;2.000000;-268.744568;-453.074188;2181.770996;1.370592;0.000000;0.000000;0.000000;0.000000;2.000000;-374.754456;-272.554077;2321.625000;2.220087;0.000000;0.000000;0.000000;0.000000;2.000000;-425.461731;-193.510773;2367.519531;3.938578;0.000000;0.000000;0.000000;0.000000;0.000000;-468.687805;-88.087189;2395.351563;6.009752;0.000000;0.000000;0.000000;0.000000;0.000000;-422.407440;-156.899017;2378.381836;4.723199;0.000000;0.000000;0.000000;0.000000;0.000000;-1.590935;-671.125610;1837.919922;0.321451;0.000000;0.000000;0.000000;0.000000;2.000000;87.034218;-615.664429;1740.719604;0.564536;0.000000;0.000000;0.000000;0.000000;2.000000;164.286682;-336.183563;1644.083496;2.165933;0.000000;0.000000;0.000000;0.000000;2.000000;320.059387;-163.088654;1747.875366;4.753077;0.000000;0.000000;0.000000;0.000000;2.000000;326.988434;-130.138367;1855.264038;5.247219;0.000000;0.000000;0.000000;0.000000;2.000000;365.770538;-113.759399;1962.592407;7.186353;0.000000;0.000000;0.000000;0.000000;2.000000;342.416229;-26.407288;1762.028809;6.333893;0.000000;0.000000;0.000000;0.000000;2.000000;-74.634422;-163.851471;2063.515381;0.059962;0.000000;0.000000;0.000000;0.000000;2.000000;-115.906525;261.438568;2142.668213;0.325159;0.000000;0.000000;0.000000;0.000000;2.000000;-231.771301;660.246948;2140.779785;0.807033;0.000000;0.000000;0.000000;0.000000;2.000000;-168.896667;793.781372;2280.666016;1.048564;0.000000;0.000000;0.000000;0.000000;2.000000;67.301140;-137.509552;1942.725586;0.054068;0.000000;0.000000;0.000000;0.000000;2.000000;90.204903;294.415833;1979.466187;0.289695;0.000000;0.000000;0.000000;0.000000;2.000000;34.127815;710.322693;1978.404175;0.604621;0.000000;0.000000;0.000000;0.000000;2.000000;151.149963;849.977783;2020.915161;0.941516;0.000000;0.000000;0.000000;0.000000;2.000000;-21.968834;-802.206055;1844.178223;0.401415;0.000000;0.000000;0.000000;0.000000;2.000000;101.408974;-813.965454;1966.913208;2.284014;0.000000;0.000000;0.000000;0.000000;2.000000;51.451393;-847.692383;1974.537964;1.909619;0.000000;0.000000;0.000000;0.000000;2.000000;-80.058899;-837.866455;1935.235229;1.817106;0.000000;0.000000;0.000000;0.000000;2.000000;92.178261;-860.736206;1937.227173;1.666485;0.000000;0.000000;0.000000;0.000000;2.000000;36.931496;-894.663086;1810.642456;0.873649;0.000000;0.000000;0.000000;0.000000;2.000000;13367900160.000000
0.000000;-150.000000;2000.000000;0.000000;0.000000;0.000000;0.000000;0.000000;2.000000;3.847572;-343.119354;1961.030518;0.121787;0.000000;0.000000;0.000000;0.000000;2.000000;-7.859543;-492.578766;1912.646851;0.216641;0.000000;0.000000;0.000000;0.000000;2.000000;-31.700569;-723.574585;1852.869629;0.327178;0.000000;0.000000;0.000000;0.000000;2.000000;-53.881668;-689.827271;1888.924316;0.294173;0.000000;0.000000;0.000000;0.000000;2.000000;-152.867416;-669.883301;2010.306763;0.312507;0.000000;0.000000;0.000000;0.000000;2.000000;-297.057007;-492.886505;2212.893066;1.767702;0.000000;0.000000;0.000000;0.000000;2.000000;-413.411987;-343.263458;2385.229004;3.133026;0.000000;0.000000;0.000000;0.000000;2.000000;-461.359314;-287.542877;2462.091309;4.214796;0.000000;0.000000;0.000000;0.000000;0.000000;-505.652466;-199.940460;2529.969727;5.459116;0.000000;0.000000;0.000000;0.000000;0.000000;-492.806091;-249.102692;2459.487305;4.319675;0.000000;0.000000;0.000000;0.000000;0.000000;-3.411926;-680.441284;1835.169800;0.301586;0.000000;0.000000;0.000000;0.000000;2.000000;89.449570;-632.770020;1734.160889;0.563917;0.000000;0.000000;0.000000;0.000000;2.000000;244.134293;-419.650482;1568.720215;4.208992;0.000000;0.000000;0.000000;0.000000;2.000000;480.013184;-384.452667;1670.796387;8.660135;0.000000;0.000000;0.000000;0.000000;2.000000;536.234802;-423.209686;1762.724609;11.346564;0.000000;0.000000;0.000000;0.000000;2.000000;607.596558;-432.523468;1855.364990;12.641355;0.000000;0.000000;0.000000;0.000000;2.000000;583.189087;-431.263702;1742.277222;14.387684;0.000000;0.000000;0.000000;0.000000;2.000000;-77.639977;-164.170929;2062.560547;0.096732;0.000000;0.000000;0.000000;0.000000;2.000000;-123.515633;270.685364;2128.215332;0.572794;0.000000;0.000000;0.000000;0.000000;2.000000;-213.496384;683.563599;2131.038086;0.951708;0.000000;0.000000;0.000000;0.000000;2.000000;-171.289474;787.478149;2304.919922;0.768236;0.000000;0.000000;0.000000;0.000000;2.000000;70.011383;-137.221466;1943.586182;0.087224;0.000000;0.000000;0.000000;0.000000;2.000000;95.574677;302.435791;1977.386597;0.301304;0.000000;0.000000;0.000000;0.000000;2.000000;37.799286;725.506531;1972.610474;0.508460;0.000000;0.000000;0.000000;0.000000;2.000000;169.689407;859.018921;2004.573608;0.803082;0.000000;0.000000;0.000000;0.000000;2.000000;-29.765350;-812.880737;1840.184937;0.421409;0.000000;0.000000;0.000000;0.000000;2.000000;85.535049;-818.696289;1974.987183;0.562345;0.000000;0.000000;0.000000;0.000000;2.000000;41.163162;-861.731201;1973.977173;0.531436;0.000000;0.000000;0.000000;0.000000;2.000000;-88.673370;-869.523315;1922.138062;1.078053;0.000000;0.000000;0.000000;0.000000;2.000000;87.196976;-863.167725;1939.140259;0.178952;0.000000;0.000000;0.000000;0.000000;2.000000;48.472794;-890.741089;1802.458252;0.448063;0.000000;0.000000;0.000000;0.000000;2.000000;13367932928.000000
0.000000;-150.000000;2000.000000;0.000000;0.000000;0.000000;0.000000;0.000000;2.000000;6.287666;-343.655151;1962.246582;0.082223;0.000000;0.000000;0.000000;0.000000;2.000000;-1.538017;-493.910034;1914.633545;0.200011;0.000000;0.000000;0.000000;0.000000;2.000000;-31.592087;-724.648621;1854.946289;0.069261;0.000000;0.000000;0.000000;0.000000;2.000000;-53.616753;-689.955505;1890.338379;0.042743;0.000000;0.000000;0.000000;0.000000;2.000000;-152.521484;-664.976318;2011.220703;0.148063;0.000000;0.000000;0.000000;0.000000;2.000000;-315.687012;-569.767639;2251.646973;2.606797;0.000000;0.000000;0.000000;0.000000;2.000000;-451.176758;-490.023743;2454.484863;4.930656;0.000000;0.000000;0.000000;0.000000;2.000000;-505.848846;-446.130615;2534.710938;5.326951;0.000000;0.000000;0.000000;0.000000;0.000000;-550.912720;-370.298767;2615.415039;5.796817;0.000000;0.000000;0.000000;0.000000;0.000000;-523.218018;-407.281372;2546.484375;5.417493;0.000000;0.000000;0.000000;0.000000;0.000000;-1.352509;-682.492249;1837.828125;0.116561;0.000000;0.000000;0.000000;0.000000;2.000000;100.663605;-641.563232;1742.478760;0.488292;0.000000;0.000000;0.000000;0.000000;2.000000;291.687225;-508.447021;1535.468018;3.139044;0.000000;0.000000;0.000000;0.000000;2.000000;547.507813;-518.626221;1490.860596;6.936023;0.000000;0.000000;0.000000;0.000000;2.000000;610.942810;-562.203552;1575.934937;7.236089;0.000000;0.000000;0.000000;0.000000;2.000000;690.249329;-576.508301;1661.471436;7.553868;0.000000;0.000000;0.000000;0.000000;2.000000;634.116028;-642.362305;1538.183472;8.818974;0.000000;0.000000;0.000000;0.000000;2.000000;-82.131371;-163.769806;2056.953125;0.212938;0.000000;0.000000;0.000000;0.000000;2.000000;-122.547791;270.886993;2132.142090;0.119830;0.000000;0.000000;0.000000;0.000000;2.000000;-202.113159;686.674683;2131.346191;0.349335;0.000000;0.000000;0.000000;0.000000;2.000000;-172.029572;798.725769;2303.122070;0.337785;0.000000;0.000000;0.000000;0.000000;2.000000;74.061462;-137.583160;1948.642700;0.192017;0.000000;0.000000;0.000000;0.000000;2.000000;107.855621;301.934387;1987.029175;0.462304;0.000000;0.000000;0.000000;0.000000;2.000000;50.582901;725.603882;1972.032593;0.378700;0.000000;0.000000;0.000000;0.000000;2.000000;188.215607;853.712341;2003.924194;0.570613;0.000000;0.000000;0.000000;0.000000;2.000000;-32.327576;-814.184143;1842.610352;0.111304;0.000000;0.000000;0.000000;0.000000;2.000000;76.797318;-856.877502;1976.330811;1.159781;0.000000;0.000000;0.000000;0.000000;2.000000;28.976303;-894.772522;1965.717163;1.070457;0.000000;0.000000;0.000000;0.000000;2.000000;-99.109100;-880.468933;1910.353882;0.567363;0.000000;0.000000;0.000000;0.000000;2.000000;76.168854;-893.437439;1932.284302;0.974713;0.000000;0.000000;0.000000;0.000000;2.000000;40.708160;-889.917053;1791.761108;0.391920;0.000000;0.000000;0.000000;0.000000;2.000000;13367966720.000000
0.000000;-150.000000;2000.000000;0.000000;0.000000;0.000000;0.000000;0.000000;2.000000;5.711273;-343.773804;1962.095581;0.017979;0.000000;0.000000;0.000000;0.000000;2.000000;-2.323990;-494.131470;1914.502930;0.024472;0.000000;0.000000;0.000000;0.000000;2.000000;-33.486702;-724.242737;1852.385376;0.095032;0.000000;0.000000;0.000000;0.000000;2.000000;-56.004910;-689.527039;1887.497314;0.110562;0.000000;0.000000;0.000000;0.000000;2.000000;-161.479553;-674.508728;2004.547119;0.434572;0.000000;0.000000;0.000000;0.000000;2.000000;-326.665649;-641.576172;2259.973145;2.163783;0.000000;0.000000;0.000000;0.000000;2.000000;-362.057343;-675.644897;2512.028320;6.326823;0.000000;0.000000;0.000000;0.000000;2.000000;-396.215637;-676.747681;2613.016602;7.903852;0.000000;0.000000;0.000000;0.000000;0.000000;-414.039825;-652.772156;2728.863281;9.876902;0.000000;0.000000;0.000000;0.000000;0.000000;-350.285431;-729.059753;2629.344238;11.084974;0.000000;0.000000;0.000000;0.000000;0.000000;-2.345177;-682.286316;1836.311890;0.053976;0.000000;0.000000;0.000000;0.000000;2.000000;104.557915;-649.838623;1742.929443;0.270982;0.000000;0.000000;0.000000;0.000000;2.000000;320.473969;-593.430054;1525.242676;2.672437;0.000000;0.000000;0.000000;0.000000;2.000000;532.237122;-606.172974;1374.845947;4.324705;0.000000;0.000000;0.000000;0.000000;2.000000;600.088501;-698.602173;1380.385620;7.062826;0.000000;0.000000;0.000000;0.000000;2.000000;693.501953;-769.949341;1383.856689;10.013565;0.000000;0.000000;0.000000;0.000000;2.000000;605.388428;-702.917908;1396.190674;4.646562;0.000000;0.000000;0.000000;0.000000;2.000000;-82.513374;-163.499725;2056.580078;0.017707;0.000000;0.000000;0.000000;0.000000;2.000000;-120.450363;271.156799;2134.696777;0.098141;0.000000;0.000000;0.000000;0.000000;2.000000;-201.698975;686.871826;2129.943848;0.043663;0.000000;0.000000;0.000000;0.000000;2.000000;-173.858643;819.739685;2286.768555;0.789838;0.000000;0.000000;0.000000;0.000000;2.000000;74.405952;-137.826691;1948.979004;0.015966;0.000000;0.000000;0.000000;0.000000;2.000000;113.908257;301.074219;1991.996948;0.233114;0.000000;0.000000;0.000000;0.000000;2.000000;54.581657;724.198303;1965.834106;0.222216;0.000000;0.000000;0.000000;0.000000;2.000000;184.382843;860.169250;1998.732666;0.270145;0.000000;0.000000;0.000000;0.000000;2.000000;-34.916809;-813.734131;1839.378784;0.123263;0.000000;0.000000;0.000000;0.000000;2.000000;59.881645;-840.650269;1987.506714;0.768481;0.000000;0.000000;0.000000;0.000000;2.000000;20.080528;-885.174683;1970.955444;0.417136;0.000000;0.000000;0.000000;0.000000;1.000000;-99.917839;-889.663086;1898.282837;0.449671;0.000000;0.000000;0.000000;0.000000;1.000000;70.746132;-876.641724;1944.286987;0.631629;0.000000;0.000000;0.000000;0.000000;2.000000;54.866219;-877.522217;1800.096436;0.609037;0.000000;0.000000;0.000000;0.000000;2.000000;13368000512.000000
0.000000;-150.000000;2000.000000;0.000000;0.000000;0.000000;0.000000;0.000000;2.000000;1.136787;-338.540924;1962.764404;0.213091;0.000000;0.000000;0.000000;0.000000;2.000000;-8.158211;-483.726288;1913.356934;0.365726;0.000000;0.000000;0.000000;0.000000;2.000000;-27.952042;-705.708618;1842.438232;0.663778;0.000000;0.000000;0.000000;0.000000;2.000000;-56.041527;-672.332764;1872.186768;0.702605;0.000000;0.000000;0.000000;0.000000;2.000000;-190.466660;-700.520142;1941.825684;2.253103;0.000000;0.000000;0.000000;0.000000;2.000000;-240.498077;-732.102783;2233.574219;3.898233;0.000000;0.000000;0.000000;0.000000;2.000000;-107.034515;-772.254272;2440.941406;8.600510;0.000000;0.000000;0.000000;0.000000;2.000000;-72.253685;-816.181763;2528.238281;11.069957;0.000000;0.000000;0.000000;0.000000;0.000000;-25.527115;-835.523560;2633.079346;13.424777;0.000000;0.000000;0.000000;0.000000;0.000000;-32.124481;-822.177856;2540.218506;10.476057;0.000000;0.000000;0.000000;0.000000;0.000000;5.389900;-665.057373;1834.388062;0.579327;0.000000;0.000000;0.000000;0.000000;2.000000;121.816948;-659.818970;1753.844482;0.693642;0.000000;0.000000;0.000000;0.000000;2.000000;332.831543;-750.845093;1555.880615;4.908578;0.000000;0.000000;0.000000;0.000000;2.000000;508.545715;-826.211792;1390.167969;6.770029;0.000000;0.000000;0.000000;0.000000;2.000000;521.805481;-889.573730;1299.152100;6.768937;0.000000;0.000000;0.000000;0.000000;2.000000;538.439209;-925.105713;1191.674805;8.900039;0.000000;0.000000;0.000000;0.000000;2.000000;495.094849;-886.827759;1277.843506;7.474848;0.000000;0.000000;0.000000;0.000000;2.000000;-87.813263;-159.036163;2043.073242;0.463271;0.000000;0.000000;0.000000;0.000000;2.000000;-124.864059;252.164764;2167.668945;1.169003;0.000000;0.000000;0.000000;0.000000;2.000000;-202.929260;655.178101;2130.886475;0.968372;0.000000;0.000000;0.000000;0.000000;2.000000;-187.280655;790.164551;2280.087158;1.011914;0.000000;0.000000;0.000000;0.000000;2.000000;79.185081;-141.851715;1961.158813;0.417755;0.000000;0.000000;0.000000;0.000000;2.000000;127.579353;281.573212;2024.026123;1.218051;0.000000;0.000000;0.000000;0.000000;2.000000;74.206947;687.918213;1949.900269;1.349444;0.000000;0.000000;0.000000;0.000000;2.000000;169.993225;842.065552;1989.129028;0.764180;0.000000;0.000000;0.000000;0.000000;2.000000;-27.710701;-792.446777;1827.612183;0.774168;0.000000;0.000000;0.000000;0.000000;2.000000;49.292747;-815.338135;1980.943115;0.860958;0.000000;0.000000;0.000000;0.000000;2.000000;6.268387;-854.711792;1965.640137;1.033558;0.000000;0.000000;0.000000;0.000000;2.000000;-104.505516;-851.206909;1885.849487;1.241324;0.000000;0.000000;0.000000;0.000000;2.000000;57.997063;-855.579956;1943.378540;0.751849;0.000000;0.000000;0.000000;0.000000;2.000000;52.853050;-868.900757;1802.961548;0.283980;0.000000;0.000000;0.000000;0.000000;2.000000;13368033280.000000
0.000000;-150.000000;2000.000000;0.000000;0.000000;0.000000;0.000000;0.000000;2.000000;-2.141121;-336.941925;1966.331787;0.150975;0.000000;0.000000;0.000000;0.000000;2.000000;-12.704071;-481.209320;1920.089355;0.251670;0.000000;0.000000;0.000000;0.000000;2.000000;-28.217911;-699.942017;1846.918945;0.216253;0.000000;0.000000;0.000000;0.000000;2.000000;-57.074924;-667.580444;1875.966675;0.182279;0.000000;0.000000;0.000000;0.000000;2.000000;-182.603897;-727.125977;1938.137939;0.828225;0.000000;0.000000;0.000000;0.000000;2.000000;-170.578751;-835.194824;2211.551270;3.743424;0.000000;0.000000;0.000000;0.000000;2.000000;-71.061623;-920.928955;2420.680664;4.566190;0.000000;0.000000;0.000000;0.000000;2.000000;-38.428608;-912.046509;2517.472168;3.025145;0.000000;0.000000;0.000000;0.000000;0.000000;-2.628708;-871.597168;2619.057129;1.330776;0.000000;0.000000;0.000000;0.000000;0.000000;-31.155495;-887.960815;2547.443359;1.958618;0.000000;0.000000;0.000000;0.000000;0.000000;4.531097;-659.349976;1840.308838;0.244687;0.000000;0.000000;0.000000;0.000000;2.000000;118.671486;-657.757202;1759.206909;0.193828;0.000000;0.000000;0.000000;0.000000;2.000000;306.119568;-840.828003;1613.489502;3.259139;0.000000;0.000000;0.000000;0.000000;2.000000;455.168304;-1029.481567;1544.661133;7.718895;0.000000;0.000000;0.000000;0.000000;2.000000;450.439117;-1091.644165;1453.552490;7.816371;0.000000;0.000000;0.000000;0.000000;2.000000;477.817413;-1154.297607;1363.473267;8.664106;0.000000;0.000000;0.000000;0.000000;2.000000;426.835968;-1095.971191;1432.548950;7.958980;0.000000;0.000000;0.000000;0.000000;2.000000;-88.701714;-156.010193;2039.012451;0.152154;0.000000;0.000000;0.000000;0.000000;2.000000;-118.366089;244.117981;2182.958008;0.546250;0.000000;0.000000;0.000000;0.000000;2.000000;-196.853729;639.408936;2123.440430;0.546484;0.000000;0.000000;0.000000;0.000000;2.000000;-196.059753;771.378174;2273.017578;0.648332;0.000000;0.000000;0.000000;0.000000;2.000000;79.986244;-144.580322;1964.820801;0.137208;0.000000;0.000000;0.000000;0.000000;2.000000;144.782013;269.015350;2042.615601;0.836592;0.000000;0.000000;0.000000;0.000000;2.000000;108.293953;664.624268;1934.774536;1.301182;0.000000;0.000000;0.000000;0.000000;2.000000;165.407074;804.465576;2039.006836;1.853414;0.000000;0.000000;0.000000;0.000000;2.000000;-26.734283;-785.487305;1831.266724;0.234407;0.000000;0.000000;0.000000;0.000000;2.000000;81.809486;-762.131958;1961.447754;1.933365;0.000000;0.000000;0.000000;0.000000;2.000000;45.879936;-809.600952;1964.212769;1.777072;0.000000;0.000000;0.000000;0.000000;2.000000;-75.834518;-840.732056;1914.847412;1.245934;0.000000;0.000000;0.000000;0.000000;2.000000;90.499672;-807.216919;1931.007690;1.762807;0.000000;0.000000;0.000000;0.000000;2.000000;59.841423;-851.091187;1802.176270;0.566634;0.000000;0.000000;0.000000;0.000000;2.000000;13368067072.000000
0.000000;-150.000000;2000.000000;0.000000;0.000000;0.000000;0.000000;0.000000;2.000000;-3.403809;-335.995758;1964.957275;0.063861;0.000000;0.000000;0.000000;0.000000;2.000000;-14.938141;-478.913605;1916.544800;0.145800;0.000000;0.000000;0.000000;0.000000;2.000000;-37.275726;-691.232178;1830.010864;0.642892;0.000000;0.000000;0.000000;0.000000;2.000000;-66.037132;-659.100952;1859.082520;0.638173;0.000000;0.000000;0.000000;0.000000;2.000000;-191.481567;-724.985229;1913.212036;0.810123;0.000000;0.000000;0.000000;0.000000;2.000000;-210.406006;-930.895264;2121.101563;4.198351;0.000000;0.000000;0.000000;0.000000;2.000000;-178.873199;-1102.839478;2294.321289;7.517581;0.000000;0.000000;0.000000;0.000000;2.000000;-190.749329;-1202.436035;2274.862549;12.448296;0.000000;0.000000;0.000000;0.000000;0.000000;-182.716461;-1218.601440;2161.640625;18.363201;0.000000;0.000000;0.000000;0.000000;0.000000;-160.376038;-1232.471436;2271.208496;14.041112;0.000000;0.000000;0.000000;0.000000;0.000000;-2.216263;-652.367310;1827.772583;0.483915;0.000000;0.000000;0.000000;0.000000;2.000000;118.893829;-671.801392;1761.243408;0.433130;0.000000;0.000000;0.000000;0.000000;2.000000;272.813446;-908.598022;1663.800903;2.769092;0.000000;0.000000;0.000000;0.000000;2.000000;329.639130;-1146.294189;1712.572144;7.324019;0.000000;0.000000;0.000000;0.000000;2.000000;298.619415;-1222.333374;1639.372070;8.338495;0.000000;0.000000;0.000000;0.000000;0.000000;293.860229;-1314.390991;1574.541870;9.842574;0.000000;0.000000;0.000000;0.000000;0.000000;282.151733;-1217.337158;1607.950195;7.865537;0.000000;0.000000;0.000000;0.000000;0.000000;-89.220016;-155.344971;2037.035645;0.065587;0.000000;0.000000;0.000000;0.000000;2.000000;-119.804062;238.509995;2193.175781;0.358397;0.000000;0.000000;0.000000;0.000000;2.000000;-204.459259;626.618713;2109.471680;0.622858;0.000000;0.000000;0.000000;0.000000;2.000000;-196.144165;762.559814;2254.259033;0.632571;0.000000;0.000000;0.000000;0.000000;2.000000;80.453613;-145.180176;1966.603516;0.059147;0.000000;0.000000;0.000000;0.000000;2.000000;150.854889;261.701294;2064.275635;0.721876;0.000000;0.000000;0.000000;0.000000;2.000000;131.121460;649.216858;1931.125000;0.847819;0.000000;0.000000;0.000000;0.000000;2.000000;174.564758;788.659546;2041.196045;0.561462;0.000000;0.000000;0.000000;0.000000;2.000000;-39.312630;-775.416382;1809.484131;0.826863;0.000000;0.000000;0.000000;0.000000;2.000000;79.596558;-792.495239;1930.477173;1.325321;0.000000;0.000000;0.000000;0.000000;2.000000;35.881149;-832.686768;1929.613525;1.305510;0.000000;0.000000;0.000000;0.000000;1.000000;-92.033005;-833.852295;1888.018433;0.979189;0.000000;0.000000;0.000000;0.000000;1.000000;77.734482;-832.752319;1893.200806;1.445763;0.000000;0.000000;0.000000;0.000000;2.000000;31.200211;-849.217773;1763.238281;1.476242;0.000000;0.000000;0.000000;0.000000;1.000000;13368099840.000000
0.000000;-150.000000;2000.000000;0.000000;0.000000;0.000000;0.000000;0.000000;2.000000;-2.796379;-339.573700;1972.271851;0.241637;0.000000;0.000000;0.000000;0.000000;2.000000;-12.132019;-486.915314;1931.423340;0.506783;0.000000;0.000000;0.000000;0.000000;2.000000;-27.814056;-704.978638;1850.347900;0.778512;0.000000;0.000000;0.000000;0.000000;2.000000;-58.367905;-672.196655;1877.971924;0.717053;0.000000;0.000000;0.000000;0.000000;2.000000;-182.718353;-739.673340;1937.608032;0.881696;0.000000;0.000000;0.000000;0.000000;2.000000;-204.988831;-989.401733;2096.442383;1.885697;0.000000;0.000000;0.000000;0.000000;2.000000;-102.148911;-1215.900635;2109.678711;6.797482;0.000000;0.000000;0.000000;0.000000;2.000000;-112.436348;-1274.885620;2025.353394;8.030327;0.000000;0.000000;0.000000;0.000000;0.000000;-124.221367;-1364.222534;1952.221924;7.744238;0.000000;0.000000;0.000000;0.000000;0.000000;-82.729805;-1267.722534;1977.777954;9.042675;0.000000;0.000000;0.000000;0.000000;0.000000;6.852760;-664.938599;1847.678833;0.746621;0.000000;0.000000;0.000000;0.000000;2.000000;125.156502;-688.755371;1774.281982;0.659503;0.000000;0.000000;0.000000;0.000000;2.000000;264.336395;-955.451538;1743.375366;2.744197;0.000000;0.000000;0.000000;0.000000;2.000000;210.908447;-1176.141479;1853.263550;5.519031;0.000000;0.000000;0.000000;0.000000;2.000000;154.866577;-1254.584839;1797.533203;6.396426;0.000000;0.000000;0.000000;0.000000;0.000000;93.468910;-1334.985962;1744.822632;7.805793;0.000000;0.000000;0.000000;0.000000;0.000000;143.235687;-1233.548828;1737.259766;5.636745;0.000000;0.000000;0.000000;0.000000;0.000000;-91.748520;-153.627319;2034.052368;0.126398;0.000000;0.000000;0.000000;0.000000;2.000000;-116.485756;238.411682;2208.883301;0.475098;0.000000;0.000000;0.000000;0.000000;2.000000;-200.239609;627.548218;2106.851563;0.149537;0.000000;0.000000;0.000000;0.000000;2.000000;-189.299408;745.610229;2269.410645;0.702610;0.000000;0.000000;0.000000;0.000000;2.000000;82.733665;-146.729065;1969.293457;0.113974;0.000000;0.000000;0.000000;0.000000;2.000000;176.479645;259.385803;2073.009766;0.804072;0.000000;0.000000;0.000000;0.000000;2.000000;149.450928;651.723267;1939.726685;0.603752;0.000000;0.000000;0.000000;0.000000;2.000000;194.383972;750.795410;2089.510254;1.908852;0.000000;0.000000;0.000000;0.000000;2.000000;-27.487061;-790.837646;1832.312744;0.887195;0.000000;0.000000;0.000000;0.000000;2.000000;84.491890;-877.264038;1931.187256;2.512814;0.000000;0.000000;0.000000;0.000000;2.000000;31.117989;-903.073120;1921.239868;2.102349;0.000000;0.000000;0.000000;0.000000;1.000000;-94.259972;-858.153320;1892.939819;0.736688;0.000000;0.000000;0.000000;0.000000;1.000000;71.870995;-901.198730;1882.653198;2.056762;0.000000;0.000000;0.000000;0.000000;1.000000;21.651611;-860.635498;1757.615234;0.470850;0.000000;0.000000;0.000000;0.000000;1.000000;13368133632.000000
0.000000;-150.000000;2000.000000;0.000000;0.000000;0.000000;0.000000;0.000000;2.000000;-3.184128;-340.484528;1972.499023;0.030995;0.000000;0.000000;0.000000;0.000000;2.000000;-10.494118;-489.795227;1935.990479;0.172189;0.000000;0.000000;0.000000;0.000000;2.000000;-20.557602;-708.639954;1853.081177;0.261691;0.000000;0.000000;0.000000;0.000000;2.000000;-53.200172;-675.673523;1878.464844;0.190673;0.000000;0.000000;0.000000;0.000000;2.000000;-177.659363;-743.422058;1939.360840;0.199461;0.000000;0.000000;0.000000;0.000000;2.000000;-162.340240;-1030.615112;2017.973755;3.001722;0.000000;0.000000;0.000000;0.000000;2.000000;-42.749718;-1221.971558;1909.800049;6.366160;0.000000;0.000000;0.000000;0.000000;2.000000;-67.049088;-1255.207520;1814.413696;6.612025;0.000000;0.000000;0.000000;0.000000;0.000000;-84.490356;-1320.272949;1719.262573;7.335665;0.000000;0.000000;0.000000;0.000000;0.000000;-72.166527;-1286.231934;1790.370850;5.756072;0.000000;0.000000;0.000000;0.000000;0.000000;14.483551;-668.515686;1853.174927;0.307049;0.000000;0.000000;0.000000;0.000000;2.000000;135.840149;-706.216431;1790.057007;0.788677;0.000000;0.000000;0.000000;0.000000;2.000000;199.300903;-1003.030029;1777.241821;2.667499;0.000000;0.000000;0.000000;0.000000;2.000000;66.831001;-1199.640137;1866.753662;4.473973;0.000000;0.000000;0.000000;0.000000;2.000000;-1.804634;-1274.762329;1820.286743;4.870468;0.000000;0.000000;0.000000;0.000000;0.000000;-72.527588;-1363.297607;1803.221069;5.439219;0.000000;0.000000;0.000000;0.000000;0.000000;-28.926270;-1235.461914;1797.490601;5.566523;0.000000;0.000000;0.000000;0.000000;0.000000;-93.606392;-152.786514;2030.138672;0.134678;0.000000;0.000000;0.000000;0.000000;2.000000;-123.350746;239.669235;2208.064453;0.214450;0.000000;0.000000;0.000000;0.000000;2.000000;-199.304321;628.640076;2092.608643;0.436868;0.000000;0.000000;0.000000;0.000000;2.000000;-192.150055;732.215210;2266.031006;0.430476;0.000000;0.000000;0.000000;0.000000;2.000000;84.409004;-147.487274;1972.822632;0.121446;0.000000;0.000000;0.000000;0.000000;2.000000;184.770660;259.458496;2075.219727;0.261865;0.000000;0.000000;0.000000;0.000000;2.000000;156.936188;644.551392;1917.327759;0.753220;0.000000;0.000000;0.000000;0.000000;2.000000;203.243591;722.364685;2079.758301;0.956277;0.000000;0.000000;0.000000;0.000000;2.000000;-19.080254;-794.854492;1834.848022;0.294676;0.000000;0.000000;0.000000;0.000000;2.000000;81.831444;-904.123413;1923.924561;0.852993;0.000000;0.000000;0.000000;0.000000;1.000000;25.623833;-922.424316;1911.567871;0.681166;0.000000;0.000000;0.000000;0.000000;1.000000;-94.003654;-860.177673;1888.708252;0.143367;0.000000;0.000000;0.000000;0.000000;1.000000;66.765556;-921.291443;1872.990967;0.698007;0.000000;0.000000;0.000000;0.000000;1.000000;22.272209;-862.021423;1752.614624;0.159488;0.000000;0.000000;0.000000;0.000000;1.000000;13368166400.000000
0.000000;-150.000000;2000.000000;0.000000;0.000000;0.000000;0.000000;0.000000;2.000000;-0.913788;-343.490723;1973.670532;0.116748;0.000000;0.000000;0.000000;0.000000;2.000000;-6.258469;-495.186584;1937.183838;0.205945;0.000000;0.000000;0.000000;0.000000;2.000000;-15.916443;-718.406067;1856.250244;0.333442;0.000000;0.000000;0.000000;0.000000;2.000000;-49.799999;-683.919617;1879.507446;0.265753;0.000000;0.000000;0.000000;0.000000;2.000000;-183.996414;-745.967346;1930.735840;0.325558;0.000000;0.000000;0.000000;0.000000;2.000000;-145.988098;-1036.760620;2004.796631;0.647532;0.000000;0.000000;0.000000;0.000000;2.000000;-24.300568;-1215.429199;1871.683716;1.268019;0.000000;0.000000;0.000000;0.000000;2.000000;-82.821411;-1270.644653;1803.599731;0.727293;0.000000;0.000000;0.000000;0.000000;0.000000;-127.246063;-1356.258911;1735.152954;1.719325;0.000000;0.000000;0.000000;0.000000;0.000000;-95.539665;-1294.640503;1776.343018;0.844193;0.000000;0.000000;0.000000;0.000000;0.000000;20.346428;-678.361816;1857.726074;0.364884;0.000000;0.000000;0.000000;0.000000;2.000000;150.433472;-716.334900;1809.187866;0.772445;0.000000;0.000000;0.000000;0.000000;2.000000;190.221802;-1019.857544;1844.904785;2.080749;0.000000;0.000000;0.000000;0.000000;2.000000;40.248276;-1226.294067;1876.263062;1.148987;0.000000;0.000000;0.000000;0.000000;2.000000;-19.707474;-1282.604248;1798.075684;0.875536;0.000000;0.000000;0.000000;0.000000;0.000000;-99.389297;-1348.112915;1744.462646;1.964008;0.000000;0.000000;0.000000;0.000000;0.000000;-28.253754;-1226.028687;1784.636841;0.472241;0.000000;0.000000;0.000000;0.000000;0.000000;-95.746666;-153.353622;2027.968140;0.091755;0.000000;0.000000;0.000000;0.000000;2.000000;-128.000641;248.656433;2199.313965;0.395883;0.000000;0.000000;0.000000;0.000000;2.000000;-199.796738;646.327576;2089.422363;0.532047;0.000000;0.000000;0.000000;0.000000;2.000000;-197.860031;748.918823;2266.957031;0.523108;0.000000;0.000000;0.000000;0.000000;2.000000;86.338989;-146.975891;1974.780029;0.082742;0.000000;0.000000;0.000000;0.000000;2.000000;183.854828;268.715454;2071.165039;0.300291;0.000000;0.000000;0.000000;0.000000;2.000000;156.345230;660.077698;1912.542603;0.481111;0.000000;0.000000;0.000000;0.000000;2.000000;189.849121;754.183228;2072.587891;1.043433;0.000000;0.000000;0.000000;0.000000;2.000000;-15.047401;-806.190918;1839.295776;0.379620;0.000000;0.000000;0.000000;0.000000;2.000000;97.983734;-940.269043;1852.795532;2.408996;0.000000;0.000000;0.000000;0.000000;2.000000;38.541748;-952.970337;1860.458862;1.802992;0.000000;0.000000;0.000000;0.000000;1.000000;-72.705139;-881.938049;1903.270020;0.998811;0.000000;0.000000;0.000000;0.000000;1.000000;61.936966;-942.949829;1809.202026;1.998649;0.000000;0.000000;0.000000;0.000000;1.000000;-17.752197;-851.324036;1732.906738;1.357658;0.000000;0.000000;0.000000;0.000000;1.000000;13368200192.000000
0.000000;-150.000000;2000.000000;0.000000;0.000000;0.000000;0.000000;0.000000;2.000000;-0.281151;-342.447021;1974.131348;0.039812;0.000000;0.000000;0.000000;0.000000;2.000000;-5.515755;-492.893402;1936.227905;0.079135;0.000000;0.000000;0.000000;0.000000;2.000000;-19.213943;-712.720337;1850.637939;0.263759;0.000000;0.000000;0.000000;0.000000;2.000000;-52.602680;-677.868530;1873.366211;0.276661;0.000000;0.000000;0.000000;0.000000;2.000000;-196.319580;-723.543823;1911.675659;0.973681;0.000000;0.000000;0.000000;0.000000;2.000000;-188.797256;-1014.358521;1988.060303;1.560455;0.000000;0.000000;0.000000;0.000000;2.000000;-111.356445;-1224.290894;1871.192871;2.670506;0.000000;0.000000;0.000000;0.000000;2.000000;-139.144958;-1319.842773;1838.300415;2.515977;0.000000;0.000000;0.000000;0.000000;0.000000;-160.432465;-1428.504883;1798.666504;3.105422;0.000000;0.000000;0.000000;0.000000;0.000000;-150.749374;-1328.288086;1788.968018;2.010380;0.000000;0.000000;0.000000;0.000000;0.000000;17.986603;-674.100342;1854.184082;0.183803;0.000000;0.000000;0.000000;0.000000;2.000000;146.683151;-711.260254;1803.740601;0.254396;0.000000;0.000000;0.000000;0.000000;2.000000;184.097824;-1012.828125;1843.448730;0.287960;0.000000;0.000000;0.000000;0.000000;2.000000;57.377716;-1234.540405;1855.108765;0.867968;0.000000;0.000000;0.000000;0.000000;2.000000;12.249649;-1304.747192;1779.156128;1.319516;0.000000;0.000000;0.000000;0.000000;0.000000;-50.309971;-1380.569580;1718.323364;1.964886;0.000000;0.000000;0.000000;0.000000;0.000000;-1.361137;-1255.783447;1760.558838;1.427593;0.000000;0.000000;0.000000;0.000000;0.000000;-95.417442;-153.498520;2027.063843;0.029700;0.000000;0.000000;0.000000;0.000000;2.000000;-131.934967;251.613266;2183.299316;0.511286;0.000000;0.000000;0.000000;0.000000;2.000000;-200.254333;650.339966;2084.526855;0.193672;0.000000;0.000000;0.000000;0.000000;2.000000;-198.504944;734.505615;2270.238281;0.451540;0.000000;0.000000;0.000000;0.000000;2.000000;86.042099;-146.845245;1975.595337;0.026778;0.000000;0.000000;0.000000;0.000000;2.000000;176.150833;271.504211;2055.057617;0.551497;0.000000;0.000000;0.000000;0.000000;2.000000;149.932678;663.573730;1904.498291;0.331582;0.000000;0.000000;0.000000;0.000000;2.000000;189.614548;758.072144;2061.625977;0.355031;0.000000;0.000000;0.000000;0.000000;1.000000;-20.470741;-799.625610;1831.912476;0.343955;0.000000;0.000000;0.000000;0.000000;2.000000;86.791046;-935.699707;1855.726563;0.379629;0.000000;0.000000;0.000000;0.000000;2.000000;26.990974;-946.307129;1860.495728;0.406949;0.000000;0.000000;0.000000;0.000000;1.000000;-83.484131;-871.033081;1894.662598;0.536617;0.000000;0.000000;0.000000;0.000000;1.000000;53.264816;-938.755615;1810.586304;0.297000;0.000000;0.000000;0.000000;0.000000;1.000000;-18.875298;-847.934448;1727.620605;0.194677;0.000000;0.000000;0.000000;0.000000;1.000000;13368232960.000000
0.000000;-150.000000;2000.000000;0.000000;0.000000;0.000000;0.000000;0.000000;2.000000;2.158722;-338.469513;1973.908447;0.138244;0.000000;0.000000;0.000000;0.000000;2.000000;-1.143883;-485.216919;1933.977173;0.269778;0.000000;0.000000;0.000000;0.000000;2.000000;-32.749611;-696.444641;1844.526733;0.652022;0.000000;0.000000;0.000000;0.000000;2.000000;-62.108166;-660.891724;1869.163330;0.589061;0.000000;0.000000;0.000000;0.000000;2.000000;-204.519043;-708.322632;1895.911499;0.692386;0.000000;0.000000;0.000000;0.000000;2.000000;-239.779755;-995.738037;1950.840088;1.947576;0.000000;0.000000;0.000000;0.000000;2.000000;-183.447372;-1233.246216;1910.717773;2.447365;0.000000;0.000000;0.000000;0.000000;2.000000;-184.819061;-1335.856445;1906.609985;2.477460;0.000000;0.000000;0.000000;0.000000;0.000000;-198.944061;-1412.834595;1822.014160;1.411119;0.000000;0.000000;0.000000;0.000000;0.000000;-143.549286;-1303.205078;1810.594971;1.002984;0.000000;0.000000;0.000000;0.000000;0.000000;6.330627;-661.275940;1847.536865;0.549273;0.000000;0.000000;0.000000;0.000000;2.000000;127.955559;-693.061951;1785.321655;0.945655;0.000000;0.000000;0.000000;0.000000;2.000000;200.882751;-982.462524;1818.712891;1.260968;0.000000;0.000000;0.000000;0.000000;2.000000;126.278008;-1216.246460;1869.027832;2.149436;0.000000;0.000000;0.000000;0.000000;2.000000;90.840782;-1296.276367;1801.444336;2.430412;0.000000;0.000000;0.000000;0.000000;0.000000;57.001122;-1388.604492;1745.208008;3.282403;0.000000;0.000000;0.000000;0.000000;0.000000;51.958488;-1266.546021;1771.970581;1.644743;0.000000;0.000000;0.000000;0.000000;0.000000;-94.159996;-154.390228;2023.921875;0.103568;0.000000;0.000000;0.000000;0.000000;2.000000;-140.436172;248.652359;2157.061523;0.820879;0.000000;0.000000;0.000000;0.000000;2.000000;-202.459473;645.365173;2084.363281;0.161105;0.000000;0.000000;0.000000;0.000000;2.000000;-180.138245;718.196960;2269.079834;0.727676;0.000000;0.000000;0.000000;0.000000;1.000000;84.908211;-146.041138;1978.428589;0.093391;0.000000;0.000000;0.000000;0.000000;2.000000;146.560730;273.557953;2023.753174;1.276188;0.000000;0.000000;0.000000;0.000000;2.000000;138.033966;667.377136;1901.817017;0.378087;0.000000;0.000000;0.000000;0.000000;2.000000;164.720001;748.069153;2064.823975;0.799567;0.000000;0.000000;0.000000;0.000000;2.000000;-40.579113;-780.698181;1823.777344;0.851931;0.000000;0.000000;0.000000;0.000000;2.000000;29.819496;-786.521667;1979.926147;5.986631;0.000000;0.000000;0.000000;0.000000;2.000000;-7.852089;-830.494568;1965.400024;4.737761;0.000000;0.000000;0.000000;0.000000;2.000000;-113.215790;-842.928833;1881.582764;1.271080;0.000000;0.000000;0.000000;0.000000;2.000000;44.235176;-827.364624;1945.736084;5.189716;0.000000;0.000000;0.000000;0.000000;2.000000;47.478142;-849.081116;1807.730957;3.078471;0.000000;0.000000;0.000000;0.000000;2.000000;13368266752.000000
