posX0;posY0;posZ0;posVel0;rotX0;rotY0;rotZ0;rotVel0;confidence0;posX1;posY1;posZ1;posVel1;rotX1;rotY1;rotZ1;rotVel1;confidence1;posX2;posY2;posZ2;posVel2;rotX2;rotY2;rotZ2;rotVel2;confidence2;posX3;posY3;posZ3;posVel3;rotX3;rotY3;rotZ3;rotVel3;confidence3;posX4;posY4;posZ4;posVel4;rotX4;rotY4;rotZ4;rotVel4;confidence4;posX5;posY5;posZ5;posVel5;rotX5;rotY5;rotZ5;rotVel5;confidence5;posX6;posY6;posZ6;posVel6;rotX6;rotY6;rotZ6;rotVel6;confidence6;posX7;posY7;posZ7;posVel7;rotX7;rotY7;rotZ7;rotVel7;confidence7;posX8;posY8;posZ8;posVel8;rotX8;rotY8;rotZ8;rotVel8;confidence8;posX9;posY9;posZ9;posVel9;rotX9;rotY9;rotZ9;rotVel9;confidence9;posX10;posY10;posZ10;posVel10;rotX10;rotY10;rotZ10;rotVel10;confidence10;posX11;posY11;posZ11;posVel11;rotX11;rotY11;rotZ11;rotVel11;confidence11;posX12;posY12;posZ12;posVel12;rotX12;rotY12;rotZ12;rotVel12;confidence12;posX13;posY13;posZ13;posVel13;rotX13;rotY13;rotZ13;rotVel13;confidence13;posX14;posY14;posZ14;posVel14;rotX14;rotY14;rotZ14;rotVel14;confidence14;posX15;posY15;posZ15;posVel15;rotX15;rotY15;rotZ15;rotVel15;confidence15;posX16;posY16;posZ16;posVel16;rotX16;rotY16;rotZ16;rotVel16;confidence16;posX17;posY17;posZ17;posVel17;rotX17;rotY17;rotZ17;rotVel17;confidence17;posX18;posY18;posZ18;posVel18;rotX18;rotY18;rotZ18;rotVel18;confidence18;posX19;posY19;posZ19;posVel19;rotX19;rotY19;rotZ19;rotVel19;confidence19;posX20;posY20;posZ20;posVel20;rotX20;rotY20;rotZ20;rotVel20;confidence20;posX21;posY21;posZ21;posVel21;rotX21;rotY21;rotZ21;rotVel21;confidence21;posX22;posY22;posZ22;posVel22;rotX22;rotY22;rotZ22;rotVel22;confidence22;posX23;posY23;posZ23;posVel23;rotX23;rotY23;rotZ23;rotVel23;confidence23;posX24;posY24;posZ24;posVel24;rotX24;rotY24;rotZ24;rotVel24;confidence24;posX25;posY25;posZ25;posVel25;rotX25;rotY25;rotZ25;rotVel25;confidence25;posX26;posY26;posZ26;posVel26;rotX26;rotY26;rotZ26;rotVel26;confidence26;posX27;posY27;posZ27;posVel27;rotX27;rotY27;rotZ27;rotVel27;confidence27;posX28;posY28;posZ28;posVel28;rotX28;rotY28;rotZ28;rotVel28;confidence28;posX29;posY29;posZ29;posVel29;rotX29;rotY29;rotZ29;rotVel29;confidence29;posX30;posY30;posZ30;posVel30;rotX30;rotY30;rotZ30;rotVel30;confidence30;posX31;posY31;posZ31;posVel31;rotX31;rotY31;rotZ31;rotVel31;confidence31;TimeStamp
0.000000;-150.000000;2000.000000;0.000000;0.000000;0.000000;0.000000;0.000000;2.000000;-18.745201;-301.054382;2084.650146;0.000000;0.000000;0.000000;0.000000;0.000000;2.000000;-32.388062;-426.854248;2142.750977;0.000000;0.000000;0.000000;0.000000;0.000000;2.000000;-39.882992;-638.630310;2138.660156;0.000000;0.000000;0.000000;0.000000;0.000000;2.000000;-6.326221;-605.190674;2145.399414;0.000000;0.000000;0.000000;0.000000;0.000000;2.000000;125.442856;-559.223511;2145.319092;0.000000;0.000000;0.000000;0.000000;0.000000;2.000000;235.225052;-327.884064;2230.231934;0.000000;0.000000;0.000000;0.000000;0.000000;2.000000;280.754395;-123.907722;2143.111328;0.000000;0.000000;0.000000;0.000000;0.000000;2.000000;327.693481;-65.172775;2199.538086;0.000000;0.000000;0.000000;0.000000;0.000000;2.000000;359.527222;15.645660;2259.393066;0.000000;0.000000;0.000000;0.000000;0.000000;0.000000;273.871429;-14.573959;2070.861816;0.000000;0.000000;0.000000;0.000000;0.000000;2.000000;-71.172836;-602.117737;2135.313965;0.000000;0.000000;0.000000;0.000000;0.000000;2.000000;-183.924927;-548.785522;2104.887695;0.000000;0.000000;0.000000;0.000000;0.000000;2.000000;-286.612091;-293.936218;2113.089355;0.000000;0.000000;0.000000;0.000000;0.000000;2.000000;-258.312988;-90.607941;2010.951172;0.000000;0.000000;0.000000;0.000000;0.000000;2.000000;-252.531586;-0.077652;1966.052612;0.000000;0.000000;0.000000;0.000000;0.000000;2.000000;-200.553818;42.184509;1886.911743;0.000000;0.000000;0.000000;0.000000;0.000000;2.000000;-206.791733;-13.451340;1929.741821;0.000000;0.000000;0.000000;0.000000;0.000000;2.000000;87.861855;-153.085495;2013.950562;0.000000;0.000000;0.000000;0.000000;0.000000;2.000000;298.592346;-8.209641;1718.403076;0.000000;0.000000;0.000000;0.000000;0.000000;2.000000;222.421906;357.152832;1733.136230;0.000000;0.000000;0.000000;0.000000;0.000000;2.000000;247.056503;451.965454;1578.694824;0.000000;0.000000;0.000000;0.000000;0.000000;2.000000;-79.228905;-147.217667;1987.420166;0.000000;0.000000;0.000000;0.000000;0.000000;2.000000;-85.622993;17.581116;1633.560669;0.000000;0.000000;0.000000;0.000000;0.000000;2.000000;-109.315308;380.157104;1735.720337;0.000000;0.000000;0.000000;0.000000;0.000000;2.000000;-126.139824;473.957458;1597.039429;0.000000;0.000000;0.000000;0.000000;0.000000;2.000000;-40.644756;-717.052979;2124.209961;0.000000;0.000000;0.000000;0.000000;0.000000;2.000000;-12.586087;-716.044312;1969.870728;0.000000;0.000000;0.000000;0.000000;0.000000;2.000000;4.332285;-759.741394;1997.980103;0.000000;0.000000;0.000000;0.000000;0.000000;2.000000;38.526215;-781.172424;2114.976563;0.000000;0.000000;0.000000;0.000000;0.000000;2.000000;-44.612961;-751.615906;1985.996826;0.000000;0.000000;0.000000;0.000000;0.000000;2.000000;-120.670357;-770.428833;2087.100586;0.000000;0.000000;0.000000;0.000000;0.000000;2.000000;9072766976.000000
0.000000;-150.000000;2000.000000;0.000000;0.000000;0.000000;0.000000;0.000000;2.000000;-17.489391;-302.029236;2085.224121;0.051581;0.000000;0.000000;0.000000;0.000000;2.000000;-30.044180;-428.775604;2143.424316;0.094746;0.000000;0.000000;0.000000;0.000000;2.000000;-35.642826;-641.822510;2139.390137;0.163496;0.000000;0.000000;0.000000;0.000000;2.000000;-2.160622;-607.880371;2145.930908;0.152188;0.000000;0.000000;0.000000;0.000000;2.000000;129.923782;-560.418457;2145.420166;0.141560;0.000000;0.000000;0.000000;0.000000;2.000000;236.297592;-326.334625;2232.041992;0.079740;0.000000;0.000000;0.000000;0.000000;2.000000;276.186462;-121.938507;2139.913574;0.180466;0.000000;0.000000;0.000000;0.000000;2.000000;323.250641;-60.419205;2194.122559;0.258344;0.000000;0.000000;0.000000;0.000000;2.000000;366.199951;14.058029;2256.280273;0.229867;0.000000;0.000000;0.000000;0.000000;0.000000;270.928467;-17.067307;2060.462402;0.338492;0.000000;0.000000;0.000000;0.000000;2.000000;-67.471535;-605.394165;2136.236572;0.153458;0.000000;0.000000;0.000000;0.000000;2.000000;-181.177826;-551.527832;2107.232666;0.138395;0.000000;0.000000;0.000000;0.000000;2.000000;-283.815247;-295.058838;2117.949219;0.174514;0.000000;0.000000;0.000000;0.000000;2.000000;-258.031128;-89.490646;2016.684448;0.178465;0.000000;0.000000;0.000000;0.000000;2.000000;-251.185638;-0.776260;1967.234741;0.058678;0.000000;0.000000;0.000000;0.000000;2.000000;-200.735153;43.382446;1887.366333;0.039492;0.000000;0.000000;0.000000;0.000000;2.000000;-212.131683;-9.528610;1935.326904;0.264459;0.000000;0.000000;0.000000;0.000000;2.000000;88.401405;-152.356842;2013.937134;0.027672;0.000000;0.000000;0.000000;0.000000;2.000000;300.141479;-10.470032;1714.723877;0.140001;0.000000;0.000000;0.000000;0.000000;2.000000;222.024933;356.523285;1732.624756;0.027559;0.000000;0.000000;0.000000;0.000000;2.000000;249.355515;455.671234;1580.131226;0.140120;0.000000;0.000000;0.000000;0.000000;2.000000;-79.715439;-147.874756;1987.432251;0.024954;0.000000;0.000000;0.000000;0.000000;2.000000;-84.186295;16.377274;1630.832764;0.101007;0.000000;0.000000;0.000000;0.000000;2.000000;-109.033737;379.747406;1737.771118;0.064397;0.000000;0.000000;0.000000;0.000000;2.000000;-125.141235;473.705658;1597.947510;0.041901;0.000000;0.000000;0.000000;0.000000;2.000000;-35.780453;-720.699585;2124.873047;0.186629;0.000000;0.000000;0.000000;0.000000;2.000000;-10.916707;-720.898560;1969.076782;0.158518;0.000000;0.000000;0.000000;0.000000;2.000000;5.773627;-765.084595;1997.166748;0.170704;0.000000;0.000000;0.000000;0.000000;2.000000;42.241047;-786.898193;2114.155762;0.209792;0.000000;0.000000;0.000000;0.000000;2.000000;-43.516914;-755.916748;1986.143921;0.135521;0.000000;0.000000;0.000000;0.000000;2.000000;-118.170303;-772.805786;2089.534912;0.128848;0.000000;0.000000;0.000000;0.000000;2.000000;9072799744.000000
0.000000;-150.000000;2000.000000;0.000000;0.000000;0.000000;0.000000;0.000000;2.000000;-15.637434;-302.886658;2085.113281;0.060482;0.000000;0.000000;0.000000;0.000000;2.000000;-27.213507;-429.645233;2144.472656;0.092961;0.000000;0.000000;0.000000;0.000000;2.000000;-32.644161;-643.301941;2139.351807;0.098958;0.000000;0.000000;0.000000;0.000000;2.000000;1.048350;-609.247620;2145.242676;0.105213;0.000000;0.000000;0.000000;0.000000;2.000000;133.394623;-561.326843;2143.355713;0.122494;0.000000;0.000000;0.000000;0.000000;2.000000;236.618530;-324.050415;2227.577637;0.148705;0.000000;0.000000;0.000000;0.000000;2.000000;277.096558;-118.237411;2137.215820;0.138184;0.000000;0.000000;0.000000;0.000000;2.000000;314.748810;-48.628586;2189.445801;0.451881;0.000000;0.000000;0.000000;0.000000;2.000000;357.261658;24.139603;2254.399902;0.402579;0.000000;0.000000;0.000000;0.000000;0.000000;266.537994;-20.911484;2050.592773;0.339304;0.000000;0.000000;0.000000;0.000000;2.000000;-64.686287;-606.796387;2137.217529;0.096738;0.000000;0.000000;0.000000;0.000000;2.000000;-179.414322;-552.665771;2111.184082;0.132404;0.000000;0.000000;0.000000;0.000000;2.000000;-281.174225;-294.970062;2121.896973;0.140582;0.000000;0.000000;0.000000;0.000000;2.000000;-264.010834;-88.262909;2019.577637;0.199910;0.000000;0.000000;0.000000;0.000000;2.000000;-254.019424;1.857819;1972.652222;0.197004;0.000000;0.000000;0.000000;0.000000;2.000000;-205.309555;40.881210;1888.729858;0.159473;0.000000;0.000000;0.000000;0.000000;2.000000;-213.344055;-10.673141;1941.734497;0.195933;0.000000;0.000000;0.000000;0.000000;2.000000;89.058060;-152.964767;2011.036621;0.089826;0.000000;0.000000;0.000000;0.000000;2.000000;301.378387;-8.331177;1712.025269;0.108275;0.000000;0.000000;0.000000;0.000000;2.000000;222.198792;359.477844;1731.701294;0.091749;0.000000;0.000000;0.000000;0.000000;2.000000;243.758469;455.632874;1575.750244;0.210341;0.000000;0.000000;0.000000;0.000000;2.000000;-80.307564;-147.326538;1990.047852;0.081003;0.000000;0.000000;0.000000;0.000000;2.000000;-92.582878;12.673172;1630.434570;0.271838;0.000000;0.000000;0.000000;0.000000;2.000000;-104.382942;378.868591;1733.893188;0.181074;0.000000;0.000000;0.000000;0.000000;2.000000;-126.837593;473.579346;1594.849854;0.104581;0.000000;0.000000;0.000000;0.000000;2.000000;-33.049660;-722.327820;2124.348877;0.095357;0.000000;0.000000;0.000000;0.000000;2.000000;-9.528162;-720.293030;1967.886963;0.057003;0.000000;0.000000;0.000000;0.000000;2.000000;7.863342;-764.813416;1995.333618;0.082653;0.000000;0.000000;0.000000;0.000000;2.000000;45.694622;-787.863037;2112.043213;0.123161;0.000000;0.000000;0.000000;0.000000;2.000000;-41.751232;-755.927490;1984.840576;0.064946;0.000000;0.000000;0.000000;0.000000;2.000000;-115.527191;-774.877747;2088.974121;0.100761;0.000000;0.000000;0.000000;0.000000;2.000000;9072833536.000000
0.000000;-150.000000;2000.000000;0.000000;0.000000;0.000000;0.000000;0.000000;2.000000;-13.638946;-302.754700;2084.487305;0.064038;0.000000;0.000000;0.000000;0.000000;2.000000;-23.704643;-429.339905;2143.386963;0.112477;0.000000;0.000000;0.000000;0.000000;2.000000;-31.742332;-642.243469;2140.416016;0.053438;0.000000;0.000000;0.000000;0.000000;2.000000;2.353248;-608.656006;2145.262695;0.043728;0.000000;0.000000;0.000000;0.000000;2.000000;134.240448;-561.106873;2139.901367;0.108740;0.000000;0.000000;0.000000;0.000000;2.000000;240.321274;-324.992340;2220.855469;0.235964;0.000000;0.000000;0.000000;0.000000;2.000000;277.732574;-116.414513;2137.717285;0.060874;0.000000;0.000000;0.000000;0.000000;2.000000;312.736328;-45.589813;2189.581787;0.111306;0.000000;0.000000;0.000000;0.000000;2.000000;353.480347;26.543533;2255.786621;0.143141;0.000000;0.000000;0.000000;0.000000;0.000000;261.804321;-16.692444;2055.534180;0.245331;0.000000;0.000000;0.000000;0.000000;2.000000;-63.282803;-605.499023;2138.611816;0.072198;0.000000;0.000000;0.000000;0.000000;2.000000;-177.974731;-552.586731;2112.059082;0.051468;0.000000;0.000000;0.000000;0.000000;2.000000;-281.229675;-296.632721;2125.926270;0.133033;0.000000;0.000000;0.000000;0.000000;2.000000;-264.113739;-92.843842;2019.561157;0.139835;0.000000;0.000000;0.000000;0.000000;2.000000;-258.248291;-3.135178;1971.892578;0.201024;0.000000;0.000000;0.000000;0.000000;2.000000;-208.562820;36.531204;1889.286743;0.166639;0.000000;0.000000;0.000000;0.000000;2.000000;-216.792389;-13.999176;1939.176147;0.165749;0.000000;0.000000;0.000000;0.000000;2.000000;88.906891;-152.466400;2009.893066;0.038347;0.000000;0.000000;0.000000;0.000000;2.000000;295.056854;-8.958710;1707.763550;0.233450;0.000000;0.000000;0.000000;0.000000;2.000000;222.769135;358.711792;1732.057739;0.031110;0.000000;0.000000;0.000000;0.000000;2.000000;242.422134;453.581726;1575.792603;0.074720;0.000000;0.000000;0.000000;0.000000;2.000000;-80.171257;-147.775940;1991.078979;0.034577;0.000000;0.000000;0.000000;0.000000;2.000000;-95.949638;11.915863;1632.900391;0.129435;0.000000;0.000000;0.000000;0.000000;2.000000;-105.604744;376.680176;1736.982910;0.121414;0.000000;0.000000;0.000000;0.000000;2.000000;-125.675949;470.761292;1597.835571;0.130212;0.000000;0.000000;0.000000;0.000000;2.000000;-33.392307;-721.130615;2126.222168;0.068647;0.000000;0.000000;0.000000;0.000000;2.000000;-4.743097;-722.930054;1971.149780;0.194205;0.000000;0.000000;0.000000;0.000000;2.000000;9.975897;-767.394897;1999.853516;0.171433;0.000000;0.000000;0.000000;0.000000;2.000000;42.911674;-789.559448;2117.769043;0.201064;0.000000;0.000000;0.000000;0.000000;2.000000;-38.727982;-756.893433;1987.576904;0.127885;0.000000;0.000000;0.000000;0.000000;2.000000;-116.316765;-771.050049;2089.138672;0.119377;0.000000;0.000000;0.000000;0.000000;2.000000;9072866304.000000
0.000000;-150.000000;2000.000000;0.000000;0.000000;0.000000;0.000000;0.000000;2.000000;-13.259261;-303.302307;2083.179199;0.043444;0.000000;0.000000;0.000000;0.000000;2.000000;-22.894524;-430.170227;2141.199951;0.073261;0.000000;0.000000;0.000000;0.000000;2.000000;-30.791424;-642.845215;2137.118408;0.103111;0.000000;0.000000;0.000000;0.000000;2.000000;3.244860;-609.296692;2142.165039;0.097256;0.000000;0.000000;0.000000;0.000000;2.000000;134.839691;-561.192566;2138.568604;0.043318;0.000000;0.000000;0.000000;0.000000;2.000000;239.747253;-323.372864;2215.017578;0.180087;0.000000;0.000000;0.000000;0.000000;2.000000;275.141327;-115.220779;2130.568848;0.227768;0.000000;0.000000;0.000000;0.000000;2.000000;302.217529;-35.985489;2174.180176;0.620813;0.000000;0.000000;0.000000;0.000000;2.000000;338.892242;39.564102;2238.762695;0.767226;0.000000;0.000000;0.000000;0.000000;0.000000;256.987244;-14.769852;2045.718750;0.328524;0.000000;0.000000;0.000000;0.000000;2.000000;-62.320839;-606.148132;2135.478516;0.098878;0.000000;0.000000;0.000000;0.000000;2.000000;-176.808975;-552.371216;2110.461670;0.058868;0.000000;0.000000;0.000000;0.000000;2.000000;-283.353607;-298.191833;2126.374023;0.079088;0.000000;0.000000;0.000000;0.000000;2.000000;-266.860321;-93.736282;2021.708008;0.106489;0.000000;0.000000;0.000000;0.000000;2.000000;-269.549042;1.593628;1986.516846;0.564546;0.000000;0.000000;0.000000;0.000000;2.000000;-211.792145;53.299728;1916.986694;0.962971;0.000000;0.000000;0.000000;0.000000;2.000000;-219.593323;-7.512268;1935.268555;0.238941;0.000000;0.000000;0.000000;0.000000;2.000000;88.706795;-151.719604;2010.971069;0.039257;0.000000;0.000000;0.000000;0.000000;2.000000;295.248627;-7.645584;1709.896484;0.074339;0.000000;0.000000;0.000000;0.000000;2.000000;221.082520;359.513367;1730.052368;0.081090;0.000000;0.000000;0.000000;0.000000;2.000000;241.385147;458.627197;1576.751221;0.155048;0.000000;0.000000;0.000000;0.000000;2.000000;-79.990822;-148.449356;1990.106934;0.035399;0.000000;0.000000;0.000000;0.000000;2.000000;-100.290901;10.849075;1632.415527;0.133068;0.000000;0.000000;0.000000;0.000000;2.000000;-108.794846;375.568604;1735.352173;0.111009;0.000000;0.000000;0.000000;0.000000;2.000000;-127.904106;470.499268;1596.855713;0.072448;0.000000;0.000000;0.000000;0.000000;2.000000;-32.378925;-721.578796;2122.527344;0.114151;0.000000;0.000000;0.000000;0.000000;2.000000;-10.749419;-721.193237;1966.472290;0.231073;0.000000;0.000000;0.000000;0.000000;2.000000;5.313406;-765.962646;1993.845093;0.229017;0.000000;0.000000;0.000000;0.000000;2.000000;43.520859;-789.625183;2109.729004;0.238617;0.000000;0.000000;0.000000;0.000000;2.000000;-43.863304;-755.428040;1983.924438;0.191462;0.000000;0.000000;0.000000;0.000000;2.000000;-116.706596;-771.146484;2088.560059;0.020843;0.000000;0.000000;0.000000;0.000000;2.000000;9072900096.000000
0.000000;-150.000000;2000.000000;0.000000;0.000000;0.000000;0.000000;0.000000;2.000000;-11.002323;-302.457275;2084.650879;0.086175;0.000000;0.000000;0.000000;0.000000;2.000000;-19.268076;-429.207062;2142.776367;0.124203;0.000000;0.000000;0.000000;0.000000;2.000000;-29.345186;-641.598389;2142.926270;0.186576;0.000000;0.000000;0.000000;0.000000;2.000000;5.119733;-608.351074;2146.277344;0.140912;0.000000;0.000000;0.000000;0.000000;2.000000;136.840363;-561.358032;2139.721191;0.070644;0.000000;0.000000;0.000000;0.000000;2.000000;240.124252;-323.247375;2216.436279;0.044961;0.000000;0.000000;0.000000;0.000000;2.000000;268.698486;-115.413284;2129.325684;0.200333;0.000000;0.000000;0.000000;0.000000;2.000000;298.256042;-39.352600;2176.603027;0.175047;0.000000;0.000000;0.000000;0.000000;2.000000;335.069336;37.840271;2238.936035;0.128088;0.000000;0.000000;0.000000;0.000000;0.000000;248.495682;-14.368011;2045.525269;0.259499;0.000000;0.000000;0.000000;0.000000;2.000000;-60.518486;-604.654907;2141.583984;0.199546;0.000000;0.000000;0.000000;0.000000;2.000000;-176.139542;-552.610474;2118.944824;0.259793;0.000000;0.000000;0.000000;0.000000;2.000000;-287.577057;-301.074646;2137.884766;0.384383;0.000000;0.000000;0.000000;0.000000;2.000000;-267.183716;-99.820847;2028.360962;0.275316;0.000000;0.000000;0.000000;0.000000;2.000000;-277.378510;-7.724075;1986.823975;0.371531;0.000000;0.000000;0.000000;0.000000;2.000000;-214.323883;53.142975;1930.790894;0.428324;0.000000;0.000000;0.000000;0.000000;2.000000;-219.129333;-9.807266;1942.540771;0.233150;0.000000;0.000000;0.000000;0.000000;2.000000;89.026291;-152.868683;2006.404541;0.144034;0.000000;0.000000;0.000000;0.000000;2.000000;285.853149;-6.669769;1700.439697;0.407907;0.000000;0.000000;0.000000;0.000000;2.000000;211.703659;358.889587;1736.165039;0.342174;0.000000;0.000000;0.000000;0.000000;2.000000;228.177719;460.703247;1584.419678;0.470358;0.000000;0.000000;0.000000;0.000000;2.000000;-80.278931;-147.413177;1994.224731;0.129881;0.000000;0.000000;0.000000;0.000000;2.000000;-121.295044;9.723358;1637.819946;0.662765;0.000000;0.000000;0.000000;0.000000;2.000000;-108.892960;374.531799;1738.510986;0.101503;0.000000;0.000000;0.000000;0.000000;2.000000;-132.786301;472.768677;1603.325317;0.256859;0.000000;0.000000;0.000000;0.000000;2.000000;-32.151470;-720.481323;2129.882813;0.227062;0.000000;0.000000;0.000000;0.000000;2.000000;-11.891088;-722.952881;1973.835083;0.233635;0.000000;0.000000;0.000000;0.000000;2.000000;4.165040;-767.267944;2001.825195;0.249246;0.000000;0.000000;0.000000;0.000000;2.000000;43.210426;-789.060242;2117.652832;0.242615;0.000000;0.000000;0.000000;0.000000;2.000000;-44.988728;-756.666687;1992.151489;0.256212;0.000000;0.000000;0.000000;0.000000;2.000000;-116.925575;-770.148315;2097.552979;0.276208;0.000000;0.000000;0.000000;0.000000;2.000000;9072932864.000000
0.000000;-150.000000;2000.000000;0.000000;0.000000;0.000000;0.000000;0.000000;2.000000;-7.579212;-302.583801;2082.797363;0.115257;0.000000;0.000000;0.000000;0.000000;2.000000;-13.466853;-429.223145;2139.594238;0.195806;0.000000;0.000000;0.000000;0.000000;2.000000;-23.510250;-640.393677;2144.191650;0.180247;0.000000;0.000000;0.000000;0.000000;2.000000;10.816227;-607.283447;2146.321289;0.171515;0.000000;0.000000;0.000000;0.000000;2.000000;142.527847;-562.501465;2140.582031;0.173556;0.000000;0.000000;0.000000;0.000000;2.000000;240.906586;-323.615906;2216.081543;0.027661;0.000000;0.000000;0.000000;0.000000;2.000000;269.334778;-117.281853;2128.611084;0.062124;0.000000;0.000000;0.000000;0.000000;2.000000;296.196869;-37.700195;2170.342285;0.201073;0.000000;0.000000;0.000000;0.000000;2.000000;334.575012;38.584930;2231.857178;0.211146;0.000000;0.000000;0.000000;0.000000;0.000000;241.480667;-16.229065;2047.404053;0.221855;0.000000;0.000000;0.000000;0.000000;2.000000;-54.524399;-603.674927;2142.589844;0.182185;0.000000;0.000000;0.000000;0.000000;2.000000;-170.187698;-553.257629;2120.516113;0.183170;0.000000;0.000000;0.000000;0.000000;2.000000;-283.187439;-304.796417;2147.161377;0.323058;0.000000;0.000000;0.000000;0.000000;2.000000;-267.618774;-105.677887;2035.614990;0.276206;0.000000;0.000000;0.000000;0.000000;2.000000;-287.220734;-13.169113;2000.179077;0.516712;0.000000;0.000000;0.000000;0.000000;2.000000;-221.862991;54.311523;1956.863403;0.803911;0.000000;0.000000;0.000000;0.000000;2.000000;-219.453583;-12.162186;1946.687256;0.141440;0.000000;0.000000;0.000000;0.000000;2.000000;88.716446;-152.780090;2002.997803;0.101265;0.000000;0.000000;0.000000;0.000000;2.000000;277.851440;-8.218781;1694.176270;0.304184;0.000000;0.000000;0.000000;0.000000;2.000000;212.312576;356.984283;1728.776733;0.226512;0.000000;0.000000;0.000000;0.000000;2.000000;228.860489;458.787323;1578.255615;0.192086;0.000000;0.000000;0.000000;0.000000;2.000000;-79.999527;-147.493088;1997.296753;0.091316;0.000000;0.000000;0.000000;0.000000;2.000000;-147.662857;7.619919;1646.476074;0.823624;0.000000;0.000000;0.000000;0.000000;2.000000;-109.618965;370.398651;1740.001221;0.131782;0.000000;0.000000;0.000000;0.000000;2.000000;-131.761169;467.832916;1605.094727;0.158103;0.000000;0.000000;0.000000;0.000000;2.000000;-26.510674;-719.088379;2132.862305;0.193230;0.000000;0.000000;0.000000;0.000000;2.000000;-9.957380;-727.304932;1977.446899;0.176877;0.000000;0.000000;0.000000;0.000000;2.000000;6.007964;-770.607666;2006.464966;0.177748;0.000000;0.000000;0.000000;0.000000;2.000000;47.149525;-788.804810;2121.453125;0.162151;0.000000;0.000000;0.000000;0.000000;2.000000;-42.925842;-759.668579;1997.572388;0.193268;0.000000;0.000000;0.000000;0.000000;2.000000;-112.233437;-768.295898;2104.377441;0.251140;0.000000;0.000000;0.000000;0.000000;2.000000;9072966656.000000
0.000000;-150.000000;2000.000000;0.000000;0.000000;0.000000;0.000000;0.000000;2.000000;-6.956984;-302.761200;2083.553223;0.029444;0.000000;0.000000;0.000000;0.000000;2.000000;-12.345366;-429.419556;2141.311035;0.060962;0.000000;0.000000;0.000000;0.000000;2.000000;-22.187181;-641.136780;2148.171875;0.126056;0.000000;0.000000;0.000000;0.000000;2.000000;12.226282;-607.886230;2149.637451;0.108119;0.000000;0.000000;0.000000;0.000000;2.000000;143.737823;-562.028076;2139.747559;0.045697;0.000000;0.000000;0.000000;0.000000;2.000000;242.935272;-321.750275;2212.420654;0.135606;0.000000;0.000000;0.000000;0.000000;2.000000;269.094452;-113.103386;2128.135254;0.124655;0.000000;0.000000;0.000000;0.000000;2.000000;291.674377;-27.719559;2160.475098;0.436358;0.000000;0.000000;0.000000;0.000000;2.000000;325.645142;52.883881;2219.535645;0.617932;0.000000;0.000000;0.000000;0.000000;0.000000;248.695587;-2.418228;2051.960693;0.480423;0.000000;0.000000;0.000000;0.000000;2.000000;-53.335197;-604.356628;2146.491211;0.122371;0.000000;0.000000;0.000000;0.000000;2.000000;-169.631897;-554.009521;2125.508545;0.150309;0.000000;0.000000;0.000000;0.000000;2.000000;-282.445892;-304.767120;2153.595215;0.191658;0.000000;0.000000;0.000000;0.000000;2.000000;-269.060089;-104.704773;2042.126343;0.199443;0.000000;0.000000;0.000000;0.000000;2.000000;-291.190552;-12.418152;2006.785889;0.229174;0.000000;0.000000;0.000000;0.000000;2.000000;-229.838104;65.013184;1975.125610;0.669371;0.000000;0.000000;0.000000;0.000000;2.000000;-218.602570;-9.285324;1951.544800;0.168955;0.000000;0.000000;0.000000;0.000000;2.000000;88.979614;-152.447403;2002.934204;0.012693;0.000000;0.000000;0.000000;0.000000;2.000000;274.828979;-7.183731;1691.069092;0.131883;0.000000;0.000000;0.000000;0.000000;2.000000;208.983780;358.363953;1732.192871;0.146938;0.000000;0.000000;0.000000;0.000000;2.000000;231.356247;457.672119;1580.139893;0.098251;0.000000;0.000000;0.000000;0.000000;2.000000;-80.236824;-147.793060;1997.354126;0.011445;0.000000;0.000000;0.000000;0.000000;2.000000;-135.369064;4.665222;1641.982056;0.397099;0.000000;0.000000;0.000000;0.000000;2.000000;-109.237556;366.266357;1747.657104;0.257702;0.000000;0.000000;0.000000;0.000000;2.000000;-131.179871;464.020264;1612.358521;0.243376;0.000000;0.000000;0.000000;0.000000;2.000000;-25.236523;-720.167725;2137.643066;0.149858;0.000000;0.000000;0.000000;0.000000;2.000000;-10.271635;-722.582031;1981.424438;0.182962;0.000000;0.000000;0.000000;0.000000;2.000000;6.290698;-766.950806;2008.737061;0.127678;0.000000;0.000000;0.000000;0.000000;2.000000;48.888710;-789.176453;2122.858887;0.067085;0.000000;0.000000;0.000000;0.000000;2.000000;-42.934402;-755.950867;2000.747803;0.144686;0.000000;0.000000;0.000000;0.000000;2.000000;-111.230957;-768.939270;2108.192383;0.118270;0.000000;0.000000;0.000000;0.000000;2.000000;9073000448.000000
0.000000;-150.000000;2000.000000;0.000000;0.000000;0.000000;0.000000;0.000000;2.000000;-6.307189;-304.230652;2078.414551;0.164307;0.000000;0.000000;0.000000;0.000000;2.000000;-10.330224;-431.987457;2131.519531;0.314980;0.000000;0.000000;0.000000;0.000000;2.000000;-19.339611;-642.387085;2137.968262;0.325532;0.000000;0.000000;0.000000;0.000000;2.000000;14.749495;-609.236938;2139.234375;0.329272;0.000000;0.000000;0.000000;0.000000;2.000000;145.066559;-562.994019;2128.062744;0.360099;0.000000;0.000000;0.000000;0.000000;2.000000;244.290817;-323.260498;2195.899902;0.507963;0.000000;0.000000;0.000000;0.000000;2.000000;267.991913;-114.670258;2114.713379;0.413755;0.000000;0.000000;0.000000;0.000000;2.000000;292.268768;-31.735458;2150.280029;0.334888;0.000000;0.000000;0.000000;0.000000;2.000000;340.417511;47.517944;2199.235596;0.783481;0.000000;0.000000;0.000000;0.000000;0.000000;242.546234;3.665283;2042.765869;0.385258;0.000000;0.000000;0.000000;0.000000;2.000000;-50.423183;-605.946655;2136.609863;0.318099;0.000000;0.000000;0.000000;0.000000;2.000000;-166.218079;-554.869446;2120.152344;0.195604;0.000000;0.000000;0.000000;0.000000;2.000000;-278.462219;-306.865112;2143.850098;0.327604;0.000000;0.000000;0.000000;0.000000;2.000000;-267.175598;-105.628662;2037.406860;0.157627;0.000000;0.000000;0.000000;0.000000;2.000000;-290.709900;-18.054382;1993.809326;0.432004;0.000000;0.000000;0.000000;0.000000;2.000000;-233.930664;65.874969;1974.944092;0.127754;0.000000;0.000000;0.000000;0.000000;2.000000;-231.759460;0.080597;1959.902222;0.554942;0.000000;0.000000;0.000000;0.000000;2.000000;88.031647;-149.061615;2008.926392;0.212023;0.000000;0.000000;0.000000;0.000000;2.000000;286.995483;-4.382095;1708.228027;0.647593;0.000000;0.000000;0.000000;0.000000;2.000000;209.897003;358.677704;1718.341919;0.423723;0.000000;0.000000;0.000000;0.000000;2.000000;236.590622;456.842377;1567.663330;0.413681;0.000000;0.000000;0.000000;0.000000;2.000000;-79.382011;-150.846161;1991.950684;0.191190;0.000000;0.000000;0.000000;0.000000;2.000000;-125.635742;4.126389;1639.165161;0.309664;0.000000;0.000000;0.000000;0.000000;2.000000;-110.820152;366.037201;1737.019897;0.328269;0.000000;0.000000;0.000000;0.000000;2.000000;-127.238785;461.099640;1600.371948;0.395247;0.000000;0.000000;0.000000;0.000000;2.000000;-22.181026;-720.897034;2127.365479;0.327971;0.000000;0.000000;0.000000;0.000000;2.000000;-7.675734;-724.821533;1972.149536;0.301766;0.000000;0.000000;0.000000;0.000000;2.000000;10.916606;-767.688110;1999.849365;0.306597;0.000000;0.000000;0.000000;0.000000;2.000000;54.568165;-786.126709;2113.383789;0.349735;0.000000;0.000000;0.000000;0.000000;2.000000;-38.474918;-759.185547;1991.935059;0.317169;0.000000;0.000000;0.000000;0.000000;2.000000;-105.332733;-773.732788;2099.105957;0.361514;0.000000;0.000000;0.000000;0.000000;2.000000;9073033216.000000
0.000000;-150.000000;2000.000000;0.000000;0.000000;0.000000;0.000000;0.000000;2.000000;-5.536671;-304.546936;2078.958984;0.029447;0.000000;0.000000;0.000000;0.000000;2.000000;-8.983421;-432.651642;2132.314453;0.050281;0.000000;0.000000;0.000000;0.000000;2.000000;-16.495256;-643.743286;2138.028809;0.093268;0.000000;0.000000;0.000000;0.000000;2.000000;17.482609;-610.270081;2138.926514;0.086945;0.000000;0.000000;0.000000;0.000000;2.000000;147.669815;-562.771362;2126.566406;0.089101;0.000000;0.000000;0.000000;0.000000;2.000000;248.564621;-322.141357;2191.796387;0.178434;0.000000;0.000000;0.000000;0.000000;2.000000;271.062561;-113.312302;2109.082031;0.194019;0.000000;0.000000;0.000000;0.000000;2.000000;283.900177;-21.206100;2120.698486;0.961638;0.000000;0.000000;0.000000;0.000000;2.000000;315.043060;73.077499;2155.349121;1.680073;0.000000;0.000000;0.000000;0.000000;2.000000;252.488266;19.945724;2070.207520;0.989011;0.000000;0.000000;0.000000;0.000000;2.000000;-47.932125;-607.405151;2137.287598;0.087746;0.000000;0.000000;0.000000;0.000000;2.000000;-164.919662;-557.214417;2123.958496;0.137763;0.000000;0.000000;0.000000;0.000000;2.000000;-278.672607;-309.779266;2154.562012;0.328576;0.000000;0.000000;0.000000;0.000000;2.000000;-269.177246;-107.686493;2048.147949;0.329016;0.000000;0.000000;0.000000;0.000000;2.000000;-297.191559;-26.262283;1995.536133;0.313688;0.000000;0.000000;0.000000;0.000000;2.000000;-237.910522;58.315994;1999.771484;0.776988;0.000000;0.000000;0.000000;0.000000;2.000000;-225.834976;1.148804;1974.003540;0.453734;0.000000;0.000000;0.000000;0.000000;2.000000;88.344597;-148.900604;2008.346680;0.020069;0.000000;0.000000;0.000000;0.000000;2.000000;271.172455;-3.526230;1696.488037;0.583607;0.000000;0.000000;0.000000;0.000000;2.000000;203.206146;362.151917;1714.379883;0.252035;0.000000;0.000000;0.000000;0.000000;2.000000;237.275833;458.851379;1563.603882;0.135562;0.000000;0.000000;0.000000;0.000000;2.000000;-79.664215;-150.991379;1992.473511;0.018099;0.000000;0.000000;0.000000;0.000000;2.000000;-144.741058;2.569580;1640.801880;0.569318;0.000000;0.000000;0.000000;0.000000;2.000000;-111.394173;364.586060;1737.882935;0.052773;0.000000;0.000000;0.000000;0.000000;2.000000;-127.705246;461.348083;1601.821289;0.045653;0.000000;0.000000;0.000000;0.000000;2.000000;-18.972158;-722.454346;2127.108398;0.105825;0.000000;0.000000;0.000000;0.000000;2.000000;-12.507328;-730.275024;1971.043945;0.218079;0.000000;0.000000;0.000000;0.000000;2.000000;8.466528;-772.131226;1998.897339;0.152770;0.000000;0.000000;0.000000;0.000000;2.000000;58.519756;-786.700684;2110.727051;0.141931;0.000000;0.000000;0.000000;0.000000;2.000000;-41.584049;-764.794800;1993.371704;0.194491;0.000000;0.000000;0.000000;0.000000;2.000000;-102.600525;-777.812500;2104.585938;0.217742;0.000000;0.000000;0.000000;0.000000;2.000000;9073067008.000000
0.000000;-150.000000;2000.000000;0.000000;0.000000;0.000000;0.000000;0.000000;2.000000;-3.348342;-302.518402;2085.072754;0.207614;0.000000;0.000000;0.000000;0.000000;2.000000;-5.862244;-427.661743;2146.981689;0.482302;0.000000;0.000000;0.000000;0.000000;2.000000;-13.232685;-640.057373;2142.929199;0.211969;0.000000;0.000000;0.000000;0.000000;2.000000;20.944662;-606.422241;2144.814453;0.239246;0.000000;0.000000;0.000000;0.000000;2.000000;150.839966;-556.565857;2129.627930;0.232277;0.000000;0.000000;0.000000;0.000000;2.000000;254.259628;-313.930847;2189.919678;0.310272;0.000000;0.000000;0.000000;0.000000;2.000000;266.125122;-104.159622;2103.769043;0.356387;0.000000;0.000000;0.000000;0.000000;2.000000;284.112335;-12.186234;2114.048828;0.342043;0.000000;0.000000;0.000000;0.000000;2.000000;311.999084;82.439926;2152.264160;0.314846;0.000000;0.000000;0.000000;0.000000;2.000000;251.875198;25.471664;2065.676758;0.218877;0.000000;0.000000;0.000000;0.000000;2.000000;-44.879841;-603.546082;2144.438965;0.264908;0.000000;0.000000;0.000000;0.000000;2.000000;-161.596207;-550.892151;2130.888428;0.303708;0.000000;0.000000;0.000000;0.000000;2.000000;-270.366180;-299.184235;2159.360840;0.436177;0.000000;0.000000;0.000000;0.000000;2.000000;-269.041168;-94.859909;2053.860840;0.428527;0.000000;0.000000;0.000000;0.000000;2.000000;-270.112183;-3.891449;2008.826782;1.146092;0.000000;0.000000;0.000000;0.000000;2.000000;-232.907562;91.046463;1988.429565;1.068094;0.000000;0.000000;0.000000;0.000000;2.000000;-236.534286;17.684662;2012.915771;1.330955;0.000000;0.000000;0.000000;0.000000;2.000000;89.233482;-150.487030;2002.638916;0.182814;0.000000;0.000000;0.000000;0.000000;2.000000;265.357391;0.586929;1686.746704;0.368273;0.000000;0.000000;0.000000;0.000000;2.000000;195.871048;367.415710;1717.183105;0.288499;0.000000;0.000000;0.000000;0.000000;2.000000;233.082748;469.265137;1569.249023;0.383474;0.000000;0.000000;0.000000;0.000000;2.000000;-80.465744;-149.560806;1997.620361;0.164849;0.000000;0.000000;0.000000;0.000000;2.000000;-125.788292;-3.545319;1637.168335;0.617785;0.000000;0.000000;0.000000;0.000000;2.000000;-111.310638;358.890137;1745.411987;0.288124;0.000000;0.000000;0.000000;0.000000;2.000000;-128.971771;464.856873;1615.268311;0.425868;0.000000;0.000000;0.000000;0.000000;2.000000;-15.882238;-718.640869;2128.299805;0.154135;0.000000;0.000000;0.000000;0.000000;2.000000;-15.284943;-722.774536;1971.028687;0.244089;0.000000;0.000000;0.000000;0.000000;2.000000;6.495165;-765.695435;1997.230957;0.211614;0.000000;0.000000;0.000000;0.000000;2.000000;60.872547;-783.422607;2107.387207;0.159849;0.000000;0.000000;0.000000;0.000000;2.000000;-43.963417;-757.815918;1993.734619;0.225289;0.000000;0.000000;0.000000;0.000000;2.000000;-101.247009;-773.151367;2107.484375;0.172523;0.000000;0.000000;0.000000;0.000000;2.000000;9073099776.000000
0.000000;-150.000000;2000.000000;0.000000;0.000000;0.000000;0.000000;0.000000;2.000000;-3.006988;-302.524658;2085.375977;0.013513;0.000000;0.000000;0.000000;0.000000;2.000000;-5.222573;-427.447571;2148.002686;0.036213;0.000000;0.000000;0.000000;0.000000;2.000000;-11.534157;-640.072937;2144.935547;0.077794;0.000000;0.000000;0.000000;0.000000;2.000000;22.515556;-606.224731;2146.262695;0.063498;0.000000;0.000000;0.000000;0.000000;2.000000;151.933899;-555.813843;2128.049316;0.061038;0.000000;0.000000;0.000000;0.000000;2.000000;256.261017;-313.357849;2188.520996;0.074220;0.000000;0.000000;0.000000;0.000000;2.000000;267.126617;-102.776764;2103.720215;0.050548;0.000000;0.000000;0.000000;0.000000;2.000000;287.148621;-10.887604;2111.388672;0.125489;0.000000;0.000000;0.000000;0.000000;2.000000;315.041931;84.577484;2147.712891;0.173924;0.000000;0.000000;0.000000;0.000000;2.000000;255.508240;26.158752;2071.866699;0.213369;0.000000;0.000000;0.000000;0.000000;2.000000;-43.378258;-603.689514;2146.678223;0.079898;0.000000;0.000000;0.000000;0.000000;2.000000;-160.815460;-551.911011;2135.094727;0.130143;0.000000;0.000000;0.000000;0.000000;2.000000;-270.901306;-301.337402;2170.031250;0.322521;0.000000;0.000000;0.000000;0.000000;2.000000;-270.662140;-97.884216;2062.437988;0.273380;0.000000;0.000000;0.000000;0.000000;2.000000;-263.952972;-1.415588;2031.282959;0.692968;0.000000;0.000000;0.000000;0.000000;2.000000;-225.136993;90.560028;2001.864014;0.459502;0.000000;0.000000;0.000000;0.000000;2.000000;-228.847504;10.439880;2021.649658;0.405599;0.000000;0.000000;0.000000;0.000000;2.000000;89.297775;-150.067337;2003.024780;0.016978;0.000000;0.000000;0.000000;0.000000;2.000000;258.864410;6.629730;1685.876587;0.263744;0.000000;0.000000;0.000000;0.000000;2.000000;198.850250;375.418213;1716.665771;0.253158;0.000000;0.000000;0.000000;0.000000;2.000000;234.038116;472.877197;1565.131104;0.164545;0.000000;0.000000;0.000000;0.000000;2.000000;-80.523727;-149.939270;1997.272339;0.015312;0.000000;0.000000;0.000000;0.000000;2.000000;-157.748657;-2.450119;1642.530273;0.959562;0.000000;0.000000;0.000000;0.000000;2.000000;-114.771317;358.601013;1748.936401;0.146421;0.000000;0.000000;0.000000;0.000000;2.000000;-125.589149;464.862488;1618.101685;0.130578;0.000000;0.000000;0.000000;0.000000;2.000000;-13.951855;-718.797424;2130.659668;0.090342;0.000000;0.000000;0.000000;0.000000;2.000000;-12.050026;-723.834595;1973.292725;0.120985;0.000000;0.000000;0.000000;0.000000;2.000000;10.550201;-766.113220;1999.937500;0.144803;0.000000;0.000000;0.000000;0.000000;2.000000;64.528305;-781.927612;2110.697266;0.152499;0.000000;0.000000;0.000000;0.000000;2.000000;-40.093941;-759.438904;1996.010742;0.141265;0.000000;0.000000;0.000000;0.000000;2.000000;-97.920547;-775.470642;2109.511230;0.134159;0.000000;0.000000;0.000000;0.000000;2.000000;9073133568.000000
0.000000;-150.000000;2000.000000;0.000000;0.000000;0.000000;0.000000;0.000000;2.000000;-2.277726;-302.007690;2082.684570;0.086547;0.000000;0.000000;0.000000;0.000000;2.000000;-4.047503;-426.794342;2142.398926;0.175866;0.000000;0.000000;0.000000;0.000000;2.000000;-6.361959;-637.375244;2143.111084;0.186527;0.000000;0.000000;0.000000;0.000000;2.000000;26.715216;-603.231812;2142.297852;0.198516;0.000000;0.000000;0.000000;0.000000;2.000000;153.205795;-549.670654;2123.337402;0.239439;0.000000;0.000000;0.000000;0.000000;2.000000;255.645554;-308.795715;2181.122314;0.265928;0.000000;0.000000;0.000000;0.000000;2.000000;266.581879;-96.581558;2107.215820;0.217718;0.000000;0.000000;0.000000;0.000000;2.000000;285.158905;-9.967896;2136.838867;0.779554;0.000000;0.000000;0.000000;0.000000;2.000000;291.956726;78.256256;2193.020020;1.563745;0.000000;0.000000;0.000000;0.000000;2.000000;280.846252;31.231689;2091.546875;0.991262;0.000000;0.000000;0.000000;0.000000;2.000000;-38.460632;-601.924927;2145.717041;0.162119;0.000000;0.000000;0.000000;0.000000;2.000000;-157.681793;-556.787659;2141.001465;0.252562;0.000000;0.000000;0.000000;0.000000;2.000000;-274.057556;-313.561951;2184.546387;0.587089;0.000000;0.000000;0.000000;0.000000;2.000000;-279.941650;-118.982864;2066.180176;0.712614;0.000000;0.000000;0.000000;0.000000;2.000000;-268.123291;-19.165390;2069.557617;1.293815;0.000000;0.000000;0.000000;0.000000;2.000000;-186.986954;21.319778;2020.649048;2.479732;0.000000;0.000000;0.000000;0.000000;2.000000;-213.745377;-15.846451;2031.480225;0.972590;0.000000;0.000000;0.000000;0.000000;2.000000;88.437866;-150.735535;2001.083984;0.067915;0.000000;0.000000;0.000000;0.000000;2.000000;251.087555;8.679001;1686.548828;0.246288;0.000000;0.000000;0.000000;0.000000;2.000000;195.643982;374.474243;1715.749268;0.105765;0.000000;0.000000;0.000000;0.000000;2.000000;227.263641;475.903503;1568.321411;0.246476;0.000000;0.000000;0.000000;0.000000;2.000000;-79.748306;-149.336731;1999.022461;0.061243;0.000000;0.000000;0.000000;0.000000;2.000000;-167.258789;1.560074;1652.543213;0.438841;0.000000;0.000000;0.000000;0.000000;2.000000;-111.069130;360.293030;1746.347046;0.147226;0.000000;0.000000;0.000000;0.000000;2.000000;-122.560005;466.609314;1617.823486;0.107049;0.000000;0.000000;0.000000;0.000000;2.000000;-7.902828;-715.569031;2130.386719;0.209413;0.000000;0.000000;0.000000;0.000000;2.000000;-12.124357;-726.724854;1974.973389;0.102057;0.000000;0.000000;0.000000;0.000000;2.000000;11.585657;-767.362000;2002.070679;0.081785;0.000000;0.000000;0.000000;0.000000;2.000000;69.416145;-778.331177;2110.038330;0.186281;0.000000;0.000000;0.000000;0.000000;2.000000;-38.710266;-761.214966;1999.918701;0.137638;0.000000;0.000000;0.000000;0.000000;2.000000;-91.358757;-772.954224;2114.995605;0.272048;0.000000;0.000000;0.000000;0.000000;2.000000;9073166336.000000
0.000000;-150.000000;2000.000000;0.000000;0.000000;0.000000;0.000000;0.000000;2.000000;-1.763166;-302.020142;2082.497559;0.016206;0.000000;0.000000;0.000000;0.000000;2.000000;-3.122700;-426.965515;2141.732422;0.034113;0.000000;0.000000;0.000000;0.000000;2.000000;-3.707152;-637.456543;2141.439941;0.092864;0.000000;0.000000;0.000000;0.000000;2.000000;29.066391;-603.055481;2140.548828;0.086875;0.000000;0.000000;0.000000;0.000000;2.000000;154.931671;-548.651978;2120.360107;0.106207;0.000000;0.000000;0.000000;0.000000;2.000000;257.436432;-307.005463;2174.057129;0.222102;0.000000;0.000000;0.000000;0.000000;2.000000;266.234161;-95.916306;2097.042969;0.301862;0.000000;0.000000;0.000000;0.000000;2.000000;294.703003;-7.526596;2106.677734;0.938957;0.000000;0.000000;0.000000;0.000000;2.000000;316.537781;87.940720;2143.886719;1.650870;0.000000;0.000000;0.000000;0.000000;2.000000;254.520065;17.109543;2058.856445;1.310519;0.000000;0.000000;0.000000;0.000000;2.000000;-36.059006;-602.301453;2144.453125;0.081081;0.000000;0.000000;0.000000;0.000000;2.000000;-155.937439;-558.969849;2141.461914;0.083789;0.000000;0.000000;0.000000;0.000000;2.000000;-276.444824;-318.947113;2190.375244;0.245236;0.000000;0.000000;0.000000;0.000000;2.000000;-286.957458;-123.001793;2074.831055;0.350411;0.000000;0.000000;0.000000;0.000000;2.000000;-270.854095;-24.431259;2086.200928;0.522869;0.000000;0.000000;0.000000;0.000000;2.000000;-198.750229;-46.096130;2015.947632;2.029942;0.000000;0.000000;0.000000;0.000000;2.000000;-214.270355;-24.565186;2035.419067;0.283545;0.000000;0.000000;0.000000;0.000000;2.000000;88.398003;-150.523636;2000.924316;0.007940;0.000000;0.000000;0.000000;0.000000;2.000000;249.869614;10.460892;1686.816040;0.064360;0.000000;0.000000;0.000000;0.000000;2.000000;194.423126;376.105957;1715.586670;0.060498;0.000000;0.000000;0.000000;0.000000;2.000000;227.770721;476.382996;1567.860962;0.024742;0.000000;0.000000;0.000000;0.000000;2.000000;-79.712379;-149.527802;1999.166504;0.007160;0.000000;0.000000;0.000000;0.000000;2.000000;-178.647202;2.006638;1656.269775;0.354846;0.000000;0.000000;0.000000;0.000000;2.000000;-112.424164;359.853455;1746.095459;0.042809;0.000000;0.000000;0.000000;0.000000;2.000000;-122.417694;463.529419;1615.413818;0.115800;0.000000;0.000000;0.000000;0.000000;2.000000;-4.701561;-715.560425;2128.354492;0.112211;0.000000;0.000000;0.000000;0.000000;2.000000;-19.132557;-725.656494;1973.558960;0.213923;0.000000;0.000000;0.000000;0.000000;2.000000;5.780030;-766.723206;1998.813965;0.197895;0.000000;0.000000;0.000000;0.000000;2.000000;70.329651;-779.061584;2102.679688;0.220496;0.000000;0.000000;0.000000;0.000000;2.000000;-44.446712;-759.975952;1999.970215;0.173679;0.000000;0.000000;0.000000;0.000000;2.000000;-89.628998;-771.834351;2118.099609;0.110255;0.000000;0.000000;0.000000;0.000000;2.000000;9073200128.000000
0.000000;-150.000000;2000.000000;0.000000;0.000000;0.000000;0.000000;0.000000;2.000000;-1.662064;-301.983734;2082.459473;0.003479;0.000000;0.000000;0.000000;0.000000;2.000000;-2.943582;-426.901489;2141.658691;0.006226;0.000000;0.000000;0.000000;0.000000;2.000000;-3.480961;-637.329834;2141.102051;0.012997;0.000000;0.000000;0.000000;0.000000;2.000000;29.273186;-602.930420;2140.185303;0.013322;0.000000;0.000000;0.000000;0.000000;2.000000;155.009430;-548.466003;2119.641113;0.022788;0.000000;0.000000;0.000000;0.000000;2.000000;257.260071;-306.635101;2172.592285;0.046423;0.000000;0.000000;0.000000;0.000000;2.000000;264.867096;-96.021942;2094.352051;0.092166;0.000000;0.000000;0.000000;0.000000;2.000000;289.124023;-6.923874;2107.917480;0.175377;0.000000;0.000000;0.000000;0.000000;2.000000;305.528076;87.996063;2149.025879;0.370795;0.000000;0.000000;0.000000;0.000000;2.000000;249.355835;17.756454;2060.419189;0.165837;0.000000;0.000000;0.000000;0.000000;2.000000;-35.824772;-602.196350;2144.227051;0.010440;0.000000;0.000000;0.000000;0.000000;2.000000;-155.683044;-558.883911;2141.813232;0.013494;0.000000;0.000000;0.000000;0.000000;2.000000;-275.889282;-319.263916;2192.941895;0.080723;0.000000;0.000000;0.000000;0.000000;2.000000;-287.710815;-121.996216;2079.934570;0.160398;0.000000;0.000000;0.000000;0.000000;2.000000;-281.166809;-22.848007;2094.953613;0.415609;0.000000;0.000000;0.000000;0.000000;2.000000;-204.079315;-2.756729;2029.750366;1.397565;0.000000;0.000000;0.000000;0.000000;2.000000;-222.267548;-17.988007;2043.753296;0.405636;0.000000;0.000000;0.000000;0.000000;2.000000;88.372612;-150.493637;2000.871338;0.002013;0.000000;0.000000;0.000000;0.000000;2.000000;249.213379;10.546936;1686.609985;0.021154;0.000000;0.000000;0.000000;0.000000;2.000000;193.994537;376.108582;1715.465088;0.013596;0.000000;0.000000;0.000000;0.000000;2.000000;227.447723;476.215088;1567.713745;0.011983;0.000000;0.000000;0.000000;0.000000;2.000000;-79.689468;-149.554840;1999.214111;0.001811;0.000000;0.000000;0.000000;0.000000;2.000000;-181.857330;2.882523;1657.798340;0.111749;0.000000;0.000000;0.000000;0.000000;2.000000;-112.744896;359.834778;1748.539795;0.075237;0.000000;0.000000;0.000000;0.000000;2.000000;-123.967247;464.444458;1618.768433;0.116175;0.000000;0.000000;0.000000;0.000000;2.000000;-4.485044;-715.394287;2127.924072;0.015553;0.000000;0.000000;0.000000;0.000000;2.000000;-19.948820;-724.230469;1973.197388;0.051344;0.000000;0.000000;0.000000;0.000000;2.000000;5.045273;-765.529724;1997.953369;0.050191;0.000000;0.000000;0.000000;0.000000;2.000000;70.234680;-778.806702;2101.259033;0.044142;0.000000;0.000000;0.000000;0.000000;2.000000;-45.145252;-758.702576;1999.493896;0.046646;0.000000;0.000000;0.000000;0.000000;2.000000;-89.558022;-771.413940;2117.786133;0.016150;0.000000;0.000000;0.000000;0.000000;2.000000;9073232896.000000
0.000000;-150.000000;2000.000000;0.000000;0.000000;0.000000;0.000000;0.000000;2.000000;-0.538291;-302.491333;2081.700195;0.042854;0.000000;0.000000;0.000000;0.000000;2.000000;-0.958761;-427.609070;2140.636719;0.069304;0.000000;0.000000;0.000000;0.000000;2.000000;-0.262006;-638.119629;2143.110352;0.114684;0.000000;0.000000;0.000000;0.000000;2.000000;32.280254;-603.536987;2141.084961;0.094603;0.000000;0.000000;0.000000;0.000000;2.000000;157.989090;-550.557434;2116.465820;0.142952;0.000000;0.000000;0.000000;0.000000;2.000000;262.017151;-308.080750;2163.265137;0.312783;0.000000;0.000000;0.000000;0.000000;2.000000;266.914795;-99.795731;2078.548096;0.484635;0.000000;0.000000;0.000000;0.000000;2.000000;289.841217;-9.933105;2089.409180;0.555310;0.000000;0.000000;0.000000;0.000000;2.000000;304.291077;86.630432;2127.429199;0.641428;0.000000;0.000000;0.000000;0.000000;2.000000;253.561996;-4.679871;2006.670288;1.728084;0.000000;0.000000;0.000000;0.000000;2.000000;-32.763855;-603.111694;2146.338379;0.113324;0.000000;0.000000;0.000000;0.000000;2.000000;-153.120178;-560.958374;2146.727051;0.175117;0.000000;0.000000;0.000000;0.000000;2.000000;-273.479767;-321.898315;2200.704102;0.252837;0.000000;0.000000;0.000000;0.000000;2.000000;-288.768860;-125.996010;2085.548096;0.206365;0.000000;0.000000;0.000000;0.000000;2.000000;-285.308044;-33.867981;2125.653809;0.973010;0.000000;0.000000;0.000000;0.000000;2.000000;-261.908539;-1.866867;2030.597778;1.711715;0.000000;0.000000;0.000000;0.000000;2.000000;-232.222855;-35.600098;2047.376587;0.608218;0.000000;0.000000;0.000000;0.000000;2.000000;88.418266;-150.188141;2000.231445;0.021027;0.000000;0.000000;0.000000;0.000000;2.000000;231.194656;11.772079;1677.608032;0.597167;0.000000;0.000000;0.000000;0.000000;2.000000;190.635620;378.268250;1718.579468;0.149863;0.000000;0.000000;0.000000;0.000000;2.000000;225.839630;475.505005;1569.224609;0.068595;0.000000;0.000000;0.000000;0.000000;2.000000;-79.730637;-149.830368;1999.791382;0.018968;0.000000;0.000000;0.000000;0.000000;2.000000;-215.738586;4.526184;1671.076172;1.077983;0.000000;0.000000;0.000000;0.000000;2.000000;-119.720520;356.626038;1756.869019;0.335237;0.000000;0.000000;0.000000;0.000000;2.000000;-126.015030;457.560120;1623.797485;0.259472;0.000000;0.000000;0.000000;0.000000;2.000000;-1.050827;-716.406677;2131.069092;0.141024;0.000000;0.000000;0.000000;0.000000;2.000000;-23.941954;-722.491333;1977.060181;0.172277;0.000000;0.000000;0.000000;0.000000;2.000000;2.836733;-763.891418;1999.749878;0.097203;0.000000;0.000000;0.000000;0.000000;2.000000;73.215134;-778.165649;2099.524414;0.103798;0.000000;0.000000;0.000000;0.000000;2.000000;-47.334522;-757.864197;2003.865967;0.146808;0.000000;0.000000;0.000000;0.000000;2.000000;-85.741188;-773.546021;2123.953125;0.223706;0.000000;0.000000;0.000000;0.000000;2.000000;9073266688.000000
0.000000;-150.000000;2000.000000;0.000000;0.000000;0.000000;0.000000;0.000000;2.000000;2.313838;-304.480194;2077.983398;0.150618;0.000000;0.000000;0.000000;0.000000;2.000000;3.615966;-430.980713;2134.003174;0.258493;0.000000;0.000000;0.000000;0.000000;2.000000;2.413444;-641.442505;2141.644531;0.133490;0.000000;0.000000;0.000000;0.000000;2.000000;35.210354;-607.239380;2137.740723;0.171222;0.000000;0.000000;0.000000;0.000000;2.000000;161.269714;-554.448730;2114.245850;0.164321;0.000000;0.000000;0.000000;0.000000;2.000000;260.859344;-309.401184;2157.761230;0.170966;0.000000;0.000000;0.000000;0.000000;2.000000;265.234650;-102.759323;2068.874023;0.303515;0.000000;0.000000;0.000000;0.000000;2.000000;283.632141;-11.376129;2074.870117;0.469789;0.000000;0.000000;0.000000;0.000000;2.000000;301.443878;85.942688;2109.492676;0.537823;0.000000;0.000000;0.000000;0.000000;2.000000;253.166458;19.407944;2031.876831;1.031830;0.000000;0.000000;0.000000;0.000000;2.000000;-29.650993;-606.024597;2145.033691;0.131936;0.000000;0.000000;0.000000;0.000000;2.000000;-149.921906;-563.551758;2147.414307;0.123537;0.000000;0.000000;0.000000;0.000000;2.000000;-269.701141;-324.864197;2204.736816;0.185604;0.000000;0.000000;0.000000;0.000000;2.000000;-292.666901;-128.976196;2090.670410;0.209909;0.000000;0.000000;0.000000;0.000000;2.000000;-282.260315;-51.670212;2154.160400;0.998657;0.000000;0.000000;0.000000;0.000000;2.000000;-277.430786;-8.619278;2060.680908;1.021500;0.000000;0.000000;0.000000;0.000000;2.000000;-237.885620;-41.998734;2057.059082;0.382149;0.000000;0.000000;0.000000;0.000000;2.000000;88.176170;-152.044342;1993.333984;0.211499;0.000000;0.000000;0.000000;0.000000;2.000000;221.375763;10.021515;1666.522339;0.441288;0.000000;0.000000;0.000000;0.000000;2.000000;184.596039;375.750275;1717.849976;0.194839;0.000000;0.000000;0.000000;0.000000;2.000000;222.470291;469.948822;1567.126099;0.202072;0.000000;0.000000;0.000000;0.000000;2.000000;-79.512321;-148.156525;2006.010986;0.190714;0.000000;0.000000;0.000000;0.000000;2.000000;-222.056625;-9.321823;1673.002075;0.454029;0.000000;0.000000;0.000000;0.000000;2.000000;-125.068390;345.520111;1746.066895;0.485022;0.000000;0.000000;0.000000;0.000000;2.000000;-135.132645;454.709320;1619.843384;0.305957;0.000000;0.000000;0.000000;0.000000;2.000000;0.506428;-720.016357;2131.563965;0.117255;0.000000;0.000000;0.000000;0.000000;2.000000;-25.316994;-725.126953;1977.925903;0.091626;0.000000;0.000000;0.000000;0.000000;2.000000;1.889273;-766.687378;1999.848633;0.087411;0.000000;0.000000;0.000000;0.000000;2.000000;74.174026;-781.603882;2098.212402;0.112539;0.000000;0.000000;0.000000;0.000000;2.000000;-48.211956;-760.679565;2004.957031;0.093049;0.000000;0.000000;0.000000;0.000000;2.000000;-84.347061;-777.123169;2125.694824;0.124758;0.000000;0.000000;0.000000;0.000000;2.000000;9073300480.000000
0.000000;-150.000000;2000.000000;0.000000;0.000000;0.000000;0.000000;0.000000;2.000000;2.232279;-305.082367;2078.072754;0.018744;0.000000;0.000000;0.000000;0.000000;2.000000;3.446750;-431.935181;2134.437500;0.032416;0.000000;0.000000;0.000000;0.000000;2.000000;1.367686;-643.058777;2142.963867;0.071222;0.000000;0.000000;0.000000;0.000000;2.000000;34.380081;-608.910034;2138.505859;0.061536;0.000000;0.000000;0.000000;0.000000;2.000000;160.888962;-556.668396;2113.515137;0.072255;0.000000;0.000000;0.000000;0.000000;2.000000;264.042969;-311.505585;2153.443359;0.175862;0.000000;0.000000;0.000000;0.000000;2.000000;272.043732;-103.967941;2064.995117;0.241976;0.000000;0.000000;0.000000;0.000000;2.000000;289.530609;-11.946075;2068.118896;0.274142;0.000000;0.000000;0.000000;0.000000;2.000000;309.607513;86.307709;2099.795898;0.386991;0.000000;0.000000;0.000000;0.000000;2.000000;252.052139;17.523010;2030.155273;0.085004;0.000000;0.000000;0.000000;0.000000;2.000000;-30.596376;-607.361206;2146.616699;0.069498;0.000000;0.000000;0.000000;0.000000;2.000000;-151.236145;-564.901001;2151.769531;0.144808;0.000000;0.000000;0.000000;0.000000;2.000000;-269.776794;-325.675354;2213.592285;0.271389;0.000000;0.000000;0.000000;0.000000;2.000000;-294.310944;-128.984009;2099.715820;0.280567;0.000000;0.000000;0.000000;0.000000;2.000000;-292.539642;-62.007477;2175.174561;0.780510;0.000000;0.000000;0.000000;0.000000;2.000000;-275.737061;-4.640915;2090.837402;0.929715;0.000000;0.000000;0.000000;0.000000;2.000000;-235.744141;-38.721054;2086.644287;0.910741;0.000000;0.000000;0.000000;0.000000;2.000000;88.421242;-152.358124;1992.787720;0.020629;0.000000;0.000000;0.000000;0.000000;2.000000;210.023438;6.881088;1658.607910;0.433066;0.000000;0.000000;0.000000;0.000000;2.000000;185.861465;373.712799;1717.897095;0.073209;0.000000;0.000000;0.000000;0.000000;2.000000;222.028564;471.171600;1568.098145;0.049540;0.000000;0.000000;0.000000;0.000000;2.000000;-79.733315;-147.873566;2006.503662;0.018604;0.000000;0.000000;0.000000;0.000000;2.000000;-228.586395;-7.834625;1675.255127;0.215632;0.000000;0.000000;0.000000;0.000000;2.000000;-130.010284;345.740021;1758.109985;0.397323;0.000000;0.000000;0.000000;0.000000;2.000000;-134.778763;453.026215;1629.231934;0.291284;0.000000;0.000000;0.000000;0.000000;2.000000;-1.030764;-721.924133;2133.189941;0.089736;0.000000;0.000000;0.000000;0.000000;2.000000;-30.413412;-727.856873;1979.692505;0.184491;0.000000;0.000000;0.000000;0.000000;2.000000;-0.963770;-768.470581;2000.929199;0.107841;0.000000;0.000000;0.000000;0.000000;2.000000;74.449005;-780.686279;2097.819336;0.031599;0.000000;0.000000;0.000000;0.000000;2.000000;-51.293789;-764.450317;2007.271484;0.164549;0.000000;0.000000;0.000000;0.000000;2.000000;-83.945061;-782.547363;2129.206055;0.197570;0.000000;0.000000;0.000000;0.000000;2.000000;9073333248.000000
0.000000;-150.000000;2000.000000;0.000000;0.000000;0.000000;0.000000;0.000000;2.000000;2.402174;-304.987610;2078.136475;0.006058;0.000000;0.000000;0.000000;0.000000;2.000000;3.748999;-431.737488;2134.624023;0.012029;0.000000;0.000000;0.000000;0.000000;2.000000;1.831861;-642.773560;2143.716064;0.027485;0.000000;0.000000;0.000000;0.000000;2.000000;34.791859;-608.629272;2139.001465;0.020800;0.000000;0.000000;0.000000;0.000000;2.000000;160.979355;-556.435547;2112.567383;0.029004;0.000000;0.000000;0.000000;0.000000;2.000000;264.672943;-311.092712;2149.304199;0.124501;0.000000;0.000000;0.000000;0.000000;2.000000;272.641113;-103.949142;2060.110596;0.145625;0.000000;0.000000;0.000000;0.000000;2.000000;287.057983;-11.380386;2061.258789;0.216442;0.000000;0.000000;0.000000;0.000000;2.000000;302.647003;88.955627;2088.519531;0.399904;0.000000;0.000000;0.000000;0.000000;2.000000;260.070282;20.918488;2027.272461;0.271433;0.000000;0.000000;0.000000;0.000000;2.000000;-30.123238;-607.094971;2147.435791;0.029080;0.000000;0.000000;0.000000;0.000000;2.000000;-150.666763;-564.546509;2153.104004;0.044198;0.000000;0.000000;0.000000;0.000000;2.000000;-267.865143;-324.916443;2215.540771;0.083842;0.000000;0.000000;0.000000;0.000000;2.000000;-292.746277;-127.925247;2102.402100;0.097185;0.000000;0.000000;0.000000;0.000000;2.000000;-286.552551;-60.930939;2177.569336;0.193463;0.000000;0.000000;0.000000;0.000000;2.000000;-275.307373;-17.788177;2084.340332;0.434165;0.000000;0.000000;0.000000;0.000000;2.000000;-233.484650;-38.612061;2086.581543;0.066968;0.000000;0.000000;0.000000;0.000000;2.000000;88.381538;-152.342834;1992.635742;0.004670;0.000000;0.000000;0.000000;0.000000;2.000000;207.756378;6.532883;1657.621582;0.073885;0.000000;0.000000;0.000000;0.000000;2.000000;184.837509;373.111847;1718.228760;0.036480;0.000000;0.000000;0.000000;0.000000;2.000000;221.467590;471.220123;1569.036133;0.032375;0.000000;0.000000;0.000000;0.000000;2.000000;-79.697517;-147.887375;2006.640747;0.004213;0.000000;0.000000;0.000000;0.000000;2.000000;-231.707184;-8.376999;1676.746948;0.103613;0.000000;0.000000;0.000000;0.000000;2.000000;-131.938217;345.674347;1755.508301;0.095846;0.000000;0.000000;0.000000;0.000000;2.000000;-135.668381;453.190643;1626.855591;0.075246;0.000000;0.000000;0.000000;0.000000;2.000000;-0.571503;-721.641357;2134.165527;0.032988;0.000000;0.000000;0.000000;0.000000;2.000000;-34.094742;-728.542236;1981.609497;0.124490;0.000000;0.000000;0.000000;0.000000;2.000000;-3.783244;-768.822876;2002.215332;0.092298;0.000000;0.000000;0.000000;0.000000;2.000000;74.320908;-780.008057;2097.026611;0.031105;0.000000;0.000000;0.000000;0.000000;2.000000;-53.933418;-765.139160;2009.915039;0.112416;0.000000;0.000000;0.000000;0.000000;2.000000;-83.086540;-782.866699;2132.745850;0.108203;0.000000;0.000000;0.000000;0.000000;2.000000;9073367040.000000
0.000000;-150.000000;2000.000000;0.000000;0.000000;0.000000;0.000000;0.000000;2.000000;2.547932;-305.372009;2077.713867;0.017993;0.000000;0.000000;0.000000;0.000000;2.000000;3.979548;-432.499084;2133.655762;0.038247;0.000000;0.000000;0.000000;0.000000;2.000000;3.965495;-643.724915;2142.952148;0.075008;0.000000;0.000000;0.000000;0.000000;2.000000;36.615257;-609.271179;2137.908203;0.067774;0.000000;0.000000;0.000000;0.000000;2.000000;162.102341;-556.210388;2109.297363;0.105737;0.000000;0.000000;0.000000;0.000000;2.000000;265.166962;-309.720215;2141.628906;0.238424;0.000000;0.000000;0.000000;0.000000;2.000000;268.600464;-104.223434;2047.936157;0.391553;0.000000;0.000000;0.000000;0.000000;2.000000;282.756775;-13.556808;2067.251465;0.234707;0.000000;0.000000;0.000000;0.000000;2.000000;323.271576;77.475357;2101.089844;0.816128;0.000000;0.000000;0.000000;0.000000;2.000000;238.100235;18.819565;1979.190430;1.614542;0.000000;0.000000;0.000000;0.000000;2.000000;-28.290625;-608.287903;2146.932129;0.068479;0.000000;0.000000;0.000000;0.000000;2.000000;-149.336014;-567.108826;2154.347168;0.095933;0.000000;0.000000;0.000000;0.000000;2.000000;-266.542603;-327.723999;2218.759033;0.136440;0.000000;0.000000;0.000000;0.000000;2.000000;-295.269806;-130.119186;2107.197754;0.178417;0.000000;0.000000;0.000000;0.000000;2.000000;-284.413727;-63.378754;2182.183594;0.172249;0.000000;0.000000;0.000000;0.000000;2.000000;-274.789551;-27.341187;2085.709473;0.294937;0.000000;0.000000;0.000000;0.000000;2.000000;-232.289291;-43.522491;2089.956055;0.185452;0.000000;0.000000;0.000000;0.000000;2.000000;88.445740;-152.329132;1992.443604;0.006196;0.000000;0.000000;0.000000;0.000000;2.000000;200.621399;6.272461;1654.417725;0.238819;0.000000;0.000000;0.000000;0.000000;2.000000;185.310318;373.174194;1717.477905;0.027146;0.000000;0.000000;0.000000;0.000000;2.000000;221.085129;468.771606;1566.261230;0.113538;0.000000;0.000000;0.000000;0.000000;2.000000;-79.755409;-147.899719;2006.813843;0.005583;0.000000;0.000000;0.000000;0.000000;2.000000;-239.755905;-5.316925;1681.633667;0.302149;0.000000;0.000000;0.000000;0.000000;2.000000;-130.760605;347.725952;1754.054565;0.084733;0.000000;0.000000;0.000000;0.000000;2.000000;-135.119339;452.612000;1623.074707;0.117923;0.000000;0.000000;0.000000;0.000000;2.000000;2.155627;-722.690247;2133.482422;0.091573;0.000000;0.000000;0.000000;0.000000;2.000000;-35.840740;-730.009888;1981.853149;0.070004;0.000000;0.000000;0.000000;0.000000;2.000000;-4.517709;-770.021240;2001.581543;0.047053;0.000000;0.000000;0.000000;0.000000;2.000000;76.539017;-780.408752;2094.122559;0.112187;0.000000;0.000000;0.000000;0.000000;2.000000;-54.495636;-766.811829;2010.771606;0.059861;0.000000;0.000000;0.000000;0.000000;2.000000;-79.846275;-784.761719;2134.529297;0.126827;0.000000;0.000000;0.000000;0.000000;2.000000;9073399808.000000
0.000000;-150.000000;2000.000000;0.000000;0.000000;0.000000;0.000000;0.000000;2.000000;2.734087;-305.357819;2077.733154;0.005554;0.000000;0.000000;0.000000;0.000000;2.000000;4.308339;-432.498962;2133.636475;0.009747;0.000000;0.000000;0.000000;0.000000;2.000000;4.864709;-643.727478;2142.821289;0.026891;0.000000;0.000000;0.000000;0.000000;2.000000;37.409340;-609.187988;2137.688477;0.024506;0.000000;0.000000;0.000000;0.000000;2.000000;162.598770;-555.649902;2108.670410;0.028899;0.000000;0.000000;0.000000;0.000000;2.000000;264.934784;-308.904816;2141.354248;0.026373;0.000000;0.000000;0.000000;0.000000;2.000000;269.014832;-102.251633;2050.271484;0.091276;0.000000;0.000000;0.000000;0.000000;2.000000;275.435211;-8.784378;2046.216187;0.674082;0.000000;0.000000;0.000000;0.000000;2.000000;301.925232;91.725647;2062.623047;1.368465;0.000000;0.000000;0.000000;0.000000;2.000000;258.138092;25.143036;1989.783569;0.696354;0.000000;0.000000;0.000000;0.000000;2.000000;-27.468424;-608.375427;2146.925537;0.024469;0.000000;0.000000;0.000000;0.000000;2.000000;-148.563736;-567.514038;2155.214844;0.036406;0.000000;0.000000;0.000000;0.000000;2.000000;-265.420441;-328.552032;2221.787598;0.098669;0.000000;0.000000;0.000000;0.000000;2.000000;-295.371643;-130.247757;2111.803711;0.136390;0.000000;0.000000;0.000000;0.000000;2.000000;-273.656036;-64.026840;2184.866211;0.328659;0.000000;0.000000;0.000000;0.000000;2.000000;-266.537292;-33.011948;2086.449463;0.297117;0.000000;0.000000;0.000000;0.000000;2.000000;-224.747803;-51.006393;2089.767334;0.314462;0.000000;0.000000;0.000000;0.000000;2.000000;88.442825;-152.249542;1992.393188;0.002789;0.000000;0.000000;0.000000;0.000000;2.000000;199.795059;6.897644;1654.354858;0.030720;0.000000;0.000000;0.000000;0.000000;2.000000;184.503296;373.522339;1718.994751;0.051879;0.000000;0.000000;0.000000;0.000000;2.000000;220.469666;468.784912;1567.613892;0.043980;0.000000;0.000000;0.000000;0.000000;2.000000;-79.752785;-147.971466;2006.859375;0.002516;0.000000;0.000000;0.000000;0.000000;2.000000;-243.379425;-6.342621;1683.073120;0.119307;0.000000;0.000000;0.000000;0.000000;2.000000;-132.501480;346.913025;1751.473022;0.095231;0.000000;0.000000;0.000000;0.000000;2.000000;-135.614090;449.464172;1618.623657;0.161993;0.000000;0.000000;0.000000;0.000000;2.000000;3.225666;-722.691650;2133.315430;0.032049;0.000000;0.000000;0.000000;0.000000;2.000000;-35.956593;-733.185120;1982.176392;0.094512;0.000000;0.000000;0.000000;0.000000;2.000000;-2.742702;-771.610962;2001.962646;0.071411;0.000000;0.000000;0.000000;0.000000;2.000000;79.619949;-777.563110;2093.737793;0.124634;0.000000;0.000000;0.000000;0.000000;2.000000;-52.716251;-770.456055;2011.648682;0.122786;0.000000;0.000000;0.000000;0.000000;2.000000;-76.014084;-788.211365;2135.836182;0.157410;0.000000;0.000000;0.000000;0.000000;2.000000;9073433600.000000
0.000000;-150.000000;2000.000000;0.000000;0.000000;0.000000;0.000000;0.000000;2.000000;3.039596;-305.353394;2077.648926;0.009672;0.000000;0.000000;0.000000;0.000000;2.000000;4.847315;-432.526001;2133.400879;0.017970;0.000000;0.000000;0.000000;0.000000;2.000000;5.855884;-643.723206;2142.236816;0.035116;0.000000;0.000000;0.000000;0.000000;2.000000;38.309258;-609.116882;2137.069824;0.033397;0.000000;0.000000;0.000000;0.000000;2.000000;163.234863;-555.253723;2107.659668;0.038398;0.000000;0.000000;0.000000;0.000000;2.000000;265.253296;-308.455017;2140.465332;0.031919;0.000000;0.000000;0.000000;0.000000;2.000000;269.455078;-101.207764;2050.867432;0.039065;0.000000;0.000000;0.000000;0.000000;2.000000;276.207642;-7.701065;2049.869629;0.118657;0.000000;0.000000;0.000000;0.000000;2.000000;303.111938;92.139404;2069.274902;0.206590;0.000000;0.000000;0.000000;0.000000;2.000000;249.044632;28.871857;2003.485596;0.514600;0.000000;0.000000;0.000000;0.000000;2.000000;-26.530031;-608.450806;2146.489258;0.031665;0.000000;0.000000;0.000000;0.000000;2.000000;-147.612518;-567.735413;2155.254150;0.029829;0.000000;0.000000;0.000000;0.000000;2.000000;-264.127014;-328.647400;2221.736816;0.039610;0.000000;0.000000;0.000000;0.000000;2.000000;-294.008606;-131.028320;2110.606689;0.060267;0.000000;0.000000;0.000000;0.000000;2.000000;-279.147583;-64.466156;2185.032715;0.168201;0.000000;0.000000;0.000000;0.000000;2.000000;-268.245178;-35.564758;2086.342285;0.093790;0.000000;0.000000;0.000000;0.000000;2.000000;-225.195435;-49.133408;2093.074219;0.116783;0.000000;0.000000;0.000000;0.000000;2.000000;88.418976;-152.119904;1992.297485;0.004971;0.000000;0.000000;0.000000;0.000000;2.000000;194.649918;6.470749;1652.448853;0.167951;0.000000;0.000000;0.000000;0.000000;2.000000;181.643173;373.122345;1716.984619;0.107381;0.000000;0.000000;0.000000;0.000000;2.000000;214.421249;468.850616;1565.220337;0.198521;0.000000;0.000000;0.000000;0.000000;2.000000;-79.731277;-148.088379;2006.945801;0.004485;0.000000;0.000000;0.000000;0.000000;2.000000;-248.602554;-4.761688;1686.717529;0.200262;0.000000;0.000000;0.000000;0.000000;2.000000;-133.313675;346.933441;1755.429443;0.123260;0.000000;0.000000;0.000000;0.000000;2.000000;-137.427231;450.835114;1623.706177;0.169912;0.000000;0.000000;0.000000;0.000000;2.000000;4.349771;-722.658325;2132.608887;0.040531;0.000000;0.000000;0.000000;0.000000;2.000000;-35.993729;-733.347046;1981.823486;0.011903;0.000000;0.000000;0.000000;0.000000;2.000000;-2.784237;-771.844604;2001.445435;0.017366;0.000000;0.000000;0.000000;0.000000;2.000000;80.222862;-777.896606;2092.596191;0.040692;0.000000;0.000000;0.000000;0.000000;2.000000;-52.668667;-770.479126;2011.500366;0.004805;0.000000;0.000000;0.000000;0.000000;2.000000;-75.097809;-787.858765;2135.873291;0.029983;0.000000;0.000000;0.000000;0.000000;2.000000;9073466368.000000
0.000000;-150.000000;2000.000000;0.000000;0.000000;0.000000;0.000000;0.000000;2.000000;5.590098;-305.935791;2075.012207;0.109919;0.000000;0.000000;0.000000;0.000000;2.000000;9.214000;-433.573456;2128.421875;0.198417;0.000000;0.000000;0.000000;0.000000;2.000000;12.138354;-644.103394;2135.964844;0.262946;0.000000;0.000000;0.000000;0.000000;2.000000;43.976265;-609.341187;2129.607422;0.277373;0.000000;0.000000;0.000000;0.000000;2.000000;166.712036;-554.353638;2095.593018;0.372570;0.000000;0.000000;0.000000;0.000000;2.000000;265.904785;-307.373718;2128.414063;0.358582;0.000000;0.000000;0.000000;0.000000;2.000000;268.223846;-96.882156;2048.739258;0.147240;0.000000;0.000000;0.000000;0.000000;2.000000;276.735626;-3.836060;2047.316406;0.137967;0.000000;0.000000;0.000000;0.000000;2.000000;271.627777;100.558044;2038.877319;1.318836;0.000000;0.000000;0.000000;0.000000;2.000000;242.639099;31.873993;2012.212524;0.332446;0.000000;0.000000;0.000000;0.000000;2.000000;-20.180275;-609.215515;2141.809082;0.234528;0.000000;0.000000;0.000000;0.000000;2.000000;-141.065460;-570.538025;2155.154785;0.210772;0.000000;0.000000;0.000000;0.000000;2.000000;-255.812531;-331.957458;2222.791992;0.266665;0.000000;0.000000;0.000000;0.000000;2.000000;-296.420776;-134.250351;2116.897217;0.220999;0.000000;0.000000;0.000000;0.000000;2.000000;-276.329895;-68.951752;2190.760254;0.230871;0.000000;0.000000;0.000000;0.000000;2.000000;-262.169373;-42.465393;2092.163574;0.322034;0.000000;0.000000;0.000000;0.000000;2.000000;-220.519196;-59.373123;2099.610840;0.385214;0.000000;0.000000;0.000000;0.000000;2.000000;87.844498;-151.884460;1989.536255;0.083753;0.000000;0.000000;0.000000;0.000000;2.000000;155.124054;14.312988;1644.888916;1.213286;0.000000;0.000000;0.000000;0.000000;2.000000;177.273590;376.441925;1723.776367;0.258392;0.000000;0.000000;0.000000;0.000000;2.000000;219.152008;469.816620;1573.515381;0.284031;0.000000;0.000000;0.000000;0.000000;2.000000;-79.213257;-148.300720;2009.435669;0.075522;0.000000;0.000000;0.000000;0.000000;2.000000;-259.861481;-5.804123;1696.919922;0.450685;0.000000;0.000000;0.000000;0.000000;2.000000;-132.898102;342.703644;1753.393677;0.139458;0.000000;0.000000;0.000000;0.000000;2.000000;-135.263107;442.186066;1618.949585;0.299041;0.000000;0.000000;0.000000;0.000000;2.000000;10.793707;-722.733276;2125.990723;0.273361;0.000000;0.000000;0.000000;0.000000;2.000000;-36.806358;-736.693726;1978.153564;0.148934;0.000000;0.000000;0.000000;0.000000;2.000000;-3.826804;-775.370239;1997.306152;0.163835;0.000000;0.000000;0.000000;0.000000;2.000000;82.960114;-781.005249;2084.317383;0.273945;0.000000;0.000000;0.000000;0.000000;2.000000;-52.958813;-772.343262;2009.602173;0.079198;0.000000;0.000000;0.000000;0.000000;2.000000;-69.819344;-785.384277;2134.949219;0.174671;0.000000;0.000000;0.000000;0.000000;2.000000;9073500160.000000
0.000000;-150.000000;2000.000000;0.000000;0.000000;0.000000;0.000000;0.000000;2.000000;6.274136;-305.813354;2075.853027;0.033289;0.000000;0.000000;0.000000;0.000000;2.000000;10.539751;-433.116058;2130.577393;0.078479;0.000000;0.000000;0.000000;0.000000;2.000000;16.295940;-643.846497;2140.126709;0.179698;0.000000;0.000000;0.000000;0.000000;2.000000;47.711178;-608.666870;2133.398926;0.163717;0.000000;0.000000;0.000000;0.000000;2.000000;170.230576;-551.788330;2100.831299;0.207879;0.000000;0.000000;0.000000;0.000000;2.000000;266.254639;-302.835724;2131.649414;0.170416;0.000000;0.000000;0.000000;0.000000;2.000000;268.525726;-92.445389;2050.689941;0.148195;0.000000;0.000000;0.000000;0.000000;2.000000;276.586914;0.346069;2041.470093;0.219412;0.000000;0.000000;0.000000;0.000000;2.000000;280.645233;104.950958;2032.967529;0.355288;0.000000;0.000000;0.000000;0.000000;2.000000;268.200195;34.584686;2045.494873;1.283347;0.000000;0.000000;0.000000;0.000000;2.000000;-16.534472;-609.284302;2145.680664;0.162306;0.000000;0.000000;0.000000;0.000000;2.000000;-138.214600;-573.399658;2161.368652;0.226177;0.000000;0.000000;0.000000;0.000000;2.000000;-254.114166;-336.557434;2234.693359;0.392820;0.000000;0.000000;0.000000;0.000000;2.000000;-299.840393;-138.008575;2131.708008;0.477849;0.000000;0.000000;0.000000;0.000000;2.000000;-285.646301;-73.685242;2207.977295;0.614630;0.000000;0.000000;0.000000;0.000000;2.000000;-269.051208;-46.055603;2109.901855;0.590888;0.000000;0.000000;0.000000;0.000000;2.000000;-226.411102;-59.434219;2119.303711;0.627303;0.000000;0.000000;0.000000;0.000000;2.000000;87.997116;-151.541763;1989.554321;0.011462;0.000000;0.000000;0.000000;0.000000;2.000000;167.999680;11.934448;1645.617798;0.400200;0.000000;0.000000;0.000000;0.000000;2.000000;175.799011;376.575745;1718.227295;0.175269;0.000000;0.000000;0.000000;0.000000;2.000000;219.464600;467.211243;1566.450195;0.230003;0.000000;0.000000;0.000000;0.000000;2.000000;-79.350853;-148.609711;2009.419434;0.010334;0.000000;0.000000;0.000000;0.000000;2.000000;-258.511353;-6.880753;1694.926270;0.080491;0.000000;0.000000;0.000000;0.000000;2.000000;-131.276810;340.846924;1759.098633;0.189658;0.000000;0.000000;0.000000;0.000000;2.000000;-135.315430;442.090942;1625.677368;0.205342;0.000000;0.000000;0.000000;0.000000;2.000000;15.994438;-722.705444;2130.884277;0.217929;0.000000;0.000000;0.000000;0.000000;2.000000;-35.654819;-736.589722;1984.137695;0.185999;0.000000;0.000000;0.000000;0.000000;2.000000;-0.198971;-773.979919;2001.594116;0.176583;0.000000;0.000000;0.000000;0.000000;2.000000;89.635910;-776.796509;2085.887207;0.245556;0.000000;0.000000;0.000000;0.000000;2.000000;-49.081009;-773.548706;2015.486084;0.218176;0.000000;0.000000;0.000000;0.000000;2.000000;-61.304577;-789.452820;2141.248047;0.346249;0.000000;0.000000;0.000000;0.000000;2.000000;9073532928.000000
0.000000;-150.000000;2000.000000;0.000000;0.000000;0.000000;0.000000;0.000000;2.000000;6.297203;-305.805115;2075.859375;0.000749;0.000000;0.000000;0.000000;0.000000;2.000000;10.584196;-433.090057;2130.615723;0.001900;0.000000;0.000000;0.000000;0.000000;2.000000;16.392605;-643.808716;2140.290039;0.005727;0.000000;0.000000;0.000000;0.000000;2.000000;47.796608;-608.626648;2133.530273;0.004787;0.000000;0.000000;0.000000;0.000000;2.000000;170.245605;-551.705322;2100.785889;0.002835;0.000000;0.000000;0.000000;0.000000;2.000000;265.970032;-302.558594;2130.907715;0.024899;0.000000;0.000000;0.000000;0.000000;2.000000;267.716766;-92.453323;2049.211914;0.049862;0.000000;0.000000;0.000000;0.000000;2.000000;274.556732;0.386932;2039.528564;0.083139;0.000000;0.000000;0.000000;0.000000;2.000000;275.874176;104.879379;2029.037598;0.182932;0.000000;0.000000;0.000000;0.000000;2.000000;259.643829;34.379593;2041.795410;0.275927;0.000000;0.000000;0.000000;0.000000;2.000000;-16.443153;-609.251526;2145.834717;0.005388;0.000000;0.000000;0.000000;0.000000;2.000000;-138.114243;-573.355408;2161.543945;0.006119;0.000000;0.000000;0.000000;0.000000;2.000000;-253.869965;-336.395081;2234.691895;0.008678;0.000000;0.000000;0.000000;0.000000;2.000000;-299.512238;-137.983261;2131.416504;0.013011;0.000000;0.000000;0.000000;0.000000;2.000000;-284.779297;-73.536255;2207.476074;0.029962;0.000000;0.000000;0.000000;0.000000;2.000000;-268.075989;-46.512146;2109.252441;0.037212;0.000000;0.000000;0.000000;0.000000;2.000000;-225.475769;-60.030304;2118.736328;0.036868;0.000000;0.000000;0.000000;0.000000;2.000000;87.994102;-151.534210;1989.544434;0.000379;0.000000;0.000000;0.000000;0.000000;2.000000;167.852356;11.890045;1645.559204;0.004872;0.000000;0.000000;0.000000;0.000000;2.000000;175.693359;376.548340;1718.037964;0.006467;0.000000;0.000000;0.000000;0.000000;2.000000;219.200943;467.173218;1566.213989;0.010536;0.000000;0.000000;0.000000;0.000000;2.000000;-79.348152;-148.616547;2009.428345;0.000342;0.000000;0.000000;0.000000;0.000000;2.000000;-258.813141;-6.822601;1695.148804;0.011229;0.000000;0.000000;0.000000;0.000000;2.000000;-131.359741;340.823242;1759.282227;0.006003;0.000000;0.000000;0.000000;0.000000;2.000000;-135.504684;442.140869;1625.924805;0.009336;0.000000;0.000000;0.000000;0.000000;2.000000;16.106173;-722.671570;2131.095703;0.007147;0.000000;0.000000;0.000000;0.000000;2.000000;-35.642365;-736.665833;1984.398071;0.008036;0.000000;0.000000;0.000000;0.000000;2.000000;-0.185187;-774.049438;2001.862061;0.008202;0.000000;0.000000;0.000000;0.000000;2.000000;89.702667;-776.817871;2086.096191;0.006523;0.000000;0.000000;0.000000;0.000000;2.000000;-49.056858;-773.594238;2015.785645;0.008995;0.000000;0.000000;0.000000;0.000000;2.000000;-61.201096;-789.389282;2141.566406;0.010083;0.000000;0.000000;0.000000;0.000000;2.000000;9073566720.000000
0.000000;-150.000000;2000.000000;0.000000;0.000000;0.000000;0.000000;0.000000;2.000000;6.297306;-305.805115;2075.859375;0.000003;0.000000;0.000000;0.000000;0.000000;2.000000;10.584391;-433.089966;2130.615723;0.000006;0.000000;0.000000;0.000000;0.000000;2.000000;16.393005;-643.808594;2140.291016;0.000031;0.000000;0.000000;0.000000;0.000000;2.000000;47.796963;-608.626587;2133.530762;0.000018;0.000000;0.000000;0.000000;0.000000;2.000000;170.245743;-551.705200;2100.785645;0.000009;0.000000;0.000000;0.000000;0.000000;2.000000;265.969879;-302.557983;2130.904297;0.000103;0.000000;0.000000;0.000000;0.000000;2.000000;267.715729;-92.453552;2049.206543;0.000162;0.000000;0.000000;0.000000;0.000000;2.000000;274.556488;0.386398;2039.520874;0.000228;0.000000;0.000000;0.000000;0.000000;2.000000;275.880676;104.879135;2029.033691;0.000225;0.000000;0.000000;0.000000;0.000000;2.000000;259.657196;34.385666;2041.767212;0.000941;0.000000;0.000000;0.000000;0.000000;2.000000;-16.442778;-609.251465;2145.835449;0.000024;0.000000;0.000000;0.000000;0.000000;2.000000;-138.113861;-573.355286;2161.544434;0.000019;0.000000;0.000000;0.000000;0.000000;2.000000;-253.869003;-336.394501;2234.691650;0.000034;0.000000;0.000000;0.000000;0.000000;2.000000;-299.510620;-137.983582;2131.414307;0.000081;0.000000;0.000000;0.000000;0.000000;2.000000;-284.775848;-73.535828;2207.473145;0.000135;0.000000;0.000000;0.000000;0.000000;2.000000;-268.071655;-46.514175;2109.249023;0.000174;0.000000;0.000000;0.000000;0.000000;2.000000;-225.471741;-60.033157;2118.733398;0.000170;0.000000;0.000000;0.000000;0.000000;2.000000;87.994118;-151.534180;1989.544434;0.000001;0.000000;0.000000;0.000000;0.000000;2.000000;167.851883;11.890015;1645.559082;0.000014;0.000000;0.000000;0.000000;0.000000;2.000000;175.692917;376.548279;1718.037720;0.000015;0.000000;0.000000;0.000000;0.000000;2.000000;219.200073;467.173218;1566.213501;0.000030;0.000000;0.000000;0.000000;0.000000;2.000000;-79.348160;-148.616577;2009.428467;0.000004;0.000000;0.000000;0.000000;0.000000;2.000000;-258.813416;-6.822739;1695.149170;0.000014;0.000000;0.000000;0.000000;0.000000;2.000000;-131.359985;340.823059;1759.282471;0.000012;0.000000;0.000000;0.000000;0.000000;2.000000;-135.504776;442.140564;1625.924927;0.000010;0.000000;0.000000;0.000000;0.000000;2.000000;16.106627;-722.671509;2131.096680;0.000032;0.000000;0.000000;0.000000;0.000000;2.000000;-35.642242;-736.666199;1984.399292;0.000038;0.000000;0.000000;0.000000;0.000000;2.000000;-0.184972;-774.049683;2001.863281;0.000037;0.000000;0.000000;0.000000;0.000000;2.000000;89.703094;-776.817749;2086.097412;0.000038;0.000000;0.000000;0.000000;0.000000;2.000000;-49.056625;-773.594604;2015.786865;0.000038;0.000000;0.000000;0.000000;0.000000;2.000000;-61.200562;-789.389343;2141.567627;0.000039;0.000000;0.000000;0.000000;0.000000;2.000000;9073600512.000000
0.000000;-150.000000;2000.000000;0.000000;0.000000;0.000000;0.000000;0.000000;2.000000;6.698418;-305.811951;2075.859863;0.012243;0.000000;0.000000;0.000000;0.000000;2.000000;11.318189;-433.033142;2130.780762;0.023019;0.000000;0.000000;0.000000;0.000000;2.000000;17.831079;-643.731445;2141.003906;0.049040;0.000000;0.000000;0.000000;0.000000;2.000000;49.075008;-608.473206;2133.867920;0.040608;0.000000;0.000000;0.000000;0.000000;2.000000;170.502792;-551.126892;2098.126465;0.083418;0.000000;0.000000;0.000000;0.000000;2.000000;265.192261;-300.737030;2120.515625;0.322744;0.000000;0.000000;0.000000;0.000000;2.000000;266.106659;-91.413071;2036.750122;0.384611;0.000000;0.000000;0.000000;0.000000;2.000000;273.817627;1.357025;2026.937256;0.385822;0.000000;0.000000;0.000000;0.000000;2.000000;290.089264;105.052612;2030.893555;0.437343;0.000000;0.000000;0.000000;0.000000;2.000000;247.667496;35.709229;1992.620117;1.544365;0.000000;0.000000;0.000000;0.000000;2.000000;-15.060320;-609.250061;2146.738525;0.050393;0.000000;0.000000;0.000000;0.000000;2.000000;-136.645401;-573.622437;2163.795898;0.082436;0.000000;0.000000;0.000000;0.000000;2.000000;-251.566666;-336.321106;2237.279785;0.105736;0.000000;0.000000;0.000000;0.000000;2.000000;-298.172241;-138.866913;2132.547119;0.059917;0.000000;0.000000;0.000000;0.000000;2.000000;-286.019226;-73.913925;2208.648926;0.053483;0.000000;0.000000;0.000000;0.000000;2.000000;-276.387604;-67.707870;2106.040283;0.701655;0.000000;0.000000;0.000000;0.000000;2.000000;-226.267960;-58.853668;2120.464600;0.068391;0.000000;0.000000;0.000000;0.000000;2.000000;87.984222;-151.402008;1989.351440;0.007145;0.000000;0.000000;0.000000;0.000000;2.000000;166.918686;12.475327;1645.313965;0.034439;0.000000;0.000000;0.000000;0.000000;2.000000;174.410416;377.148499;1717.990356;0.043237;0.000000;0.000000;0.000000;0.000000;2.000000;217.417343;468.239258;1566.275513;0.063418;0.000000;0.000000;0.000000;0.000000;2.000000;-79.339249;-148.735748;2009.602295;0.006438;0.000000;0.000000;0.000000;0.000000;2.000000;-263.560089;-5.967499;1698.471802;0.178736;0.000000;0.000000;0.000000;0.000000;2.000000;-132.828156;340.506042;1762.622437;0.111760;0.000000;0.000000;0.000000;0.000000;2.000000;-138.165848;441.937805;1629.367920;0.132941;0.000000;0.000000;0.000000;0.000000;2.000000;17.695816;-722.630615;2132.035156;0.056337;0.000000;0.000000;0.000000;0.000000;2.000000;-36.713818;-735.049805;1986.140381;0.079536;0.000000;0.000000;0.000000;0.000000;2.000000;-1.115038;-772.749451;2002.630981;0.054120;0.000000;0.000000;0.000000;0.000000;2.000000;90.250114;-776.681274;2085.236084;0.031416;0.000000;0.000000;0.000000;0.000000;2.000000;-49.735722;-772.213013;2017.425903;0.068623;0.000000;0.000000;0.000000;0.000000;2.000000;-59.719662;-789.118042;2143.268066;0.069310;0.000000;0.000000;0.000000;0.000000;2.000000;9073633280.000000
0.000000;-150.000000;2000.000000;0.000000;0.000000;0.000000;0.000000;0.000000;2.000000;6.698482;-305.811951;2075.859863;0.000002;0.000000;0.000000;0.000000;0.000000;2.000000;11.318308;-433.033142;2130.780762;0.000004;0.000000;0.000000;0.000000;0.000000;2.000000;17.831335;-643.731445;2141.004150;0.000010;0.000000;0.000000;0.000000;0.000000;2.000000;49.075241;-608.473267;2133.868164;0.000010;0.000000;0.000000;0.000000;0.000000;2.000000;170.502945;-551.126831;2098.126465;0.000005;0.000000;0.000000;0.000000;0.000000;2.000000;265.192078;-300.736755;2120.515381;0.000012;0.000000;0.000000;0.000000;0.000000;2.000000;266.106110;-91.412796;2036.749512;0.000026;0.000000;0.000000;0.000000;0.000000;2.000000;273.816284;1.357330;2026.936523;0.000046;0.000000;0.000000;0.000000;0.000000;2.000000;290.082306;105.054047;2030.887695;0.000273;0.000000;0.000000;0.000000;0.000000;2.000000;247.674149;35.710052;1992.611694;0.000319;0.000000;0.000000;0.000000;0.000000;2.000000;-15.060083;-609.250122;2146.738770;0.000010;0.000000;0.000000;0.000000;0.000000;2.000000;-136.645142;-573.622498;2163.796387;0.000016;0.000000;0.000000;0.000000;0.000000;2.000000;-251.566116;-336.321167;2237.281250;0.000046;0.000000;0.000000;0.000000;0.000000;2.000000;-298.171997;-138.866669;2132.549316;0.000066;0.000000;0.000000;0.000000;0.000000;2.000000;-286.014069;-73.913559;2208.650146;0.000157;0.000000;0.000000;0.000000;0.000000;2.000000;-276.383484;-67.707794;2106.041504;0.000127;0.000000;0.000000;0.000000;0.000000;2.000000;-226.263535;-58.857437;2120.464600;0.000172;0.000000;0.000000;0.000000;0.000000;2.000000;87.984238;-151.402008;1989.351440;0.000000;0.000000;0.000000;0.000000;0.000000;2.000000;166.918335;12.475113;1645.313721;0.000014;0.000000;0.000000;0.000000;0.000000;2.000000;174.410309;377.148529;1717.989502;0.000025;0.000000;0.000000;0.000000;0.000000;2.000000;217.416977;468.238861;1566.274292;0.000039;0.000000;0.000000;0.000000;0.000000;2.000000;-79.339249;-148.735764;2009.602295;0.000000;0.000000;0.000000;0.000000;0.000000;2.000000;-263.559723;-5.967758;1698.471436;0.000017;0.000000;0.000000;0.000000;0.000000;2.000000;-132.828003;340.505829;1762.622437;0.000008;0.000000;0.000000;0.000000;0.000000;2.000000;-138.165054;441.937469;1629.367676;0.000026;0.000000;0.000000;0.000000;0.000000;2.000000;17.696112;-722.630615;2132.035645;0.000017;0.000000;0.000000;0.000000;0.000000;2.000000;-36.713547;-735.050293;1986.140625;0.000018;0.000000;0.000000;0.000000;0.000000;2.000000;-1.114632;-772.749756;2002.631226;0.000017;0.000000;0.000000;0.000000;0.000000;2.000000;90.250572;-776.681152;2085.236328;0.000016;0.000000;0.000000;0.000000;0.000000;2.000000;-49.735302;-772.213623;2017.426147;0.000023;0.000000;0.000000;0.000000;0.000000;2.000000;-59.719124;-789.118408;2143.268555;0.000024;0.000000;0.000000;0.000000;0.000000;2.000000;9073667072.000000
0.000000;-150.000000;2000.000000;0.000000;0.000000;0.000000;0.000000;0.000000;2.000000;7.562600;-306.588409;2077.107910;0.052034;0.000000;0.000000;0.000000;0.000000;2.000000;12.865734;-434.402161;2133.173096;0.096466;0.000000;0.000000;0.000000;0.000000;2.000000;19.652262;-646.595032;2144.532227;0.149390;0.000000;0.000000;0.000000;0.000000;2.000000;50.985207;-611.114136;2136.579102;0.129372;0.000000;0.000000;0.000000;0.000000;2.000000;172.373657;-552.911865;2098.182373;0.078928;0.000000;0.000000;0.000000;0.000000;2.000000;267.134277;-300.418213;2120.530273;0.060065;0.000000;0.000000;0.000000;0.000000;2.000000;267.489471;-88.115158;2039.816040;0.143762;0.000000;0.000000;0.000000;0.000000;2.000000;268.959045;5.226715;2026.510376;0.189962;0.000000;0.000000;0.000000;0.000000;2.000000;263.350677;109.844360;2011.664063;1.015403;0.000000;0.000000;0.000000;0.000000;2.000000;251.535263;40.261292;2019.434448;0.838585;0.000000;0.000000;0.000000;0.000000;2.000000;-13.379019;-611.830444;2150.713135;0.153439;0.000000;0.000000;0.000000;0.000000;2.000000;-135.453781;-576.389160;2171.379883;0.249019;0.000000;0.000000;0.000000;0.000000;2.000000;-247.121658;-335.891327;2247.012207;0.326737;0.000000;0.000000;0.000000;0.000000;2.000000;-297.094513;-138.738556;2139.609375;0.217986;0.000000;0.000000;0.000000;0.000000;2.000000;-295.418274;-73.130280;2217.077881;0.386116;0.000000;0.000000;0.000000;0.000000;2.000000;-289.270599;-45.398483;2117.022949;0.854697;0.000000;0.000000;0.000000;0.000000;2.000000;-243.459457;-44.776108;2126.382813;0.701910;0.000000;0.000000;0.000000;0.000000;2.000000;88.576851;-151.241486;1988.791382;0.025361;0.000000;0.000000;0.000000;0.000000;2.000000;155.139816;11.666992;1638.472900;0.416409;0.000000;0.000000;0.000000;0.000000;2.000000;170.992538;377.814850;1716.313477;0.117935;0.000000;0.000000;0.000000;0.000000;2.000000;211.106064;466.407745;1560.755371;0.261881;0.000000;0.000000;0.000000;0.000000;2.000000;-79.873650;-148.880493;2010.107300;0.022869;0.000000;0.000000;0.000000;0.000000;2.000000;-270.584015;-13.798080;1695.870972;0.330686;0.000000;0.000000;0.000000;0.000000;2.000000;-141.491730;334.866486;1767.368164;0.347129;0.000000;0.000000;0.000000;0.000000;2.000000;-137.766922;436.338531;1632.537598;0.196726;0.000000;0.000000;0.000000;0.000000;2.000000;19.368238;-726.125793;2135.943604;0.167942;0.000000;0.000000;0.000000;0.000000;2.000000;-41.749001;-735.593445;1991.248413;0.219515;0.000000;0.000000;0.000000;0.000000;2.000000;-5.928944;-774.433105;2005.834473;0.183796;0.000000;0.000000;0.000000;0.000000;2.000000;89.414902;-781.199829;2085.052734;0.140349;0.000000;0.000000;0.000000;0.000000;2.000000;-54.225819;-773.230835;2022.787476;0.215669;0.000000;0.000000;0.000000;0.000000;2.000000;-59.295666;-791.858398;2149.632080;0.211831;0.000000;0.000000;0.000000;0.000000;2.000000;9073699840.000000
0.000000;-150.000000;2000.000000;0.000000;0.000000;0.000000;0.000000;0.000000;2.000000;7.394555;-306.878265;2077.155273;0.010014;0.000000;0.000000;0.000000;0.000000;2.000000;12.559752;-434.935913;2133.221924;0.018264;0.000000;0.000000;0.000000;0.000000;2.000000;19.570045;-647.461426;2144.458496;0.025846;0.000000;0.000000;0.000000;0.000000;2.000000;50.940086;-611.880737;2136.645020;0.022809;0.000000;0.000000;0.000000;0.000000;2.000000;172.623856;-552.995667;2099.442871;0.038110;0.000000;0.000000;0.000000;0.000000;2.000000;265.558105;-299.561371;2123.851563;0.111708;0.000000;0.000000;0.000000;0.000000;2.000000;265.104828;-86.647369;2043.747925;0.142847;0.000000;0.000000;0.000000;0.000000;2.000000;267.340363;6.801254;2030.252441;0.129339;0.000000;0.000000;0.000000;0.000000;2.000000;257.574524;110.654388;2011.518311;0.172659;0.000000;0.000000;0.000000;0.000000;2.000000;249.883316;41.969482;2025.036499;0.180079;0.000000;0.000000;0.000000;0.000000;2.000000;-13.579430;-612.687500;2150.545410;0.026516;0.000000;0.000000;0.000000;0.000000;2.000000;-135.966461;-577.475586;2171.013184;0.037170;0.000000;0.000000;0.000000;0.000000;2.000000;-247.978256;-337.149658;2248.241699;0.057905;0.000000;0.000000;0.000000;0.000000;2.000000;-298.350311;-138.872650;2142.333984;0.088870;0.000000;0.000000;0.000000;0.000000;2.000000;-294.380859;-75.274918;2221.583496;0.150825;0.000000;0.000000;0.000000;0.000000;2.000000;-265.307007;-72.043365;2121.603516;1.069109;0.000000;0.000000;0.000000;0.000000;2.000000;-216.793762;-66.402725;2146.274170;1.174218;0.000000;0.000000;0.000000;0.000000;2.000000;88.720947;-151.314117;1988.825073;0.004878;0.000000;0.000000;0.000000;0.000000;2.000000;153.090469;11.568420;1637.398926;0.068531;0.000000;0.000000;0.000000;0.000000;2.000000;169.898849;377.846405;1717.227173;0.042184;0.000000;0.000000;0.000000;0.000000;2.000000;209.756027;465.082367;1560.501831;0.056487;0.000000;0.000000;0.000000;0.000000;2.000000;-80.003586;-148.815002;2010.077026;0.004398;0.000000;0.000000;0.000000;0.000000;2.000000;-276.934448;-9.603973;1700.753174;0.267573;0.000000;0.000000;0.000000;0.000000;2.000000;-140.145996;337.192352;1770.135864;0.114156;0.000000;0.000000;0.000000;0.000000;2.000000;-141.139938;434.475555;1631.882568;0.115666;0.000000;0.000000;0.000000;0.000000;2.000000;19.416361;-727.110229;2135.792480;0.029508;0.000000;0.000000;0.000000;0.000000;2.000000;-42.883057;-742.460205;1991.839966;0.206702;0.000000;0.000000;0.000000;0.000000;2.000000;-6.133819;-780.175781;2007.357788;0.175924;0.000000;0.000000;0.000000;0.000000;2.000000;90.171425;-782.552490;2085.968994;0.053280;0.000000;0.000000;0.000000;0.000000;2.000000;-54.368244;-779.341064;2024.747314;0.189939;0.000000;0.000000;0.000000;0.000000;2.000000;-57.959053;-793.952759;2152.369385;0.109396;0.000000;0.000000;0.000000;0.000000;2.000000;9073733632.000000
0.000000;-150.000000;2000.000000;0.000000;0.000000;0.000000;0.000000;0.000000;2.000000;7.096206;-306.903778;2077.499023;0.013912;0.000000;0.000000;0.000000;0.000000;2.000000;12.042116;-434.898926;2134.049805;0.029818;0.000000;0.000000;0.000000;0.000000;2.000000;18.140987;-647.590698;2146.367188;0.072873;0.000000;0.000000;0.000000;0.000000;2.000000;49.699760;-612.150330;2138.402344;0.066155;0.000000;0.000000;0.000000;0.000000;2.000000;171.779739;-553.565918;2101.534668;0.071004;0.000000;0.000000;0.000000;0.000000;2.000000;264.293762;-299.577087;2124.528320;0.043767;0.000000;0.000000;0.000000;0.000000;2.000000;263.746674;-87.188751;2042.454468;0.059573;0.000000;0.000000;0.000000;0.000000;2.000000;267.116638;6.322021;2029.012085;0.041150;0.000000;0.000000;0.000000;0.000000;2.000000;257.838776;110.402588;2010.741455;0.026194;0.000000;0.000000;0.000000;0.000000;2.000000;249.441406;41.523438;2026.941162;0.061203;0.000000;0.000000;0.000000;0.000000;2.000000;-14.897108;-612.613586;2152.250000;0.065789;0.000000;0.000000;0.000000;0.000000;2.000000;-137.110672;-576.316650;2172.613281;0.069675;0.000000;0.000000;0.000000;0.000000;2.000000;-245.042252;-332.522186;2245.578857;0.185943;0.000000;0.000000;0.000000;0.000000;2.000000;-289.074432;-140.301346;2126.086426;0.572614;0.000000;0.000000;0.000000;0.000000;2.000000;-298.138672;-72.292923;2201.271729;0.636920;0.000000;0.000000;0.000000;0.000000;2.000000;-273.928589;-53.683151;2101.575195;0.869918;0.000000;0.000000;0.000000;0.000000;2.000000;-229.690872;-48.713379;2120.282715;1.037061;0.000000;0.000000;0.000000;0.000000;2.000000;88.795227;-151.526947;1988.777954;0.007028;0.000000;0.000000;0.000000;0.000000;2.000000;148.053787;10.754028;1635.770996;0.163437;0.000000;0.000000;0.000000;0.000000;2.000000;168.689896;376.746399;1717.622559;0.051320;0.000000;0.000000;0.000000;0.000000;2.000000;208.746063;463.267029;1560.352417;0.063560;0.000000;0.000000;0.000000;0.000000;2.000000;-80.070564;-148.623077;2010.119385;0.006337;0.000000;0.000000;0.000000;0.000000;2.000000;-275.990601;-11.464066;1698.782104;0.087580;0.000000;0.000000;0.000000;0.000000;2.000000;-138.917282;335.200195;1770.157349;0.071433;0.000000;0.000000;0.000000;0.000000;2.000000;-140.883026;433.370361;1632.350220;0.037453;0.000000;0.000000;0.000000;0.000000;2.000000;17.656778;-727.354309;2138.091553;0.088666;0.000000;0.000000;0.000000;0.000000;2.000000;-44.597527;-740.560425;1993.747192;0.097399;0.000000;0.000000;0.000000;0.000000;2.000000;-7.179649;-778.032288;2008.414307;0.079607;0.000000;0.000000;0.000000;0.000000;2.000000;89.327782;-780.556580;2086.955078;0.072653;0.000000;0.000000;0.000000;0.000000;2.000000;-55.446785;-778.378601;2025.869751;0.055852;0.000000;0.000000;0.000000;0.000000;2.000000;-58.658360;-795.878296;2153.258301;0.068150;0.000000;0.000000;0.000000;0.000000;2.000000;9073766400.000000
0.000000;-150.000000;2000.000000;0.000000;0.000000;0.000000;0.000000;0.000000;2.000000;7.039151;-307.046387;2077.843506;0.011162;0.000000;0.000000;0.000000;0.000000;2.000000;11.901402;-435.270020;2134.435059;0.016368;0.000000;0.000000;0.000000;0.000000;2.000000;17.555050;-648.296265;2147.041016;0.033679;0.000000;0.000000;0.000000;0.000000;2.000000;49.259514;-612.870300;2139.129150;0.032959;0.000000;0.000000;0.000000;0.000000;2.000000;171.913452;-554.103638;2103.633301;0.064233;0.000000;0.000000;0.000000;0.000000;2.000000;262.932251;-298.913422;2124.255859;0.045542;0.000000;0.000000;0.000000;0.000000;2.000000;263.053131;-87.022522;2039.921753;0.077865;0.000000;0.000000;0.000000;0.000000;2.000000;265.337830;6.517685;2025.439697;0.118239;0.000000;0.000000;0.000000;0.000000;2.000000;265.415375;112.080963;2013.406128;0.242809;0.000000;0.000000;0.000000;0.000000;2.000000;229.216003;39.499237;2010.130493;0.780579;0.000000;0.000000;0.000000;0.000000;2.000000;-15.487241;-613.192749;2152.780273;0.029068;0.000000;0.000000;0.000000;0.000000;2.000000;-138.096054;-577.595276;2173.302734;0.051945;0.000000;0.000000;0.000000;0.000000;2.000000;-245.817215;-335.897400;2254.728027;0.289496;0.000000;0.000000;0.000000;0.000000;2.000000;-287.791260;-143.269638;2134.445801;0.265242;0.000000;0.000000;0.000000;0.000000;2.000000;-252.543442;-72.246368;2198.526367;1.351735;0.000000;0.000000;0.000000;0.000000;2.000000;-287.720032;-122.689796;2114.119873;2.115314;0.000000;0.000000;0.000000;0.000000;2.000000;-216.936172;-69.299530;2095.731934;1.020507;0.000000;0.000000;0.000000;0.000000;2.000000;88.927216;-151.614655;1988.701050;0.005213;0.000000;0.000000;0.000000;0.000000;2.000000;142.965347;11.707367;1634.642700;0.156798;0.000000;0.000000;0.000000;0.000000;2.000000;164.940781;377.225006;1720.887939;0.147809;0.000000;0.000000;0.000000;0.000000;2.000000;210.138763;463.469330;1564.520630;0.130190;0.000000;0.000000;0.000000;0.000000;2.000000;-80.189583;-148.543976;2010.188843;0.004702;0.000000;0.000000;0.000000;0.000000;2.000000;-290.023560;-11.165329;1707.344238;0.486550;0.000000;0.000000;0.000000;0.000000;2.000000;-145.005798;334.392059;1771.198975;0.184352;0.000000;0.000000;0.000000;0.000000;2.000000;-154.956558;432.484528;1633.351685;0.418351;0.000000;0.000000;0.000000;0.000000;2.000000;16.943176;-728.195129;2138.843750;0.039504;0.000000;0.000000;0.000000;0.000000;2.000000;-46.748245;-739.308228;1994.676147;0.078611;0.000000;0.000000;0.000000;0.000000;2.000000;-8.849834;-776.811279;2008.321289;0.061287;0.000000;0.000000;0.000000;0.000000;2.000000;88.606110;-780.012817;2085.974854;0.039452;0.000000;0.000000;0.000000;0.000000;2.000000;-57.013081;-777.836548;2026.270020;0.050458;0.000000;0.000000;0.000000;0.000000;2.000000;-58.828220;-797.665283;2153.551514;0.053824;0.000000;0.000000;0.000000;0.000000;2.000000;9073800192.000000
0.000000;-150.000000;2000.000000;0.000000;0.000000;0.000000;0.000000;0.000000;2.000000;7.017018;-307.151886;2077.851074;0.003298;0.000000;0.000000;0.000000;0.000000;2.000000;11.853475;-435.475739;2134.410156;0.006491;0.000000;0.000000;0.000000;0.000000;2.000000;17.239201;-648.635559;2146.875488;0.015021;0.000000;0.000000;0.000000;0.000000;2.000000;48.999058;-613.227417;2138.943848;0.014626;0.000000;0.000000;0.000000;0.000000;2.000000;171.682800;-554.556335;2103.086426;0.022780;0.000000;0.000000;0.000000;0.000000;2.000000;262.620239;-299.033966;2121.854004;0.074006;0.000000;0.000000;0.000000;0.000000;2.000000;262.003601;-87.760986;2035.651367;0.136079;0.000000;0.000000;0.000000;0.000000;2.000000;264.949829;5.768707;2020.881104;0.141479;0.000000;0.000000;0.000000;0.000000;2.000000;263.341614;111.177902;2007.198120;0.201636;0.000000;0.000000;0.000000;0.000000;2.000000;238.332703;41.099472;1993.718262;0.575025;0.000000;0.000000;0.000000;0.000000;2.000000;-15.767016;-613.472046;2152.682129;0.012431;0.000000;0.000000;0.000000;0.000000;2.000000;-138.270599;-577.517029;2173.655273;0.012240;0.000000;0.000000;0.000000;0.000000;2.000000;-244.366638;-335.758728;2257.519531;0.096098;0.000000;0.000000;0.000000;0.000000;2.000000;-287.193085;-140.277802;2141.989746;0.248339;0.000000;0.000000;0.000000;0.000000;2.000000;-306.981934;-76.567993;2219.151855;1.781463;0.000000;0.000000;0.000000;0.000000;2.000000;-278.572968;-104.448441;2122.538818;0.673668;0.000000;0.000000;0.000000;0.000000;2.000000;-227.481216;-48.809006;2150.154785;1.803614;0.000000;0.000000;0.000000;0.000000;2.000000;88.971962;-151.643204;1988.663452;0.001985;0.000000;0.000000;0.000000;0.000000;2.000000;142.513748;11.705887;1634.300171;0.017298;0.000000;0.000000;0.000000;0.000000;2.000000;165.148376;377.377380;1720.631226;0.011097;0.000000;0.000000;0.000000;0.000000;2.000000;208.985001;463.353821;1563.609985;0.044994;0.000000;0.000000;0.000000;0.000000;2.000000;-80.229919;-148.518250;2010.222534;0.001786;0.000000;0.000000;0.000000;0.000000;2.000000;-289.011719;-11.069778;1706.401245;0.042310;0.000000;0.000000;0.000000;0.000000;2.000000;-145.418655;335.114441;1771.324951;0.025681;0.000000;0.000000;0.000000;0.000000;2.000000;-155.146545;433.123169;1633.286865;0.020430;0.000000;0.000000;0.000000;0.000000;2.000000;16.509396;-728.572327;2138.622070;0.018802;0.000000;0.000000;0.000000;0.000000;2.000000;-46.410179;-740.105835;1994.053345;0.032560;0.000000;0.000000;0.000000;0.000000;2.000000;-8.231378;-777.310059;2007.856567;0.028090;0.000000;0.000000;0.000000;0.000000;2.000000;88.921013;-779.737610;2086.027344;0.012863;0.000000;0.000000;0.000000;0.000000;2.000000;-56.497852;-778.774963;2025.577515;0.038910;0.000000;0.000000;0.000000;0.000000;2.000000;-58.764252;-798.755554;2152.899902;0.038811;0.000000;0.000000;0.000000;0.000000;2.000000;9073832960.000000
0.000000;-150.000000;2000.000000;0.000000;0.000000;0.000000;0.000000;0.000000;2.000000;6.992813;-307.186554;2077.870361;0.001375;0.000000;0.000000;0.000000;0.000000;2.000000;11.811886;-435.546448;2134.425293;0.002469;0.000000;0.000000;0.000000;0.000000;2.000000;17.276409;-648.754150;2146.840820;0.003819;0.000000;0.000000;0.000000;0.000000;2.000000;49.050365;-613.317627;2139.028809;0.003969;0.000000;0.000000;0.000000;0.000000;2.000000;171.923615;-554.469360;2103.999512;0.028063;0.000000;0.000000;0.000000;0.000000;2.000000;262.517975;-298.909210;2124.677246;0.083684;0.000000;0.000000;0.000000;0.000000;2.000000;262.469818;-87.032196;2039.833130;0.126371;0.000000;0.000000;0.000000;0.000000;2.000000;265.843872;6.642075;2025.964722;0.154918;0.000000;0.000000;0.000000;0.000000;2.000000;264.653656;112.212128;2013.338745;0.188324;0.000000;0.000000;0.000000;0.000000;2.000000;237.788086;42.085327;1997.664917;0.121455;0.000000;0.000000;0.000000;0.000000;2.000000;-15.776787;-613.603516;2152.546387;0.005600;0.000000;0.000000;0.000000;0.000000;2.000000;-138.422333;-577.466736;2172.529541;0.033648;0.000000;0.000000;0.000000;0.000000;2.000000;-244.604904;-334.008820;2251.420898;0.187890;0.000000;0.000000;0.000000;0.000000;2.000000;-285.365753;-141.616730;2130.006836;0.360889;0.000000;0.000000;0.000000;0.000000;2.000000;-301.991089;-74.444382;2204.977539;0.449118;0.000000;0.000000;0.000000;0.000000;2.000000;-278.008728;-76.090668;2103.265137;1.014803;0.000000;0.000000;0.000000;0.000000;2.000000;-233.143707;-45.415359;2125.803711;0.746628;0.000000;0.000000;0.000000;0.000000;2.000000;88.999695;-151.627075;1988.723389;0.002012;0.000000;0.000000;0.000000;0.000000;2.000000;142.924606;11.753571;1634.336670;0.012288;0.000000;0.000000;0.000000;0.000000;2.000000;165.341309;377.442413;1721.010132;0.012729;0.000000;0.000000;0.000000;0.000000;2.000000;209.386414;463.090790;1563.820435;0.015507;0.000000;0.000000;0.000000;0.000000;2.000000;-80.254929;-148.532776;2010.168579;0.001812;0.000000;0.000000;0.000000;0.000000;2.000000;-288.458282;-11.219269;1705.777954;0.025060;0.000000;0.000000;0.000000;0.000000;2.000000;-145.719666;335.382904;1770.843506;0.018586;0.000000;0.000000;0.000000;0.000000;2.000000;-154.532776;433.147552;1632.525513;0.028949;0.000000;0.000000;0.000000;0.000000;2.000000;16.620169;-728.705994;2138.556641;0.005490;0.000000;0.000000;0.000000;0.000000;2.000000;-44.913239;-739.881958;1993.326538;0.049688;0.000000;0.000000;0.000000;0.000000;2.000000;-6.457626;-776.787354;2007.211548;0.057956;0.000000;0.000000;0.000000;0.000000;2.000000;90.044754;-778.745728;2086.239746;0.044799;0.000000;0.000000;0.000000;0.000000;2.000000;-54.870552;-778.885132;2024.496704;0.057902;0.000000;0.000000;0.000000;0.000000;2.000000;-58.046185;-799.791382;2151.679688;0.051914;0.000000;0.000000;0.000000;0.000000;2.000000;9073866752.000000
0.000000;-150.000000;2000.000000;0.000000;0.000000;0.000000;0.000000;0.000000;2.000000;6.336111;-307.441162;2077.812012;0.021568;0.000000;0.000000;0.000000;0.000000;2.000000;10.538034;-436.222687;2133.806396;0.047894;0.000000;0.000000;0.000000;0.000000;2.000000;15.177761;-649.684998;2145.890869;0.075824;0.000000;0.000000;0.000000;0.000000;2.000000;47.108856;-614.328491;2138.056152;0.073098;0.000000;0.000000;0.000000;0.000000;2.000000;170.298676;-555.542114;2103.466797;0.061605;0.000000;0.000000;0.000000;0.000000;2.000000;259.629242;-299.167175;2123.145020;0.100101;0.000000;0.000000;0.000000;0.000000;2.000000;258.021118;-88.056564;2035.821899;0.185456;0.000000;0.000000;0.000000;0.000000;2.000000;261.830963;6.137924;2025.352661;0.124832;0.000000;0.000000;0.000000;0.000000;2.000000;254.689606;111.727325;2014.012939;0.305133;0.000000;0.000000;0.000000;0.000000;2.000000;215.202454;38.399963;1996.993042;0.698675;0.000000;0.000000;0.000000;0.000000;2.000000;-17.754589;-614.375305;2151.729248;0.069424;0.000000;0.000000;0.000000;0.000000;2.000000;-140.527008;-578.755127;2172.683594;0.075455;0.000000;0.000000;0.000000;0.000000;2.000000;-247.339905;-335.343140;2251.848145;0.093780;0.000000;0.000000;0.000000;0.000000;2.000000;-290.806396;-143.792419;2129.600586;0.179248;0.000000;0.000000;0.000000;0.000000;2.000000;-316.593933;-80.629013;2205.597656;0.484334;0.000000;0.000000;0.000000;0.000000;2.000000;-254.886230;-61.105453;2123.400879;1.041474;0.000000;0.000000;0.000000;0.000000;2.000000;-220.070770;-64.745697;2157.505859;1.201319;0.000000;0.000000;0.000000;0.000000;2.000000;89.064529;-152.057068;1988.585571;0.013921;0.000000;0.000000;0.000000;0.000000;2.000000;133.147995;9.941193;1631.769409;0.313393;0.000000;0.000000;0.000000;0.000000;2.000000;165.114105;374.921875;1720.068115;0.082409;0.000000;0.000000;0.000000;0.000000;2.000000;203.252640;462.382324;1562.115723;0.195482;0.000000;0.000000;0.000000;0.000000;2.000000;-80.313416;-148.145050;2010.293091;0.012555;0.000000;0.000000;0.000000;0.000000;2.000000;-293.652771;-8.267838;1710.142090;0.225787;0.000000;0.000000;0.000000;0.000000;2.000000;-148.613861;338.223755;1772.916138;0.138989;0.000000;0.000000;0.000000;0.000000;2.000000;-157.579926;431.854858;1631.571289;0.105127;0.000000;0.000000;0.000000;0.000000;2.000000;14.181181;-729.701294;2137.475098;0.086903;0.000000;0.000000;0.000000;0.000000;2.000000;-46.933781;-740.853149;1991.893311;0.081202;0.000000;0.000000;0.000000;0.000000;2.000000;-8.220059;-777.570068;2005.781372;0.073269;0.000000;0.000000;0.000000;0.000000;2.000000;88.172791;-779.108276;2085.150391;0.067016;0.000000;0.000000;0.000000;0.000000;2.000000;-56.713448;-780.064270;2022.942749;0.081895;0.000000;0.000000;0.000000;0.000000;2.000000;-60.096386;-801.421082;2150.177490;0.092140;0.000000;0.000000;0.000000;0.000000;2.000000;9073899520.000000
0.000000;-150.000000;2000.000000;0.000000;0.000000;0.000000;0.000000;0.000000;2.000000;6.372329;-307.299683;2077.893311;0.004946;0.000000;0.000000;0.000000;0.000000;2.000000;10.602820;-435.975006;2133.950684;0.008697;0.000000;0.000000;0.000000;0.000000;2.000000;15.075570;-649.328369;2146.098633;0.012583;0.000000;0.000000;0.000000;0.000000;2.000000;47.015553;-614.017761;2138.244629;0.011103;0.000000;0.000000;0.000000;0.000000;2.000000;170.198654;-555.405273;2103.627686;0.006916;0.000000;0.000000;0.000000;0.000000;2.000000;259.666687;-299.202972;2123.014160;0.004165;0.000000;0.000000;0.000000;0.000000;2.000000;258.016541;-88.382492;2035.295410;0.018325;0.000000;0.000000;0.000000;0.000000;2.000000;261.557983;5.816147;2025.213257;0.013151;0.000000;0.000000;0.000000;0.000000;2.000000;253.055893;111.245117;2013.827271;0.050707;0.000000;0.000000;0.000000;0.000000;2.000000;224.129242;40.200653;1991.463623;0.315277;0.000000;0.000000;0.000000;0.000000;2.000000;-17.809927;-614.008606;2151.934570;0.012544;0.000000;0.000000;0.000000;0.000000;2.000000;-140.334869;-578.053711;2173.353516;0.029261;0.000000;0.000000;0.000000;0.000000;2.000000;-245.299377;-334.418732;2253.800293;0.087932;0.000000;0.000000;0.000000;0.000000;2.000000;-289.009125;-141.540558;2133.973145;0.154961;0.000000;0.000000;0.000000;0.000000;2.000000;-321.892822;-81.486786;2209.681641;0.199599;0.000000;0.000000;0.000000;0.000000;2.000000;-258.184326;-66.090012;2128.205322;0.226932;0.000000;0.000000;0.000000;0.000000;2.000000;-223.703766;-60.175049;2167.614258;0.345450;0.000000;0.000000;0.000000;0.000000;2.000000;89.018990;-152.045273;1988.587158;0.001393;0.000000;0.000000;0.000000;0.000000;2.000000;134.307571;9.922424;1632.129639;0.035937;0.000000;0.000000;0.000000;0.000000;2.000000;165.031921;374.737976;1720.734131;0.020591;0.000000;0.000000;0.000000;0.000000;2.000000;202.780319;462.444824;1562.934326;0.028029;0.000000;0.000000;0.000000;0.000000;2.000000;-80.272339;-148.155670;2010.291504;0.001256;0.000000;0.000000;0.000000;0.000000;2.000000;-289.300323;-11.001633;1706.139648;0.192778;0.000000;0.000000;0.000000;0.000000;2.000000;-148.624435;336.803894;1770.385254;0.085878;0.000000;0.000000;0.000000;0.000000;2.000000;-156.798477;430.857666;1629.377075;0.074979;0.000000;0.000000;0.000000;0.000000;2.000000;14.013047;-729.305908;2137.714355;0.014553;0.000000;0.000000;0.000000;0.000000;2.000000;-44.208675;-740.421997;1991.035645;0.085501;0.000000;0.000000;0.000000;0.000000;2.000000;-5.604461;-776.958923;2005.576782;0.079718;0.000000;0.000000;0.000000;0.000000;2.000000;89.204781;-778.198669;2086.738770;0.062182;0.000000;0.000000;0.000000;0.000000;2.000000;-54.380501;-779.732544;2021.789185;0.077640;0.000000;0.000000;0.000000;0.000000;2.000000;-60.095825;-801.387146;2148.823730;0.040074;0.000000;0.000000;0.000000;0.000000;2.000000;9073933312.000000
0.000000;-150.000000;2000.000000;0.000000;0.000000;0.000000;0.000000;0.000000;2.000000;6.332496;-307.241394;2077.831055;0.002786;0.000000;0.000000;0.000000;0.000000;2.000000;10.505191;-435.959839;2133.630371;0.009920;0.000000;0.000000;0.000000;0.000000;2.000000;14.902972;-649.258057;2145.008301;0.032734;0.000000;0.000000;0.000000;0.000000;2.000000;46.848286;-613.944336;2137.329590;0.027613;0.000000;0.000000;0.000000;0.000000;2.000000;170.065842;-555.215698;2103.301758;0.011830;0.000000;0.000000;0.000000;0.000000;2.000000;259.465454;-299.272247;2124.564941;0.046322;0.000000;0.000000;0.000000;0.000000;2.000000;258.238739;-87.909485;2038.433716;0.094150;0.000000;0.000000;0.000000;0.000000;2.000000;263.213562;6.136032;2027.947998;0.095076;0.000000;0.000000;0.000000;0.000000;2.000000;260.813507;112.004517;2018.313232;0.266140;0.000000;0.000000;0.000000;0.000000;2.000000;230.199326;41.255951;1989.752930;0.189223;0.000000;0.000000;0.000000;0.000000;2.000000;-17.966051;-613.967163;2150.923584;0.030297;0.000000;0.000000;0.000000;0.000000;2.000000;-140.467896;-578.072266;2172.212646;0.033995;0.000000;0.000000;0.000000;0.000000;2.000000;-245.531509;-334.492859;2252.255127;0.046291;0.000000;0.000000;0.000000;0.000000;2.000000;-288.857391;-142.049957;2131.797119;0.066288;0.000000;0.000000;0.000000;0.000000;2.000000;-325.420197;-82.992249;2206.531738;0.146867;0.000000;0.000000;0.000000;0.000000;2.000000;-259.002075;-63.085083;2128.324219;0.092225;0.000000;0.000000;0.000000;0.000000;2.000000;-226.435989;-59.509796;2167.781006;0.083363;0.000000;0.000000;0.000000;0.000000;2.000000;88.982651;-152.044144;1988.630371;0.001671;0.000000;0.000000;0.000000;0.000000;2.000000;134.739471;9.940308;1632.442139;0.015785;0.000000;0.000000;0.000000;0.000000;2.000000;165.069351;374.593506;1721.109375;0.011951;0.000000;0.000000;0.000000;0.000000;2.000000;202.574570;462.484009;1563.453491;0.016567;0.000000;0.000000;0.000000;0.000000;2.000000;-80.239563;-148.156723;2010.252441;0.001509;0.000000;0.000000;0.000000;0.000000;2.000000;-287.197174;-11.774475;1704.577515;0.080831;0.000000;0.000000;0.000000;0.000000;2.000000;-147.997635;336.214600;1769.990112;0.028016;0.000000;0.000000;0.000000;0.000000;2.000000;-154.459305;430.686890;1629.267578;0.069482;0.000000;0.000000;0.000000;0.000000;2.000000;13.831504;-729.167542;2136.337891;0.041290;0.000000;0.000000;0.000000;0.000000;2.000000;-43.634972;-737.259521;1989.242676;0.108912;0.000000;0.000000;0.000000;0.000000;2.000000;-5.442574;-774.354187;2003.356201;0.101404;0.000000;0.000000;0.000000;0.000000;2.000000;88.853729;-777.800598;2084.961914;0.054878;0.000000;0.000000;0.000000;0.000000;2.000000;-54.307713;-776.984741;2019.245605;0.110827;0.000000;0.000000;0.000000;0.000000;2.000000;-60.914249;-800.755432;2145.796875;0.094654;0.000000;0.000000;0.000000;0.000000;2.000000;9073967104.000000
0.000000;-150.000000;2000.000000;0.000000;0.000000;0.000000;0.000000;0.000000;2.000000;6.280054;-307.187775;2077.817871;0.002324;0.000000;0.000000;0.000000;0.000000;2.000000;10.398449;-435.886597;2133.554688;0.004576;0.000000;0.000000;0.000000;0.000000;2.000000;14.451414;-649.139893;2144.628418;0.018366;0.000000;0.000000;0.000000;0.000000;2.000000;46.430801;-613.881897;2136.931152;0.017715;0.000000;0.000000;0.000000;0.000000;2.000000;169.616333;-555.325928;2102.674805;0.023782;0.000000;0.000000;0.000000;0.000000;2.000000;259.317322;-299.531342;2123.349609;0.038191;0.000000;0.000000;0.000000;0.000000;2.000000;258.037811;-88.397507;2036.850342;0.050934;0.000000;0.000000;0.000000;0.000000;2.000000;263.486115;5.548859;2025.989380;0.062952;0.000000;0.000000;0.000000;0.000000;2.000000;260.658356;111.318161;2015.771240;0.080493;0.000000;0.000000;0.000000;0.000000;2.000000;226.630127;40.533615;1990.447754;0.113136;0.000000;0.000000;0.000000;0.000000;2.000000;-18.333384;-613.811707;2150.661133;0.014571;0.000000;0.000000;0.000000;0.000000;2.000000;-140.644318;-577.816589;2172.618652;0.015601;0.000000;0.000000;0.000000;0.000000;2.000000;-244.790039;-334.715546;2254.977295;0.086368;0.000000;0.000000;0.000000;0.000000;2.000000;-289.065186;-140.573730;2137.775391;0.188029;0.000000;0.000000;0.000000;0.000000;2.000000;-324.113922;-82.338196;2213.824707;0.226985;0.000000;0.000000;0.000000;0.000000;2.000000;-259.852386;-66.621719;2132.950684;0.179601;0.000000;0.000000;0.000000;0.000000;2.000000;-225.744324;-58.756470;2173.712891;0.183697;0.000000;0.000000;0.000000;0.000000;2.000000;88.947395;-152.095734;1988.588501;0.002295;0.000000;0.000000;0.000000;0.000000;2.000000;134.709686;9.645248;1632.428467;0.009060;0.000000;0.000000;0.000000;0.000000;2.000000;164.806091;374.266479;1720.799561;0.015923;0.000000;0.000000;0.000000;0.000000;2.000000;202.015167;461.752930;1562.917480;0.032508;0.000000;0.000000;0.000000;0.000000;2.000000;-80.207787;-148.110199;2010.290283;0.002071;0.000000;0.000000;0.000000;0.000000;2.000000;-287.247437;-11.441452;1704.959473;0.015541;0.000000;0.000000;0.000000;0.000000;2.000000;-147.955933;336.307190;1770.752930;0.023485;0.000000;0.000000;0.000000;0.000000;2.000000;-153.715973;430.664307;1629.987305;0.031583;0.000000;0.000000;0.000000;0.000000;2.000000;13.223673;-729.010132;2135.853760;0.024196;0.000000;0.000000;0.000000;0.000000;2.000000;-45.824940;-735.161255;1989.346191;0.092612;0.000000;0.000000;0.000000;0.000000;2.000000;-7.728904;-772.626587;2002.649780;0.090070;0.000000;0.000000;0.000000;0.000000;2.000000;87.371330;-777.527405;2083.180664;0.071211;0.000000;0.000000;0.000000;0.000000;2.000000;-56.423309;-775.129456;2019.023560;0.086139;0.000000;0.000000;0.000000;0.000000;2.000000;-61.837662;-800.215881;2145.335449;0.035546;0.000000;0.000000;0.000000;0.000000;2.000000;9073999872.000000
0.000000;-150.000000;2000.000000;0.000000;0.000000;0.000000;0.000000;0.000000;2.000000;6.107621;-307.346924;2077.595703;0.009563;0.000000;0.000000;0.000000;0.000000;2.000000;10.059279;-436.265320;2132.912109;0.024248;0.000000;0.000000;0.000000;0.000000;2.000000;13.675830;-649.618652;2143.062012;0.053631;0.000000;0.000000;0.000000;0.000000;2.000000;45.751537;-614.380737;2135.612305;0.046316;0.000000;0.000000;0.000000;0.000000;2.000000;169.274750;-555.862122;2102.399170;0.020506;0.000000;0.000000;0.000000;0.000000;2.000000;259.447968;-300.425842;2126.014160;0.083266;0.000000;0.000000;0.000000;0.000000;2.000000;259.358826;-88.334717;2041.745605;0.150058;0.000000;0.000000;0.000000;0.000000;2.000000;264.786438;5.819412;2032.635498;0.200566;0.000000;0.000000;0.000000;0.000000;2.000000;256.357697;111.305664;2022.337036;0.232271;0.000000;0.000000;0.000000;0.000000;2.000000;222.716827;40.176270;1997.795776;0.246590;0.000000;0.000000;0.000000;0.000000;2.000000;-19.066637;-614.247192;2149.154785;0.051225;0.000000;0.000000;0.000000;0.000000;2.000000;-141.400177;-577.956299;2170.660400;0.062255;0.000000;0.000000;0.000000;0.000000;2.000000;-244.999222;-334.427429;2252.645508;0.069804;0.000000;0.000000;0.000000;0.000000;2.000000;-289.085785;-139.024963;2137.384766;0.047272;0.000000;0.000000;0.000000;0.000000;2.000000;-313.861664;-76.694275;2214.253418;0.346560;0.000000;0.000000;0.000000;0.000000;2.000000;-271.927094;-53.794724;2121.307373;0.624890;0.000000;0.000000;0.000000;0.000000;2.000000;-231.778427;-46.465927;2149.443359;0.824614;0.000000;0.000000;0.000000;0.000000;2.000000;88.975426;-152.137482;1988.662354;0.002644;0.000000;0.000000;0.000000;0.000000;2.000000;138.009933;10.466675;1633.237305;0.103450;0.000000;0.000000;0.000000;0.000000;2.000000;165.840790;375.032532;1722.916992;0.073334;0.000000;0.000000;0.000000;0.000000;2.000000;203.189377;463.523743;1565.582031;0.100852;0.000000;0.000000;0.000000;0.000000;2.000000;-80.233047;-148.072540;2010.223633;0.002386;0.000000;0.000000;0.000000;0.000000;2.000000;-287.459167;-9.912079;1705.581787;0.049262;0.000000;0.000000;0.000000;0.000000;2.000000;-148.093033;337.379211;1774.054688;0.102809;0.000000;0.000000;0.000000;0.000000;2.000000;-150.566727;432.116638;1633.404419;0.144077;0.000000;0.000000;0.000000;0.000000;2.000000;12.322177;-729.464417;2133.931152;0.064261;0.000000;0.000000;0.000000;0.000000;2.000000;-46.571178;-736.306519;1987.354736;0.071480;0.000000;0.000000;0.000000;0.000000;2.000000;-8.580806;-773.801147;2000.924561;0.066710;0.000000;0.000000;0.000000;0.000000;2.000000;86.425941;-778.485657;2081.620117;0.060988;0.000000;0.000000;0.000000;0.000000;2.000000;-57.312576;-776.084534;2017.254150;0.065062;0.000000;0.000000;0.000000;0.000000;2.000000;-62.951496;-800.435669;2143.728760;0.058219;0.000000;0.000000;0.000000;0.000000;2.000000;9074033664.000000
0.000000;-150.000000;2000.000000;0.000000;0.000000;0.000000;0.000000;0.000000;2.000000;6.125665;-307.227386;2077.880615;0.009445;0.000000;0.000000;0.000000;0.000000;2.000000;10.106385;-436.020081;2133.526855;0.020249;0.000000;0.000000;0.000000;0.000000;2.000000;13.790093;-649.357666;2144.461426;0.043583;0.000000;0.000000;0.000000;0.000000;2.000000;45.868015;-614.130371;2136.936279;0.041274;0.000000;0.000000;0.000000;0.000000;2.000000;169.513809;-555.687988;2103.979004;0.049050;0.000000;0.000000;0.000000;0.000000;2.000000;259.825531;-300.271729;2127.634766;0.050999;0.000000;0.000000;0.000000;0.000000;2.000000;260.585510;-88.046341;2043.638550;0.069397;0.000000;0.000000;0.000000;0.000000;2.000000;268.570801;5.816864;2033.371582;0.117654;0.000000;0.000000;0.000000;0.000000;2.000000;269.520660;111.779617;2024.540527;0.407548;0.000000;0.000000;0.000000;0.000000;2.000000;239.050064;43.093277;1997.152344;0.506718;0.000000;0.000000;0.000000;0.000000;2.000000;-18.980101;-613.973267;2150.371094;0.038140;0.000000;0.000000;0.000000;0.000000;2.000000;-141.412399;-577.600220;2171.254883;0.021151;0.000000;0.000000;0.000000;0.000000;2.000000;-245.445389;-333.416809;2250.813477;0.065287;0.000000;0.000000;0.000000;0.000000;2.000000;-289.402557;-138.827591;2134.084473;0.101359;0.000000;0.000000;0.000000;0.000000;2.000000;-334.763123;-82.588074;2206.124023;0.707649;0.000000;0.000000;0.000000;0.000000;2.000000;-288.934235;-47.214401;2119.102539;0.560565;0.000000;0.000000;0.000000;0.000000;2.000000;-253.717560;-36.491898;2149.950439;0.735634;0.000000;0.000000;0.000000;0.000000;2.000000;88.987228;-152.142365;1988.675659;0.000563;0.000000;0.000000;0.000000;0.000000;2.000000;138.211960;9.370224;1632.730225;0.037378;0.000000;0.000000;0.000000;0.000000;2.000000;165.881943;374.367065;1720.872070;0.065639;0.000000;0.000000;0.000000;0.000000;2.000000;202.548096;461.691650;1562.702637;0.105974;0.000000;0.000000;0.000000;0.000000;2.000000;-80.243690;-148.068115;2010.211548;0.000510;0.000000;0.000000;0.000000;0.000000;2.000000;-287.095215;-12.207489;1704.226318;0.082107;0.000000;0.000000;0.000000;0.000000;2.000000;-149.061539;336.040649;1770.749023;0.112780;0.000000;0.000000;0.000000;0.000000;2.000000;-151.939484;428.978882;1628.888062;0.172977;0.000000;0.000000;0.000000;0.000000;2.000000;12.482911;-729.245728;2135.618164;0.052146;0.000000;0.000000;0.000000;0.000000;2.000000;-46.642551;-737.262085;1989.175659;0.062795;0.000000;0.000000;0.000000;0.000000;2.000000;-8.774290;-774.776184;2003.054810;0.071740;0.000000;0.000000;0.000000;0.000000;2.000000;86.334198;-779.056702;2083.674805;0.065141;0.000000;0.000000;0.000000;0.000000;2.000000;-57.497723;-776.715027;2019.471924;0.070589;0.000000;0.000000;0.000000;0.000000;2.000000;-63.058914;-799.836365;2146.195313;0.077533;0.000000;0.000000;0.000000;0.000000;2.000000;9074066432.000000
0.000000;-150.000000;2000.000000;0.000000;0.000000;0.000000;0.000000;0.000000;2.000000;6.078155;-307.223755;2077.741943;0.004339;0.000000;0.000000;0.000000;0.000000;2.000000;9.992476;-436.101685;2133.060547;0.014409;0.000000;0.000000;0.000000;0.000000;2.000000;13.495933;-649.400085;2143.211670;0.038015;0.000000;0.000000;0.000000;0.000000;2.000000;45.593727;-614.185059;2135.832031;0.033710;0.000000;0.000000;0.000000;0.000000;2.000000;169.261368;-555.729126;2103.209473;0.023998;0.000000;0.000000;0.000000;0.000000;2.000000;259.562347;-300.469971;2127.413086;0.011752;0.000000;0.000000;0.000000;0.000000;2.000000;260.245392;-88.269043;2043.588867;0.012120;0.000000;0.000000;0.000000;0.000000;2.000000;270.050995;5.116608;2031.112549;0.082566;0.000000;0.000000;0.000000;0.000000;2.000000;274.430573;110.804352;2020.654785;0.187529;0.000000;0.000000;0.000000;0.000000;2.000000;238.572922;43.095337;1999.191772;0.061982;0.000000;0.000000;0.000000;0.000000;2.000000;-19.235546;-614.024170;2149.234375;0.034511;0.000000;0.000000;0.000000;0.000000;2.000000;-141.562668;-577.556396;2170.265137;0.029653;0.000000;0.000000;0.000000;0.000000;2.000000;-244.337952;-333.435669;2251.272461;0.035480;0.000000;0.000000;0.000000;0.000000;2.000000;-287.426605;-138.370087;2135.189697;0.068354;0.000000;0.000000;0.000000;0.000000;2.000000;-292.903290;-71.219025;2211.760010;1.294415;0.000000;0.000000;0.000000;0.000000;2.000000;-266.090576;-48.177841;2113.442871;0.697030;0.000000;0.000000;0.000000;0.000000;2.000000;-222.389755;-50.383118;2131.580078;1.150649;0.000000;0.000000;0.000000;0.000000;2.000000;88.955833;-152.148834;1988.699341;0.001179;0.000000;0.000000;0.000000;0.000000;2.000000;139.294510;9.580902;1633.173462;0.035174;0.000000;0.000000;0.000000;0.000000;2.000000;166.093643;374.353821;1721.900757;0.031082;0.000000;0.000000;0.000000;0.000000;2.000000;202.672729;462.166809;1564.063232;0.042808;0.000000;0.000000;0.000000;0.000000;2.000000;-80.215393;-148.062286;2010.190430;0.001059;0.000000;0.000000;0.000000;0.000000;2.000000;-287.297760;-11.709305;1704.772339;0.022680;0.000000;0.000000;0.000000;0.000000;2.000000;-148.864853;335.997559;1772.463501;0.051085;0.000000;0.000000;0.000000;0.000000;2.000000;-151.853943;431.124268;1632.140503;0.115330;0.000000;0.000000;0.000000;0.000000;2.000000;12.127910;-729.223877;2134.078613;0.046760;0.000000;0.000000;0.000000;0.000000;2.000000;-47.087494;-736.637451;1987.705200;0.049078;0.000000;0.000000;0.000000;0.000000;2.000000;-9.464739;-774.396606;2001.504272;0.051469;0.000000;0.000000;0.000000;0.000000;2.000000;85.613564;-779.399780;2082.045410;0.053692;0.000000;0.000000;0.000000;0.000000;2.000000;-58.173923;-776.053162;2017.933594;0.053446;0.000000;0.000000;0.000000;0.000000;2.000000;-63.824100;-799.326782;2144.575684;0.055112;0.000000;0.000000;0.000000;0.000000;2.000000;9074100224.000000
0.000000;-150.000000;2000.000000;0.000000;0.000000;0.000000;0.000000;0.000000;2.000000;6.118936;-307.115173;2077.893311;0.005820;0.000000;0.000000;0.000000;0.000000;2.000000;10.072927;-435.902649;2133.361816;0.011289;0.000000;0.000000;0.000000;0.000000;2.000000;14.063687;-649.149292;2143.685303;0.023827;0.000000;0.000000;0.000000;0.000000;2.000000;46.080883;-613.871155;2136.308594;0.022898;0.000000;0.000000;0.000000;0.000000;2.000000;169.638062;-555.144409;2103.853027;0.028919;0.000000;0.000000;0.000000;0.000000;2.000000;259.195343;-299.654022;2127.880859;0.030810;0.000000;0.000000;0.000000;0.000000;2.000000;259.429352;-87.594513;2043.798340;0.032936;0.000000;0.000000;0.000000;0.000000;2.000000;268.655304;5.914886;2031.939575;0.055178;0.000000;0.000000;0.000000;0.000000;2.000000;273.752716;111.645996;2022.468140;0.064421;0.000000;0.000000;0.000000;0.000000;2.000000;235.049500;44.127228;2003.589478;0.174829;0.000000;0.000000;0.000000;0.000000;2.000000;-18.750410;-613.850769;2149.648438;0.020171;0.000000;0.000000;0.000000;0.000000;2.000000;-141.235748;-578.020508;2170.724365;0.022283;0.000000;0.000000;0.000000;0.000000;2.000000;-245.793182;-334.844940;2252.138184;0.067230;0.000000;0.000000;0.000000;0.000000;2.000000;-290.347046;-139.901428;2136.479004;0.108052;0.000000;0.000000;0.000000;0.000000;2.000000;-301.994690;-73.902649;2213.338379;0.293265;0.000000;0.000000;0.000000;0.000000;2.000000;-278.683136;-53.668869;2113.540283;0.419251;0.000000;0.000000;0.000000;0.000000;2.000000;-234.355988;-45.925644;2132.889648;0.391738;0.000000;0.000000;0.000000;0.000000;2.000000;88.945908;-152.122192;1988.732300;0.001328;0.000000;0.000000;0.000000;0.000000;2.000000;140.818420;9.047821;1633.243896;0.049316;0.000000;0.000000;0.000000;0.000000;2.000000;166.257614;373.947998;1721.586914;0.016436;0.000000;0.000000;0.000000;0.000000;2.000000;202.888199;461.719543;1563.773315;0.017545;0.000000;0.000000;0.000000;0.000000;2.000000;-80.206436;-148.086365;2010.160522;0.001203;0.000000;0.000000;0.000000;0.000000;2.000000;-284.935333;-13.308319;1702.547241;0.110409;0.000000;0.000000;0.000000;0.000000;2.000000;-149.159134;335.409302;1770.071289;0.075714;0.000000;0.000000;0.000000;0.000000;2.000000;-151.413528;431.905640;1630.706421;0.051620;0.000000;0.000000;0.000000;0.000000;2.000000;12.890452;-728.970337;2134.616455;0.029510;0.000000;0.000000;0.000000;0.000000;2.000000;-46.389706;-733.894165;1988.192261;0.087654;0.000000;0.000000;0.000000;0.000000;2.000000;-8.788131;-771.894470;2001.335815;0.079269;0.000000;0.000000;0.000000;0.000000;2.000000;86.310387;-778.300171;2081.722168;0.040934;0.000000;0.000000;0.000000;0.000000;2.000000;-57.482426;-773.798523;2017.756348;0.072172;0.000000;0.000000;0.000000;0.000000;2.000000;-63.084301;-799.184937;2143.972412;0.029452;0.000000;0.000000;0.000000;0.000000;2.000000;9074132992.000000
0.000000;-150.000000;2000.000000;0.000000;0.000000;0.000000;0.000000;0.000000;2.000000;6.999922;-306.873291;2078.071289;0.027544;0.000000;0.000000;0.000000;0.000000;2.000000;11.510061;-436.004364;2132.477051;0.050033;0.000000;0.000000;0.000000;0.000000;2.000000;16.599613;-649.203796;2140.380371;0.123287;0.000000;0.000000;0.000000;0.000000;2.000000;48.425217;-613.698181;2133.468018;0.109112;0.000000;0.000000;0.000000;0.000000;2.000000;171.789337;-554.751526;2101.039063;0.105463;0.000000;0.000000;0.000000;0.000000;2.000000;265.488770;-300.774292;2123.428223;0.230536;0.000000;0.000000;0.000000;0.000000;2.000000;269.485474;-88.199997;2041.127319;0.308428;0.000000;0.000000;0.000000;0.000000;2.000000;273.019043;6.283127;2036.707397;0.191578;0.000000;0.000000;0.000000;0.000000;2.000000;234.739410;104.138870;2021.207764;1.176285;0.000000;0.000000;0.000000;0.000000;2.000000;244.559402;40.159836;2044.566040;1.250364;0.000000;0.000000;0.000000;0.000000;2.000000;-16.390448;-614.168457;2146.679688;0.112623;0.000000;0.000000;0.000000;0.000000;2.000000;-139.153229;-578.492188;2165.843750;0.157649;0.000000;0.000000;0.000000;0.000000;2.000000;-243.570251;-335.018982;2245.977539;0.193884;0.000000;0.000000;0.000000;0.000000;2.000000;-286.033325;-140.299332;2129.433105;0.244765;0.000000;0.000000;0.000000;0.000000;2.000000;-302.158813;-76.035233;2206.870605;0.201594;0.000000;0.000000;0.000000;0.000000;2.000000;-252.835510;2.867447;2159.530273;2.288336;0.000000;0.000000;0.000000;0.000000;2.000000;-215.587906;-57.782196;2143.649658;0.730047;0.000000;0.000000;0.000000;0.000000;2.000000;88.899475;-151.651001;1988.711670;0.014025;0.000000;0.000000;0.000000;0.000000;2.000000;156.719437;8.098679;1635.533936;0.476240;0.000000;0.000000;0.000000;0.000000;2.000000;169.003906;374.618652;1718.885254;0.115718;0.000000;0.000000;0.000000;0.000000;2.000000;206.314499;463.747009;1562.123047;0.127536;0.000000;0.000000;0.000000;0.000000;2.000000;-80.164574;-148.511200;2010.179077;0.012645;0.000000;0.000000;0.000000;0.000000;2.000000;-265.766724;-22.802887;1687.270264;0.777885;0.000000;0.000000;0.000000;0.000000;2.000000;-147.608322;330.207825;1763.746338;0.246644;0.000000;0.000000;0.000000;0.000000;2.000000;-147.091125;432.924866;1629.010010;0.140682;0.000000;0.000000;0.000000;0.000000;2.000000;15.862423;-728.874207;2130.409180;0.152462;0.000000;0.000000;0.000000;0.000000;2.000000;-42.956139;-735.190369;1983.953735;0.165917;0.000000;0.000000;0.000000;0.000000;2.000000;-5.469325;-773.085144;1997.583618;0.152370;0.000000;0.000000;0.000000;0.000000;2.000000;89.325424;-778.806519;2078.264648;0.136581;0.000000;0.000000;0.000000;0.000000;2.000000;-54.185600;-774.755432;2013.867798;0.153500;0.000000;0.000000;0.000000;0.000000;2.000000;-60.192879;-798.844727;2140.240967;0.140058;0.000000;0.000000;0.000000;0.000000;2.000000;9074166784.000000
0.000000;-150.000000;2000.000000;0.000000;0.000000;0.000000;0.000000;0.000000;2.000000;14.271661;-304.770172;2081.355469;0.251816;0.000000;0.000000;0.000000;0.000000;2.000000;24.567806;-432.073608;2139.300293;0.465343;0.000000;0.000000;0.000000;0.000000;2.000000;28.799271;-645.454468;2144.489746;0.409182;0.000000;0.000000;0.000000;0.000000;2.000000;60.688416;-609.993286;2137.517578;0.410017;0.000000;0.000000;0.000000;0.000000;2.000000;184.689285;-550.439819;2108.588379;0.474734;0.000000;0.000000;0.000000;0.000000;2.000000;280.341888;-296.674683;2125.734619;0.475469;0.000000;0.000000;0.000000;0.000000;2.000000;275.955597;-81.718384;2049.639648;0.381572;0.000000;0.000000;0.000000;0.000000;2.000000;284.987366;12.063538;2040.199463;0.419379;0.000000;0.000000;0.000000;0.000000;2.000000;296.219543;117.579865;2034.736816;1.964418;0.000000;0.000000;0.000000;0.000000;2.000000;257.684723;51.681732;2012.173218;1.123081;0.000000;0.000000;0.000000;0.000000;2.000000;-3.939102;-610.341797;2151.739258;0.426459;0.000000;0.000000;0.000000;0.000000;2.000000;-126.850044;-573.238892;2167.212891;0.410391;0.000000;0.000000;0.000000;0.000000;2.000000;-227.278397;-328.079041;2247.657471;0.542844;0.000000;0.000000;0.000000;0.000000;2.000000;-271.832062;-134.547409;2129.752441;0.467689;0.000000;0.000000;0.000000;0.000000;2.000000;-289.774353;-69.104309;2205.841309;0.434243;0.000000;0.000000;0.000000;0.000000;2.000000;-260.665222;-37.636154;2110.604492;1.953024;0.000000;0.000000;0.000000;0.000000;2.000000;-218.182465;-39.220856;2129.511719;0.716440;0.000000;0.000000;0.000000;0.000000;2.000000;88.522179;-149.319244;1985.766235;0.115222;0.000000;0.000000;0.000000;0.000000;2.000000;182.886475;11.363861;1639.001953;0.811677;0.000000;0.000000;0.000000;0.000000;2.000000;180.493423;378.606018;1720.659180;0.375074;0.000000;0.000000;0.000000;0.000000;2.000000;221.329193;468.891663;1565.364380;0.494361;0.000000;0.000000;0.000000;0.000000;2.000000;-79.824341;-150.613861;2012.835083;0.103900;0.000000;0.000000;0.000000;0.000000;2.000000;-261.477722;-16.162720;1691.026611;0.267090;0.000000;0.000000;0.000000;0.000000;2.000000;-132.185257;333.097229;1767.412842;0.491762;0.000000;0.000000;0.000000;0.000000;2.000000;-135.449005;440.118042;1636.027222;0.469338;0.000000;0.000000;0.000000;0.000000;2.000000;27.539413;-725.020325;2133.543457;0.387259;0.000000;0.000000;0.000000;0.000000;2.000000;-31.918831;-730.318481;1987.242676;0.381622;0.000000;0.000000;0.000000;0.000000;2.000000;4.529130;-769.219421;2000.938110;0.342784;0.000000;0.000000;0.000000;0.000000;2.000000;99.411491;-777.280701;2081.387451;0.325565;0.000000;0.000000;0.000000;0.000000;2.000000;-44.181465;-769.426697;2017.383179;0.362165;0.000000;0.000000;0.000000;0.000000;2.000000;-50.476688;-792.774048;2143.930420;0.367315;0.000000;0.000000;0.000000;0.000000;2.000000;9074199552.000000
0.000000;-150.000000;2000.000000;0.000000;0.000000;0.000000;0.000000;0.000000;2.000000;13.829147;-304.839600;2080.686523;0.023824;0.000000;0.000000;0.000000;0.000000;2.000000;23.794910;-432.113129;2138.205566;0.039674;0.000000;0.000000;0.000000;0.000000;2.000000;27.753998;-645.151917;2143.494141;0.043647;0.000000;0.000000;0.000000;0.000000;2.000000;59.679424;-609.784485;2136.752930;0.037971;0.000000;0.000000;0.000000;0.000000;2.000000;183.912521;-550.544617;2109.316895;0.031667;0.000000;0.000000;0.000000;0.000000;2.000000;280.194763;-297.470581;2126.203613;0.027682;0.000000;0.000000;0.000000;0.000000;2.000000;278.886383;-82.820541;2050.231934;0.094303;0.000000;0.000000;0.000000;0.000000;2.000000;287.524078;11.318542;2050.422363;0.312478;0.000000;0.000000;0.000000;0.000000;2.000000;298.800690;116.648499;2056.053467;0.636025;0.000000;0.000000;0.000000;0.000000;2.000000;247.785919;45.965454;1993.082642;0.658473;0.000000;0.000000;0.000000;0.000000;2.000000;-4.946007;-610.058472;2150.480469;0.048434;0.000000;0.000000;0.000000;0.000000;2.000000;-127.741653;-572.898743;2164.957520;0.072471;0.000000;0.000000;0.000000;0.000000;2.000000;-228.566040;-327.775146;2243.456055;0.130350;0.000000;0.000000;0.000000;0.000000;2.000000;-272.419891;-135.611740;2123.793701;0.179969;0.000000;0.000000;0.000000;0.000000;2.000000;-306.572296;-74.779739;2197.913574;0.574764;0.000000;0.000000;0.000000;0.000000;2.000000;-255.796097;-49.637970;2110.380127;0.383341;0.000000;0.000000;0.000000;0.000000;2.000000;-219.101868;-42.093002;2142.491211;0.394331;0.000000;0.000000;0.000000;0.000000;2.000000;88.402130;-149.437866;1985.927246;0.006903;0.000000;0.000000;0.000000;0.000000;2.000000;176.029144;11.582977;1638.273926;0.204171;0.000000;0.000000;0.000000;0.000000;2.000000;179.668167;377.665466;1722.262085;0.060176;0.000000;0.000000;0.000000;0.000000;2.000000;222.358673;468.001221;1567.850342;0.083872;0.000000;0.000000;0.000000;0.000000;2.000000;-79.716087;-150.506866;2012.690063;0.006221;0.000000;0.000000;0.000000;0.000000;2.000000;-258.889771;-14.965698;1690.724243;0.084853;0.000000;0.000000;0.000000;0.000000;2.000000;-133.335556;334.800842;1767.971069;0.063034;0.000000;0.000000;0.000000;0.000000;2.000000;-135.893906;441.393555;1636.574463;0.043132;0.000000;0.000000;0.000000;0.000000;2.000000;26.491127;-724.591919;2132.585449;0.043895;0.000000;0.000000;0.000000;0.000000;2.000000;-32.470016;-724.939880;1986.263428;0.162605;0.000000;0.000000;0.000000;0.000000;2.000000;3.652738;-764.402100;1998.809570;0.157997;0.000000;0.000000;0.000000;0.000000;2.000000;98.096466;-775.527832;2079.097656;0.093791;0.000000;0.000000;0.000000;0.000000;2.000000;-45.027775;-764.838257;2015.078857;0.153996;0.000000;0.000000;0.000000;0.000000;2.000000;-51.820305;-792.068665;2140.608398;0.108079;0.000000;0.000000;0.000000;0.000000;2.000000;9074233344.000000
0.000000;-150.000000;2000.000000;0.000000;0.000000;0.000000;0.000000;0.000000;2.000000;13.842903;-304.771149;2080.719727;0.002288;0.000000;0.000000;0.000000;0.000000;2.000000;23.820683;-431.998810;2138.251953;0.003730;0.000000;0.000000;0.000000;0.000000;2.000000;27.895466;-644.983459;2143.461182;0.006582;0.000000;0.000000;0.000000;0.000000;2.000000;59.800682;-609.603882;2136.774902;0.006470;0.000000;0.000000;0.000000;0.000000;2.000000;184.009674;-550.248901;2109.662109;0.013755;0.000000;0.000000;0.000000;0.000000;2.000000;279.973816;-297.190613;2127.467773;0.038870;0.000000;0.000000;0.000000;0.000000;2.000000;278.603790;-82.394180;2052.085938;0.056915;0.000000;0.000000;0.000000;0.000000;2.000000;285.687653;11.840149;2053.500488;0.107187;0.000000;0.000000;0.000000;0.000000;2.000000;286.135315;117.786987;2058.259766;0.381937;0.000000;0.000000;0.000000;0.000000;2.000000;241.480988;48.562927;2007.723999;0.477966;0.000000;0.000000;0.000000;0.000000;2.000000;-4.825198;-609.920532;2150.418701;0.005726;0.000000;0.000000;0.000000;0.000000;2.000000;-127.639816;-572.824951;2164.605225;0.011070;0.000000;0.000000;0.000000;0.000000;2.000000;-228.672256;-327.584717;2242.220703;0.037123;0.000000;0.000000;0.000000;0.000000;2.000000;-272.151520;-136.035217;2121.553955;0.067921;0.000000;0.000000;0.000000;0.000000;2.000000;-292.938812;-70.510376;2196.586182;0.424594;0.000000;0.000000;0.000000;0.000000;2.000000;-255.111481;-44.345871;2103.036865;0.268625;0.000000;0.000000;0.000000;0.000000;2.000000;-214.308609;-43.511246;2126.775146;0.488040;0.000000;0.000000;0.000000;0.000000;2.000000;88.384079;-149.418060;1985.958618;0.001221;0.000000;0.000000;0.000000;0.000000;2.000000;175.898285;11.490082;1638.336914;0.005102;0.000000;0.000000;0.000000;0.000000;2.000000;179.394669;377.534088;1722.074341;0.010559;0.000000;0.000000;0.000000;0.000000;2.000000;222.313019;468.044464;1567.883423;0.002103;0.000000;0.000000;0.000000;0.000000;2.000000;-79.699814;-150.524780;2012.661865;0.001100;0.000000;0.000000;0.000000;0.000000;2.000000;-258.414307;-15.793640;1690.222046;0.031924;0.000000;0.000000;0.000000;0.000000;2.000000;-133.619751;334.295990;1766.761475;0.039689;0.000000;0.000000;0.000000;0.000000;2.000000;-136.161026;440.068268;1634.758057;0.067007;0.000000;0.000000;0.000000;0.000000;2.000000;26.692389;-724.399780;2132.522461;0.008443;0.000000;0.000000;0.000000;0.000000;2.000000;-32.591465;-722.607666;1986.384399;0.069203;0.000000;0.000000;0.000000;0.000000;2.000000;3.375667;-762.376587;1998.334351;0.062112;0.000000;0.000000;0.000000;0.000000;2.000000;97.929832;-774.946167;2078.229736;0.031309;0.000000;0.000000;0.000000;0.000000;2.000000;-45.256405;-762.807373;2014.707520;0.061469;0.000000;0.000000;0.000000;0.000000;2.000000;-51.878880;-791.611572;2139.861084;0.025982;0.000000;0.000000;0.000000;0.000000;2.000000;9074267136.000000
0.000000;-150.000000;2000.000000;0.000000;0.000000;0.000000;0.000000;0.000000;2.000000;13.834421;-304.842621;2080.696533;0.002308;0.000000;0.000000;0.000000;0.000000;2.000000;23.792955;-432.164978;2138.123047;0.006474;0.000000;0.000000;0.000000;0.000000;2.000000;27.901905;-645.217529;2143.099609;0.013146;0.000000;0.000000;0.000000;0.000000;2.000000;59.816063;-609.814514;2136.478271;0.011112;0.000000;0.000000;0.000000;0.000000;2.000000;184.102722;-550.447083;2109.534424;0.007735;0.000000;0.000000;0.000000;0.000000;2.000000;280.245972;-297.381622;2127.493652;0.010178;0.000000;0.000000;0.000000;0.000000;2.000000;278.699829;-82.621506;2051.808838;0.011324;0.000000;0.000000;0.000000;0.000000;2.000000;285.543945;11.666595;2052.507813;0.031065;0.000000;0.000000;0.000000;0.000000;2.000000;281.849701;117.646286;2055.490234;0.155779;0.000000;0.000000;0.000000;0.000000;2.000000;240.144440;48.782700;2012.504883;0.151644;0.000000;0.000000;0.000000;0.000000;2.000000;-4.840545;-610.157715;2150.070313;0.012871;0.000000;0.000000;0.000000;0.000000;2.000000;-127.758392;-573.220764;2164.123535;0.019367;0.000000;0.000000;0.000000;0.000000;2.000000;-229.546402;-328.348358;2242.203125;0.035427;0.000000;0.000000;0.000000;0.000000;2.000000;-273.471710;-136.266998;2122.416260;0.048639;0.000000;0.000000;0.000000;0.000000;2.000000;-293.316956;-70.639008;2197.653809;0.034787;0.000000;0.000000;0.000000;0.000000;2.000000;-261.461304;-37.777298;2103.959229;0.280226;0.000000;0.000000;0.000000;0.000000;2.000000;-219.723038;-41.123550;2123.450684;0.207136;0.000000;0.000000;0.000000;0.000000;2.000000;88.412056;-149.414642;1985.966064;0.000890;0.000000;0.000000;0.000000;0.000000;2.000000;175.469849;11.435593;1638.071777;0.015466;0.000000;0.000000;0.000000;0.000000;2.000000;179.272980;377.598328;1721.774536;0.010067;0.000000;0.000000;0.000000;0.000000;2.000000;221.663330;468.227234;1567.442261;0.024606;0.000000;0.000000;0.000000;0.000000;2.000000;-79.725044;-150.527832;2012.655029;0.000803;0.000000;0.000000;0.000000;0.000000;2.000000;-258.926361;-15.656891;1690.402588;0.017087;0.000000;0.000000;0.000000;0.000000;2.000000;-133.822266;334.469666;1766.823975;0.008362;0.000000;0.000000;0.000000;0.000000;2.000000;-136.842407;440.359924;1634.860962;0.022836;0.000000;0.000000;0.000000;0.000000;2.000000;26.721794;-724.645325;2132.067871;0.015793;0.000000;0.000000;0.000000;0.000000;2.000000;-32.302063;-723.325439;1985.769409;0.030167;0.000000;0.000000;0.000000;0.000000;2.000000;3.535922;-763.158386;1997.966064;0.026823;0.000000;0.000000;0.000000;0.000000;2.000000;97.931747;-775.655823;2078.117188;0.021928;0.000000;0.000000;0.000000;0.000000;2.000000;-45.141975;-763.373718;2014.254761;0.022401;0.000000;0.000000;0.000000;0.000000;2.000000;-52.084198;-791.612366;2139.559082;0.011145;0.000000;0.000000;0.000000;0.000000;2.000000;9074299904.000000
0.000000;-150.000000;2000.000000;0.000000;0.000000;0.000000;0.000000;0.000000;2.000000;13.748951;-304.872589;2080.698730;0.002681;0.000000;0.000000;0.000000;0.000000;2.000000;23.634609;-432.232178;2138.095703;0.005154;0.000000;0.000000;0.000000;0.000000;2.000000;27.601509;-645.315796;2142.942383;0.010446;0.000000;0.000000;0.000000;0.000000;2.000000;59.549026;-609.924927;2136.375488;0.009076;0.000000;0.000000;0.000000;0.000000;2.000000;183.939880;-550.595825;2109.742676;0.008976;0.000000;0.000000;0.000000;0.000000;2.000000;280.254822;-297.633606;2128.694092;0.036300;0.000000;0.000000;0.000000;0.000000;2.000000;279.220032;-82.548294;2053.847656;0.062305;0.000000;0.000000;0.000000;0.000000;2.000000;286.032135;11.736908;2055.742188;0.096821;0.000000;0.000000;0.000000;0.000000;2.000000;278.645050;117.525787;2059.065674;0.142132;0.000000;0.000000;0.000000;0.000000;2.000000;233.716278;47.606934;2019.644409;0.286419;0.000000;0.000000;0.000000;0.000000;2.000000;-5.129302;-610.235046;2149.902832;0.010140;0.000000;0.000000;0.000000;0.000000;2.000000;-128.069366;-573.245544;2163.762695;0.014116;0.000000;0.000000;0.000000;0.000000;2.000000;-230.018387;-328.331787;2241.618164;0.022248;0.000000;0.000000;0.000000;0.000000;2.000000;-273.667725;-136.318634;2121.568848;0.025785;0.000000;0.000000;0.000000;0.000000;2.000000;-288.158600;-69.281067;2196.801758;0.159852;0.000000;0.000000;0.000000;0.000000;2.000000;-260.426575;-42.082306;2100.018066;0.175414;0.000000;0.000000;0.000000;0.000000;2.000000;-217.628891;-42.531189;2118.661621;0.160190;0.000000;0.000000;0.000000;0.000000;2.000000;88.426270;-149.451874;1985.986450;0.001325;0.000000;0.000000;0.000000;0.000000;2.000000;175.661591;11.342514;1638.058105;0.006320;0.000000;0.000000;0.000000;0.000000;2.000000;179.575211;377.543579;1721.787842;0.009098;0.000000;0.000000;0.000000;0.000000;2.000000;222.024750;468.141357;1567.427734;0.011002;0.000000;0.000000;0.000000;0.000000;2.000000;-79.737862;-150.494278;2012.636597;0.001195;0.000000;0.000000;0.000000;0.000000;2.000000;-258.644196;-15.438065;1690.241089;0.011597;0.000000;0.000000;0.000000;0.000000;2.000000;-133.366196;334.618958;1766.919067;0.014477;0.000000;0.000000;0.000000;0.000000;2.000000;-136.099243;440.705933;1635.082275;0.025128;0.000000;0.000000;0.000000;0.000000;2.000000;26.381290;-724.745239;2131.858398;0.012194;0.000000;0.000000;0.000000;0.000000;2.000000;-32.512901;-723.486816;1985.486816;0.011475;0.000000;0.000000;0.000000;0.000000;2.000000;3.177510;-763.428162;1997.790771;0.014253;0.000000;0.000000;0.000000;0.000000;2.000000;97.467682;-776.112305;2078.059570;0.019339;0.000000;0.000000;0.000000;0.000000;2.000000;-45.521244;-763.441650;2014.037598;0.013089;0.000000;0.000000;0.000000;0.000000;2.000000;-52.676651;-791.427795;2139.402344;0.018940;0.000000;0.000000;0.000000;0.000000;2.000000;9074333696.000000
0.000000;-150.000000;2000.000000;0.000000;0.000000;0.000000;0.000000;0.000000;2.000000;12.238030;-306.169800;2079.411377;0.072365;0.000000;0.000000;0.000000;0.000000;2.000000;21.297682;-434.261139;2136.193604;0.110859;0.000000;0.000000;0.000000;0.000000;2.000000;26.959929;-647.866638;2140.509033;0.109352;0.000000;0.000000;0.000000;0.000000;2.000000;58.945412;-612.078857;2135.571533;0.072540;0.000000;0.000000;0.000000;0.000000;2.000000;183.060318;-549.731934;2112.939941;0.104575;0.000000;0.000000;0.000000;0.000000;2.000000;282.990997;-297.055084;2126.103027;0.116347;0.000000;0.000000;0.000000;0.000000;2.000000;278.902740;-83.131882;2046.402710;0.228104;0.000000;0.000000;0.000000;0.000000;2.000000;294.404633;7.306366;2070.201416;0.527520;0.000000;0.000000;0.000000;0.000000;2.000000;262.975800;106.933517;2090.240723;1.112785;0.000000;0.000000;0.000000;0.000000;2.000000;238.537766;49.847092;2002.059082;0.560651;0.000000;0.000000;0.000000;0.000000;2.000000;-6.463593;-613.013245;2146.043457;0.150726;0.000000;0.000000;0.000000;0.000000;2.000000;-129.791855;-574.389771;2153.716797;0.313004;0.000000;0.000000;0.000000;0.000000;2.000000;-240.441315;-334.467590;2237.536621;0.389556;0.000000;0.000000;0.000000;0.000000;2.000000;-274.757568;-140.939255;2115.760254;0.228938;0.000000;0.000000;0.000000;0.000000;2.000000;-277.382874;-71.109451;2190.153564;0.390408;0.000000;0.000000;0.000000;0.000000;2.000000;-264.771484;-42.203156;2090.467285;0.320231;0.000000;0.000000;0.000000;0.000000;2.000000;-219.967865;-47.266724;2100.785889;0.568838;0.000000;0.000000;0.000000;0.000000;2.000000;89.137016;-148.323059;1989.561035;0.116436;0.000000;0.000000;0.000000;0.000000;2.000000;189.847336;6.946198;1641.618408;0.466069;0.000000;0.000000;0.000000;0.000000;2.000000;183.267136;375.789612;1717.563721;0.179380;0.000000;0.000000;0.000000;0.000000;2.000000;225.705612;468.520508;1563.904175;0.155933;0.000000;0.000000;0.000000;0.000000;2.000000;-80.378777;-151.512161;2009.413330;0.104992;0.000000;0.000000;0.000000;0.000000;2.000000;-250.440948;-12.387054;1682.757446;0.351425;0.000000;0.000000;0.000000;0.000000;2.000000;-127.672256;338.597961;1763.960938;0.230411;0.000000;0.000000;0.000000;0.000000;2.000000;-134.056320;442.474060;1629.947998;0.177056;0.000000;0.000000;0.000000;0.000000;2.000000;26.980095;-727.465088;2129.080078;0.120052;0.000000;0.000000;0.000000;0.000000;2.000000;-30.132727;-721.786499;1981.672852;0.146683;0.000000;0.000000;0.000000;0.000000;2.000000;5.992222;-761.794922;1993.091064;0.174451;0.000000;0.000000;0.000000;0.000000;2.000000;99.608200;-776.160400;2074.356689;0.130533;0.000000;0.000000;0.000000;0.000000;2.000000;-43.038654;-762.980530;2008.701294;0.180162;0.000000;0.000000;0.000000;0.000000;2.000000;-51.513470;-795.513855;2133.223145;0.228844;0.000000;0.000000;0.000000;0.000000;2.000000;9074366464.000000
0.000000;-150.000000;2000.000000;0.000000;0.000000;0.000000;0.000000;0.000000;2.000000;11.530491;-306.035400;2079.437500;0.021326;0.000000;0.000000;0.000000;0.000000;2.000000;19.909979;-434.382751;2135.433105;0.046967;0.000000;0.000000;0.000000;0.000000;2.000000;23.496206;-647.877747;2137.465332;0.136453;0.000000;0.000000;0.000000;0.000000;2.000000;55.794571;-612.383118;2132.877930;0.123000;0.000000;0.000000;0.000000;0.000000;2.000000;181.139404;-552.667053;2110.709961;0.123007;0.000000;0.000000;0.000000;0.000000;2.000000;288.585144;-303.691010;2129.156250;0.272273;0.000000;0.000000;0.000000;0.000000;2.000000;288.346924;-88.864304;2052.416016;0.372227;0.000000;0.000000;0.000000;0.000000;2.000000;280.749023;5.536911;2051.692383;0.682684;0.000000;0.000000;0.000000;0.000000;2.000000;283.194336;111.183578;2062.991455;1.011959;0.000000;0.000000;0.000000;0.000000;2.000000;250.099869;40.985367;2016.686646;0.610916;0.000000;0.000000;0.000000;0.000000;2.000000;-9.552031;-612.793518;2143.401855;0.120442;0.000000;0.000000;0.000000;0.000000;2.000000;-132.745850;-574.194702;2151.416992;0.110936;0.000000;0.000000;0.000000;0.000000;2.000000;-243.525330;-334.479095;2234.843262;0.121170;0.000000;0.000000;0.000000;0.000000;2.000000;-277.354523;-141.095642;2113.089355;0.110339;0.000000;0.000000;0.000000;0.000000;2.000000;-280.555511;-71.226669;2187.299072;0.126343;0.000000;0.000000;0.000000;0.000000;2.000000;-265.929291;-41.663361;2088.179443;0.077543;0.000000;0.000000;0.000000;0.000000;2.000000;-221.527878;-47.993042;2098.907227;0.075392;0.000000;0.000000;0.000000;0.000000;2.000000;89.053780;-148.779388;1989.471313;0.013981;0.000000;0.000000;0.000000;0.000000;2.000000;199.456421;5.105774;1644.260254;0.299898;0.000000;0.000000;0.000000;0.000000;2.000000;187.131912;373.995483;1717.566040;0.126092;0.000000;0.000000;0.000000;0.000000;2.000000;226.420868;469.408508;1564.910156;0.044998;0.000000;0.000000;0.000000;0.000000;2.000000;-80.303711;-151.100677;2009.494141;0.012607;0.000000;0.000000;0.000000;0.000000;2.000000;-247.923416;-15.543655;1680.504150;0.136831;0.000000;0.000000;0.000000;0.000000;2.000000;-130.279724;337.125671;1760.406616;0.137534;0.000000;0.000000;0.000000;0.000000;2.000000;-134.131668;444.721252;1629.456909;0.068107;0.000000;0.000000;0.000000;0.000000;2.000000;22.731768;-727.275818;2125.199951;0.170357;0.000000;0.000000;0.000000;0.000000;2.000000;-28.578560;-720.595520;1975.863647;0.181413;0.000000;0.000000;0.000000;0.000000;2.000000;5.952649;-761.494507;1988.730469;0.129353;0.000000;0.000000;0.000000;0.000000;2.000000;95.940323;-778.089478;2073.427734;0.125683;0.000000;0.000000;0.000000;0.000000;2.000000;-43.600361;-761.286072;2002.473511;0.191719;0.000000;0.000000;0.000000;0.000000;2.000000;-57.623692;-793.086487;2126.564453;0.276918;0.000000;0.000000;0.000000;0.000000;2.000000;9074400256.000000
0.000000;-150.000000;2000.000000;0.000000;0.000000;0.000000;0.000000;0.000000;2.000000;11.523765;-306.028809;2079.502441;0.002003;0.000000;0.000000;0.000000;0.000000;2.000000;19.906641;-434.335388;2135.637207;0.006395;0.000000;0.000000;0.000000;0.000000;2.000000;23.459009;-647.855103;2138.045898;0.017767;0.000000;0.000000;0.000000;0.000000;2.000000;55.766720;-612.369263;2133.391113;0.015690;0.000000;0.000000;0.000000;0.000000;2.000000;181.125610;-552.681213;2111.109863;0.012219;0.000000;0.000000;0.000000;0.000000;2.000000;288.465454;-303.588226;2129.116211;0.004967;0.000000;0.000000;0.000000;0.000000;2.000000;288.198944;-88.864090;2052.000488;0.013461;0.000000;0.000000;0.000000;0.000000;2.000000;285.787231;5.817810;2050.686035;0.157025;0.000000;0.000000;0.000000;0.000000;2.000000;296.376709;111.014587;2061.610352;0.404529;0.000000;0.000000;0.000000;0.000000;2.000000;262.087402;43.991364;2016.532471;0.377186;0.000000;0.000000;0.000000;0.000000;2.000000;-9.587040;-612.750488;2143.926270;0.016093;0.000000;0.000000;0.000000;0.000000;2.000000;-132.778412;-574.082520;2151.919922;0.015757;0.000000;0.000000;0.000000;0.000000;2.000000;-243.399033;-334.165741;2235.099121;0.012933;0.000000;0.000000;0.000000;0.000000;2.000000;-277.378784;-140.652527;2113.536133;0.019218;0.000000;0.000000;0.000000;0.000000;2.000000;-282.582184;-71.103439;2187.950928;0.065078;0.000000;0.000000;0.000000;0.000000;2.000000;-266.970581;-37.026932;2090.428711;0.160442;0.000000;0.000000;0.000000;0.000000;2.000000;-222.932281;-46.576813;2100.308105;0.074381;0.000000;0.000000;0.000000;0.000000;2.000000;89.064835;-148.790955;1989.463013;0.000550;0.000000;0.000000;0.000000;0.000000;2.000000;199.469727;4.987320;1644.145996;0.005039;0.000000;0.000000;0.000000;0.000000;2.000000;187.059113;373.952301;1717.312256;0.008164;0.000000;0.000000;0.000000;0.000000;2.000000;226.000565;469.337006;1564.520386;0.017629;0.000000;0.000000;0.000000;0.000000;2.000000;-80.313675;-151.090240;2009.501709;0.000497;0.000000;0.000000;0.000000;0.000000;2.000000;-247.153259;-15.861649;1679.918823;0.031075;0.000000;0.000000;0.000000;0.000000;2.000000;-130.223923;337.057220;1760.005981;0.012520;0.000000;0.000000;0.000000;0.000000;2.000000;-133.836548;444.559723;1628.944214;0.018714;0.000000;0.000000;0.000000;0.000000;2.000000;22.679855;-727.285034;2125.919434;0.022016;0.000000;0.000000;0.000000;0.000000;2.000000;-28.696384;-721.424438;1976.549561;0.033030;0.000000;0.000000;0.000000;0.000000;2.000000;5.901531;-762.214966;1989.610840;0.034752;0.000000;0.000000;0.000000;0.000000;2.000000;95.952667;-778.260376;2074.370850;0.029253;0.000000;0.000000;0.000000;0.000000;2.000000;-43.653652;-762.007813;2003.371338;0.035193;0.000000;0.000000;0.000000;0.000000;2.000000;-57.592419;-793.210327;2127.641113;0.033087;0.000000;0.000000;0.000000;0.000000;2.000000;9074433024.000000
0.000000;-150.000000;2000.000000;0.000000;0.000000;0.000000;0.000000;0.000000;2.000000;10.837687;-305.858704;2079.585693;0.021062;0.000000;0.000000;0.000000;0.000000;2.000000;18.727615;-433.824463;2136.253418;0.042172;0.000000;0.000000;0.000000;0.000000;2.000000;21.364239;-647.136475;2140.555420;0.099046;0.000000;0.000000;0.000000;0.000000;2.000000;53.830734;-611.857178;2135.882080;0.094582;0.000000;0.000000;0.000000;0.000000;2.000000;180.069656;-553.566162;2115.770752;0.143828;0.000000;0.000000;0.000000;0.000000;2.000000;286.010132;-304.272583;2135.530029;0.204242;0.000000;0.000000;0.000000;0.000000;2.000000;283.095459;-92.277817;2051.804688;0.181791;0.000000;0.000000;0.000000;0.000000;2.000000;277.742950;1.884338;2043.995361;0.330788;0.000000;0.000000;0.000000;0.000000;2.000000;291.029297;107.020752;2050.881592;0.373915;0.000000;0.000000;0.000000;0.000000;2.000000;246.629471;35.827087;2011.183350;0.541003;0.000000;0.000000;0.000000;0.000000;2.000000;-11.556129;-611.877930;2145.830078;0.085067;0.000000;0.000000;0.000000;0.000000;2.000000;-134.533203;-572.604858;2152.117920;0.068140;0.000000;0.000000;0.000000;0.000000;2.000000;-243.344696;-330.560120;2230.558105;0.171598;0.000000;0.000000;0.000000;0.000000;2.000000;-275.254150;-136.509033;2109.686279;0.178795;0.000000;0.000000;0.000000;0.000000;2.000000;-321.013153;-77.843887;2179.311279;1.182608;0.000000;0.000000;0.000000;0.000000;2.000000;-264.761108;-16.723465;2116.097656;0.970719;0.000000;0.000000;0.000000;0.000000;2.000000;-227.520218;-41.888062;2136.961182;1.101902;0.000000;0.000000;0.000000;0.000000;2.000000;89.010086;-149.093018;1989.655151;0.010717;0.000000;0.000000;0.000000;0.000000;2.000000;203.674591;3.972427;1645.814575;0.137200;0.000000;0.000000;0.000000;0.000000;2.000000;187.069000;372.735474;1717.417969;0.036146;0.000000;0.000000;0.000000;0.000000;2.000000;222.189423;470.392883;1565.336304;0.119496;0.000000;0.000000;0.000000;0.000000;2.000000;-80.264313;-150.817856;2009.328369;0.009665;0.000000;0.000000;0.000000;0.000000;2.000000;-243.964493;-15.014297;1678.828857;0.102829;0.000000;0.000000;0.000000;0.000000;2.000000;-129.815674;339.079224;1756.075684;0.131355;0.000000;0.000000;0.000000;0.000000;2.000000;-132.998169;449.860657;1627.962769;0.161453;0.000000;0.000000;0.000000;0.000000;2.000000;20.361549;-726.594727;2129.126953;0.118885;0.000000;0.000000;0.000000;0.000000;2.000000;-29.246140;-720.873047;1979.304443;0.084718;0.000000;0.000000;0.000000;0.000000;2.000000;5.150387;-761.628296;1992.793091;0.098305;0.000000;0.000000;0.000000;0.000000;2.000000;94.133789;-777.609680;2078.523193;0.135526;0.000000;0.000000;0.000000;0.000000;2.000000;-44.515202;-761.385559;2005.970581;0.083100;0.000000;0.000000;0.000000;0.000000;2.000000;-59.882484;-792.424561;2129.993164;0.099890;0.000000;0.000000;0.000000;0.000000;2.000000;9074466816.000000
0.000000;-150.000000;2000.000000;0.000000;0.000000;0.000000;0.000000;0.000000;2.000000;10.537275;-305.762634;2079.522217;0.009818;0.000000;0.000000;0.000000;0.000000;2.000000;18.194538;-433.632019;2136.177246;0.017451;0.000000;0.000000;0.000000;0.000000;2.000000;20.137192;-646.795044;2140.221924;0.040179;0.000000;0.000000;0.000000;0.000000;2.000000;52.704281;-611.640625;2135.685303;0.035517;0.000000;0.000000;0.000000;0.000000;2.000000;179.110641;-553.678345;2116.436035;0.035784;0.000000;0.000000;0.000000;0.000000;2.000000;285.238281;-304.978821;2139.567871;0.127294;0.000000;0.000000;0.000000;0.000000;2.000000;284.071320;-91.964355;2058.913574;0.219189;0.000000;0.000000;0.000000;0.000000;2.000000;283.046997;2.361633;2052.268066;0.300251;0.000000;0.000000;0.000000;0.000000;2.000000;298.608521;107.153931;2058.349121;0.324731;0.000000;0.000000;0.000000;0.000000;2.000000;257.041534;38.597382;2017.121826;0.375442;0.000000;0.000000;0.000000;0.000000;2.000000;-12.660229;-611.464844;2145.444580;0.037850;0.000000;0.000000;0.000000;0.000000;2.000000;-135.380539;-571.632568;2151.200684;0.048297;0.000000;0.000000;0.000000;0.000000;2.000000;-242.682800;-328.631622;2228.008545;0.099627;0.000000;0.000000;0.000000;0.000000;2.000000;-273.173096;-134.614014;2107.050049;0.117687;0.000000;0.000000;0.000000;0.000000;2.000000;-306.948639;-71.593964;2179.541992;0.469738;0.000000;0.000000;0.000000;0.000000;2.000000;-259.417358;-7.251923;2112.606445;0.348561;0.000000;0.000000;0.000000;0.000000;2.000000;-218.947449;-41.096832;2123.553467;0.486260;0.000000;0.000000;0.000000;0.000000;2.000000;88.955116;-149.210129;1989.760010;0.005082;0.000000;0.000000;0.000000;0.000000;2.000000;205.785873;4.569458;1647.310547;0.081041;0.000000;0.000000;0.000000;0.000000;2.000000;187.508804;372.884491;1719.318848;0.059716;0.000000;0.000000;0.000000;0.000000;2.000000;222.213318;470.337921;1567.179321;0.056274;0.000000;0.000000;0.000000;0.000000;2.000000;-80.214745;-150.712265;2009.234009;0.004579;0.000000;0.000000;0.000000;0.000000;2.000000;-237.366455;-15.339630;1675.745972;0.222473;0.000000;0.000000;0.000000;0.000000;2.000000;-127.448654;339.158722;1755.808594;0.072735;0.000000;0.000000;0.000000;0.000000;2.000000;-128.544815;449.919891;1627.812744;0.135995;0.000000;0.000000;0.000000;0.000000;2.000000;18.913675;-726.175659;2128.702148;0.047791;0.000000;0.000000;0.000000;0.000000;2.000000;-30.119402;-716.738403;1979.003906;0.129289;0.000000;0.000000;0.000000;0.000000;2.000000;3.716595;-758.147827;1991.726685;0.119396;0.000000;0.000000;0.000000;0.000000;2.000000;92.167900;-776.974365;2077.292725;0.073384;0.000000;0.000000;0.000000;0.000000;2.000000;-45.945541;-757.579712;2004.755005;0.129504;0.000000;0.000000;0.000000;0.000000;2.000000;-62.057713;-790.984741;2127.964355;0.100850;0.000000;0.000000;0.000000;0.000000;2.000000;9074499584.000000
0.000000;-150.000000;2000.000000;0.000000;0.000000;0.000000;0.000000;0.000000;2.000000;8.239415;-305.357178;2078.336426;0.077455;0.000000;0.000000;0.000000;0.000000;2.000000;14.120815;-432.601929;2134.597900;0.132840;0.000000;0.000000;0.000000;0.000000;2.000000;15.812983;-644.497437;2139.904785;0.145211;0.000000;0.000000;0.000000;0.000000;2.000000;48.255287;-609.606445;2135.405762;0.145003;0.000000;0.000000;0.000000;0.000000;2.000000;174.857803;-555.338440;2112.896973;0.170942;0.000000;0.000000;0.000000;0.000000;2.000000;282.898224;-309.773224;2141.520508;0.168120;0.000000;0.000000;0.000000;0.000000;2.000000;283.686432;-97.534256;2062.569824;0.197498;0.000000;0.000000;0.000000;0.000000;2.000000;272.607605;-4.185028;2061.176270;0.449962;0.000000;0.000000;0.000000;0.000000;2.000000;276.080566;99.195114;2081.919434;0.993195;0.000000;0.000000;0.000000;0.000000;2.000000;280.876251;33.579880;2011.804932;0.737769;0.000000;0.000000;0.000000;0.000000;2.000000;-16.792940;-609.311096;2144.663574;0.139833;0.000000;0.000000;0.000000;0.000000;2.000000;-139.254913;-570.993530;2149.261230;0.129604;0.000000;0.000000;0.000000;0.000000;2.000000;-245.402802;-326.363281;2216.069824;0.368519;0.000000;0.000000;0.000000;0.000000;2.000000;-274.663239;-129.824463;2101.605957;0.219064;0.000000;0.000000;0.000000;0.000000;2.000000;-277.787201;-63.251801;2177.798584;0.899066;0.000000;0.000000;0.000000;0.000000;2.000000;-243.856934;9.529221;2112.187500;0.677351;0.000000;0.000000;0.000000;0.000000;2.000000;-207.705353;-44.277908;2097.813477;0.836514;0.000000;0.000000;0.000000;0.000000;2.000000;88.492874;-150.204422;1990.286865;0.036000;0.000000;0.000000;0.000000;0.000000;2.000000;213.292511;6.721481;1654.767090;0.319521;0.000000;0.000000;0.000000;0.000000;2.000000;186.585098;374.598389;1713.834961;0.172208;0.000000;0.000000;0.000000;0.000000;2.000000;225.073547;469.187256;1562.090088;0.176084;0.000000;0.000000;0.000000;0.000000;2.000000;-79.797920;-149.815643;2008.758789;0.032465;0.000000;0.000000;0.000000;0.000000;2.000000;-226.102570;-10.802612;1674.519653;0.361182;0.000000;0.000000;0.000000;0.000000;2.000000;-122.617630;343.928711;1751.612915;0.236178;0.000000;0.000000;0.000000;0.000000;2.000000;-128.133163;451.013000;1621.913452;0.177966;0.000000;0.000000;0.000000;0.000000;2.000000;14.595781;-723.481995;2128.918213;0.150740;0.000000;0.000000;0.000000;0.000000;2.000000;-28.170332;-712.242676;1978.391357;0.146135;0.000000;0.000000;0.000000;0.000000;2.000000;5.052088;-753.496216;1991.837891;0.143253;0.000000;0.000000;0.000000;0.000000;2.000000;89.559052;-773.133118;2080.113770;0.160783;0.000000;0.000000;0.000000;0.000000;2.000000;-44.801994;-753.218323;2002.804199;0.145382;0.000000;0.000000;0.000000;0.000000;2.000000;-65.624939;-788.086182;2124.107422;0.177563;0.000000;0.000000;0.000000;0.000000;2.000000;9074533376.000000
0.000000;-150.000000;2000.000000;0.000000;0.000000;0.000000;0.000000;0.000000;2.000000;7.974330;-305.539917;2077.895996;0.016145;0.000000;0.000000;0.000000;0.000000;2.000000;13.677614;-432.751434;2134.158691;0.018988;0.000000;0.000000;0.000000;0.000000;2.000000;13.824751;-644.589844;2139.732910;0.059120;0.000000;0.000000;0.000000;0.000000;2.000000;46.509579;-609.951904;2135.170898;0.053119;0.000000;0.000000;0.000000;0.000000;2.000000;173.752487;-557.153687;2113.012451;0.062986;0.000000;0.000000;0.000000;0.000000;2.000000;282.167084;-312.157593;2144.292480;0.110344;0.000000;0.000000;0.000000;0.000000;2.000000;284.330811;-99.878967;2065.649414;0.116118;0.000000;0.000000;0.000000;0.000000;2.000000;301.605377;-8.101395;2076.254883;0.974126;0.000000;0.000000;0.000000;0.000000;2.000000;312.691803;95.878265;2090.008301;1.113891;0.000000;0.000000;0.000000;0.000000;2.000000;265.277100;35.930573;2026.780396;0.643685;0.000000;0.000000;0.000000;0.000000;2.000000;-18.511599;-609.169739;2144.465332;0.051368;0.000000;0.000000;0.000000;0.000000;2.000000;-140.636398;-570.012756;2149.918457;0.053777;0.000000;0.000000;0.000000;0.000000;2.000000;-245.043900;-323.662872;2212.727539;0.127599;0.000000;0.000000;0.000000;0.000000;2.000000;-274.343475;-127.768364;2097.296631;0.141613;0.000000;0.000000;0.000000;0.000000;2.000000;-285.187897;-61.479706;2172.991699;0.266363;0.000000;0.000000;0.000000;0.000000;2.000000;-262.425323;-14.521118;2083.414063;1.238350;0.000000;0.000000;0.000000;0.000000;2.000000;-219.966476;-33.840378;2091.452637;0.512338;0.000000;0.000000;0.000000;0.000000;2.000000;88.466965;-150.335617;1990.273438;0.003977;0.000000;0.000000;0.000000;0.000000;2.000000;217.773026;8.442749;1657.464722;0.162935;0.000000;0.000000;0.000000;0.000000;2.000000;186.496124;375.769409;1717.077515;0.102056;0.000000;0.000000;0.000000;0.000000;2.000000;221.485855;473.363342;1566.451782;0.207858;0.000000;0.000000;0.000000;0.000000;2.000000;-79.774536;-149.697357;2008.770996;0.003586;0.000000;0.000000;0.000000;0.000000;2.000000;-219.366898;-10.513977;1671.864868;0.214421;0.000000;0.000000;0.000000;0.000000;2.000000;-126.733681;345.354858;1756.640137;0.196850;0.000000;0.000000;0.000000;0.000000;2.000000;-131.340408;454.703857;1628.867554;0.251571;0.000000;0.000000;0.000000;0.000000;2.000000;12.024197;-723.556091;2128.850586;0.076158;0.000000;0.000000;0.000000;0.000000;2.000000;-22.497881;-710.550171;1976.405640;0.184770;0.000000;0.000000;0.000000;0.000000;2.000000;8.620804;-752.887329;1991.371826;0.108019;0.000000;0.000000;0.000000;0.000000;2.000000;87.743439;-775.486267;2083.785645;0.139797;0.000000;0.000000;0.000000;0.000000;2.000000;-41.685287;-751.012939;1999.747559;0.144735;0.000000;0.000000;0.000000;0.000000;2.000000;-69.870285;-785.482178;2119.633057;0.198125;0.000000;0.000000;0.000000;0.000000;2.000000;9074567168.000000
0.000000;-150.000000;2000.000000;0.000000;0.000000;0.000000;0.000000;0.000000;2.000000;4.905282;-305.968689;2078.730469;0.097938;0.000000;0.000000;0.000000;0.000000;2.000000;8.375330;-432.736389;2137.401855;0.189682;0.000000;0.000000;0.000000;0.000000;2.000000;7.265257;-645.308899;2144.552002;0.249364;0.000000;0.000000;0.000000;0.000000;2.000000;40.329430;-610.754944;2140.233887;0.245041;0.000000;0.000000;0.000000;0.000000;2.000000;168.865692;-559.417236;2118.866699;0.242757;0.000000;0.000000;0.000000;0.000000;2.000000;270.959564;-311.054565;2153.324219;0.440551;0.000000;0.000000;0.000000;0.000000;2.000000;279.020416;-98.598206;2073.144531;0.283037;0.000000;0.000000;0.000000;0.000000;2.000000;287.389557;-4.669800;2075.771729;0.446537;0.000000;0.000000;0.000000;0.000000;2.000000;293.393616;100.810547;2082.414551;0.650542;0.000000;0.000000;0.000000;0.000000;2.000000;250.728302;31.696503;2024.089111;0.469651;0.000000;0.000000;0.000000;0.000000;2.000000;-25.064863;-609.549255;2148.532715;0.235664;0.000000;0.000000;0.000000;0.000000;2.000000;-147.608383;-570.022217;2153.036865;0.233081;0.000000;0.000000;0.000000;0.000000;2.000000;-252.074081;-321.172913;2210.088623;0.241431;0.000000;0.000000;0.000000;0.000000;2.000000;-279.343170;-123.040810;2096.303711;0.212163;0.000000;0.000000;0.000000;0.000000;2.000000;-295.536194;-58.046631;2172.664551;0.332880;0.000000;0.000000;0.000000;0.000000;2.000000;-272.996002;-20.824585;2078.147461;0.408537;0.000000;0.000000;0.000000;0.000000;2.000000;-229.739044;-26.023270;2092.675537;0.383728;0.000000;0.000000;0.000000;0.000000;2.000000;88.897499;-151.564514;1991.362061;0.051796;0.000000;0.000000;0.000000;0.000000;2.000000;213.689240;7.451630;1655.259644;0.144828;0.000000;0.000000;0.000000;0.000000;2.000000;182.640182;375.453156;1719.332031;0.136653;0.000000;0.000000;0.000000;0.000000;2.000000;217.652512;471.824799;1567.110474;0.127648;0.000000;0.000000;0.000000;0.000000;2.000000;-80.162781;-148.589233;2007.789307;0.046707;0.000000;0.000000;0.000000;0.000000;2.000000;-226.313324;-9.189987;1672.079834;0.215904;0.000000;0.000000;0.000000;0.000000;2.000000;-127.332825;345.079376;1762.423096;0.177626;0.000000;0.000000;0.000000;0.000000;2.000000;-133.509583;452.825836;1632.551758;0.142506;0.000000;0.000000;0.000000;0.000000;2.000000;5.192892;-724.634888;2134.182129;0.266494;0.000000;0.000000;0.000000;0.000000;2.000000;-34.219681;-711.593994;1982.329224;0.402067;0.000000;0.000000;0.000000;0.000000;2.000000;-1.319449;-753.235718;1996.129639;0.336479;0.000000;0.000000;0.000000;0.000000;2.000000;81.371330;-774.158447;2086.403564;0.214103;0.000000;0.000000;0.000000;0.000000;2.000000;-51.582237;-752.920166;2005.989990;0.361804;0.000000;0.000000;0.000000;0.000000;2.000000;-75.356644;-789.154053;2126.812500;0.297648;0.000000;0.000000;0.000000;0.000000;2.000000;9074599936.000000
0.000000;-150.000000;2000.000000;0.000000;0.000000;0.000000;0.000000;0.000000;2.000000;4.790653;-306.039063;2078.564453;0.006323;0.000000;0.000000;0.000000;0.000000;2.000000;8.199694;-432.750549;2137.331787;0.005612;0.000000;0.000000;0.000000;0.000000;2.000000;7.149643;-645.284912;2145.051270;0.015182;0.000000;0.000000;0.000000;0.000000;2.000000;40.209667;-610.733154;2140.730469;0.015130;0.000000;0.000000;0.000000;0.000000;2.000000;168.769104;-559.215576;2120.025635;0.034929;0.000000;0.000000;0.000000;0.000000;2.000000;269.388397;-310.665070;2157.175781;0.123636;0.000000;0.000000;0.000000;0.000000;2.000000;274.008636;-99.018143;2074.672852;0.155552;0.000000;0.000000;0.000000;0.000000;2.000000;284.290100;-5.421066;2080.313477;0.164229;0.000000;0.000000;0.000000;0.000000;2.000000;305.725861;96.891541;2096.955566;0.576022;0.000000;0.000000;0.000000;0.000000;2.000000;253.881012;36.113434;2037.768066;0.435490;0.000000;0.000000;0.000000;0.000000;2.000000;-25.201735;-609.530090;2148.847168;0.010165;0.000000;0.000000;0.000000;0.000000;2.000000;-147.784073;-570.106812;2152.856934;0.007852;0.000000;0.000000;0.000000;0.000000;2.000000;-252.319687;-320.874420;2207.959961;0.064023;0.000000;0.000000;0.000000;0.000000;2.000000;-279.342743;-123.253502;2093.271240;0.089960;0.000000;0.000000;0.000000;0.000000;2.000000;-304.568817;-59.697067;2168.370117;0.299976;0.000000;0.000000;0.000000;0.000000;2.000000;-279.802826;-6.382370;2082.525391;0.489917;0.000000;0.000000;0.000000;0.000000;2.000000;-235.754730;-23.281448;2092.963379;0.195825;0.000000;0.000000;0.000000;0.000000;2.000000;88.902847;-151.552216;1991.496094;0.003986;0.000000;0.000000;0.000000;0.000000;2.000000;217.771561;9.411194;1657.908325;0.155244;0.000000;0.000000;0.000000;0.000000;2.000000;184.034760;377.004364;1722.770752;0.119020;0.000000;0.000000;0.000000;0.000000;2.000000;218.671112;474.982941;1571.511230;0.163105;0.000000;0.000000;0.000000;0.000000;2.000000;-80.167603;-148.600281;2007.668457;0.003594;0.000000;0.000000;0.000000;0.000000;2.000000;-220.986130;-9.709656;1669.517822;0.175605;0.000000;0.000000;0.000000;0.000000;2.000000;-127.355217;344.683258;1764.806030;0.071488;0.000000;0.000000;0.000000;0.000000;2.000000;-135.849091;454.025360;1636.426758;0.138575;0.000000;0.000000;0.000000;0.000000;2.000000;5.135317;-724.632507;2134.890625;0.021036;0.000000;0.000000;0.000000;0.000000;2.000000;-33.934128;-712.253174;1982.907715;0.027295;0.000000;0.000000;0.000000;0.000000;2.000000;-3.393077;-755.412476;1997.430420;0.096937;0.000000;0.000000;0.000000;0.000000;2.000000;78.252388;-779.258301;2087.915771;0.182478;0.000000;0.000000;0.000000;0.000000;2.000000;-53.523968;-752.078369;2007.379883;0.074927;0.000000;0.000000;0.000000;0.000000;2.000000;-78.935280;-784.629883;2128.903809;0.181576;0.000000;0.000000;0.000000;0.000000;2.000000;9074633728.000000
0.000000;-150.000000;2000.000000;0.000000;0.000000;0.000000;0.000000;0.000000;2.000000;4.392916;-305.208771;2078.255371;0.029637;0.000000;0.000000;0.000000;0.000000;2.000000;7.644112;-430.647736;2138.063965;0.070035;0.000000;0.000000;0.000000;0.000000;2.000000;7.499638;-642.212952;2141.513672;0.143381;0.000000;0.000000;0.000000;0.000000;2.000000;40.288025;-607.610107;2138.416504;0.118642;0.000000;0.000000;0.000000;0.000000;2.000000;167.940353;-555.466431;2118.495605;0.126137;0.000000;0.000000;0.000000;0.000000;2.000000;270.837402;-310.046021;2159.941895;0.097151;0.000000;0.000000;0.000000;0.000000;2.000000;275.518066;-100.089859;2076.310547;0.075428;0.000000;0.000000;0.000000;0.000000;2.000000;281.981201;-6.476395;2077.804688;0.108921;0.000000;0.000000;0.000000;0.000000;2.000000;303.470367;94.429001;2098.940918;0.118560;0.000000;0.000000;0.000000;0.000000;2.000000;249.718933;29.193802;2031.609741;0.309914;0.000000;0.000000;0.000000;0.000000;2.000000;-24.913004;-606.868408;2145.493164;0.130967;0.000000;0.000000;0.000000;0.000000;2.000000;-146.995987;-567.887817;2147.553711;0.177079;0.000000;0.000000;0.000000;0.000000;2.000000;-253.705780;-320.597351;2200.163574;0.241806;0.000000;0.000000;0.000000;0.000000;2.000000;-278.782806;-120.304276;2092.212402;0.097143;0.000000;0.000000;0.000000;0.000000;2.000000;-295.694458;-58.170242;2170.084961;0.279742;0.000000;0.000000;0.000000;0.000000;2.000000;-266.467682;1.708527;2090.867188;0.539803;0.000000;0.000000;0.000000;0.000000;2.000000;-224.502228;-26.383820;2095.564941;0.364952;0.000000;0.000000;0.000000;0.000000;2.000000;88.521629;-151.379044;1992.295654;0.027544;0.000000;0.000000;0.000000;0.000000;2.000000;226.050507;13.093658;1666.307495;0.377047;0.000000;0.000000;0.000000;0.000000;2.000000;185.906265;380.075867;1718.790771;0.163709;0.000000;0.000000;0.000000;0.000000;2.000000;218.511902;474.088135;1565.705566;0.179333;0.000000;0.000000;0.000000;0.000000;2.000000;-79.823853;-148.756439;2006.947388;0.024839;0.000000;0.000000;0.000000;0.000000;2.000000;-218.720062;-6.935944;1671.535767;0.125459;0.000000;0.000000;0.000000;0.000000;2.000000;-125.809151;347.400513;1759.830444;0.179329;0.000000;0.000000;0.000000;0.000000;2.000000;-134.853516;455.767212;1631.791016;0.154153;0.000000;0.000000;0.000000;0.000000;2.000000;6.034074;-720.946533;2129.804199;0.193651;0.000000;0.000000;0.000000;0.000000;2.000000;-24.681032;-707.951416;1976.787109;0.363129;0.000000;0.000000;0.000000;0.000000;2.000000;5.875589;-750.318481;1992.508057;0.356006;0.000000;0.000000;0.000000;0.000000;2.000000;82.535881;-773.083801;2086.690918;0.232361;0.000000;0.000000;0.000000;0.000000;2.000000;-44.536812;-748.272461;1999.646240;0.380018;0.000000;0.000000;0.000000;0.000000;2.000000;-75.697556;-782.511108;2118.653320;0.334365;0.000000;0.000000;0.000000;0.000000;2.000000;9074666496.000000
0.000000;-150.000000;2000.000000;0.000000;0.000000;0.000000;0.000000;0.000000;2.000000;3.879746;-305.445648;2078.393066;0.008740;0.000000;0.000000;0.000000;0.000000;2.000000;6.759494;-430.895996;2138.680420;0.016623;0.000000;0.000000;0.000000;0.000000;2.000000;5.787772;-642.765503;2142.771729;0.032979;0.000000;0.000000;0.000000;0.000000;2.000000;38.782261;-608.242920;2139.866211;0.032811;0.000000;0.000000;0.000000;0.000000;2.000000;167.116653;-556.506226;2121.897217;0.054854;0.000000;0.000000;0.000000;0.000000;2.000000;269.740753;-310.757904;2164.686523;0.073940;0.000000;0.000000;0.000000;0.000000;2.000000;276.360413;-100.687912;2080.554688;0.065626;0.000000;0.000000;0.000000;0.000000;2.000000;290.409607;-10.236588;2101.888916;0.387500;0.000000;0.000000;0.000000;0.000000;2.000000;320.450195;79.764130;2147.945313;0.809739;0.000000;0.000000;0.000000;0.000000;2.000000;250.904938;32.151825;2046.299805;0.225838;0.000000;0.000000;0.000000;0.000000;2.000000;-26.575520;-607.235229;2146.353027;0.028656;0.000000;0.000000;0.000000;0.000000;2.000000;-148.503769;-567.099731;2146.233398;0.032355;0.000000;0.000000;0.000000;0.000000;2.000000;-253.983765;-317.508209;2192.187988;0.128568;0.000000;0.000000;0.000000;0.000000;2.000000;-277.094604;-117.359344;2082.810547;0.150178;0.000000;0.000000;0.000000;0.000000;2.000000;-298.729401;-54.957184;2159.487549;0.172508;0.000000;0.000000;0.000000;0.000000;2.000000;-275.638672;5.590881;2078.567383;0.237772;0.000000;0.000000;0.000000;0.000000;2.000000;-231.219559;-18.824295;2083.307129;0.238747;0.000000;0.000000;0.000000;0.000000;2.000000;88.671600;-151.560455;1992.517334;0.004858;0.000000;0.000000;0.000000;0.000000;2.000000;230.242065;13.799652;1668.009766;0.068792;0.000000;0.000000;0.000000;0.000000;2.000000;187.368408;381.033356;1720.558228;0.037345;0.000000;0.000000;0.000000;0.000000;2.000000;219.351334;474.887909;1566.918335;0.025208;0.000000;0.000000;0.000000;0.000000;2.000000;-79.959091;-148.592865;2006.747559;0.004380;0.000000;0.000000;0.000000;0.000000;2.000000;-213.709030;-4.694534;1669.453735;0.088207;0.000000;0.000000;0.000000;0.000000;2.000000;-122.387344;349.815277;1761.065674;0.065601;0.000000;0.000000;0.000000;0.000000;2.000000;-134.087173;456.682281;1631.656738;0.018046;0.000000;0.000000;0.000000;0.000000;2.000000;4.131298;-721.646606;2131.269043;0.037579;0.000000;0.000000;0.000000;0.000000;2.000000;-24.298536;-707.227478;1977.697876;0.018400;0.000000;0.000000;0.000000;0.000000;2.000000;5.217378;-750.355469;1993.621460;0.019440;0.000000;0.000000;0.000000;0.000000;2.000000;80.238663;-775.200928;2088.836182;0.056936;0.000000;0.000000;0.000000;0.000000;2.000000;-45.309776;-747.308960;2000.108521;0.019815;0.000000;0.000000;0.000000;0.000000;2.000000;-78.807457;-781.556641;2118.683105;0.048876;0.000000;0.000000;0.000000;0.000000;2.000000;9074733056.000000
0.000000;-150.000000;2000.000000;0.000000;0.000000;0.000000;0.000000;0.000000;2.000000;3.804166;-305.254425;2078.594971;0.008528;0.000000;0.000000;0.000000;0.000000;2.000000;6.562123;-430.893250;2138.343262;0.011562;0.000000;0.000000;0.000000;0.000000;2.000000;6.141821;-642.705139;2138.475586;0.127578;0.000000;0.000000;0.000000;0.000000;2.000000;39.049393;-608.064697;2136.506836;0.099866;0.000000;0.000000;0.000000;0.000000;2.000000;167.308304;-556.046509;2119.334473;0.077258;0.000000;0.000000;0.000000;0.000000;2.000000;272.122131;-311.306885;2161.802734;0.111862;0.000000;0.000000;0.000000;0.000000;2.000000;274.923218;-103.370209;2072.594971;0.252177;0.000000;0.000000;0.000000;0.000000;2.000000;285.369354;-11.706177;2090.323730;0.375860;0.000000;0.000000;0.000000;0.000000;2.000000;311.717621;81.116364;2132.786865;0.519238;0.000000;0.000000;0.000000;0.000000;2.000000;244.197815;28.269012;2045.093384;0.232105;0.000000;0.000000;0.000000;0.000000;2.000000;-26.334846;-607.348877;2142.430664;0.116341;0.000000;0.000000;0.000000;0.000000;2.000000;-147.959274;-566.546936;2140.263184;0.178161;0.000000;0.000000;0.000000;0.000000;2.000000;-254.566711;-317.343597;2184.938477;0.215281;0.000000;0.000000;0.000000;0.000000;2.000000;-277.484802;-114.035553;2081.745850;0.103927;0.000000;0.000000;0.000000;0.000000;2.000000;-281.874878;-45.240311;2155.771973;0.586130;0.000000;0.000000;0.000000;0.000000;2.000000;-272.381805;9.814087;2068.500977;0.337118;0.000000;0.000000;0.000000;0.000000;2.000000;-228.903458;-18.179657;2065.637207;0.527720;0.000000;0.000000;0.000000;0.000000;2.000000;88.639214;-151.559952;1992.628174;0.003417;0.000000;0.000000;0.000000;0.000000;2.000000;232.827942;11.404114;1668.280762;0.104621;0.000000;0.000000;0.000000;0.000000;2.000000;186.702011;378.824554;1715.233521;0.171729;0.000000;0.000000;0.000000;0.000000;2.000000;218.863403;475.025787;1563.192261;0.111281;0.000000;0.000000;0.000000;0.000000;2.000000;-79.929871;-148.593307;2006.647461;0.003086;0.000000;0.000000;0.000000;0.000000;2.000000;-205.634384;-6.261841;1665.823853;0.266060;0.000000;0.000000;0.000000;0.000000;2.000000;-120.363228;351.119659;1751.170410;0.301374;0.000000;0.000000;0.000000;0.000000;2.000000;-137.471390;458.441864;1622.846924;0.284094;0.000000;0.000000;0.000000;0.000000;2.000000;4.805650;-721.325256;2125.496338;0.172255;0.000000;0.000000;0.000000;0.000000;2.000000;-24.130348;-707.631104;1972.028076;0.168283;0.000000;0.000000;0.000000;0.000000;2.000000;4.744783;-751.090820;1988.136108;0.164375;0.000000;0.000000;0.000000;0.000000;2.000000;79.786156;-776.412231;2083.134277;0.173020;0.000000;0.000000;0.000000;0.000000;2.000000;-45.669918;-747.172791;1994.839355;0.156345;0.000000;0.000000;0.000000;0.000000;2.000000;-79.118767;-779.942383;2113.780518;0.153021;0.000000;0.000000;0.000000;0.000000;2.000000;9074766848.000000
