posX0;posY0;posZ0;posVel0;rotX0;rotY0;rotZ0;rotVel0;confidence0;posX1;posY1;posZ1;posVel1;rotX1;rotY1;rotZ1;rotVel1;confidence1;posX2;posY2;posZ2;posVel2;rotX2;rotY2;rotZ2;rotVel2;confidence2;posX3;posY3;posZ3;posVel3;rotX3;rotY3;rotZ3;rotVel3;confidence3;posX4;posY4;posZ4;posVel4;rotX4;rotY4;rotZ4;rotVel4;confidence4;posX5;posY5;posZ5;posVel5;rotX5;rotY5;rotZ5;rotVel5;confidence5;posX6;posY6;posZ6;posVel6;rotX6;rotY6;rotZ6;rotVel6;confidence6;posX7;posY7;posZ7;posVel7;rotX7;rotY7;rotZ7;rotVel7;confidence7;posX8;posY8;posZ8;posVel8;rotX8;rotY8;rotZ8;rotVel8;confidence8;posX9;posY9;posZ9;posVel9;rotX9;rotY9;rotZ9;rotVel9;confidence9;posX10;posY10;posZ10;posVel10;rotX10;rotY10;rotZ10;rotVel10;confidence10;posX11;posY11;posZ11;posVel11;rotX11;rotY11;rotZ11;rotVel11;confidence11;posX12;posY12;posZ12;posVel12;rotX12;rotY12;rotZ12;rotVel12;confidence12;posX13;posY13;posZ13;posVel13;rotX13;rotY13;rotZ13;rotVel13;confidence13;posX14;posY14;posZ14;posVel14;rotX14;rotY14;rotZ14;rotVel14;confidence14;posX15;posY15;posZ15;posVel15;rotX15;rotY15;rotZ15;rotVel15;confidence15;posX16;posY16;posZ16;posVel16;rotX16;rotY16;rotZ16;rotVel16;confidence16;posX17;posY17;posZ17;posVel17;rotX17;rotY17;rotZ17;rotVel17;confidence17;posX18;posY18;posZ18;posVel18;rotX18;rotY18;rotZ18;rotVel18;confidence18;posX19;posY19;posZ19;posVel19;rotX19;rotY19;rotZ19;rotVel19;confidence19;posX20;posY20;posZ20;posVel20;rotX20;rotY20;rotZ20;rotVel20;confidence20;posX21;posY21;posZ21;posVel21;rotX21;rotY21;rotZ21;rotVel21;confidence21;posX22;posY22;posZ22;posVel22;rotX22;rotY22;rotZ22;rotVel22;confidence22;posX23;posY23;posZ23;posVel23;rotX23;rotY23;rotZ23;rotVel23;confidence23;posX24;posY24;posZ24;posVel24;rotX24;rotY24;rotZ24;rotVel24;confidence24;posX25;posY25;posZ25;posVel25;rotX25;rotY25;rotZ25;rotVel25;confidence25;posX26;posY26;posZ26;posVel26;rotX26;rotY26;rotZ26;rotVel26;confidence26;posX27;posY27;posZ27;posVel27;rotX27;rotY27;rotZ27;rotVel27;confidence27;posX28;posY28;posZ28;posVel28;rotX28;rotY28;rotZ28;rotVel28;confidence28;posX29;posY29;posZ29;posVel29;rotX29;rotY29;rotZ29;rotVel29;confidence29;posX30;posY30;posZ30;posVel30;rotX30;rotY30;rotZ30;rotVel30;confidence30;posX31;posY31;posZ31;posVel31;rotX31;rotY31;rotZ31;rotVel31;confidence31;TimeStamp
0.000000;-150.000000;2000.000000;0.000000;0.000000;0.000000;0.000000;0.000000;2.000000;11.959076;-330.821228;1992.948853;0.000000;0.000000;0.000000;0.000000;0.000000;2.000000;20.057983;-475.473572;1987.449341;0.000000;0.000000;0.000000;0.000000;0.000000;2.000000;3.138931;-695.378174;1979.649780;0.000000;0.000000;0.000000;0.000000;0.000000;2.000000;6.559219;-658.180359;1946.678101;0.000000;0.000000;0.000000;0.000000;0.000000;2.000000;-9.591080;-588.949829;1819.939819;0.000000;0.000000;0.000000;0.000000;0.000000;2.000000;44.606964;-321.044189;1755.143799;0.000000;0.000000;0.000000;0.000000;0.000000;2.000000;90.638306;-96.381973;1700.418335;0.000000;0.000000;0.000000;0.000000;0.000000;2.000000;30.876404;-44.310944;1757.849976;0.000000;0.000000;0.000000;0.000000;0.000000;2.000000;99.600372;38.834251;1778.553833;0.000000;0.000000;0.000000;0.000000;0.000000;2.000000;26.018097;6.870079;1723.032593;0.000000;0.000000;0.000000;0.000000;0.000000;2.000000;7.435959;-660.064026;2015.055054;0.000000;0.000000;0.000000;0.000000;0.000000;1.000000;1.765091;-618.809204;2142.087158;0.000000;0.000000;0.000000;0.000000;0.000000;1.000000;-56.366180;-366.047546;2263.147949;0.000000;0.000000;0.000000;0.000000;0.000000;1.000000;-196.364090;-176.051361;2299.274414;0.000000;0.000000;0.000000;0.000000;0.000000;1.000000;-299.841827;-170.199066;2280.145508;0.000000;0.000000;0.000000;0.000000;0.000000;1.000000;-405.549927;-149.320496;2273.337891;0.000000;0.000000;0.000000;0.000000;0.000000;1.000000;-304.465668;-140.077881;2226.120605;0.000000;0.000000;0.000000;0.000000;0.000000;1.000000;-8.859253;-146.990036;1907.785034;0.000000;0.000000;0.000000;0.000000;0.000000;2.000000;-154.321701;232.020523;1879.506226;0.000000;0.000000;0.000000;0.000000;0.000000;2.000000;-24.925003;598.099060;1901.877075;0.000000;0.000000;0.000000;0.000000;0.000000;2.000000;-87.484543;777.780090;1910.020996;0.000000;0.000000;0.000000;0.000000;0.000000;2.000000;7.988785;-152.714233;2083.154297;0.000000;0.000000;0.000000;0.000000;0.000000;2.000000;-99.174942;234.097412;2147.531494;0.000000;0.000000;0.000000;0.000000;0.000000;1.000000;17.232117;609.453125;2151.266602;0.000000;0.000000;0.000000;0.000000;0.000000;1.000000;-61.195908;762.814819;2183.323486;0.000000;0.000000;0.000000;0.000000;0.000000;1.000000;-16.729630;-775.957764;1976.957520;0.000000;0.000000;0.000000;0.000000;0.000000;2.000000;-159.099426;-841.413757;2023.083984;0.000000;0.000000;0.000000;0.000000;0.000000;2.000000;-117.159309;-877.416443;2009.589722;0.000000;0.000000;0.000000;0.000000;0.000000;2.000000;-13.760834;-872.851563;1932.814087;0.000000;0.000000;0.000000;0.000000;0.000000;2.000000;-118.493469;-850.328308;2055.296387;0.000000;0.000000;0.000000;0.000000;0.000000;2.000000;-0.529678;-794.317566;2081.484375;0.000000;0.000000;0.000000;0.000000;0.000000;1.000000;12800700416.000000
0.000000;-150.000000;2000.000000;0.000000;0.000000;0.000000;0.000000;0.000000;2.000000;15.424469;-331.166199;1992.111206;0.109309;0.000000;0.000000;0.000000;0.000000;2.000000;27.175232;-476.050781;1985.868774;0.223189;0.000000;0.000000;0.000000;0.000000;2.000000;9.472046;-696.705078;1978.984985;0.198507;0.000000;0.000000;0.000000;0.000000;2.000000;11.946503;-659.442627;1945.736938;0.171285;0.000000;0.000000;0.000000;0.000000;2.000000;-10.734604;-589.688354;1819.700073;0.042182;0.000000;0.000000;0.000000;0.000000;2.000000;29.589264;-317.450378;1758.649658;0.483237;0.000000;0.000000;0.000000;0.000000;2.000000;43.272400;-84.057625;1722.317383;1.636319;0.000000;0.000000;0.000000;0.000000;2.000000;-14.250305;-45.128784;1791.776733;1.723126;0.000000;0.000000;0.000000;0.000000;2.000000;17.843597;50.553471;1836.103394;3.072055;0.000000;0.000000;0.000000;0.000000;2.000000;9.642670;33.652565;1756.861572;1.408397;0.000000;0.000000;0.000000;0.000000;2.000000;14.975616;-661.213501;2014.296997;0.233898;0.000000;0.000000;0.000000;0.000000;1.000000;13.257996;-617.502563;2141.119141;0.354229;0.000000;0.000000;0.000000;0.000000;1.000000;-58.474121;-365.980469;2259.833496;0.119890;0.000000;0.000000;0.000000;0.000000;1.000000;-213.398117;-186.829010;2296.013672;0.623148;0.000000;0.000000;0.000000;0.000000;1.000000;-317.695953;-183.541458;2278.768066;0.681497;0.000000;0.000000;0.000000;0.000000;1.000000;-423.914276;-162.734818;2273.916016;0.694251;0.000000;0.000000;0.000000;0.000000;1.000000;-326.550598;-149.651749;2227.328125;0.735506;0.000000;0.000000;0.000000;0.000000;1.000000;-10.516312;-146.873322;1907.634155;0.050903;0.000000;0.000000;0.000000;0.000000;2.000000;-160.084641;232.712402;1889.698730;0.357951;0.000000;0.000000;0.000000;0.000000;2.000000;3.555511;585.395142;1923.793335;1.163217;0.000000;0.000000;0.000000;0.000000;2.000000;-45.516342;769.645691;1910.943848;1.304907;0.000000;0.000000;0.000000;0.000000;2.000000;9.483032;-152.819458;2083.290527;0.045902;0.000000;0.000000;0.000000;0.000000;1.000000;-117.633713;228.850418;2151.027100;0.595270;0.000000;0.000000;0.000000;0.000000;1.000000;-0.921234;605.525818;2144.614258;0.602072;0.000000;0.000000;0.000000;0.000000;1.000000;-81.249924;759.281067;2173.282227;0.692875;0.000000;0.000000;0.000000;0.000000;1.000000;-10.720001;-777.528015;1977.059204;0.189582;0.000000;0.000000;0.000000;0.000000;2.000000;-157.321655;-843.104431;2009.883057;0.409758;0.000000;0.000000;0.000000;0.000000;2.000000;-113.960556;-879.255005;2001.334473;0.275946;0.000000;0.000000;0.000000;0.000000;2.000000;-2.954132;-875.531860;1935.095825;0.346848;0.000000;0.000000;0.000000;0.000000;2.000000;-120.020920;-851.253601;2046.321167;0.279271;0.000000;0.000000;0.000000;0.000000;2.000000;-5.092621;-793.968262;2083.383301;0.151203;0.000000;0.000000;0.000000;0.000000;1.000000;12800733184.000000
0.000000;-150.000000;2000.000000;0.000000;0.000000;0.000000;0.000000;0.000000;2.000000;15.988281;-335.008484;1989.744629;0.134580;0.000000;0.000000;0.000000;0.000000;2.000000;25.134247;-483.221130;1982.265015;0.245043;0.000000;0.000000;0.000000;0.000000;2.000000;8.207520;-708.664612;1971.720459;0.415779;0.000000;0.000000;0.000000;0.000000;2.000000;9.617859;-669.980957;1938.367676;0.386733;0.000000;0.000000;0.000000;0.000000;2.000000;-13.785278;-596.805725;1810.675415;0.351903;0.000000;0.000000;0.000000;0.000000;2.000000;19.298737;-316.987000;1750.718994;0.384712;0.000000;0.000000;0.000000;0.000000;2.000000;48.088684;-82.406067;1699.701294;0.686025;0.000000;0.000000;0.000000;0.000000;2.000000;-14.603424;-38.130726;1764.399658;0.836279;0.000000;0.000000;0.000000;0.000000;2.000000;6.367859;61.114891;1813.377563;0.815656;0.000000;0.000000;0.000000;0.000000;2.000000;-30.641052;8.669191;1720.430542;1.769186;0.000000;0.000000;0.000000;0.000000;2.000000;14.559814;-672.997437;2008.282471;0.391709;0.000000;0.000000;0.000000;0.000000;1.000000;12.361603;-632.006531;2139.086914;0.434217;0.000000;0.000000;0.000000;0.000000;1.000000;-69.773361;-376.319580;2257.559570;0.458202;0.000000;0.000000;0.000000;0.000000;1.000000;-232.414703;-196.763641;2293.010742;0.641109;0.000000;0.000000;0.000000;0.000000;1.000000;-338.543823;-190.303970;2273.599365;0.666384;0.000000;0.000000;0.000000;0.000000;1.000000;-446.169983;-165.783600;2264.979492;0.715432;0.000000;0.000000;0.000000;0.000000;1.000000;-347.080811;-151.091629;2221.829102;0.630405;0.000000;0.000000;0.000000;0.000000;1.000000;-18.712921;-146.455048;1906.874023;0.243916;0.000000;0.000000;0.000000;0.000000;2.000000;-147.697586;250.067902;1889.549805;0.631010;0.000000;0.000000;0.000000;0.000000;2.000000;81.611389;576.139709;1902.583374;2.409270;0.000000;0.000000;0.000000;0.000000;2.000000;60.039886;768.559570;1928.057617;3.164656;0.000000;0.000000;0.000000;0.000000;2.000000;16.874237;-153.196640;2083.975830;0.219948;0.000000;0.000000;0.000000;0.000000;1.000000;-103.361343;238.461868;2161.046387;0.589236;0.000000;0.000000;0.000000;0.000000;1.000000;3.232574;626.625549;2140.889893;0.645858;0.000000;0.000000;0.000000;0.000000;1.000000;-77.231537;780.936340;2185.597656;0.746753;0.000000;0.000000;0.000000;0.000000;1.000000;-11.979523;-791.342224;1968.832397;0.477261;0.000000;0.000000;0.000000;0.000000;2.000000;-165.831985;-841.150085;2012.523560;0.269956;0.000000;0.000000;0.000000;0.000000;2.000000;-126.658966;-882.823364;2000.973633;0.390483;0.000000;0.000000;0.000000;0.000000;2.000000;-18.284515;-891.567688;1925.851074;0.711234;0.000000;0.000000;0.000000;0.000000;2.000000;-126.500549;-853.886108;2047.161011;0.208458;0.000000;0.000000;0.000000;0.000000;1.000000;-0.930084;-809.142883;2076.916504;0.503439;0.000000;0.000000;0.000000;0.000000;1.000000;12800766976.000000
0.000000;-150.000000;2000.000000;0.000000;0.000000;0.000000;0.000000;0.000000;2.000000;14.710022;-333.603394;1992.913940;0.112761;0.000000;0.000000;0.000000;0.000000;2.000000;30.760986;-479.966248;1986.944336;0.244428;0.000000;0.000000;0.000000;0.000000;2.000000;17.712799;-702.812500;1964.916138;0.398948;0.000000;0.000000;0.000000;0.000000;2.000000;18.625336;-662.801636;1933.885376;0.377196;0.000000;0.000000;0.000000;0.000000;2.000000;0.785858;-583.989624;1810.252563;0.592347;0.000000;0.000000;0.000000;0.000000;2.000000;4.535187;-303.510071;1756.995361;0.639402;0.000000;0.000000;0.000000;0.000000;2.000000;8.109924;-68.159225;1712.023315;1.348693;0.000000;0.000000;0.000000;0.000000;2.000000;-35.361511;-5.259764;1775.678955;1.235348;0.000000;0.000000;0.000000;0.000000;2.000000;-15.458832;95.008865;1820.555054;1.249628;0.000000;0.000000;0.000000;0.000000;2.000000;-42.005005;30.275774;1797.982666;2.481197;0.000000;0.000000;0.000000;0.000000;2.000000;23.265228;-669.280396;2002.957764;0.331440;0.000000;0.000000;0.000000;0.000000;2.000000;26.478363;-641.886841;2136.004883;0.534190;0.000000;0.000000;0.000000;0.000000;2.000000;-56.639465;-397.187073;2269.594971;0.837318;0.000000;0.000000;0.000000;0.000000;1.000000;-233.592438;-233.988525;2300.291016;1.158093;0.000000;0.000000;0.000000;0.000000;1.000000;-336.581635;-207.933167;2286.524170;0.669782;0.000000;0.000000;0.000000;0.000000;1.000000;-443.914124;-189.249207;2273.385254;0.763782;0.000000;0.000000;0.000000;0.000000;1.000000;-332.072906;-167.355804;2231.593262;0.738185;0.000000;0.000000;0.000000;0.000000;1.000000;-6.963074;-146.933792;1906.098999;0.359653;0.000000;0.000000;0.000000;0.000000;2.000000;-105.207703;254.672318;1894.025513;1.311412;0.000000;0.000000;0.000000;0.000000;2.000000;147.531891;558.274597;1908.460327;2.092005;0.000000;0.000000;0.000000;0.000000;2.000000;158.489685;748.609680;1941.884277;3.094419;0.000000;0.000000;0.000000;0.000000;2.000000;6.278931;-152.764923;2084.674805;0.324314;0.000000;0.000000;0.000000;0.000000;2.000000;-113.646317;235.484543;2159.491211;0.330188;0.000000;0.000000;0.000000;0.000000;1.000000;1.382904;618.012634;2157.168457;0.564860;0.000000;0.000000;0.000000;0.000000;1.000000;-68.658676;776.575928;2197.979980;0.478483;0.000000;0.000000;0.000000;0.000000;1.000000;-0.929871;-784.812439;1957.733521;0.517827;0.000000;0.000000;0.000000;0.000000;2.000000;-148.314590;-840.191223;2010.408447;0.539266;0.000000;0.000000;0.000000;0.000000;2.000000;-108.203156;-879.896423;1997.802734;0.578418;0.000000;0.000000;0.000000;0.000000;2.000000;-4.630371;-885.379517;1917.812622;0.519109;0.000000;0.000000;0.000000;0.000000;2.000000;-106.988800;-850.089050;2042.837524;0.620805;0.000000;0.000000;0.000000;0.000000;2.000000;16.570892;-799.196655;2064.473145;0.722209;0.000000;0.000000;0.000000;0.000000;1.000000;12800799744.000000
0.000000;-150.000000;2000.000000;0.000000;0.000000;0.000000;0.000000;0.000000;2.000000;14.252930;-335.411774;2003.383667;0.314707;0.000000;0.000000;0.000000;0.000000;2.000000;28.334290;-483.408264;2006.097046;0.580323;0.000000;0.000000;0.000000;0.000000;2.000000;15.515869;-708.728027;1988.954956;0.735478;0.000000;0.000000;0.000000;0.000000;2.000000;17.534058;-669.136597;1956.713745;0.701828;0.000000;0.000000;0.000000;0.000000;2.000000;-6.221313;-591.709351;1831.612183;0.703368;0.000000;0.000000;0.000000;0.000000;2.000000;-11.363159;-307.765015;1783.190186;0.915480;0.000000;0.000000;0.000000;0.000000;2.000000;-14.132599;-69.628876;1741.371704;1.090613;0.000000;0.000000;0.000000;0.000000;2.000000;-60.009857;-15.338373;1812.260498;1.338998;0.000000;0.000000;0.000000;0.000000;2.000000;-17.874420;84.250175;1843.823486;0.761981;0.000000;0.000000;0.000000;0.000000;2.000000;-64.639313;23.161263;1836.260498;1.332702;0.000000;0.000000;0.000000;0.000000;2.000000;19.913727;-673.968628;2026.663940;0.721964;0.000000;0.000000;0.000000;0.000000;1.000000;12.962646;-642.089844;2159.825684;0.810511;0.000000;0.000000;0.000000;0.000000;1.000000;-85.082916;-398.138214;2290.364014;1.042611;0.000000;0.000000;0.000000;0.000000;1.000000;-253.161087;-223.327881;2324.214844;0.967522;0.000000;0.000000;0.000000;0.000000;1.000000;-359.623047;-216.451584;2306.849365;0.943534;0.000000;0.000000;0.000000;0.000000;1.000000;-469.059998;-200.922409;2300.333008;1.144121;0.000000;0.000000;0.000000;0.000000;1.000000;-364.783661;-176.577194;2253.470947;1.196099;0.000000;0.000000;0.000000;0.000000;1.000000;0.445160;-151.700211;1904.958252;0.262863;0.000000;0.000000;0.000000;0.000000;2.000000;-79.465546;257.025238;1932.186401;1.363984;0.000000;0.000000;0.000000;0.000000;2.000000;188.095062;552.429565;1947.597412;1.676961;0.000000;0.000000;0.000000;0.000000;2.000000;206.147736;740.970581;1995.237305;2.129076;0.000000;0.000000;0.000000;0.000000;2.000000;-0.401459;-148.466858;2085.703125;0.237035;0.000000;0.000000;0.000000;0.000000;2.000000;-128.945343;240.053680;2165.309082;0.502890;0.000000;0.000000;0.000000;0.000000;1.000000;-9.721497;625.052246;2169.351563;0.530440;0.000000;0.000000;0.000000;0.000000;1.000000;-84.095306;783.141602;2211.354980;0.634894;0.000000;0.000000;0.000000;0.000000;1.000000;-3.190033;-791.602417;1983.119019;0.780507;0.000000;0.000000;0.000000;0.000000;2.000000;-151.414642;-848.882202;2036.141479;0.808990;0.000000;0.000000;0.000000;0.000000;2.000000;-109.209015;-888.250244;2027.553955;0.914955;0.000000;0.000000;0.000000;0.000000;2.000000;-2.178619;-895.820557;1950.394043;1.015070;0.000000;0.000000;0.000000;0.000000;2.000000;-110.404282;-854.904175;2070.653320;0.841482;0.000000;0.000000;0.000000;0.000000;1.000000;11.693756;-797.533936;2092.047852;0.830138;0.000000;0.000000;0.000000;0.000000;1.000000;12800833536.000000
0.000000;-150.000000;2000.000000;0.000000;0.000000;0.000000;0.000000;0.000000;2.000000;13.881470;-334.546539;1991.897461;0.351707;0.000000;0.000000;0.000000;0.000000;2.000000;24.485901;-482.118561;1985.415283;0.643196;0.000000;0.000000;0.000000;0.000000;2.000000;13.271332;-706.539673;1967.323242;0.667043;0.000000;0.000000;0.000000;0.000000;2.000000;14.483429;-666.922729;1935.397949;0.660599;0.000000;0.000000;0.000000;0.000000;2.000000;-6.215973;-590.094482;1810.093384;0.658548;0.000000;0.000000;0.000000;0.000000;2.000000;-20.727417;-307.287231;1763.812500;0.656952;0.000000;0.000000;0.000000;0.000000;2.000000;-32.354919;-69.984062;1724.440308;0.759177;0.000000;0.000000;0.000000;0.000000;2.000000;-76.647308;-23.794359;1801.262085;0.661094;0.000000;0.000000;0.000000;0.000000;2.000000;-39.694214;76.577240;1835.146118;0.753898;0.000000;0.000000;0.000000;0.000000;2.000000;-73.363312;16.884615;1831.494873;0.358780;0.000000;0.000000;0.000000;0.000000;2.000000;17.934143;-672.083618;2004.998169;0.666428;0.000000;0.000000;0.000000;0.000000;1.000000;6.497040;-634.941040;2135.903320;0.787087;0.000000;0.000000;0.000000;0.000000;1.000000;-94.123016;-395.192627;2269.594971;0.697080;0.000000;0.000000;0.000000;0.000000;1.000000;-261.749207;-223.435562;2312.916992;0.433101;0.000000;0.000000;0.000000;0.000000;1.000000;-367.989349;-223.139267;2295.521729;0.475757;0.000000;0.000000;0.000000;0.000000;1.000000;-477.060028;-207.864273;2289.832031;0.455173;0.000000;0.000000;0.000000;0.000000;1.000000;-378.772583;-179.471558;2244.706055;0.511468;0.000000;0.000000;0.000000;0.000000;1.000000;0.572327;-145.804245;1905.417236;0.180517;0.000000;0.000000;0.000000;0.000000;2.000000;-55.639343;264.942749;1935.734985;0.773828;0.000000;0.000000;0.000000;0.000000;2.000000;233.986542;536.504150;1949.523315;1.483592;0.000000;0.000000;0.000000;0.000000;2.000000;253.039948;728.903687;1970.920044;1.653540;0.000000;0.000000;0.000000;0.000000;2.000000;-0.516083;-153.783493;2085.289551;0.162779;0.000000;0.000000;0.000000;0.000000;2.000000;-128.727722;232.762878;2166.307617;0.224673;0.000000;0.000000;0.000000;0.000000;2.000000;-73.800262;628.406982;2126.240479;2.359131;0.000000;0.000000;0.000000;0.000000;2.000000;-162.095657;781.298584;2155.534668;2.927677;0.000000;0.000000;0.000000;0.000000;2.000000;-4.779663;-789.199219;1961.343750;0.670321;0.000000;0.000000;0.000000;0.000000;2.000000;-156.484756;-834.448486;2014.038818;0.820330;0.000000;0.000000;0.000000;0.000000;2.000000;-117.091675;-876.647461;2007.321167;0.751332;0.000000;0.000000;0.000000;0.000000;2.000000;-10.405212;-893.865234;1932.164551;0.613255;0.000000;0.000000;0.000000;0.000000;2.000000;-116.513092;-842.015137;2049.123779;0.788137;0.000000;0.000000;0.000000;0.000000;2.000000;8.426392;-792.460205;2070.156738;0.692984;0.000000;0.000000;0.000000;0.000000;1.000000;12800866304.000000
0.000000;-150.000000;2000.000000;0.000000;0.000000;0.000000;0.000000;0.000000;2.000000;11.050812;-333.938293;1983.127686;0.273300;0.000000;0.000000;0.000000;0.000000;2.000000;25.027496;-480.579407;1969.539673;0.472279;0.000000;0.000000;0.000000;0.000000;2.000000;-0.090881;-703.925659;1955.706299;0.529649;0.000000;0.000000;0.000000;0.000000;2.000000;2.170166;-664.962097;1923.130005;0.517631;0.000000;0.000000;0.000000;0.000000;2.000000;-20.363342;-589.431763;1797.546875;0.559924;0.000000;0.000000;0.000000;0.000000;2.000000;-48.859711;-307.850159;1752.263184;0.900093;0.000000;0.000000;0.000000;0.000000;2.000000;-75.180054;-71.248016;1717.666382;1.283617;0.000000;0.000000;0.000000;0.000000;2.000000;-98.973083;-19.528217;1799.726074;0.674170;0.000000;0.000000;0.000000;0.000000;2.000000;-91.229431;72.771729;1862.822144;1.734735;0.000000;0.000000;0.000000;0.000000;2.000000;-115.842865;7.805678;1820.158447;1.328534;0.000000;0.000000;0.000000;0.000000;2.000000;8.095245;-669.303528;1992.541870;0.476887;0.000000;0.000000;0.000000;0.000000;1.000000;0.231964;-629.472290;2122.760986;0.460241;0.000000;0.000000;0.000000;0.000000;1.000000;-99.401825;-392.011078;2260.506836;0.324958;0.000000;0.000000;0.000000;0.000000;1.000000;-273.531525;-226.205124;2299.645996;0.531529;0.000000;0.000000;0.000000;0.000000;1.000000;-380.447784;-226.104935;2288.113770;0.437819;0.000000;0.000000;0.000000;0.000000;1.000000;-489.778900;-212.614365;2288.074219;0.405133;0.000000;0.000000;0.000000;0.000000;1.000000;-395.867340;-179.082352;2243.652832;0.506972;0.000000;0.000000;0.000000;0.000000;1.000000;-2.494598;-141.512924;1905.841553;0.156595;0.000000;0.000000;0.000000;0.000000;2.000000;-21.571716;272.462280;1931.754883;1.039119;0.000000;0.000000;0.000000;0.000000;2.000000;277.250549;533.559326;1933.845093;1.364563;0.000000;0.000000;0.000000;0.000000;2.000000;314.791565;722.316833;1960.608398;1.862932;0.000000;0.000000;0.000000;0.000000;2.000000;2.249481;-157.653183;2084.906738;0.141209;0.000000;0.000000;0.000000;0.000000;2.000000;-129.824524;232.240112;2135.696777;0.906574;0.000000;0.000000;0.000000;0.000000;2.000000;-108.124847;632.217041;2117.019531;1.057801;0.000000;0.000000;0.000000;0.000000;2.000000;-208.735458;777.934021;2141.586182;1.444041;0.000000;0.000000;0.000000;0.000000;2.000000;-23.184753;-785.350647;1951.839111;0.623487;0.000000;0.000000;0.000000;0.000000;2.000000;-155.776413;-855.387634;2024.582397;0.694086;0.000000;0.000000;0.000000;0.000000;2.000000;-114.034668;-891.043579;2005.700562;0.438153;0.000000;0.000000;0.000000;0.000000;2.000000;-22.697754;-886.164978;1911.241577;0.753409;0.000000;0.000000;0.000000;0.000000;2.000000;-109.255615;-861.160400;2050.698730;0.607693;0.000000;0.000000;0.000000;0.000000;2.000000;10.987854;-798.002441;2055.139648;0.479723;0.000000;0.000000;0.000000;0.000000;1.000000;12800900096.000000
0.000000;-150.000000;2000.000000;0.000000;0.000000;0.000000;0.000000;0.000000;2.000000;10.514160;-332.607544;1979.500977;0.119026;0.000000;0.000000;0.000000;0.000000;2.000000;22.632629;-478.375488;1963.503174;0.209289;0.000000;0.000000;0.000000;0.000000;2.000000;-10.287201;-699.498962;1949.799927;0.384141;0.000000;0.000000;0.000000;0.000000;2.000000;-4.871033;-661.117981;1917.325562;0.302181;0.000000;0.000000;0.000000;0.000000;2.000000;-30.254089;-588.212952;1791.664673;0.353151;0.000000;0.000000;0.000000;0.000000;2.000000;-58.791443;-311.644135;1728.630615;0.790830;0.000000;0.000000;0.000000;0.000000;2.000000;-103.481079;-76.832138;1717.605835;0.880332;0.000000;0.000000;0.000000;0.000000;2.000000;-120.983002;-41.657921;1808.848999;0.992356;0.000000;0.000000;0.000000;0.000000;2.000000;-126.650513;25.937925;1897.311401;2.078238;0.000000;0.000000;0.000000;0.000000;2.000000;-159.237274;7.215152;1788.500488;1.639351;0.000000;0.000000;0.000000;0.000000;2.000000;-2.686676;-665.112671;1986.603638;0.396817;0.000000;0.000000;0.000000;0.000000;1.000000;-18.058594;-618.503784;2113.090820;0.714636;0.000000;0.000000;0.000000;0.000000;1.000000;-105.532593;-384.671326;2261.593750;0.293730;0.000000;0.000000;0.000000;0.000000;1.000000;-280.611206;-221.152222;2297.968018;0.270334;0.000000;0.000000;0.000000;0.000000;1.000000;-386.805176;-226.832352;2286.487305;0.201488;0.000000;0.000000;0.000000;0.000000;1.000000;-495.576538;-213.609253;2285.955078;0.190810;0.000000;0.000000;0.000000;0.000000;1.000000;-405.413177;-177.274368;2242.703857;0.297906;0.000000;0.000000;0.000000;0.000000;1.000000;9.125153;-139.036789;1907.018555;0.364344;0.000000;0.000000;0.000000;0.000000;2.000000;29.044586;273.064209;1925.858521;1.555241;0.000000;0.000000;0.000000;0.000000;2.000000;311.154053;548.545593;1943.796753;1.171283;0.000000;0.000000;0.000000;0.000000;2.000000;326.583618;740.062317;1964.703735;0.662116;0.000000;0.000000;0.000000;0.000000;2.000000;-8.228546;-159.886032;2083.845459;0.328544;0.000000;0.000000;0.000000;0.000000;2.000000;-135.716248;231.502594;2111.663574;0.755488;0.000000;0.000000;0.000000;0.000000;2.000000;-126.110748;630.206055;2105.665283;0.652003;0.000000;0.000000;0.000000;0.000000;2.000000;-248.477844;752.488342;2064.516602;2.757861;0.000000;0.000000;0.000000;0.000000;2.000000;-36.182037;-779.567017;1945.260254;0.478320;0.000000;0.000000;0.000000;0.000000;2.000000;-183.328369;-831.483887;2001.249268;1.321427;0.000000;0.000000;0.000000;0.000000;2.000000;-143.439575;-871.877563;1990.681763;1.165096;0.000000;0.000000;0.000000;0.000000;2.000000;-40.317383;-881.973328;1910.876343;0.552827;0.000000;0.000000;0.000000;0.000000;2.000000;-141.980377;-839.740601;2033.977661;1.298096;0.000000;0.000000;0.000000;0.000000;2.000000;-18.377106;-788.226746;2052.401855;0.948189;0.000000;0.000000;0.000000;0.000000;1.000000;12800932864.000000
0.000000;-150.000000;2000.000000;0.000000;0.000000;0.000000;0.000000;0.000000;2.000000;20.415375;-332.335541;1978.705933;0.294058;0.000000;0.000000;0.000000;0.000000;2.000000;39.393799;-477.803070;1961.864746;0.498662;0.000000;0.000000;0.000000;0.000000;2.000000;19.841125;-701.414429;1950.097412;0.893425;0.000000;0.000000;0.000000;0.000000;2.000000;20.931335;-662.758667;1917.238647;0.765111;0.000000;0.000000;0.000000;0.000000;2.000000;-26.787750;-593.307068;1795.568237;0.215852;0.000000;0.000000;0.000000;0.000000;2.000000;-56.894257;-317.263123;1726.664795;0.184894;0.000000;0.000000;0.000000;0.000000;2.000000;-110.622162;-83.392761;1717.756470;0.287004;0.000000;0.000000;0.000000;0.000000;2.000000;-126.850555;-36.980682;1804.482422;0.256916;0.000000;0.000000;0.000000;0.000000;2.000000;-140.089508;29.875322;1893.195557;0.431943;0.000000;0.000000;0.000000;0.000000;2.000000;-163.599365;3.634177;1791.659668;0.191399;0.000000;0.000000;0.000000;0.000000;2.000000;27.357941;-666.345459;1986.522217;0.889856;0.000000;0.000000;0.000000;0.000000;1.000000;22.008911;-616.393616;2113.070313;1.187353;0.000000;0.000000;0.000000;0.000000;1.000000;-78.924683;-383.809784;2256.937988;0.799772;0.000000;0.000000;0.000000;0.000000;1.000000;-259.296143;-228.281998;2306.006104;0.706380;0.000000;0.000000;0.000000;0.000000;1.000000;-364.819244;-241.755478;2291.664063;0.801129;0.000000;0.000000;0.000000;0.000000;1.000000;-473.318634;-225.543564;2284.144531;0.749300;0.000000;0.000000;0.000000;0.000000;1.000000;-384.612854;-185.499146;2244.979492;0.665331;0.000000;0.000000;0.000000;0.000000;1.000000;5.120819;-138.500275;1906.440918;0.120774;0.000000;0.000000;0.000000;0.000000;2.000000;55.733459;268.383118;1967.044678;1.458930;0.000000;0.000000;0.000000;0.000000;2.000000;333.973663;550.154480;1957.574707;0.790275;0.000000;0.000000;0.000000;0.000000;2.000000;339.927216;743.915161;1951.243408;0.572356;0.000000;0.000000;0.000000;0.000000;2.000000;-4.617645;-160.369797;2084.366211;0.108907;0.000000;0.000000;0.000000;0.000000;2.000000;-145.188507;227.595413;2118.156494;0.358974;0.000000;0.000000;0.000000;0.000000;2.000000;-138.630219;627.491516;2102.002686;0.394285;0.000000;0.000000;0.000000;0.000000;2.000000;-268.052277;743.392029;2061.246094;0.646044;0.000000;0.000000;0.000000;0.000000;2.000000;-1.187012;-783.274231;1947.065796;1.042765;0.000000;0.000000;0.000000;0.000000;2.000000;-153.970184;-834.596619;1988.301147;0.953993;0.000000;0.000000;0.000000;0.000000;2.000000;-115.566315;-875.324646;1973.319702;0.977119;0.000000;0.000000;0.000000;0.000000;2.000000;-8.800537;-879.259277;1897.083740;1.021236;0.000000;0.000000;0.000000;0.000000;2.000000;-114.669373;-850.124756;2021.217896;0.943511;0.000000;0.000000;0.000000;0.000000;2.000000;10.741547;-809.078491;2052.646729;1.059881;0.000000;0.000000;0.000000;0.000000;1.000000;12800966656.000000
0.000000;-150.000000;2000.000000;0.000000;0.000000;0.000000;0.000000;0.000000;2.000000;9.842773;-329.950562;1969.433228;0.422101;0.000000;0.000000;0.000000;0.000000;2.000000;18.530731;-473.779236;1945.079468;0.801306;0.000000;0.000000;0.000000;0.000000;2.000000;1.059967;-694.430786;1922.959595;0.998275;0.000000;0.000000;0.000000;0.000000;2.000000;2.908447;-654.751343;1892.231445;0.942475;0.000000;0.000000;0.000000;0.000000;2.000000;-26.752502;-584.372986;1767.251343;0.878695;0.000000;0.000000;0.000000;0.000000;2.000000;-71.196564;-312.167053;1703.250610;0.825819;0.000000;0.000000;0.000000;0.000000;2.000000;-162.005035;-92.640968;1697.317139;1.659176;0.000000;0.000000;0.000000;0.000000;2.000000;-190.049500;-30.528374;1768.658203;2.158270;0.000000;0.000000;0.000000;0.000000;2.000000;-224.703522;41.479057;1845.281616;2.897969;0.000000;0.000000;0.000000;0.000000;2.000000;-217.735992;-1.465600;1771.112549;1.720196;0.000000;0.000000;0.000000;0.000000;2.000000;7.118561;-661.335938;1960.738770;0.981265;0.000000;0.000000;0.000000;0.000000;1.000000;-0.236084;-619.134827;2088.492920;0.984334;0.000000;0.000000;0.000000;0.000000;1.000000;-96.699951;-392.432800;2238.594238;0.797804;0.000000;0.000000;0.000000;0.000000;1.000000;-276.432007;-243.304337;2296.637207;0.729140;0.000000;0.000000;0.000000;0.000000;1.000000;-382.136414;-247.694031;2287.034668;0.558812;0.000000;0.000000;0.000000;0.000000;1.000000;-490.343689;-236.185349;2286.015137;0.596718;0.000000;0.000000;0.000000;0.000000;1.000000;-400.753174;-194.839310;2244.701172;0.551909;0.000000;0.000000;0.000000;0.000000;1.000000;8.600311;-133.964294;1908.364746;0.178499;0.000000;0.000000;0.000000;0.000000;2.000000;73.587494;267.908325;1958.598511;0.584658;0.000000;0.000000;0.000000;0.000000;2.000000;322.880157;569.553406;1981.671143;0.972529;0.000000;0.000000;0.000000;0.000000;2.000000;301.586456;759.669373;1965.986816;1.301941;0.000000;0.000000;0.000000;0.000000;2.000000;-7.755310;-164.460114;2082.631348;0.160963;0.000000;0.000000;0.000000;0.000000;2.000000;-144.230804;221.406952;2101.799316;0.518315;0.000000;0.000000;0.000000;0.000000;2.000000;-182.631378;615.671204;2101.560547;1.348347;0.000000;0.000000;0.000000;0.000000;2.000000;-319.796448;718.722229;2059.678711;1.697016;0.000000;0.000000;0.000000;0.000000;2.000000;-19.095154;-775.337219;1915.684570;1.094725;0.000000;0.000000;0.000000;0.000000;2.000000;-166.657135;-830.565552;1963.454468;0.834163;0.000000;0.000000;0.000000;0.000000;2.000000;-127.733765;-869.821777;1948.196655;0.841964;0.000000;0.000000;0.000000;0.000000;2.000000;-24.870422;-871.801941;1868.908813;0.984902;0.000000;0.000000;0.000000;0.000000;2.000000;-126.031250;-843.635986;1994.899048;0.869786;0.000000;0.000000;0.000000;0.000000;2.000000;-2.471954;-797.681702;2020.248169;1.088979;0.000000;0.000000;0.000000;0.000000;1.000000;12801000448.000000
0.000000;-150.000000;2000.000000;0.000000;0.000000;0.000000;0.000000;0.000000;2.000000;12.657471;-330.889954;1971.358276;0.107942;0.000000;0.000000;0.000000;0.000000;2.000000;21.668640;-475.550659;1948.301514;0.147517;0.000000;0.000000;0.000000;0.000000;2.000000;1.144958;-696.708984;1924.293823;0.080612;0.000000;0.000000;0.000000;0.000000;2.000000;4.055603;-656.684998;1893.741211;0.082648;0.000000;0.000000;0.000000;0.000000;2.000000;-27.659882;-587.278870;1767.983765;0.095554;0.000000;0.000000;0.000000;0.000000;2.000000;-82.218658;-316.806213;1699.229980;0.385022;0.000000;0.000000;0.000000;0.000000;2.000000;-191.874664;-104.828773;1700.458130;0.989167;0.000000;0.000000;0.000000;0.000000;2.000000;-212.851624;-33.501835;1765.959595;0.706573;0.000000;0.000000;0.000000;0.000000;2.000000;-257.140686;26.387207;1848.510620;1.096240;0.000000;0.000000;0.000000;0.000000;2.000000;-242.240845;-9.645002;1772.269165;0.789178;0.000000;0.000000;0.000000;0.000000;2.000000;7.160583;-663.822388;1962.551025;0.093905;0.000000;0.000000;0.000000;0.000000;1.000000;-5.916992;-619.956604;2089.899414;0.180354;0.000000;0.000000;0.000000;0.000000;1.000000;-96.504883;-388.758789;2239.194824;0.113766;0.000000;0.000000;0.000000;0.000000;1.000000;-280.496155;-240.675705;2290.479980;0.239010;0.000000;0.000000;0.000000;0.000000;1.000000;-386.471863;-250.988876;2283.767090;0.193803;0.000000;0.000000;0.000000;0.000000;1.000000;-495.193604;-240.115128;2286.180664;0.190563;0.000000;0.000000;0.000000;0.000000;1.000000;-409.274170;-197.743774;2242.632324;0.281893;0.000000;0.000000;0.000000;0.000000;1.000000;12.510193;-134.604156;1908.294556;0.120926;0.000000;0.000000;0.000000;0.000000;2.000000;90.431702;266.520203;1960.520874;0.519113;0.000000;0.000000;0.000000;0.000000;2.000000;325.722717;580.406860;1993.809692;0.504438;0.000000;0.000000;0.000000;0.000000;2.000000;271.386536;761.538757;1956.390259;0.968722;0.000000;0.000000;0.000000;0.000000;2.000000;-11.280945;-163.883087;2082.694824;0.109043;0.000000;0.000000;0.000000;0.000000;2.000000;-146.469238;224.318985;2101.623779;0.112217;0.000000;0.000000;0.000000;0.000000;2.000000;-192.749786;619.432678;2097.589355;0.351020;0.000000;0.000000;0.000000;0.000000;2.000000;-341.804016;705.509277;2054.803711;0.797368;0.000000;0.000000;0.000000;0.000000;2.000000;-20.198151;-777.599121;1916.126099;0.077971;0.000000;0.000000;0.000000;0.000000;2.000000;-171.900421;-830.751221;1954.879761;0.306777;0.000000;0.000000;0.000000;0.000000;2.000000;-134.198547;-870.165405;1936.377319;0.411261;0.000000;0.000000;0.000000;0.000000;2.000000;-29.033997;-868.749023;1859.206543;0.335402;0.000000;0.000000;0.000000;0.000000;2.000000;-132.557709;-848.946533;1985.789063;0.378453;0.000000;0.000000;0.000000;0.000000;2.000000;-7.260376;-811.490601;2018.567139;0.448972;0.000000;0.000000;0.000000;0.000000;1.000000;12801033216.000000
0.000000;-150.000000;2000.000000;0.000000;0.000000;0.000000;0.000000;0.000000;2.000000;-4.094666;-329.245270;1969.475830;0.501231;0.000000;0.000000;0.000000;0.000000;2.000000;-10.369507;-472.334961;1944.446899;0.959666;0.000000;0.000000;0.000000;0.000000;2.000000;-46.851440;-689.139893;1918.978516;1.446479;0.000000;0.000000;0.000000;0.000000;2.000000;-41.056519;-649.574219;1889.016968;1.358688;0.000000;0.000000;0.000000;0.000000;2.000000;-66.627686;-579.119873;1764.039063;1.183941;0.000000;0.000000;0.000000;0.000000;2.000000;-123.249664;-309.204742;1706.585083;1.253919;0.000000;0.000000;0.000000;0.000000;2.000000;-217.277863;-92.419815;1698.333862;0.839005;0.000000;0.000000;0.000000;0.000000;2.000000;-260.136414;-47.430824;1774.328979;1.479615;0.000000;0.000000;0.000000;0.000000;2.000000;-293.953217;27.955111;1847.179688;1.091085;0.000000;0.000000;0.000000;0.000000;2.000000;-298.192596;-22.369928;1761.836670;1.725887;0.000000;0.000000;0.000000;0.000000;2.000000;-38.485107;-657.386719;1957.126221;1.373557;0.000000;0.000000;0.000000;0.000000;2.000000;-41.397644;-622.785034;2086.616699;1.057773;0.000000;0.000000;0.000000;0.000000;2.000000;-110.280548;-388.818054;2237.967285;0.409280;0.000000;0.000000;0.000000;0.000000;2.000000;-290.662567;-238.862015;2285.977295;0.333388;0.000000;0.000000;0.000000;0.000000;1.000000;-395.440979;-227.991318;2294.621338;0.797990;0.000000;0.000000;0.000000;0.000000;1.000000;-501.859375;-246.580582;2301.884766;0.539899;0.000000;0.000000;0.000000;0.000000;1.000000;-416.814453;-207.497925;2260.696533;0.647207;0.000000;0.000000;0.000000;0.000000;1.000000;19.729065;-135.189087;1910.380005;0.223035;0.000000;0.000000;0.000000;0.000000;2.000000;104.569275;262.748016;1942.071777;0.696827;0.000000;0.000000;0.000000;0.000000;2.000000;291.831787;601.990234;1986.466675;1.208734;0.000000;0.000000;0.000000;0.000000;2.000000;214.669495;774.161987;1956.872925;1.719543;0.000000;0.000000;0.000000;0.000000;2.000000;-17.790527;-163.355667;2080.814209;0.201121;0.000000;0.000000;0.000000;0.000000;2.000000;-146.130829;223.296188;2095.879639;0.172949;0.000000;0.000000;0.000000;0.000000;2.000000;-223.354309;609.431030;2112.529785;1.050393;0.000000;0.000000;0.000000;0.000000;2.000000;-366.702911;690.828857;2051.704102;0.860269;0.000000;0.000000;0.000000;0.000000;2.000000;-73.864899;-767.429321;1910.284058;1.625632;0.000000;0.000000;0.000000;0.000000;2.000000;-210.480713;-839.632568;1964.661133;1.206789;0.000000;0.000000;0.000000;0.000000;2.000000;-168.743256;-873.717773;1945.900024;1.065603;0.000000;0.000000;0.000000;0.000000;2.000000;-71.986664;-862.187256;1861.006836;1.286940;0.000000;0.000000;0.000000;0.000000;2.000000;-166.983368;-848.874146;1993.022461;1.040999;0.000000;0.000000;0.000000;0.000000;2.000000;-48.451843;-790.420532;2012.347534;1.381502;0.000000;0.000000;0.000000;0.000000;2.000000;12801067008.000000
0.000000;-150.000000;2000.000000;0.000000;0.000000;0.000000;0.000000;0.000000;2.000000;-9.392822;-327.780823;1967.276611;0.180678;0.000000;0.000000;0.000000;0.000000;2.000000;-20.996277;-469.439758;1940.091797;0.361446;0.000000;0.000000;0.000000;0.000000;2.000000;-66.844666;-683.193787;1913.098389;0.661367;0.000000;0.000000;0.000000;0.000000;2.000000;-57.927734;-644.182678;1883.572510;0.565481;0.000000;0.000000;0.000000;0.000000;2.000000;-75.992126;-570.637878;1759.873291;0.405999;0.000000;0.000000;0.000000;0.000000;2.000000;-132.060364;-300.937927;1707.622192;0.370062;0.000000;0.000000;0.000000;0.000000;2.000000;-215.381836;-81.026093;1699.042603;0.353153;0.000000;0.000000;0.000000;0.000000;2.000000;-268.620148;-65.354462;1779.449219;0.625013;0.000000;0.000000;0.000000;0.000000;2.000000;-285.287811;21.001993;1844.901733;0.346108;0.000000;0.000000;0.000000;0.000000;2.000000;-310.875427;-35.655365;1758.638916;0.568957;0.000000;0.000000;0.000000;0.000000;2.000000;-58.525940;-651.995911;1951.400757;0.656998;0.000000;0.000000;0.000000;0.000000;2.000000;-65.014221;-616.618225;2079.892578;0.772635;0.000000;0.000000;0.000000;0.000000;2.000000;-142.649811;-388.046082;2232.673584;1.001232;0.000000;0.000000;0.000000;0.000000;1.000000;-306.036316;-224.896820;2291.625977;0.656863;0.000000;0.000000;0.000000;0.000000;1.000000;-411.040649;-229.630295;2295.823242;0.480088;0.000000;0.000000;0.000000;0.000000;1.000000;-517.892334;-240.039291;2305.144531;0.537725;0.000000;0.000000;0.000000;0.000000;1.000000;-436.123505;-201.065964;2261.654053;0.621785;0.000000;0.000000;0.000000;0.000000;1.000000;23.757996;-135.030014;1911.851196;0.130984;0.000000;0.000000;0.000000;0.000000;2.000000;110.978149;260.885254;1936.899902;0.257674;0.000000;0.000000;0.000000;0.000000;2.000000;269.573547;611.402100;1988.598511;0.740363;0.000000;0.000000;0.000000;0.000000;2.000000;185.723511;778.083618;1952.335083;0.902124;0.000000;0.000000;0.000000;0.000000;2.000000;-21.423645;-163.499084;2079.487793;0.118113;0.000000;0.000000;0.000000;0.000000;2.000000;-147.608368;221.125153;2107.243652;0.355942;0.000000;0.000000;0.000000;0.000000;2.000000;-240.164673;601.005371;2138.843262;0.986987;0.000000;0.000000;0.000000;0.000000;2.000000;-381.987244;670.576538;2063.816895;0.858020;0.000000;0.000000;0.000000;0.000000;2.000000;-97.167053;-759.701233;1903.287720;0.779043;0.000000;0.000000;0.000000;0.000000;2.000000;-221.411835;-844.956360;1965.541260;0.372023;0.000000;0.000000;0.000000;0.000000;2.000000;-177.352478;-874.480652;1945.239746;0.264531;0.000000;0.000000;0.000000;0.000000;2.000000;-87.300964;-854.237732;1855.657959;0.551291;0.000000;0.000000;0.000000;0.000000;2.000000;-176.000732;-848.734497;1991.600464;0.278621;0.000000;0.000000;0.000000;0.000000;2.000000;-64.407227;-777.523071;2003.742310;0.678952;0.000000;0.000000;0.000000;0.000000;1.000000;12801099776.000000
0.000000;-150.000000;2000.000000;0.000000;0.000000;0.000000;0.000000;0.000000;2.000000;-6.278625;-328.618347;1968.907959;0.106948;0.000000;0.000000;0.000000;0.000000;2.000000;-16.475098;-470.934753;1942.907959;0.163718;0.000000;0.000000;0.000000;0.000000;2.000000;-74.086548;-682.782471;1919.700562;0.290255;0.000000;0.000000;0.000000;0.000000;2.000000;-64.679626;-644.327148;1889.421265;0.264383;0.000000;0.000000;0.000000;0.000000;2.000000;-91.355896;-565.235840;1770.412720;0.574060;0.000000;0.000000;0.000000;0.000000;2.000000;-132.647827;-293.775696;1710.700317;0.231350;0.000000;0.000000;0.000000;0.000000;2.000000;-217.131531;-73.705559;1703.283203;0.255656;0.000000;0.000000;0.000000;0.000000;2.000000;-279.216370;-74.099274;1778.998779;0.406785;0.000000;0.000000;0.000000;0.000000;2.000000;-287.431091;19.401978;1836.119019;0.271690;0.000000;0.000000;0.000000;0.000000;2.000000;-316.372681;-29.758751;1770.406128;0.422107;0.000000;0.000000;0.000000;0.000000;2.000000;-62.398743;-651.762817;1957.408936;0.211648;0.000000;0.000000;0.000000;0.000000;2.000000;-62.853088;-613.189575;2085.451172;0.203576;0.000000;0.000000;0.000000;0.000000;2.000000;-133.667236;-380.902832;2237.126709;0.364296;0.000000;0.000000;0.000000;0.000000;1.000000;-309.272095;-226.399750;2285.420166;0.211834;0.000000;0.000000;0.000000;0.000000;1.000000;-413.723938;-239.372040;2291.472412;0.325563;0.000000;0.000000;0.000000;0.000000;0.000000;-520.661377;-236.861374;2306.378662;0.129972;0.000000;0.000000;0.000000;0.000000;0.000000;-442.861115;-198.089813;2260.368164;0.221267;0.000000;0.000000;0.000000;0.000000;1.000000;21.044922;-135.233032;1910.916626;0.085130;0.000000;0.000000;0.000000;0.000000;2.000000;105.849792;261.908478;1939.262085;0.169809;0.000000;0.000000;0.000000;0.000000;2.000000;248.062195;620.330322;1990.895874;0.692579;0.000000;0.000000;0.000000;0.000000;2.000000;161.146179;783.041199;1943.357666;0.788090;0.000000;0.000000;0.000000;0.000000;2.000000;-18.977051;-163.316010;2080.330322;0.076766;0.000000;0.000000;0.000000;0.000000;2.000000;-144.989532;222.105469;2110.847656;0.134990;0.000000;0.000000;0.000000;0.000000;2.000000;-238.643219;602.366699;2145.318359;0.200915;0.000000;0.000000;0.000000;0.000000;2.000000;-379.371185;678.425781;2073.699707;0.381419;0.000000;0.000000;0.000000;0.000000;2.000000;-108.624451;-757.922607;1911.909668;0.427586;0.000000;0.000000;0.000000;0.000000;2.000000;-230.880249;-846.425842;1974.515625;0.388500;0.000000;0.000000;0.000000;0.000000;2.000000;-191.292206;-874.343872;1944.636597;0.412921;0.000000;0.000000;0.000000;0.000000;2.000000;-110.353088;-843.924072;1849.028198;0.772664;0.000000;0.000000;0.000000;0.000000;2.000000;-183.115753;-856.599487;1994.081421;0.322326;0.000000;0.000000;0.000000;0.000000;2.000000;-66.139771;-793.583923;2003.867554;0.478057;0.000000;0.000000;0.000000;0.000000;2.000000;12801133568.000000
0.000000;-150.000000;2000.000000;0.000000;0.000000;0.000000;0.000000;0.000000;2.000000;-2.700500;-328.864441;1971.298096;0.131531;0.000000;0.000000;0.000000;0.000000;2.000000;-14.169189;-471.142578;1946.728394;0.136329;0.000000;0.000000;0.000000;0.000000;2.000000;-73.906982;-681.393066;1917.844482;0.070967;0.000000;0.000000;0.000000;0.000000;2.000000;-65.101196;-642.009827;1888.707275;0.075110;0.000000;0.000000;0.000000;0.000000;2.000000;-97.919922;-555.993896;1776.464722;0.392156;0.000000;0.000000;0.000000;0.000000;2.000000;-138.922668;-286.821411;1708.514526;0.293530;0.000000;0.000000;0.000000;0.000000;2.000000;-232.493011;-70.671524;1708.505859;0.503731;0.000000;0.000000;0.000000;0.000000;2.000000;-282.231079;-51.953846;1790.590942;0.768344;0.000000;0.000000;0.000000;0.000000;2.000000;-306.363129;27.021832;1862.848877;1.026303;0.000000;0.000000;0.000000;0.000000;2.000000;-325.178009;-21.612591;1769.244263;0.367789;0.000000;0.000000;0.000000;0.000000;2.000000;-60.929932;-651.832703;1956.209229;0.057916;0.000000;0.000000;0.000000;0.000000;2.000000;-65.243652;-613.972168;2084.207764;0.085631;0.000000;0.000000;0.000000;0.000000;2.000000;-129.857056;-386.822876;2245.417480;0.331929;0.000000;0.000000;0.000000;0.000000;1.000000;-313.268707;-239.116394;2283.266357;0.412072;0.000000;0.000000;0.000000;0.000000;1.000000;-418.139496;-242.334564;2292.066406;0.163281;0.000000;0.000000;0.000000;0.000000;0.000000;-524.446289;-237.953903;2309.756348;0.158362;0.000000;0.000000;0.000000;0.000000;0.000000;-443.766296;-196.993240;2261.697266;0.059398;0.000000;0.000000;0.000000;0.000000;1.000000;16.781250;-135.819046;1910.048096;0.133988;0.000000;0.000000;0.000000;0.000000;2.000000;100.243652;260.257202;1947.940430;0.319298;0.000000;0.000000;0.000000;0.000000;2.000000;218.212585;626.159546;2004.109741;1.011963;0.000000;0.000000;0.000000;0.000000;2.000000;129.992493;782.824524;1941.929321;0.951757;0.000000;0.000000;0.000000;0.000000;2.000000;-15.132263;-162.787598;2081.113525;0.120824;0.000000;0.000000;0.000000;0.000000;2.000000;-146.898560;219.783859;2115.745605;0.175374;0.000000;0.000000;0.000000;0.000000;2.000000;-215.063080;605.412170;2143.910645;0.726856;0.000000;0.000000;0.000000;0.000000;2.000000;-362.980103;689.006165;2101.840820;1.044992;0.000000;0.000000;0.000000;0.000000;2.000000;-109.161682;-755.892395;1908.446899;0.123591;0.000000;0.000000;0.000000;0.000000;2.000000;-240.879333;-832.263123;1967.150513;0.574841;0.000000;0.000000;0.000000;0.000000;2.000000;-205.228912;-862.927185;1935.219482;0.620382;0.000000;0.000000;0.000000;0.000000;2.000000;-121.766052;-836.976868;1840.699585;0.480480;0.000000;0.000000;0.000000;0.000000;2.000000;-194.690643;-849.350525;1985.455688;0.492959;0.000000;0.000000;0.000000;0.000000;2.000000;-70.965088;-801.909119;1997.474487;0.352559;0.000000;0.000000;0.000000;0.000000;1.000000;12801166336.000000
0.000000;-150.000000;2000.000000;0.000000;0.000000;0.000000;0.000000;0.000000;2.000000;-12.224365;-326.379272;1967.519775;0.311998;0.000000;0.000000;0.000000;0.000000;2.000000;-25.099976;-467.105896;1941.388062;0.379315;0.000000;0.000000;0.000000;0.000000;2.000000;-83.918701;-676.317505;1916.398926;0.334916;0.000000;0.000000;0.000000;0.000000;2.000000;-76.103333;-637.508301;1886.871338;0.355953;0.000000;0.000000;0.000000;0.000000;2.000000;-105.073853;-552.431519;1774.311523;0.244934;0.000000;0.000000;0.000000;0.000000;2.000000;-137.825439;-280.663391;1723.329468;0.475890;0.000000;0.000000;0.000000;0.000000;2.000000;-205.464752;-57.133667;1714.706055;0.913187;0.000000;0.000000;0.000000;0.000000;2.000000;-262.315552;-40.494995;1791.549316;0.680539;0.000000;0.000000;0.000000;0.000000;2.000000;-273.525146;47.296684;1854.958984;1.165691;0.000000;0.000000;0.000000;0.000000;2.000000;-301.377075;-10.046236;1771.629761;0.786276;0.000000;0.000000;0.000000;0.000000;2.000000;-70.276184;-646.515015;1953.825317;0.325942;0.000000;0.000000;0.000000;0.000000;2.000000;-59.879456;-616.939026;2082.572998;0.187744;0.000000;0.000000;0.000000;0.000000;2.000000;-126.705811;-390.819580;2240.355469;0.212426;0.000000;0.000000;0.000000;0.000000;1.000000;-307.016083;-243.666824;2283.259521;0.228846;0.000000;0.000000;0.000000;0.000000;1.000000;-410.508057;-239.669296;2296.935547;0.279258;0.000000;0.000000;0.000000;0.000000;0.000000;-516.040771;-240.332077;2314.686035;0.296830;0.000000;0.000000;0.000000;0.000000;0.000000;-433.845367;-196.714157;2264.352051;0.304030;0.000000;0.000000;0.000000;0.000000;1.000000;6.267517;-133.820145;1909.778687;0.316804;0.000000;0.000000;0.000000;0.000000;2.000000;90.109253;258.421967;1952.549194;0.333907;0.000000;0.000000;0.000000;0.000000;2.000000;196.528259;625.048645;2006.147095;0.645364;0.000000;0.000000;0.000000;0.000000;2.000000;97.166748;777.940979;1957.336426;1.082772;0.000000;0.000000;0.000000;0.000000;2.000000;-5.651733;-164.590103;2081.356445;0.285672;0.000000;0.000000;0.000000;0.000000;1.000000;-126.768433;215.020859;2141.263672;0.972104;0.000000;0.000000;0.000000;0.000000;1.000000;-116.788086;600.671875;2195.391113;3.286092;0.000000;0.000000;0.000000;0.000000;1.000000;-249.244568;710.894714;2217.021973;4.833836;0.000000;0.000000;0.000000;0.000000;1.000000;-118.713257;-750.512146;1908.716797;0.324514;0.000000;0.000000;0.000000;0.000000;2.000000;-249.727844;-818.568054;1975.187622;0.537943;0.000000;0.000000;0.000000;0.000000;2.000000;-212.381317;-853.095947;1950.821045;0.585324;0.000000;0.000000;0.000000;0.000000;2.000000;-126.544861;-842.148132;1856.861084;0.521684;0.000000;0.000000;0.000000;0.000000;2.000000;-204.259003;-830.510437;1997.716797;0.722960;0.000000;0.000000;0.000000;0.000000;2.000000;-83.264648;-778.227905;2005.148804;0.821686;0.000000;0.000000;0.000000;0.000000;1.000000;12801200128.000000
0.000000;-150.000000;2000.000000;0.000000;0.000000;0.000000;0.000000;0.000000;2.000000;-6.960938;-325.905945;1966.467529;0.164441;0.000000;0.000000;0.000000;0.000000;2.000000;-20.578430;-465.881042;1939.128052;0.158727;0.000000;0.000000;0.000000;0.000000;2.000000;-85.246033;-671.773560;1907.721558;0.301655;0.000000;0.000000;0.000000;0.000000;2.000000;-75.755981;-632.592590;1879.456177;0.271708;0.000000;0.000000;0.000000;0.000000;2.000000;-105.991394;-545.035278;1769.732300;0.266947;0.000000;0.000000;0.000000;0.000000;2.000000;-137.264709;-274.118652;1717.961060;0.258892;0.000000;0.000000;0.000000;0.000000;2.000000;-216.236450;-54.977127;1722.475708;0.410626;0.000000;0.000000;0.000000;0.000000;2.000000;-257.620911;-19.300938;1802.291382;0.739143;0.000000;0.000000;0.000000;0.000000;2.000000;-239.523712;80.096649;1841.961426;1.495321;0.000000;0.000000;0.000000;0.000000;2.000000;-293.729950;20.792849;1768.602417;0.974028;0.000000;0.000000;0.000000;0.000000;2.000000;-71.363037;-643.491882;1946.026489;0.257403;0.000000;0.000000;0.000000;0.000000;1.000000;-76.979065;-605.684021;2072.478516;0.696557;0.000000;0.000000;0.000000;0.000000;1.000000;-138.755371;-382.505066;2234.873291;0.477068;0.000000;0.000000;0.000000;0.000000;1.000000;-311.854004;-227.760574;2276.752197;0.544856;0.000000;0.000000;0.000000;0.000000;1.000000;-414.297211;-241.645096;2289.371582;0.265126;0.000000;0.000000;0.000000;0.000000;0.000000;-518.451660;-241.593887;2312.485840;0.106792;0.000000;0.000000;0.000000;0.000000;0.000000;-445.503632;-196.304779;2260.817383;0.371985;0.000000;0.000000;0.000000;0.000000;1.000000;7.290527;-133.181702;1910.260620;0.039631;0.000000;0.000000;0.000000;0.000000;2.000000;81.686035;259.697510;1952.986572;0.260329;0.000000;0.000000;0.000000;0.000000;2.000000;180.453979;627.762390;2002.728027;0.508314;0.000000;0.000000;0.000000;0.000000;2.000000;77.493042;775.372803;1947.747314;0.672496;0.000000;0.000000;0.000000;0.000000;2.000000;-6.574219;-165.165787;2080.921875;0.035736;0.000000;0.000000;0.000000;0.000000;2.000000;-141.722412;208.591965;2139.286621;0.500396;0.000000;0.000000;0.000000;0.000000;2.000000;-132.156860;596.833496;2140.668945;1.738551;0.000000;0.000000;0.000000;0.000000;2.000000;-264.813538;707.802917;2132.627930;2.620660;0.000000;0.000000;0.000000;0.000000;2.000000;-122.083252;-744.383667;1897.535034;0.402493;0.000000;0.000000;0.000000;0.000000;2.000000;-248.790741;-825.117249;1956.537231;0.603914;0.000000;0.000000;0.000000;0.000000;2.000000;-204.526123;-855.518494;1939.877197;0.417701;0.000000;0.000000;0.000000;0.000000;2.000000;-110.934570;-839.986389;1854.932983;0.484521;0.000000;0.000000;0.000000;0.000000;2.000000;-205.190796;-828.096191;1984.663574;0.406106;0.000000;0.000000;0.000000;0.000000;2.000000;-94.743408;-757.999817;1999.129883;0.733162;0.000000;0.000000;0.000000;0.000000;1.000000;12801232896.000000
0.000000;-150.000000;2000.000000;0.000000;0.000000;0.000000;0.000000;0.000000;2.000000;-8.574707;-327.996613;1969.596680;0.121174;0.000000;0.000000;0.000000;0.000000;2.000000;-26.186890;-469.271088;1944.731201;0.255155;0.000000;0.000000;0.000000;0.000000;2.000000;-92.567871;-677.080627;1916.353760;0.369956;0.000000;0.000000;0.000000;0.000000;2.000000;-81.677429;-638.411072;1887.150391;0.334960;0.000000;0.000000;0.000000;0.000000;2.000000;-105.146667;-555.944214;1770.399048;0.324393;0.000000;0.000000;0.000000;0.000000;2.000000;-127.113037;-280.584015;1724.533325;0.405812;0.000000;0.000000;0.000000;0.000000;2.000000;-208.710327;-60.875237;1741.985229;0.642955;0.000000;0.000000;0.000000;0.000000;2.000000;-205.706848;16.993092;1800.705322;1.875082;0.000000;0.000000;0.000000;0.000000;2.000000;-227.569519;89.892494;1879.420044;1.199151;0.000000;0.000000;0.000000;0.000000;2.000000;-217.539734;31.477060;1833.931763;2.986825;0.000000;0.000000;0.000000;0.000000;2.000000;-79.497864;-647.687500;1954.672852;0.372609;0.000000;0.000000;0.000000;0.000000;1.000000;-88.089783;-606.205688;2081.019531;0.415006;0.000000;0.000000;0.000000;0.000000;1.000000;-152.305481;-373.544739;2233.168945;0.483367;0.000000;0.000000;0.000000;0.000000;1.000000;-317.278259;-206.032501;2270.121826;0.691164;0.000000;0.000000;0.000000;0.000000;1.000000;-417.572205;-232.840881;2286.241699;0.293008;0.000000;0.000000;0.000000;0.000000;0.000000;-521.485596;-235.291718;2314.145020;0.212729;0.000000;0.000000;0.000000;0.000000;0.000000;-455.701233;-188.181671;2260.704590;0.385830;0.000000;0.000000;0.000000;0.000000;1.000000;6.181519;-134.767899;1909.079712;0.067095;0.000000;0.000000;0.000000;0.000000;2.000000;71.373108;262.981934;1954.947510;0.325506;0.000000;0.000000;0.000000;0.000000;2.000000;163.144165;636.129272;2006.310791;0.578742;0.000000;0.000000;0.000000;0.000000;2.000000;55.369507;782.701355;1952.119141;0.701712;0.000000;0.000000;0.000000;0.000000;2.000000;-5.574097;-163.735458;2081.986816;0.060504;0.000000;0.000000;0.000000;0.000000;2.000000;-130.417542;214.261093;2157.732422;0.661839;0.000000;0.000000;0.000000;0.000000;2.000000;-85.692871;603.203491;2143.542969;1.390465;0.000000;0.000000;0.000000;0.000000;2.000000;-207.818237;728.060181;2143.194824;1.817124;0.000000;0.000000;0.000000;0.000000;2.000000;-130.152771;-750.205750;1906.789185;0.402128;0.000000;0.000000;0.000000;0.000000;2.000000;-238.514771;-843.565186;1984.596069;1.039217;0.000000;0.000000;0.000000;0.000000;2.000000;-193.732361;-869.650879;1961.556396;0.829769;0.000000;0.000000;0.000000;0.000000;2.000000;-114.952454;-845.712769;1862.956055;0.314999;0.000000;0.000000;0.000000;0.000000;2.000000;-190.823975;-841.362549;2006.256470;0.862088;0.000000;0.000000;0.000000;0.000000;2.000000;-86.716675;-759.000488;2004.197266;0.282465;0.000000;0.000000;0.000000;0.000000;1.000000;12801266688.000000
0.000000;-150.000000;2000.000000;0.000000;0.000000;0.000000;0.000000;0.000000;2.000000;-7.352295;-327.865723;1972.251831;0.086587;0.000000;0.000000;0.000000;0.000000;2.000000;-18.874146;-469.765137;1950.391724;0.274052;0.000000;0.000000;0.000000;0.000000;2.000000;-74.316895;-680.280151;1924.322632;0.596893;0.000000;0.000000;0.000000;0.000000;2.000000;-69.116943;-640.622559;1895.161621;0.445700;0.000000;0.000000;0.000000;0.000000;2.000000;-108.919312;-556.631714;1784.697876;0.438095;0.000000;0.000000;0.000000;0.000000;2.000000;-119.644775;-282.770691;1732.108154;0.321371;0.000000;0.000000;0.000000;0.000000;2.000000;-179.425964;-56.465027;1740.713745;0.877186;0.000000;0.000000;0.000000;0.000000;2.000000;-169.191956;21.669922;1797.692139;1.093048;0.000000;0.000000;0.000000;0.000000;2.000000;-152.709351;115.670685;1850.603760;2.493347;0.000000;0.000000;0.000000;0.000000;2.000000;-162.643066;40.637684;1832.910278;1.647287;0.000000;0.000000;0.000000;0.000000;2.000000;-59.182800;-650.839966;1961.611694;0.642094;0.000000;0.000000;0.000000;0.000000;2.000000;-52.968079;-615.257629;2089.414307;1.101689;0.000000;0.000000;0.000000;0.000000;2.000000;-119.190247;-388.051392;2247.044189;1.145965;0.000000;0.000000;0.000000;0.000000;1.000000;-299.159515;-238.766022;2286.853760;1.212847;0.000000;0.000000;0.000000;0.000000;1.000000;-403.214966;-236.398621;2298.248291;0.563777;0.000000;0.000000;0.000000;0.000000;0.000000;-509.228088;-237.050598;2314.535400;0.366631;0.000000;0.000000;0.000000;0.000000;0.000000;-426.187134;-188.849380;2262.091797;0.874592;0.000000;0.000000;0.000000;0.000000;1.000000;-4.448425;-135.643402;1909.152710;0.315642;0.000000;0.000000;0.000000;0.000000;2.000000;62.168396;260.481567;1954.933838;0.282264;0.000000;0.000000;0.000000;0.000000;2.000000;153.481323;632.804932;2003.126953;0.316738;0.000000;0.000000;0.000000;0.000000;2.000000;43.749939;779.477783;1955.813477;0.373214;0.000000;0.000000;0.000000;0.000000;2.000000;4.011414;-162.945969;2081.920898;0.284629;0.000000;0.000000;0.000000;0.000000;2.000000;-102.437988;216.835342;2168.706787;0.892663;0.000000;0.000000;0.000000;0.000000;2.000000;-28.529053;599.746521;2149.756348;1.704674;0.000000;0.000000;0.000000;0.000000;2.000000;-137.192566;735.538757;2156.889160;2.140411;0.000000;0.000000;0.000000;0.000000;2.000000;-107.849670;-755.300232;1917.062256;0.742135;0.000000;0.000000;0.000000;0.000000;2.000000;-231.908142;-825.567505;1994.556885;0.639356;0.000000;0.000000;0.000000;0.000000;2.000000;-198.524902;-859.099487;1963.633911;0.348412;0.000000;0.000000;0.000000;0.000000;2.000000;-124.108948;-843.346191;1860.657593;0.288017;0.000000;0.000000;0.000000;0.000000;2.000000;-184.275574;-839.772644;2010.658081;0.238187;0.000000;0.000000;0.000000;0.000000;2.000000;-61.731567;-790.025146;2006.741699;1.181216;0.000000;0.000000;0.000000;0.000000;2.000000;12801300480.000000
0.000000;-150.000000;2000.000000;0.000000;0.000000;0.000000;0.000000;0.000000;2.000000;-3.534546;-326.662872;1972.640381;0.122729;0.000000;0.000000;0.000000;0.000000;2.000000;-10.205139;-467.831543;1951.188599;0.272147;0.000000;0.000000;0.000000;0.000000;2.000000;-68.006714;-675.252930;1919.873169;0.281174;0.000000;0.000000;0.000000;0.000000;2.000000;-64.319519;-634.724854;1892.358154;0.247282;0.000000;0.000000;0.000000;0.000000;2.000000;-117.897278;-549.256653;1790.616699;0.397933;0.000000;0.000000;0.000000;0.000000;2.000000;-121.489563;-277.196838;1738.878296;0.273479;0.000000;0.000000;0.000000;0.000000;2.000000;-159.313965;-47.923996;1745.058228;0.679875;0.000000;0.000000;0.000000;0.000000;2.000000;-137.917969;28.890057;1799.423340;0.980935;0.000000;0.000000;0.000000;0.000000;2.000000;-114.845093;118.980164;1854.915161;1.167369;0.000000;0.000000;0.000000;0.000000;2.000000;-139.526489;49.406067;1829.407471;0.762042;0.000000;0.000000;0.000000;0.000000;2.000000;-50.630737;-647.688843;1957.116333;0.310134;0.000000;0.000000;0.000000;0.000000;2.000000;-40.397095;-618.711853;2085.287598;0.417312;0.000000;0.000000;0.000000;0.000000;2.000000;-99.415588;-398.392487;2251.457031;0.694198;0.000000;0.000000;0.000000;0.000000;1.000000;-282.431610;-256.312897;2293.052002;0.763631;0.000000;0.000000;0.000000;0.000000;1.000000;-386.055145;-264.032288;2292.540283;1.007848;0.000000;0.000000;0.000000;0.000000;0.000000;-489.596100;-244.714966;2307.939453;0.673923;0.000000;0.000000;0.000000;0.000000;0.000000;-408.162537;-197.894104;2261.236816;0.615990;0.000000;0.000000;0.000000;0.000000;1.000000;-9.589294;-135.903839;1910.218994;0.160423;0.000000;0.000000;0.000000;0.000000;2.000000;48.528076;259.212463;1948.816772;0.457853;0.000000;0.000000;0.000000;0.000000;2.000000;132.993835;630.966125;1990.036621;0.744075;0.000000;0.000000;0.000000;0.000000;2.000000;21.342712;777.539001;1953.936768;0.688755;0.000000;0.000000;0.000000;0.000000;2.000000;8.647095;-162.711151;2080.959473;0.144658;0.000000;0.000000;0.000000;0.000000;2.000000;-84.059998;213.466278;2183.594238;0.729068;0.000000;0.000000;0.000000;0.000000;2.000000;7.882446;589.003601;2157.856201;1.184623;0.000000;0.000000;0.000000;0.000000;2.000000;-73.156067;741.249512;2167.616699;1.989120;0.000000;0.000000;0.000000;0.000000;2.000000;-102.132019;-749.202454;1911.536377;0.305800;0.000000;0.000000;0.000000;0.000000;2.000000;-234.945251;-804.775940;1983.707031;0.721683;0.000000;0.000000;0.000000;0.000000;2.000000;-199.808533;-842.765137;1962.047974;0.502359;0.000000;0.000000;0.000000;0.000000;2.000000;-114.986816;-843.652832;1867.457153;0.347340;0.000000;0.000000;0.000000;0.000000;2.000000;-190.130188;-817.099487;2006.695435;0.724785;0.000000;0.000000;0.000000;0.000000;1.000000;-67.273132;-770.801514;2009.116577;0.614834;0.000000;0.000000;0.000000;0.000000;1.000000;12801333248.000000
0.000000;-150.000000;2000.000000;0.000000;0.000000;0.000000;0.000000;0.000000;2.000000;-3.361023;-328.943542;1970.587769;0.090946;0.000000;0.000000;0.000000;0.000000;2.000000;-12.403564;-471.810730;1947.511108;0.173038;0.000000;0.000000;0.000000;0.000000;2.000000;-65.771362;-682.726929;1910.317139;0.365055;0.000000;0.000000;0.000000;0.000000;2.000000;-65.244385;-640.381531;1884.054810;0.298578;0.000000;0.000000;0.000000;0.000000;2.000000;-120.870361;-549.200867;1785.498657;0.175165;0.000000;0.000000;0.000000;0.000000;2.000000;-110.302673;-273.915436;1730.406494;0.426471;0.000000;0.000000;0.000000;0.000000;2.000000;-114.155884;-38.156128;1732.216675;1.419088;0.000000;0.000000;0.000000;0.000000;2.000000;-90.512024;15.523316;1810.594604;1.494595;0.000000;0.000000;0.000000;0.000000;2.000000;-50.240356;95.523972;1874.201294;2.112503;0.000000;0.000000;0.000000;0.000000;2.000000;-59.087097;34.591717;1839.794678;2.439900;0.000000;0.000000;0.000000;0.000000;2.000000;-46.702515;-655.731750;1948.097412;0.376027;0.000000;0.000000;0.000000;0.000000;2.000000;-30.213013;-629.734314;2078.204590;0.491079;0.000000;0.000000;0.000000;0.000000;2.000000;33.686707;-424.184875;2266.910156;4.038118;0.000000;0.000000;0.000000;0.000000;2.000000;8.935486;-206.747284;2362.437500;8.984030;0.000000;0.000000;0.000000;0.000000;2.000000;-25.343323;-128.022079;2301.299072;11.411029;0.000000;0.000000;0.000000;0.000000;0.000000;-56.519836;-39.885117;2247.269043;14.290328;0.000000;0.000000;0.000000;0.000000;0.000000;-25.121643;-103.494919;2353.391113;11.988699;0.000000;0.000000;0.000000;0.000000;0.000000;-5.825623;-134.888229;1908.725952;0.123533;0.000000;0.000000;0.000000;0.000000;2.000000;41.868164;267.860992;1942.891357;0.367549;0.000000;0.000000;0.000000;0.000000;2.000000;116.735413;648.084045;1976.358398;0.807430;0.000000;0.000000;0.000000;0.000000;2.000000;-4.171814;790.208191;1938.195557;0.963147;0.000000;0.000000;0.000000;0.000000;2.000000;5.253235;-163.626938;2082.305908;0.111396;0.000000;0.000000;0.000000;0.000000;2.000000;-62.610718;221.548019;2193.333984;0.737003;0.000000;0.000000;0.000000;0.000000;2.000000;39.657715;601.017456;2187.115234;1.326765;0.000000;0.000000;0.000000;0.000000;2.000000;-36.968933;758.577698;2190.134766;1.361538;0.000000;0.000000;0.000000;0.000000;2.000000;-98.288330;-758.545898;1900.782227;0.436658;0.000000;0.000000;0.000000;0.000000;2.000000;-231.231445;-815.951111;1976.403931;0.410063;0.000000;0.000000;0.000000;0.000000;2.000000;-194.067871;-854.239380;1956.631714;0.412126;0.000000;0.000000;0.000000;0.000000;2.000000;-107.528381;-857.002563;1861.164673;0.489346;0.000000;0.000000;0.000000;0.000000;2.000000;-185.468384;-825.500366;2000.511963;0.338113;0.000000;0.000000;0.000000;0.000000;2.000000;-62.683044;-773.862793;2000.911499;0.292600;0.000000;0.000000;0.000000;0.000000;2.000000;12801367040.000000
0.000000;-150.000000;2000.000000;0.000000;0.000000;0.000000;0.000000;0.000000;2.000000;-14.364929;-330.108307;1974.108765;0.354372;0.000000;0.000000;0.000000;0.000000;2.000000;-26.762634;-474.045715;1953.587036;0.480683;0.000000;0.000000;0.000000;0.000000;2.000000;-83.738037;-686.259155;1921.087769;0.648299;0.000000;0.000000;0.000000;0.000000;2.000000;-85.621460;-643.625732;1894.752441;0.709289;0.000000;0.000000;0.000000;0.000000;2.000000;-143.140747;-555.063965;1793.566772;0.744679;0.000000;0.000000;0.000000;0.000000;2.000000;-129.855469;-274.832245;1758.541870;1.045979;0.000000;0.000000;0.000000;0.000000;2.000000;-128.450195;-37.566490;1755.232422;0.827021;0.000000;0.000000;0.000000;0.000000;2.000000;-110.063232;18.744289;1833.950684;0.934721;0.000000;0.000000;0.000000;0.000000;2.000000;-58.022278;107.758125;1873.819702;0.442640;0.000000;0.000000;0.000000;0.000000;2.000000;-92.905640;52.530876;1855.195313;1.259266;0.000000;0.000000;0.000000;0.000000;2.000000;-61.133911;-659.125427;1957.206909;0.531010;0.000000;0.000000;0.000000;0.000000;2.000000;-20.278625;-639.502991;2083.891113;0.459242;0.000000;0.000000;0.000000;0.000000;2.000000;41.282410;-410.223541;2247.069824;0.775802;0.000000;0.000000;0.000000;0.000000;1.000000;-30.657104;-207.937500;2354.994141;1.229973;0.000000;0.000000;0.000000;0.000000;1.000000;-75.600952;-116.328369;2326.016113;1.746049;0.000000;0.000000;0.000000;0.000000;0.000000;-124.552185;-22.544712;2301.195068;2.701643;0.000000;0.000000;0.000000;0.000000;0.000000;-67.562805;-98.871094;2356.770508;1.306941;0.000000;0.000000;0.000000;0.000000;0.000000;-16.773376;-135.632950;1909.364258;0.335437;0.000000;0.000000;0.000000;0.000000;2.000000;16.186462;271.348358;1941.555054;0.791987;0.000000;0.000000;0.000000;0.000000;2.000000;75.905762;656.970642;1972.356445;1.281029;0.000000;0.000000;0.000000;0.000000;2.000000;-51.234253;797.937317;1945.907227;1.474376;0.000000;0.000000;0.000000;0.000000;2.000000;15.125244;-162.955399;2081.730469;0.302476;0.000000;0.000000;0.000000;0.000000;2.000000;-42.387573;227.171997;2190.764160;0.645365;0.000000;0.000000;0.000000;0.000000;2.000000;77.274170;604.156555;2185.876953;1.152573;0.000000;0.000000;0.000000;0.000000;2.000000;1.862122;762.118469;2207.271484;1.299796;0.000000;0.000000;0.000000;0.000000;2.000000;-117.225830;-762.544312;1914.479248;0.723611;0.000000;0.000000;0.000000;0.000000;2.000000;-261.719543;-801.829346;1982.344238;1.041287;0.000000;0.000000;0.000000;0.000000;2.000000;-226.859192;-845.039734;1968.312622;1.098780;0.000000;0.000000;0.000000;0.000000;2.000000;-133.096497;-862.980957;1880.513550;0.995383;0.000000;0.000000;0.000000;0.000000;2.000000;-218.927368;-813.891663;2011.070068;1.127805;0.000000;0.000000;0.000000;0.000000;2.000000;-91.246521;-773.802795;2018.753906;1.027780;0.000000;0.000000;0.000000;0.000000;1.000000;12801399808.000000
0.000000;-150.000000;2000.000000;0.000000;0.000000;0.000000;0.000000;0.000000;2.000000;-21.761414;-328.614349;1971.760498;0.233866;0.000000;0.000000;0.000000;0.000000;2.000000;-44.076294;-471.020569;1951.148804;0.525103;0.000000;0.000000;0.000000;0.000000;2.000000;-101.674805;-683.428345;1924.831543;0.548671;0.000000;0.000000;0.000000;0.000000;2.000000;-105.418274;-641.217712;1898.218018;0.599006;0.000000;0.000000;0.000000;0.000000;2.000000;-167.735535;-548.350281;1804.455200;0.820385;0.000000;0.000000;0.000000;0.000000;2.000000;-139.441711;-269.095032;1776.007324;0.613545;0.000000;0.000000;0.000000;0.000000;2.000000;-121.778320;-33.195732;1765.607056;0.387259;0.000000;0.000000;0.000000;0.000000;2.000000;-105.750122;23.762604;1844.112915;0.358864;0.000000;0.000000;0.000000;0.000000;2.000000;-39.652222;110.088158;1862.775635;0.638039;0.000000;0.000000;0.000000;0.000000;2.000000;-92.557251;64.563538;1857.466675;0.362515;0.000000;0.000000;0.000000;0.000000;2.000000;-77.069885;-655.809509;1959.076416;0.484858;0.000000;0.000000;0.000000;0.000000;2.000000;-25.717957;-629.224365;2080.247070;0.360638;0.000000;0.000000;0.000000;0.000000;2.000000;0.932068;-385.274658;2229.952637;1.492485;0.000000;0.000000;0.000000;0.000000;2.000000;-35.243042;-179.632004;2347.849121;0.874508;0.000000;0.000000;0.000000;0.000000;2.000000;-121.319336;-119.710526;2333.553467;1.374846;0.000000;0.000000;0.000000;0.000000;0.000000;-141.534546;-13.206036;2335.926270;1.176986;0.000000;0.000000;0.000000;0.000000;0.000000;-122.630676;-89.043930;2325.718018;1.893315;0.000000;0.000000;0.000000;0.000000;0.000000;-32.727722;-132.514679;1914.625732;0.505637;0.000000;0.000000;0.000000;0.000000;2.000000;-10.431274;274.485901;1944.570801;0.798152;0.000000;0.000000;0.000000;0.000000;2.000000;41.567139;660.590149;1972.641724;1.021840;0.000000;0.000000;0.000000;0.000000;2.000000;-93.345276;794.348938;1950.577881;1.258314;0.000000;0.000000;0.000000;0.000000;2.000000;29.512024;-165.767288;2076.985840;0.455957;0.000000;0.000000;0.000000;0.000000;2.000000;-10.217590;225.161758;2187.800781;0.957879;0.000000;0.000000;0.000000;0.000000;1.000000;112.760254;599.716431;2207.305664;1.233763;0.000000;0.000000;0.000000;0.000000;1.000000;24.594910;737.558228;2272.043457;2.157515;0.000000;0.000000;0.000000;0.000000;1.000000;-135.018799;-759.783203;1921.232056;0.569086;0.000000;0.000000;0.000000;0.000000;2.000000;-266.738342;-818.546936;1999.394287;0.722071;0.000000;0.000000;0.000000;0.000000;2.000000;-229.287048;-856.673157;1979.167847;0.476313;0.000000;0.000000;0.000000;0.000000;2.000000;-143.775574;-858.938416;1882.043335;0.340928;0.000000;0.000000;0.000000;0.000000;2.000000;-220.328247;-827.510254;2022.967285;0.536742;0.000000;0.000000;0.000000;0.000000;2.000000;-97.621582;-774.288391;2021.313599;0.203802;0.000000;0.000000;0.000000;0.000000;1.000000;12801433600.000000
0.000000;-150.000000;2000.000000;0.000000;0.000000;0.000000;0.000000;0.000000;2.000000;-22.374695;-326.567688;1972.984131;0.075139;0.000000;0.000000;0.000000;0.000000;2.000000;-41.178101;-467.656799;1951.721313;0.136623;0.000000;0.000000;0.000000;0.000000;2.000000;-86.824402;-680.868164;1930.554443;0.491930;0.000000;0.000000;0.000000;0.000000;2.000000;-91.794312;-640.175537;1902.886597;0.440653;0.000000;0.000000;0.000000;0.000000;2.000000;-151.606079;-553.240479;1804.543457;0.514365;0.000000;0.000000;0.000000;0.000000;2.000000;-130.887512;-277.520966;1768.468628;0.432664;0.000000;0.000000;0.000000;0.000000;2.000000;-112.916565;-46.301743;1737.064697;0.995904;0.000000;0.000000;0.000000;0.000000;2.000000;-83.284119;26.240215;1794.512817;1.663426;0.000000;0.000000;0.000000;0.000000;2.000000;-47.358093;112.770836;1850.276245;0.455532;0.000000;0.000000;0.000000;0.000000;2.000000;-84.240723;37.483818;1832.977051;1.142767;0.000000;0.000000;0.000000;0.000000;2.000000;-64.917664;-651.400513;1964.227783;0.424680;0.000000;0.000000;0.000000;0.000000;1.000000;-14.512451;-621.521729;2083.289551;0.425226;0.000000;0.000000;0.000000;0.000000;1.000000;26.729004;-380.458405;2227.890137;0.803333;0.000000;0.000000;0.000000;0.000000;1.000000;-37.868713;-181.002060;2338.394531;0.302356;0.000000;0.000000;0.000000;0.000000;1.000000;-123.892822;-122.096588;2329.741455;0.158126;0.000000;0.000000;0.000000;0.000000;0.000000;-147.987000;-17.744041;2333.677734;0.250325;0.000000;0.000000;0.000000;0.000000;0.000000;-125.413269;-90.557869;2320.434082;0.188011;0.000000;0.000000;0.000000;0.000000;0.000000;-29.956238;-133.145782;1914.655396;0.086749;0.000000;0.000000;0.000000;0.000000;2.000000;-15.389221;269.499329;1943.699097;0.216238;0.000000;0.000000;0.000000;0.000000;2.000000;34.597717;651.294067;1971.498535;0.356281;0.000000;0.000000;0.000000;0.000000;2.000000;-99.757935;782.013550;1947.120239;0.437200;0.000000;0.000000;0.000000;0.000000;2.000000;27.012817;-165.198181;2076.958984;0.078226;0.000000;0.000000;0.000000;0.000000;2.000000;9.098572;225.182312;2177.506836;0.667965;0.000000;0.000000;0.000000;0.000000;1.000000;129.353088;595.324951;2204.416260;0.531178;0.000000;0.000000;0.000000;0.000000;1.000000;40.198914;729.929688;2269.078613;0.537724;0.000000;0.000000;0.000000;0.000000;1.000000;-115.878052;-757.972412;1928.376221;0.625935;0.000000;0.000000;0.000000;0.000000;2.000000;-248.192871;-800.957886;2011.652710;0.865096;0.000000;0.000000;0.000000;0.000000;2.000000;-216.112305;-842.599731;1990.998901;0.690270;0.000000;0.000000;0.000000;0.000000;2.000000;-136.187805;-855.118042;1891.911499;0.397374;0.000000;0.000000;0.000000;0.000000;2.000000;-202.594177;-814.197144;2033.351929;0.747261;0.000000;0.000000;0.000000;0.000000;2.000000;-76.677917;-774.569336;2026.070801;0.655487;0.000000;0.000000;0.000000;0.000000;1.000000;12801466368.000000
0.000000;-150.000000;2000.000000;0.000000;0.000000;0.000000;0.000000;0.000000;2.000000;-14.556030;-329.125427;1979.383301;0.308423;0.000000;0.000000;0.000000;0.000000;2.000000;-25.891846;-472.337402;1962.777710;0.575214;0.000000;0.000000;0.000000;0.000000;2.000000;-66.296692;-687.701477;1941.688843;0.720058;0.000000;0.000000;0.000000;0.000000;2.000000;-73.666687;-646.783203;1914.461304;0.665835;0.000000;0.000000;0.000000;0.000000;2.000000;-139.761780;-560.085388;1818.939331;0.587685;0.000000;0.000000;0.000000;0.000000;2.000000;-113.694763;-286.652405;1763.572144;0.594034;0.000000;0.000000;0.000000;0.000000;2.000000;-102.216675;-53.400703;1735.862061;0.381655;0.000000;0.000000;0.000000;0.000000;2.000000;-73.706299;20.502747;1792.943359;0.333647;0.000000;0.000000;0.000000;0.000000;2.000000;-41.377014;107.774963;1850.754883;0.231054;0.000000;0.000000;0.000000;0.000000;2.000000;-73.439270;31.894646;1831.905640;0.361297;0.000000;0.000000;0.000000;0.000000;2.000000;-43.748718;-657.687195;1974.811035;0.724662;0.000000;0.000000;0.000000;0.000000;2.000000;13.232605;-627.987427;2091.652832;0.878631;0.000000;0.000000;0.000000;0.000000;2.000000;57.961548;-383.811768;2232.673828;0.940288;0.000000;0.000000;0.000000;0.000000;1.000000;-28.660034;-190.555359;2341.594238;0.403921;0.000000;0.000000;0.000000;0.000000;1.000000;-114.732605;-130.544312;2335.125000;0.401696;0.000000;0.000000;0.000000;0.000000;0.000000;-148.834900;-28.418137;2332.925293;0.317653;0.000000;0.000000;0.000000;0.000000;0.000000;-116.438477;-97.593796;2315.710205;0.365284;0.000000;0.000000;0.000000;0.000000;0.000000;-34.422668;-137.433197;1915.118286;0.183726;0.000000;0.000000;0.000000;0.000000;2.000000;-11.756470;267.174011;1938.577271;0.198155;0.000000;0.000000;0.000000;0.000000;2.000000;42.291931;650.812134;1958.416138;0.449365;0.000000;0.000000;0.000000;0.000000;2.000000;-91.262024;784.680603;1940.400146;0.330133;0.000000;0.000000;0.000000;0.000000;2.000000;31.040405;-161.332031;2076.541504;0.165674;0.000000;0.000000;0.000000;0.000000;2.000000;17.045410;232.179077;2173.338867;0.336733;0.000000;0.000000;0.000000;0.000000;1.000000;139.927429;604.301270;2183.387207;0.745487;0.000000;0.000000;0.000000;0.000000;1.000000;56.618958;742.437439;2250.628418;0.819283;0.000000;0.000000;0.000000;0.000000;1.000000;-93.265686;-765.998108;1940.092285;0.790187;0.000000;0.000000;0.000000;0.000000;2.000000;-222.146667;-811.747192;2028.653809;0.974251;0.000000;0.000000;0.000000;0.000000;2.000000;-194.269531;-852.448975;2000.597900;0.763847;0.000000;0.000000;0.000000;0.000000;2.000000;-122.515137;-857.176392;1894.053955;0.414055;0.000000;0.000000;0.000000;0.000000;2.000000;-175.779236;-830.080078;2044.961548;0.984196;0.000000;0.000000;0.000000;0.000000;2.000000;-47.857971;-796.615051;2032.113403;1.088563;0.000000;0.000000;0.000000;0.000000;1.000000;12801500160.000000
0.000000;-150.000000;2000.000000;0.000000;0.000000;0.000000;0.000000;0.000000;2.000000;-15.294922;-329.593475;1978.495850;0.038026;0.000000;0.000000;0.000000;0.000000;2.000000;-26.142334;-473.203735;1960.673828;0.069855;0.000000;0.000000;0.000000;0.000000;2.000000;-61.311707;-690.536377;1942.638794;0.177394;0.000000;0.000000;0.000000;0.000000;2.000000;-69.830383;-650.056885;1914.782471;0.154219;0.000000;0.000000;0.000000;0.000000;2.000000;-136.967712;-567.587891;1815.550781;0.265304;0.000000;0.000000;0.000000;0.000000;2.000000;-109.561646;-295.624817;1749.664795;0.520592;0.000000;0.000000;0.000000;0.000000;2.000000;-113.226074;-59.900642;1739.138062;0.402772;0.000000;0.000000;0.000000;0.000000;2.000000;-76.378723;17.549938;1786.495605;0.231279;0.000000;0.000000;0.000000;0.000000;2.000000;-47.413208;104.141678;1847.733154;0.233947;0.000000;0.000000;0.000000;0.000000;2.000000;-73.678772;33.337048;1823.121704;0.271753;0.000000;0.000000;0.000000;0.000000;2.000000;-39.337158;-659.402222;1975.373413;0.145462;0.000000;0.000000;0.000000;0.000000;1.000000;15.635620;-624.069458;2092.138184;0.141044;0.000000;0.000000;0.000000;0.000000;1.000000;64.755859;-378.447479;2231.180176;0.268085;0.000000;0.000000;0.000000;0.000000;1.000000;-29.134155;-188.084976;2340.979004;0.079029;0.000000;0.000000;0.000000;0.000000;1.000000;-122.463562;-139.158890;2336.046387;0.354356;0.000000;0.000000;0.000000;0.000000;0.000000;-165.830444;-41.471214;2320.091797;0.762286;0.000000;0.000000;0.000000;0.000000;0.000000;-128.829285;-106.686493;2304.633301;0.578151;0.000000;0.000000;0.000000;0.000000;0.000000;-37.885925;-136.758041;1916.355347;0.114106;0.000000;0.000000;0.000000;0.000000;2.000000;-27.508057;269.835754;1938.481567;0.487524;0.000000;0.000000;0.000000;0.000000;2.000000;24.141235;655.490845;1950.355469;0.622673;0.000000;0.000000;0.000000;0.000000;2.000000;-119.312622;779.421021;1930.481201;0.922058;0.000000;0.000000;0.000000;0.000000;2.000000;34.163330;-161.940826;2075.426025;0.102893;0.000000;0.000000;0.000000;0.000000;2.000000;20.528625;234.349915;2166.676025;0.238816;0.000000;0.000000;0.000000;0.000000;1.000000;135.794250;610.440063;2163.009766;0.661611;0.000000;0.000000;0.000000;0.000000;1.000000;45.637329;743.595337;2232.987305;0.635137;0.000000;0.000000;0.000000;0.000000;1.000000;-86.395203;-769.773560;1942.219116;0.247890;0.000000;0.000000;0.000000;0.000000;2.000000;-215.449829;-812.371216;2033.110229;0.246224;0.000000;0.000000;0.000000;0.000000;2.000000;-189.562805;-853.752319;2003.771484;0.177747;0.000000;0.000000;0.000000;0.000000;2.000000;-119.993713;-859.422729;1895.302979;0.109879;0.000000;0.000000;0.000000;0.000000;2.000000;-169.293640;-832.683105;2048.214355;0.235242;0.000000;0.000000;0.000000;0.000000;2.000000;-40.086304;-803.548828;2033.112061;0.319304;0.000000;0.000000;0.000000;0.000000;1.000000;12801532928.000000
0.000000;-150.000000;2000.000000;0.000000;0.000000;0.000000;0.000000;0.000000;2.000000;-13.918213;-328.630981;1977.079834;0.065015;0.000000;0.000000;0.000000;0.000000;2.000000;-23.997498;-471.454224;1958.285034;0.108196;0.000000;0.000000;0.000000;0.000000;2.000000;-53.809753;-688.583130;1941.405884;0.232288;0.000000;0.000000;0.000000;0.000000;2.000000;-62.674988;-648.710999;1913.220215;0.220366;0.000000;0.000000;0.000000;0.000000;2.000000;-129.642761;-574.508911;1808.539429;0.363299;0.000000;0.000000;0.000000;0.000000;2.000000;-115.029175;-301.361572;1749.715698;0.234525;0.000000;0.000000;0.000000;0.000000;2.000000;-114.811646;-67.825653;1725.084961;0.479741;0.000000;0.000000;0.000000;0.000000;2.000000;-81.164368;8.331903;1775.810791;0.440962;0.000000;0.000000;0.000000;0.000000;2.000000;-55.233398;92.827515;1840.286499;0.462840;0.000000;0.000000;0.000000;0.000000;2.000000;-81.929993;26.703688;1808.609741;0.531585;0.000000;0.000000;0.000000;0.000000;2.000000;-33.244385;-656.875000;1974.128174;0.198645;0.000000;0.000000;0.000000;0.000000;1.000000;18.445374;-620.420044;2091.297363;0.138550;0.000000;0.000000;0.000000;0.000000;1.000000;53.717712;-372.632629;2227.791260;0.382581;0.000000;0.000000;0.000000;0.000000;1.000000;-30.834961;-177.765289;2334.694336;0.361088;0.000000;0.000000;0.000000;0.000000;1.000000;-130.141113;-144.415405;2327.930664;0.365373;0.000000;0.000000;0.000000;0.000000;0.000000;-180.340942;-50.498871;2312.976807;0.547808;0.000000;0.000000;0.000000;0.000000;0.000000;-140.043274;-111.124863;2290.576416;0.548105;0.000000;0.000000;0.000000;0.000000;0.000000;-37.284973;-136.399811;1916.646362;0.022424;0.000000;0.000000;0.000000;0.000000;2.000000;-43.072205;268.497284;1934.497070;0.477087;0.000000;0.000000;0.000000;0.000000;2.000000;-0.397827;653.488647;1938.700195;0.806109;0.000000;0.000000;0.000000;0.000000;2.000000;-141.508667;778.335144;1916.822998;0.771907;0.000000;0.000000;0.000000;0.000000;2.000000;33.621460;-162.263885;2075.163574;0.020220;0.000000;0.000000;0.000000;0.000000;2.000000;14.408264;233.055420;2160.567871;0.258737;0.000000;0.000000;0.000000;0.000000;1.000000;119.151489;610.174377;2154.170410;0.557717;0.000000;0.000000;0.000000;0.000000;1.000000;29.511597;746.141418;2216.879883;0.678683;0.000000;0.000000;0.000000;0.000000;1.000000;-76.987549;-767.975159;1941.153931;0.285187;0.000000;0.000000;0.000000;0.000000;2.000000;-201.571960;-814.147217;2035.049927;0.417994;0.000000;0.000000;0.000000;0.000000;2.000000;-178.343994;-853.632141;2001.688477;0.337689;0.000000;0.000000;0.000000;0.000000;2.000000;-114.912048;-852.896790;1890.106079;0.289070;0.000000;0.000000;0.000000;0.000000;2.000000;-155.429138;-836.317078;2046.155762;0.428501;0.000000;0.000000;0.000000;0.000000;2.000000;-27.137878;-808.935486;2026.424927;0.459781;0.000000;0.000000;0.000000;0.000000;1.000000;12801566720.000000
0.000000;-150.000000;2000.000000;0.000000;0.000000;0.000000;0.000000;0.000000;2.000000;-17.023315;-328.758698;1979.760254;0.121448;0.000000;0.000000;0.000000;0.000000;2.000000;-29.583801;-471.685852;1962.906738;0.214666;0.000000;0.000000;0.000000;0.000000;2.000000;-60.710999;-688.689209;1945.648315;0.239750;0.000000;0.000000;0.000000;0.000000;2.000000;-71.480957;-648.478638;1918.594727;0.305372;0.000000;0.000000;0.000000;0.000000;2.000000;-141.825623;-571.259033;1818.324219;0.472305;0.000000;0.000000;0.000000;0.000000;2.000000;-128.646057;-302.692657;1740.580322;0.486841;0.000000;0.000000;0.000000;0.000000;2.000000;-137.549194;-68.571625;1723.322021;0.675248;0.000000;0.000000;0.000000;0.000000;2.000000;-103.594727;6.910999;1774.919434;0.665631;0.000000;0.000000;0.000000;0.000000;2.000000;-80.891602;87.074486;1845.890869;0.795628;0.000000;0.000000;0.000000;0.000000;2.000000;-104.399353;25.454048;1806.950684;0.667766;0.000000;0.000000;0.000000;0.000000;2.000000;-37.882507;-657.349182;1977.235718;0.165809;0.000000;0.000000;0.000000;0.000000;2.000000;24.485107;-622.649719;2089.707031;0.196250;0.000000;0.000000;0.000000;0.000000;2.000000;64.758728;-377.848236;2230.378418;0.369377;0.000000;0.000000;0.000000;0.000000;1.000000;-35.053711;-194.247726;2344.063232;0.574775;0.000000;0.000000;0.000000;0.000000;1.000000;-134.225037;-160.832108;2335.293457;0.545983;0.000000;0.000000;0.000000;0.000000;0.000000;-195.415466;-73.080124;2323.956787;0.866677;0.000000;0.000000;0.000000;0.000000;0.000000;-141.919189;-125.661453;2291.138184;0.434064;0.000000;0.000000;0.000000;0.000000;0.000000;-49.180481;-136.596542;1922.984497;0.398915;0.000000;0.000000;0.000000;0.000000;2.000000;-69.013550;267.997070;1941.304077;0.793804;0.000000;0.000000;0.000000;0.000000;2.000000;-31.619873;653.656677;1934.573853;0.931995;0.000000;0.000000;0.000000;0.000000;2.000000;-175.713501;775.617126;1915.367310;1.016321;0.000000;0.000000;0.000000;0.000000;2.000000;44.348328;-162.086502;2069.448242;0.359723;0.000000;0.000000;0.000000;0.000000;2.000000;27.362732;233.867569;2153.132813;0.442665;0.000000;0.000000;0.000000;0.000000;1.000000;120.682312;613.483704;2129.977783;0.724013;0.000000;0.000000;0.000000;0.000000;1.000000;36.610046;746.737671;2205.173340;0.405526;0.000000;0.000000;0.000000;0.000000;1.000000;-83.933105;-768.101685;1946.099121;0.252341;0.000000;0.000000;0.000000;0.000000;2.000000;-200.260254;-813.342041;2050.559570;0.461228;0.000000;0.000000;0.000000;0.000000;2.000000;-179.223450;-853.380737;2016.376221;0.435493;0.000000;0.000000;0.000000;0.000000;2.000000;-124.708435;-854.638000;1900.124512;0.417846;0.000000;0.000000;0.000000;0.000000;2.000000;-153.102966;-834.768127;2058.516113;0.375011;0.000000;0.000000;0.000000;0.000000;2.000000;-27.043640;-806.516968;2028.141113;0.087803;0.000000;0.000000;0.000000;0.000000;1.000000;12801600512.000000
0.000000;-150.000000;2000.000000;0.000000;0.000000;0.000000;0.000000;0.000000;2.000000;-16.873840;-330.410461;1980.647217;0.057397;0.000000;0.000000;0.000000;0.000000;2.000000;-28.066162;-474.619019;1963.266724;0.101382;0.000000;0.000000;0.000000;0.000000;2.000000;-62.690247;-693.272461;1950.301147;0.208264;0.000000;0.000000;0.000000;0.000000;2.000000;-74.778931;-652.903076;1923.269653;0.220715;0.000000;0.000000;0.000000;0.000000;2.000000;-151.936646;-572.639709;1828.797485;0.446255;0.000000;0.000000;0.000000;0.000000;2.000000;-147.792114;-301.584229;1750.156006;0.654169;0.000000;0.000000;0.000000;0.000000;2.000000;-157.534912;-66.485504;1722.619873;0.613604;0.000000;0.000000;0.000000;0.000000;2.000000;-124.184265;9.354069;1775.629639;0.633122;0.000000;0.000000;0.000000;0.000000;2.000000;-105.607361;86.075813;1852.766724;0.783502;0.000000;0.000000;0.000000;0.000000;2.000000;-144.366455;45.147247;1780.797974;1.576656;0.000000;0.000000;0.000000;0.000000;2.000000;-37.449524;-661.579590;1980.333130;0.160552;0.000000;0.000000;0.000000;0.000000;1.000000;26.395203;-621.610657;2091.555664;0.087098;0.000000;0.000000;0.000000;0.000000;1.000000;70.143799;-372.809753;2229.033203;0.228770;0.000000;0.000000;0.000000;0.000000;1.000000;-34.476135;-192.316910;2347.487549;0.121257;0.000000;0.000000;0.000000;0.000000;1.000000;-137.433472;-168.467529;2340.686523;0.301613;0.000000;0.000000;0.000000;0.000000;0.000000;-210.141174;-88.406853;2332.136475;0.695012;0.000000;0.000000;0.000000;0.000000;0.000000;-148.009216;-132.531479;2290.215332;0.281585;0.000000;0.000000;0.000000;0.000000;0.000000;-59.000244;-136.880554;1929.140259;0.353796;0.000000;0.000000;0.000000;0.000000;2.000000;-92.963074;270.156616;1948.561401;0.766539;0.000000;0.000000;0.000000;0.000000;2.000000;-60.248840;659.325745;1934.503906;0.890654;0.000000;0.000000;0.000000;0.000000;2.000000;-207.028625;780.832520;1916.956665;0.970038;0.000000;0.000000;0.000000;0.000000;2.000000;53.203125;-161.830368;2063.897461;0.319028;0.000000;0.000000;0.000000;0.000000;2.000000;94.095947;244.245605;2080.640137;3.023584;0.000000;0.000000;0.000000;0.000000;2.000000;193.794678;623.614380;2034.923218;3.672701;0.000000;0.000000;0.000000;0.000000;2.000000;115.687500;753.517822;2124.476074;3.454189;0.000000;0.000000;0.000000;0.000000;2.000000;-86.853271;-773.085632;1953.092529;0.276811;0.000000;0.000000;0.000000;0.000000;2.000000;-202.197815;-819.635010;2060.182129;0.355827;0.000000;0.000000;0.000000;0.000000;2.000000;-180.465027;-860.047119;2026.077393;0.361211;0.000000;0.000000;0.000000;0.000000;2.000000;-126.567566;-861.836731;1908.353027;0.338438;0.000000;0.000000;0.000000;0.000000;2.000000;-154.128784;-840.132751;2068.051270;0.335347;0.000000;0.000000;0.000000;0.000000;1.000000;-27.920044;-809.445679;2035.807007;0.251860;0.000000;0.000000;0.000000;0.000000;1.000000;12801633280.000000
0.000000;-150.000000;2000.000000;0.000000;0.000000;0.000000;0.000000;0.000000;2.000000;-22.064941;-332.078552;1980.680420;0.161359;0.000000;0.000000;0.000000;0.000000;2.000000;-38.849609;-477.650391;1964.389160;0.333142;0.000000;0.000000;0.000000;0.000000;2.000000;-75.761353;-698.731812;1953.003906;0.426756;0.000000;0.000000;0.000000;0.000000;2.000000;-88.885498;-657.825439;1926.138550;0.450215;0.000000;0.000000;0.000000;0.000000;2.000000;-167.752197;-583.737122;1825.497192;0.580031;0.000000;0.000000;0.000000;0.000000;2.000000;-188.953125;-305.347321;1765.041138;1.300050;0.000000;0.000000;0.000000;0.000000;2.000000;-206.632202;-72.037590;1712.696045;1.491387;0.000000;0.000000;0.000000;0.000000;2.000000;-171.996216;-0.571236;1772.708496;1.447638;0.000000;0.000000;0.000000;0.000000;2.000000;-149.924927;67.155762;1858.748413;1.436942;0.000000;0.000000;0.000000;0.000000;2.000000;-191.324768;31.508820;1787.643066;1.461161;0.000000;0.000000;0.000000;0.000000;2.000000;-48.765991;-666.787659;1982.260742;0.373036;0.000000;0.000000;0.000000;0.000000;1.000000;22.699707;-630.718140;2092.140137;0.291372;0.000000;0.000000;0.000000;0.000000;1.000000;58.751831;-379.408386;2234.498535;0.421829;0.000000;0.000000;0.000000;0.000000;1.000000;-38.730164;-195.917328;2360.112305;0.408385;0.000000;0.000000;0.000000;0.000000;1.000000;-144.396362;-187.306686;2344.370117;0.604276;0.000000;0.000000;0.000000;0.000000;0.000000;-230.726685;-120.214981;2334.346191;1.123125;0.000000;0.000000;0.000000;0.000000;0.000000;-155.108582;-150.488556;2290.990234;0.571883;0.000000;0.000000;0.000000;0.000000;0.000000;-65.382996;-135.049469;1933.771606;0.239577;0.000000;0.000000;0.000000;0.000000;2.000000;-132.830139;272.587189;1957.205933;1.209335;0.000000;0.000000;0.000000;0.000000;2.000000;-106.060181;663.770813;1905.400879;1.611497;0.000000;0.000000;0.000000;0.000000;2.000000;-258.494751;783.219421;1905.525024;1.561744;0.000000;0.000000;0.000000;0.000000;2.000000;58.958740;-163.481567;2059.721191;0.216037;0.000000;0.000000;0.000000;0.000000;2.000000;159.563965;229.505188;2139.329590;2.638210;0.000000;0.000000;0.000000;0.000000;2.000000;287.101440;607.282715;2166.747070;4.803742;0.000000;0.000000;0.000000;0.000000;2.000000;265.954590;759.560425;2256.811035;5.928115;0.000000;0.000000;0.000000;0.000000;2.000000;-100.567688;-779.352844;1956.946411;0.460561;0.000000;0.000000;0.000000;0.000000;2.000000;-220.128418;-813.992981;2066.937988;0.591101;0.000000;0.000000;0.000000;0.000000;2.000000;-196.390320;-858.656494;2038.839233;0.605325;0.000000;0.000000;0.000000;0.000000;2.000000;-137.888611;-875.113403;1922.732910;0.669097;0.000000;0.000000;0.000000;0.000000;2.000000;-171.468018;-832.570251;2079.083008;0.648035;0.000000;0.000000;0.000000;0.000000;1.000000;-43.200012;-803.643311;2046.601563;0.579647;0.000000;0.000000;0.000000;0.000000;1.000000;12801667072.000000
0.000000;-150.000000;2000.000000;0.000000;0.000000;0.000000;0.000000;0.000000;2.000000;-17.743286;-333.304626;1984.666504;0.183280;0.000000;0.000000;0.000000;0.000000;2.000000;-32.477844;-479.841370;1972.994385;0.333536;0.000000;0.000000;0.000000;0.000000;2.000000;-63.472656;-702.526123;1968.089478;0.604975;0.000000;0.000000;0.000000;0.000000;2.000000;-79.681641;-662.469849;1941.434570;0.562923;0.000000;0.000000;0.000000;0.000000;2.000000;-166.043091;-588.920593;1846.259033;0.655129;0.000000;0.000000;0.000000;0.000000;2.000000;-186.218811;-313.910950;1769.456665;0.305647;0.000000;0.000000;0.000000;0.000000;2.000000;-203.848267;-80.840584;1713.901855;0.284153;0.000000;0.000000;0.000000;0.000000;2.000000;-172.382446;-11.458708;1778.282104;0.373453;0.000000;0.000000;0.000000;0.000000;2.000000;-149.056458;59.869022;1861.322754;0.237328;0.000000;0.000000;0.000000;0.000000;2.000000;-205.016968;27.774879;1776.831299;0.544474;0.000000;0.000000;0.000000;0.000000;2.000000;-35.437805;-669.180908;1994.882080;0.564919;0.000000;0.000000;0.000000;0.000000;1.000000;43.675171;-627.143738;2097.501465;0.669644;0.000000;0.000000;0.000000;0.000000;1.000000;87.343628;-370.703918;2229.399902;0.925269;0.000000;0.000000;0.000000;0.000000;1.000000;-5.332520;-187.865662;2360.437500;1.048463;0.000000;0.000000;0.000000;0.000000;1.000000;-112.321594;-194.505753;2353.870605;1.044253;0.000000;0.000000;0.000000;0.000000;0.000000;-209.079285;-142.253006;2350.531250;1.064289;0.000000;0.000000;0.000000;0.000000;0.000000;-131.105286;-157.027557;2295.417480;0.771146;0.000000;0.000000;0.000000;0.000000;0.000000;-68.291992;-138.024475;1935.863892;0.142130;0.000000;0.000000;0.000000;0.000000;2.000000;-136.179077;269.777374;1968.251587;0.362526;0.000000;0.000000;0.000000;0.000000;2.000000;-117.669067;659.088501;1896.466064;0.469337;0.000000;0.000000;0.000000;0.000000;2.000000;-273.855469;773.747986;1907.202271;0.553095;0.000000;0.000000;0.000000;0.000000;2.000000;61.582031;-160.798859;2057.834473;0.128168;0.000000;0.000000;0.000000;0.000000;2.000000;166.178223;231.507233;2139.966309;0.211788;0.000000;0.000000;0.000000;0.000000;2.000000;290.034058;610.254211;2179.855957;0.419850;0.000000;0.000000;0.000000;0.000000;2.000000;267.241333;762.459778;2270.353516;0.424469;0.000000;0.000000;0.000000;0.000000;2.000000;-85.551270;-783.900330;1975.182617;0.734157;0.000000;0.000000;0.000000;0.000000;2.000000;-208.625061;-832.201172;2076.299072;0.716673;0.000000;0.000000;0.000000;0.000000;2.000000;-183.836914;-873.043518;2043.452759;0.599466;0.000000;0.000000;0.000000;0.000000;2.000000;-121.569275;-874.694519;1927.852051;0.522111;0.000000;0.000000;0.000000;0.000000;2.000000;-160.212708;-852.255371;2087.529297;0.738453;0.000000;0.000000;0.000000;0.000000;2.000000;-30.821777;-819.495361;2062.961182;0.791192;0.000000;0.000000;0.000000;0.000000;1.000000;12801699840.000000
0.000000;-150.000000;2000.000000;0.000000;0.000000;0.000000;0.000000;0.000000;2.000000;-15.668213;-334.618530;1988.505493;0.134867;0.000000;0.000000;0.000000;0.000000;2.000000;-28.335815;-482.210693;1979.489868;0.238514;0.000000;0.000000;0.000000;0.000000;2.000000;-59.501282;-705.923767;1983.375488;0.478066;0.000000;0.000000;0.000000;0.000000;2.000000;-77.797424;-666.457886;1956.750244;0.471655;0.000000;0.000000;0.000000;0.000000;2.000000;-169.660095;-592.665405;1865.965698;0.603185;0.000000;0.000000;0.000000;0.000000;2.000000;-195.301697;-318.964478;1781.628784;0.473667;0.000000;0.000000;0.000000;0.000000;2.000000;-218.269531;-84.447937;1729.483154;0.637286;0.000000;0.000000;0.000000;0.000000;2.000000;-190.466248;-18.909721;1799.989136;0.864665;0.000000;0.000000;0.000000;0.000000;2.000000;-168.437683;50.957233;1885.282715;0.949340;0.000000;0.000000;0.000000;0.000000;2.000000;-232.912659;24.401360;1784.765869;0.864043;0.000000;0.000000;0.000000;0.000000;2.000000;-29.432007;-671.693726;2007.117432;0.410144;0.000000;0.000000;0.000000;0.000000;2.000000;56.548950;-624.945251;2102.760498;0.416644;0.000000;0.000000;0.000000;0.000000;2.000000;101.183960;-365.980164;2232.318359;0.441306;0.000000;0.000000;0.000000;0.000000;1.000000;19.912354;-179.294205;2367.492188;0.816108;0.000000;0.000000;0.000000;0.000000;1.000000;-86.996521;-193.675491;2369.101074;0.874874;0.000000;0.000000;0.000000;0.000000;0.000000;-191.740784;-158.691269;2373.407715;0.978879;0.000000;0.000000;0.000000;0.000000;0.000000;-111.844666;-158.490051;2307.336914;0.671687;0.000000;0.000000;0.000000;0.000000;0.000000;-73.065735;-140.081665;1940.292847;0.202092;0.000000;0.000000;0.000000;0.000000;2.000000;-147.282654;267.231812;1986.271240;0.630873;0.000000;0.000000;0.000000;0.000000;2.000000;-141.466492;654.157043;1892.758789;0.727514;0.000000;0.000000;0.000000;0.000000;2.000000;-294.495483;773.425598;1911.638794;0.624820;0.000000;0.000000;0.000000;0.000000;2.000000;65.886597;-158.943817;2053.840576;0.182234;0.000000;0.000000;0.000000;0.000000;2.000000;168.049805;234.201111;2144.133789;0.156947;0.000000;0.000000;0.000000;0.000000;2.000000;278.075806;619.431946;2180.646484;0.446700;0.000000;0.000000;0.000000;0.000000;2.000000;252.119019;759.382813;2289.762451;0.733793;0.000000;0.000000;0.000000;0.000000;2.000000;-80.989075;-787.404907;1994.504761;0.596602;0.000000;0.000000;0.000000;0.000000;2.000000;-197.242310;-832.360718;2105.955078;0.940041;0.000000;0.000000;0.000000;0.000000;2.000000;-178.669617;-873.335815;2068.966797;0.770410;0.000000;0.000000;0.000000;0.000000;2.000000;-128.044800;-873.615479;1947.156860;0.603412;0.000000;0.000000;0.000000;0.000000;2.000000;-149.298462;-856.224426;2111.443359;0.786721;0.000000;0.000000;0.000000;0.000000;2.000000;-20.342285;-830.925842;2075.154297;0.583772;0.000000;0.000000;0.000000;0.000000;1.000000;12801733632.000000
0.000000;-150.000000;2000.000000;0.000000;0.000000;0.000000;0.000000;0.000000;2.000000;-10.815796;-335.408386;1988.241943;0.150248;0.000000;0.000000;0.000000;0.000000;2.000000;-18.661987;-483.598083;1977.657227;0.303441;0.000000;0.000000;0.000000;0.000000;2.000000;-55.833984;-706.882202;1984.583008;0.121404;0.000000;0.000000;0.000000;0.000000;2.000000;-75.038208;-666.834778;1959.256470;0.114335;0.000000;0.000000;0.000000;0.000000;2.000000;-171.615234;-587.346619;1878.080688;0.408166;0.000000;0.000000;0.000000;0.000000;2.000000;-207.158569;-313.943298;1793.953857;0.543954;0.000000;0.000000;0.000000;0.000000;2.000000;-238.961792;-76.951973;1757.136597;1.078559;0.000000;0.000000;0.000000;0.000000;2.000000;-211.124939;-14.891195;1831.044922;1.144874;0.000000;0.000000;0.000000;0.000000;2.000000;-182.795288;59.814548;1910.546021;0.927065;0.000000;0.000000;0.000000;0.000000;2.000000;-250.494751;25.000719;1828.688965;1.443945;0.000000;0.000000;0.000000;0.000000;2.000000;-23.002197;-673.419128;2005.910034;0.206479;0.000000;0.000000;0.000000;0.000000;2.000000;74.499268;-633.459595;2093.743652;0.665823;0.000000;0.000000;0.000000;0.000000;2.000000;123.591553;-377.709351;2229.557617;0.776429;0.000000;0.000000;0.000000;0.000000;2.000000;3.953857;-215.153763;2368.430176;1.198164;0.000000;0.000000;0.000000;0.000000;2.000000;-53.966064;-124.033310;2362.212891;2.361613;0.000000;0.000000;0.000000;0.000000;0.000000;-40.145264;-14.155987;2365.372070;6.396780;0.000000;0.000000;0.000000;0.000000;0.000000;-69.994629;-120.595276;2343.557129;2.047032;0.000000;0.000000;0.000000;0.000000;0.000000;-78.639832;-142.057404;1947.094604;0.275061;0.000000;0.000000;0.000000;0.000000;2.000000;-156.936707;266.088013;1987.945801;0.301048;0.000000;0.000000;0.000000;0.000000;2.000000;-157.739014;653.385254;1891.658569;0.498289;0.000000;0.000000;0.000000;0.000000;2.000000;-312.682556;769.876648;1916.334106;0.583365;0.000000;0.000000;0.000000;0.000000;2.000000;70.913086;-157.162201;2047.707153;0.248036;0.000000;0.000000;0.000000;0.000000;2.000000;158.943970;236.301682;2154.681152;0.430044;0.000000;0.000000;0.000000;0.000000;2.000000;265.833374;624.891663;2169.242676;0.537086;0.000000;0.000000;0.000000;0.000000;2.000000;243.075317;763.419617;2281.567871;0.392285;0.000000;0.000000;0.000000;0.000000;2.000000;-78.755859;-787.911438;1997.591553;0.117293;0.000000;0.000000;0.000000;0.000000;2.000000;-182.535828;-832.482483;2121.437988;0.651689;0.000000;0.000000;0.000000;0.000000;2.000000;-163.706787;-874.845764;2085.947266;0.692219;0.000000;0.000000;0.000000;0.000000;2.000000;-122.622437;-880.859985;1960.399414;0.489472;0.000000;0.000000;0.000000;0.000000;2.000000;-132.490295;-852.424438;2124.640137;0.662386;0.000000;0.000000;0.000000;0.000000;1.000000;-8.739746;-820.770508;2076.039063;0.471329;0.000000;0.000000;0.000000;0.000000;1.000000;12801766400.000000
0.000000;-150.000000;2000.000000;0.000000;0.000000;0.000000;0.000000;0.000000;2.000000;-9.854614;-336.078674;1989.169556;0.044227;0.000000;0.000000;0.000000;0.000000;2.000000;-19.569824;-484.887695;1983.848389;0.189065;0.000000;0.000000;0.000000;0.000000;2.000000;-51.557007;-709.638367;1991.449097;0.252897;0.000000;0.000000;0.000000;0.000000;2.000000;-73.377075;-669.718079;1967.784546;0.270901;0.000000;0.000000;0.000000;0.000000;2.000000;-177.711060;-591.747742;1894.274658;0.528357;0.000000;0.000000;0.000000;0.000000;2.000000;-215.669189;-317.632324;1810.552368;0.562691;0.000000;0.000000;0.000000;0.000000;2.000000;-251.135986;-80.503456;1773.193237;0.605489;0.000000;0.000000;0.000000;0.000000;2.000000;-228.848877;-23.822372;1853.443115;0.885603;0.000000;0.000000;0.000000;0.000000;2.000000;-200.916626;53.980545;1930.558594;0.817384;0.000000;0.000000;0.000000;0.000000;2.000000;-275.890564;20.474573;1838.209351;0.813706;0.000000;0.000000;0.000000;0.000000;2.000000;-17.935791;-675.523010;2010.794312;0.217363;0.000000;0.000000;0.000000;0.000000;2.000000;86.948608;-634.184326;2089.671387;0.388213;0.000000;0.000000;0.000000;0.000000;2.000000;133.256104;-370.684814;2212.983154;0.604636;0.000000;0.000000;0.000000;0.000000;2.000000;57.078613;-191.275497;2362.626953;1.732150;0.000000;0.000000;0.000000;0.000000;2.000000;-28.148682;-125.243423;2374.572266;0.847799;0.000000;0.000000;0.000000;0.000000;0.000000;-9.693848;-17.159515;2356.541992;0.942465;0.000000;0.000000;0.000000;0.000000;0.000000;-45.280396;-114.004608;2358.296875;0.873610;0.000000;0.000000;0.000000;0.000000;0.000000;-83.385620;-142.918396;1954.202881;0.254208;0.000000;0.000000;0.000000;0.000000;2.000000;-168.701843;265.088715;1995.208008;0.410217;0.000000;0.000000;0.000000;0.000000;2.000000;-176.305908;651.624146;1891.473389;0.551940;0.000000;0.000000;0.000000;0.000000;2.000000;-329.232910;771.718628;1916.107056;0.492841;0.000000;0.000000;0.000000;0.000000;2.000000;75.192505;-156.385788;2041.297241;0.229231;0.000000;0.000000;0.000000;0.000000;2.000000;152.362183;237.224686;2160.328125;0.258086;0.000000;0.000000;0.000000;0.000000;2.000000;251.649658;629.298523;2166.442871;0.447270;0.000000;0.000000;0.000000;0.000000;2.000000;226.214722;766.873474;2280.220703;0.510871;0.000000;0.000000;0.000000;0.000000;2.000000;-71.870361;-791.478394;2005.363281;0.324892;0.000000;0.000000;0.000000;0.000000;2.000000;-157.685791;-827.883911;2145.270508;1.027966;0.000000;0.000000;0.000000;0.000000;2.000000;-166.200378;-862.648865;2098.922363;0.532124;0.000000;0.000000;0.000000;0.000000;2.000000;-157.762146;-848.026917;1967.368164;1.438031;0.000000;0.000000;0.000000;0.000000;2.000000;-121.196167;-864.809631;2129.940674;0.520233;0.000000;0.000000;0.000000;0.000000;2.000000;-7.969727;-868.163025;2052.745605;1.562889;0.000000;0.000000;0.000000;0.000000;2.000000;12801800192.000000
0.000000;-150.000000;2000.000000;0.000000;0.000000;0.000000;0.000000;0.000000;2.000000;-13.360474;-337.520996;1989.851318;0.117547;0.000000;0.000000;0.000000;0.000000;2.000000;-27.726563;-487.346497;1989.741211;0.316124;0.000000;0.000000;0.000000;0.000000;2.000000;-57.573364;-714.473999;1993.399658;0.242964;0.000000;0.000000;0.000000;0.000000;2.000000;-81.927856;-673.735962;1972.838379;0.326981;0.000000;0.000000;0.000000;0.000000;2.000000;-188.495422;-595.686951;1899.973022;0.391163;0.000000;0.000000;0.000000;0.000000;2.000000;-235.604248;-315.082214;1836.059326;0.991006;0.000000;0.000000;0.000000;0.000000;2.000000;-275.618774;-77.493347;1792.953369;0.964534;0.000000;0.000000;0.000000;0.000000;2.000000;-252.743347;-19.548946;1873.235352;0.955810;0.000000;0.000000;0.000000;0.000000;2.000000;-228.322571;53.742496;1957.107666;1.164475;0.000000;0.000000;0.000000;0.000000;2.000000;-301.236267;24.141216;1858.700806;1.000934;0.000000;0.000000;0.000000;0.000000;2.000000;-22.282104;-680.326904;2010.818115;0.197702;0.000000;0.000000;0.000000;0.000000;2.000000;92.263306;-645.958191;2081.235107;0.470843;0.000000;0.000000;0.000000;0.000000;2.000000;190.618774;-382.719604;2177.791504;2.086332;0.000000;0.000000;0.000000;0.000000;2.000000;142.529175;-195.677948;2333.151855;2.761792;0.000000;0.000000;0.000000;0.000000;1.000000;60.675171;-148.817413;2388.606934;2.837049;0.000000;0.000000;0.000000;0.000000;0.000000;-6.908691;-71.001999;2344.564453;1.685452;0.000000;0.000000;0.000000;0.000000;0.000000;1.445435;-144.166702;2328.969238;1.918768;0.000000;0.000000;0.000000;0.000000;0.000000;-87.035522;-141.624969;1959.830078;0.208460;0.000000;0.000000;0.000000;0.000000;2.000000;-189.797729;267.083984;1989.463013;0.670014;0.000000;0.000000;0.000000;0.000000;2.000000;-197.414551;656.800293;1884.209839;0.699330;0.000000;0.000000;0.000000;0.000000;2.000000;-359.458435;763.418213;1922.402832;0.975664;0.000000;0.000000;0.000000;0.000000;2.000000;78.483765;-157.552124;2036.223022;0.187975;0.000000;0.000000;0.000000;0.000000;2.000000;145.021484;242.861359;2151.717285;0.385784;0.000000;0.000000;0.000000;0.000000;2.000000;229.446045;642.028198;2150.674805;0.917396;0.000000;0.000000;0.000000;0.000000;2.000000;211.936279;766.690857;2281.965820;0.439021;0.000000;0.000000;0.000000;0.000000;2.000000;-76.132446;-797.596985;2006.710205;0.231243;0.000000;0.000000;0.000000;0.000000;2.000000;-153.077759;-808.052856;2157.459473;0.724158;0.000000;0.000000;0.000000;0.000000;2.000000;-167.150635;-848.874512;2117.155273;0.697962;0.000000;0.000000;0.000000;0.000000;2.000000;-168.384460;-853.966797;1983.476440;0.616117;0.000000;0.000000;0.000000;0.000000;2.000000;-119.604004;-849.390015;2145.142578;0.662588;0.000000;0.000000;0.000000;0.000000;2.000000;-12.234985;-871.172546;2060.793457;0.292742;0.000000;0.000000;0.000000;0.000000;1.000000;12801832960.000000
0.000000;-150.000000;2000.000000;0.000000;0.000000;0.000000;0.000000;0.000000;2.000000;-18.459473;-336.798431;1985.634033;0.196981;0.000000;0.000000;0.000000;0.000000;2.000000;-34.395996;-486.224640;1977.336304;0.418109;0.000000;0.000000;0.000000;0.000000;2.000000;-71.803711;-712.242432;1978.111938;0.621588;0.000000;0.000000;0.000000;0.000000;2.000000;-96.333008;-670.192993;1960.639648;0.568359;0.000000;0.000000;0.000000;0.000000;2.000000;-206.163940;-589.560364;1895.908569;0.566323;0.000000;0.000000;0.000000;0.000000;2.000000;-252.276794;-307.153809;1839.767578;0.557245;0.000000;0.000000;0.000000;0.000000;2.000000;-290.999329;-70.323685;1791.687500;0.503572;0.000000;0.000000;0.000000;0.000000;2.000000;-276.357544;-15.888878;1876.227905;0.712678;0.000000;0.000000;0.000000;0.000000;2.000000;-253.717102;64.473160;1953.882080;0.821398;0.000000;0.000000;0.000000;0.000000;2.000000;-319.632996;26.769897;1866.602783;0.597592;0.000000;0.000000;0.000000;0.000000;2.000000;-34.010132;-679.757446;1993.307373;0.623908;0.000000;0.000000;0.000000;0.000000;2.000000;84.670898;-653.324524;2060.194336;0.696923;0.000000;0.000000;0.000000;0.000000;2.000000;211.131714;-393.009399;2127.449219;1.637262;0.000000;0.000000;0.000000;0.000000;2.000000;230.502563;-180.389679;2253.319824;3.544497;0.000000;0.000000;0.000000;0.000000;2.000000;146.334839;-132.063812;2303.817627;3.601030;0.000000;0.000000;0.000000;0.000000;0.000000;43.471313;-88.404144;2312.407715;1.842145;0.000000;0.000000;0.000000;0.000000;0.000000;85.102173;-189.091187;2292.288574;3.012386;0.000000;0.000000;0.000000;0.000000;0.000000;-89.708740;-138.607254;1967.133179;0.246861;0.000000;0.000000;0.000000;0.000000;2.000000;-211.093689;265.973816;1973.191895;0.793782;0.000000;0.000000;0.000000;0.000000;2.000000;-215.208252;655.687012;1867.837646;0.716307;0.000000;0.000000;0.000000;0.000000;2.000000;-370.544983;768.440674;1915.124756;0.419662;0.000000;0.000000;0.000000;0.000000;2.000000;80.894531;-160.273331;2029.637451;0.222609;0.000000;0.000000;0.000000;0.000000;2.000000;129.146851;245.504532;2134.941650;0.687937;0.000000;0.000000;0.000000;0.000000;2.000000;207.813721;645.731995;2126.597168;0.964112;0.000000;0.000000;0.000000;0.000000;2.000000;180.110596;769.468689;2256.988770;1.200040;0.000000;0.000000;0.000000;0.000000;2.000000;-92.103149;-795.024292;1990.962280;0.668089;0.000000;0.000000;0.000000;0.000000;2.000000;-152.638733;-788.464294;2149.214600;0.629070;0.000000;0.000000;0.000000;0.000000;2.000000;-173.018005;-831.568665;2114.355957;0.547070;0.000000;0.000000;0.000000;0.000000;2.000000;-189.015625;-847.585999;1982.512939;0.639703;0.000000;0.000000;0.000000;0.000000;2.000000;-122.801025;-832.572021;2137.182617;0.558690;0.000000;0.000000;0.000000;0.000000;2.000000;-26.453247;-867.517151;2044.389160;0.651460;0.000000;0.000000;0.000000;0.000000;2.000000;12801866752.000000
0.000000;-150.000000;2000.000000;0.000000;0.000000;0.000000;0.000000;0.000000;2.000000;-19.763794;-336.026154;1975.944580;0.299295;0.000000;0.000000;0.000000;0.000000;2.000000;-34.785767;-484.426575;1953.843750;0.719131;0.000000;0.000000;0.000000;0.000000;2.000000;-70.215088;-710.518677;1971.445435;0.215657;0.000000;0.000000;0.000000;0.000000;2.000000;-96.613770;-669.576111;1953.780029;0.210358;0.000000;0.000000;0.000000;0.000000;2.000000;-213.640259;-588.880310;1902.460083;0.304075;0.000000;0.000000;0.000000;0.000000;2.000000;-261.348999;-304.454285;1855.776489;0.567559;0.000000;0.000000;0.000000;0.000000;2.000000;-300.357422;-64.486603;1823.834229;1.037175;0.000000;0.000000;0.000000;0.000000;2.000000;-286.445129;-0.259060;1901.583740;0.959713;0.000000;0.000000;0.000000;0.000000;2.000000;-270.211670;83.864090;1977.146973;1.052451;0.000000;0.000000;0.000000;0.000000;0.000000;-184.608887;-11.911407;1908.301392;4.471271;0.000000;0.000000;0.000000;0.000000;2.000000;-31.389893;-677.020996;1981.208984;0.386894;0.000000;0.000000;0.000000;0.000000;2.000000;91.065552;-643.890320;2038.109985;0.758418;0.000000;0.000000;0.000000;0.000000;2.000000;213.018555;-381.846069;2109.342285;0.651707;0.000000;0.000000;0.000000;0.000000;2.000000;229.736694;-177.583405;2249.540527;0.145543;0.000000;0.000000;0.000000;0.000000;2.000000;140.142090;-132.416733;2293.673828;0.362853;0.000000;0.000000;0.000000;0.000000;0.000000;36.962280;-89.201981;2303.411621;0.339739;0.000000;0.000000;0.000000;0.000000;0.000000;83.130493;-189.811966;2280.369141;0.369351;0.000000;0.000000;0.000000;0.000000;0.000000;-92.553467;-137.105835;1976.328125;0.297282;0.000000;0.000000;0.000000;0.000000;2.000000;-219.283813;266.714905;1977.256348;0.279943;0.000000;0.000000;0.000000;0.000000;2.000000;-224.922607;657.035156;1871.292236;0.317325;0.000000;0.000000;0.000000;0.000000;2.000000;-368.999878;779.726318;1929.735229;0.565374;0.000000;0.000000;0.000000;0.000000;2.000000;83.459473;-161.627243;2021.345947;0.268071;0.000000;0.000000;0.000000;0.000000;2.000000;131.221924;247.048752;2118.556885;0.506216;0.000000;0.000000;0.000000;0.000000;2.000000;190.686890;651.440796;2117.392090;0.618425;0.000000;0.000000;0.000000;0.000000;2.000000;179.662476;766.297729;2258.430176;0.107175;0.000000;0.000000;0.000000;0.000000;2.000000;-88.634888;-792.592834;1991.008789;0.129270;0.000000;0.000000;0.000000;0.000000;2.000000;-141.227295;-750.188843;2146.881104;1.220961;0.000000;0.000000;0.000000;0.000000;2.000000;-166.630737;-797.349609;2121.738281;1.085945;0.000000;0.000000;0.000000;0.000000;2.000000;-189.935913;-837.163818;1995.903076;0.518587;0.000000;0.000000;0.000000;0.000000;2.000000;-115.567139;-798.327881;2142.877930;1.082160;0.000000;0.000000;0.000000;0.000000;2.000000;-26.528442;-858.992371;2055.820068;0.435176;0.000000;0.000000;0.000000;0.000000;2.000000;12801899520.000000
0.000000;-150.000000;2000.000000;0.000000;0.000000;0.000000;0.000000;0.000000;2.000000;-19.263916;-336.808258;1977.272217;0.047938;0.000000;0.000000;0.000000;0.000000;2.000000;-33.855591;-485.534668;1954.066040;0.043316;0.000000;0.000000;0.000000;0.000000;2.000000;-60.002808;-713.866272;1967.282349;0.341061;0.000000;0.000000;0.000000;0.000000;2.000000;-89.189331;-673.324219;1952.944214;0.247360;0.000000;0.000000;0.000000;0.000000;2.000000;-212.611877;-594.992371;1912.862305;0.358331;0.000000;0.000000;0.000000;0.000000;2.000000;-260.155579;-308.466461;1874.132813;0.557160;0.000000;0.000000;0.000000;0.000000;2.000000;-298.185608;-66.154976;1856.238403;0.962349;0.000000;0.000000;0.000000;0.000000;2.000000;-295.271729;-10.082260;1941.515869;1.244651;0.000000;0.000000;0.000000;0.000000;2.000000;-255.874390;92.238838;1974.762085;0.496403;0.000000;0.000000;0.000000;0.000000;0.000000;-188.984070;26.000711;1920.263794;1.183553;0.000000;0.000000;0.000000;0.000000;2.000000;-21.610962;-679.142151;1975.104980;0.346862;0.000000;0.000000;0.000000;0.000000;2.000000;104.086426;-641.007446;2021.910278;0.620945;0.000000;0.000000;0.000000;0.000000;2.000000;205.837036;-364.383728;2069.481445;1.305239;0.000000;0.000000;0.000000;0.000000;2.000000;207.380493;-156.903320;2207.219238;1.542962;0.000000;0.000000;0.000000;0.000000;1.000000;136.313721;-113.421005;2278.945801;0.720273;0.000000;0.000000;0.000000;0.000000;0.000000;27.990234;-96.515862;2304.696289;0.344652;0.000000;0.000000;0.000000;0.000000;0.000000;73.189087;-187.130981;2275.708008;0.334471;0.000000;0.000000;0.000000;0.000000;0.000000;-94.994873;-138.519165;1986.151855;0.302461;0.000000;0.000000;0.000000;0.000000;2.000000;-217.219238;267.882751;1995.568359;0.546431;0.000000;0.000000;0.000000;0.000000;2.000000;-222.492004;653.998230;1871.218872;0.115131;0.000000;0.000000;0.000000;0.000000;2.000000;-323.098206;806.881775;1948.442871;1.672545;0.000000;0.000000;0.000000;0.000000;2.000000;85.661011;-160.352753;2012.487549;0.272740;0.000000;0.000000;0.000000;0.000000;2.000000;137.232666;249.158813;2109.663086;0.323742;0.000000;0.000000;0.000000;0.000000;2.000000;187.110229;656.044983;2106.133057;0.375207;0.000000;0.000000;0.000000;0.000000;2.000000;195.705566;776.017639;2243.734375;0.705169;0.000000;0.000000;0.000000;0.000000;2.000000;-74.020874;-797.337280;1985.674927;0.481308;0.000000;0.000000;0.000000;0.000000;2.000000;-156.430969;-778.264343;2133.578125;1.023566;0.000000;0.000000;0.000000;0.000000;2.000000;-178.203613;-818.171204;2095.424316;1.050396;0.000000;0.000000;0.000000;0.000000;1.000000;-176.343323;-833.526001;1961.897095;1.089079;0.000000;0.000000;0.000000;0.000000;1.000000;-132.694824;-827.106445;2125.796875;1.112519;0.000000;0.000000;0.000000;0.000000;2.000000;-29.951416;-879.177795;2048.126465;0.647237;0.000000;0.000000;0.000000;0.000000;2.000000;12801933312.000000
0.000000;-150.000000;2000.000000;0.000000;0.000000;0.000000;0.000000;0.000000;2.000000;-19.606812;-337.210266;1972.459961;0.143264;0.000000;0.000000;0.000000;0.000000;2.000000;-35.957764;-482.220764;1929.625610;0.732525;0.000000;0.000000;0.000000;0.000000;2.000000;-49.062988;-711.984863;1954.744019;0.495562;0.000000;0.000000;0.000000;0.000000;2.000000;-82.775879;-672.492493;1948.785034;0.227543;0.000000;0.000000;0.000000;0.000000;2.000000;-215.494507;-597.524963;1947.521484;1.031929;0.000000;0.000000;0.000000;0.000000;2.000000;-258.896729;-310.576477;1896.459595;0.664701;0.000000;0.000000;0.000000;0.000000;2.000000;-281.492859;-64.344215;1891.371338;1.152316;0.000000;0.000000;0.000000;0.000000;2.000000;-289.953857;-9.199081;1977.571411;1.078844;0.000000;0.000000;0.000000;0.000000;0.000000;-235.086975;90.213837;1997.130249;0.905633;0.000000;0.000000;0.000000;0.000000;0.000000;-205.905701;51.865101;1956.548096;1.410512;0.000000;0.000000;0.000000;0.000000;0.000000;-11.104980;-675.787231;1950.174927;0.806717;0.000000;0.000000;0.000000;0.000000;2.000000;118.753174;-622.970032;1946.652466;2.330929;0.000000;0.000000;0.000000;0.000000;2.000000;118.211792;-323.146851;1930.753784;5.006699;0.000000;0.000000;0.000000;0.000000;2.000000;102.445068;-149.441574;2110.484375;4.229261;0.000000;0.000000;0.000000;0.000000;1.000000;111.533813;-110.293732;2213.478027;2.073578;0.000000;0.000000;0.000000;0.000000;0.000000;54.800659;-117.715378;2311.216309;1.029697;0.000000;0.000000;0.000000;0.000000;0.000000;84.326416;-192.803802;2257.767578;0.647048;0.000000;0.000000;0.000000;0.000000;0.000000;-96.637207;-140.648422;2005.230103;0.570159;0.000000;0.000000;0.000000;0.000000;2.000000;-207.079285;271.277191;2023.989868;0.898629;0.000000;0.000000;0.000000;0.000000;2.000000;-209.055115;652.624207;1879.036255;0.461827;0.000000;0.000000;0.000000;0.000000;2.000000;-291.369690;805.565002;1977.723389;1.278252;0.000000;0.000000;0.000000;0.000000;2.000000;87.141968;-158.432739;1995.283813;0.514139;0.000000;0.000000;0.000000;0.000000;2.000000;151.123413;249.298798;2102.528809;0.462132;0.000000;0.000000;0.000000;0.000000;2.000000;189.517334;659.729065;2096.689941;0.308304;0.000000;0.000000;0.000000;0.000000;2.000000;226.196899;782.209717;2228.724121;1.022289;0.000000;0.000000;0.000000;0.000000;2.000000;-54.130981;-795.697021;1978.277222;0.629864;0.000000;0.000000;0.000000;0.000000;2.000000;-110.113037;-807.767273;2139.770020;1.635418;0.000000;0.000000;0.000000;0.000000;2.000000;-134.873291;-844.298096;2099.587158;1.502388;0.000000;0.000000;0.000000;0.000000;2.000000;-155.943909;-840.095459;1966.125854;0.646436;0.000000;0.000000;0.000000;0.000000;2.000000;-83.714478;-852.131775;2120.314453;1.635762;0.000000;0.000000;0.000000;0.000000;2.000000;8.071533;-880.361267;2018.837769;1.420754;0.000000;0.000000;0.000000;0.000000;2.000000;12801967104.000000
0.000000;-150.000000;2000.000000;0.000000;0.000000;0.000000;0.000000;0.000000;2.000000;-18.327637;-337.409302;1969.581177;0.096328;0.000000;0.000000;0.000000;0.000000;2.000000;-34.694092;-483.586060;1929.357300;0.057361;0.000000;0.000000;0.000000;0.000000;2.000000;-40.845093;-715.391479;1939.766357;0.531627;0.000000;0.000000;0.000000;0.000000;2.000000;-75.874634;-676.446289;1938.193848;0.404209;0.000000;0.000000;0.000000;0.000000;2.000000;-212.284729;-607.970581;1946.141602;0.336134;0.000000;0.000000;0.000000;0.000000;2.000000;-247.238953;-317.244385;1906.773560;0.516769;0.000000;0.000000;0.000000;0.000000;2.000000;-257.952209;-70.395210;1927.834229;1.337324;0.000000;0.000000;0.000000;0.000000;2.000000;-302.768250;-22.362049;2007.103271;1.061382;0.000000;0.000000;0.000000;0.000000;0.000000;-232.933044;69.115707;2017.176880;0.890589;0.000000;0.000000;0.000000;0.000000;0.000000;-220.151245;55.139313;1996.656494;1.302761;0.000000;0.000000;0.000000;0.000000;0.000000;-3.981567;-677.828674;1935.662109;0.497289;0.000000;0.000000;0.000000;0.000000;2.000000;124.463867;-620.912598;1929.975708;0.541598;0.000000;0.000000;0.000000;0.000000;2.000000;115.843506;-320.418762;1913.954468;0.524395;0.000000;0.000000;0.000000;0.000000;2.000000;98.272583;-127.041122;2073.189941;1.333749;0.000000;0.000000;0.000000;0.000000;1.000000;104.574829;-102.413422;2181.086914;1.039262;0.000000;0.000000;0.000000;0.000000;0.000000;60.862915;-113.364517;2285.318848;0.822481;0.000000;0.000000;0.000000;0.000000;0.000000;87.167603;-184.617279;2215.270020;1.323610;0.000000;0.000000;0.000000;0.000000;0.000000;-96.444702;-142.533630;2012.108643;0.217737;0.000000;0.000000;0.000000;0.000000;2.000000;-192.235596;273.502350;2042.794678;0.734268;0.000000;0.000000;0.000000;0.000000;2.000000;-200.731323;650.963440;1885.380859;0.323397;0.000000;0.000000;0.000000;0.000000;2.000000;-262.235291;814.403931;1983.477173;0.945575;0.000000;0.000000;0.000000;0.000000;2.000000;86.968384;-156.732758;1989.081299;0.196338;0.000000;0.000000;0.000000;0.000000;2.000000;153.905151;252.893723;2091.721191;0.357806;0.000000;0.000000;0.000000;0.000000;2.000000;189.182983;664.734253;2088.563477;0.291444;0.000000;0.000000;0.000000;0.000000;2.000000;221.156738;784.484253;2224.936523;0.204542;0.000000;0.000000;0.000000;0.000000;2.000000;-42.612183;-800.797424;1957.942505;0.730000;0.000000;0.000000;0.000000;0.000000;2.000000;-107.308960;-836.859802;2112.958496;1.210397;0.000000;0.000000;0.000000;0.000000;2.000000;-132.005981;-864.510498;2065.982910;1.199930;0.000000;0.000000;0.000000;0.000000;2.000000;-146.182007;-836.289673;1934.173828;1.026185;0.000000;0.000000;0.000000;0.000000;2.000000;-82.300293;-878.898010;2087.128418;1.301833;0.000000;0.000000;0.000000;0.000000;2.000000;13.054321;-895.010498;1985.782471;1.113821;0.000000;0.000000;0.000000;0.000000;2.000000;12801999872.000000
0.000000;-150.000000;2000.000000;0.000000;0.000000;0.000000;0.000000;0.000000;2.000000;-18.851318;-337.540222;1967.272461;0.070164;0.000000;0.000000;0.000000;0.000000;2.000000;-35.564209;-485.633606;1932.928345;0.124508;0.000000;0.000000;0.000000;0.000000;2.000000;-42.205566;-718.322571;1935.945801;0.148079;0.000000;0.000000;0.000000;0.000000;2.000000;-77.078979;-679.121826;1939.043701;0.090397;0.000000;0.000000;0.000000;0.000000;2.000000;-213.849854;-614.340576;1963.427368;0.547126;0.000000;0.000000;0.000000;0.000000;2.000000;-254.495667;-323.105652;1926.851685;0.655162;0.000000;0.000000;0.000000;0.000000;2.000000;-262.814087;-75.882202;1952.668457;0.766267;0.000000;0.000000;0.000000;0.000000;2.000000;-297.142944;-18.132801;2031.079102;0.739448;0.000000;0.000000;0.000000;0.000000;0.000000;-224.969604;72.463570;2028.154419;0.413380;0.000000;0.000000;0.000000;0.000000;0.000000;-213.842224;53.091698;2011.308472;0.475954;0.000000;0.000000;0.000000;0.000000;0.000000;-5.548706;-680.645142;1929.634277;0.202280;0.000000;0.000000;0.000000;0.000000;2.000000;122.804565;-623.370361;1918.164795;0.360366;0.000000;0.000000;0.000000;0.000000;2.000000;111.038696;-322.044678;1903.135742;0.353599;0.000000;0.000000;0.000000;0.000000;2.000000;100.367310;-115.857941;2047.372437;0.834913;0.000000;0.000000;0.000000;0.000000;1.000000;101.454468;-99.975433;2157.404053;0.710571;0.000000;0.000000;0.000000;0.000000;0.000000;62.584961;-109.466476;2264.034180;0.642373;0.000000;0.000000;0.000000;0.000000;0.000000;87.622681;-179.629318;2185.980469;0.879342;0.000000;0.000000;0.000000;0.000000;0.000000;-95.412109;-143.986893;2020.501221;0.253901;0.000000;0.000000;0.000000;0.000000;2.000000;-177.379211;275.001831;2065.364502;0.800844;0.000000;0.000000;0.000000;0.000000;2.000000;-196.411743;646.315979;1891.935669;0.269966;0.000000;0.000000;0.000000;0.000000;2.000000;-242.715088;815.266418;1990.254272;0.612014;0.000000;0.000000;0.000000;0.000000;2.000000;86.037354;-155.422272;1981.512939;0.228965;0.000000;0.000000;0.000000;0.000000;2.000000;161.927612;252.620453;2089.346924;0.247718;0.000000;0.000000;0.000000;0.000000;2.000000;187.432861;666.397400;2085.900391;0.106374;0.000000;0.000000;0.000000;0.000000;2.000000;229.888306;787.526245;2218.887207;0.326981;0.000000;0.000000;0.000000;0.000000;2.000000;-42.792969;-804.554138;1951.320190;0.225373;0.000000;0.000000;0.000000;0.000000;2.000000;-86.555420;-841.573059;2113.814453;0.630304;0.000000;0.000000;0.000000;0.000000;2.000000;-112.819458;-873.655457;2070.418213;0.642528;0.000000;0.000000;0.000000;0.000000;2.000000;-143.893677;-852.218079;1939.827148;0.504738;0.000000;0.000000;0.000000;0.000000;2.000000;-59.712524;-881.702209;2086.483887;0.673837;0.000000;0.000000;0.000000;0.000000;2.000000;25.979370;-891.203186;1975.554443;0.500604;0.000000;0.000000;0.000000;0.000000;2.000000;12802033664.000000
0.000000;-150.000000;2000.000000;0.000000;0.000000;0.000000;0.000000;0.000000;2.000000;-19.550171;-337.885834;1968.992676;0.057637;0.000000;0.000000;0.000000;0.000000;2.000000;-36.757813;-486.672028;1937.575439;0.149811;0.000000;0.000000;0.000000;0.000000;2.000000;-39.828735;-719.592041;1939.972412;0.147859;0.000000;0.000000;0.000000;0.000000;2.000000;-75.227539;-680.907349;1944.023438;0.171045;0.000000;0.000000;0.000000;0.000000;2.000000;-213.757996;-618.756226;1965.797974;0.152972;0.000000;0.000000;0.000000;0.000000;2.000000;-255.989197;-326.559113;1938.273193;0.366983;0.000000;0.000000;0.000000;0.000000;2.000000;-259.147949;-82.867516;1988.660645;1.124469;0.000000;0.000000;0.000000;0.000000;2.000000;-283.790527;-30.865376;2074.473633;1.439023;0.000000;0.000000;0.000000;0.000000;0.000000;-215.173523;61.332855;2059.187500;1.049604;0.000000;0.000000;0.000000;0.000000;0.000000;-207.968384;47.060913;2040.550293;0.928636;0.000000;0.000000;0.000000;0.000000;0.000000;-3.878418;-681.321777;1932.921875;0.114414;0.000000;0.000000;0.000000;0.000000;2.000000;124.328125;-624.908691;1915.814087;0.097530;0.000000;0.000000;0.000000;0.000000;2.000000;136.285400;-324.294067;1888.132446;0.898873;0.000000;0.000000;0.000000;0.000000;2.000000;145.765381;-72.957176;1904.016724;4.772107;0.000000;0.000000;0.000000;0.000000;2.000000;152.134277;-32.201057;2007.334717;5.257764;0.000000;0.000000;0.000000;0.000000;0.000000;100.653931;-53.139656;2106.828125;5.226950;0.000000;0.000000;0.000000;0.000000;0.000000;125.154175;-137.375626;2045.364380;4.624886;0.000000;0.000000;0.000000;0.000000;0.000000;-94.708374;-144.076569;2023.820923;0.103597;0.000000;0.000000;0.000000;0.000000;2.000000;-162.844360;275.932617;2082.718994;0.691415;0.000000;0.000000;0.000000;0.000000;2.000000;-195.305542;639.131836;1894.138916;0.231793;0.000000;0.000000;0.000000;0.000000;2.000000;-231.345886;814.382568;1985.762085;0.374036;0.000000;0.000000;0.000000;0.000000;2.000000;85.402710;-155.341431;1978.519775;0.093407;0.000000;0.000000;0.000000;0.000000;2.000000;163.345093;254.444412;2079.132324;0.319597;0.000000;0.000000;0.000000;0.000000;2.000000;186.252563;668.653809;2078.833008;0.229253;0.000000;0.000000;0.000000;0.000000;2.000000;230.298340;785.813354;2214.985596;0.130638;0.000000;0.000000;0.000000;0.000000;2.000000;-38.756104;-805.923462;1955.077759;0.173416;0.000000;0.000000;0.000000;0.000000;2.000000;-75.366089;-832.839355;2121.400879;0.491165;0.000000;0.000000;0.000000;0.000000;2.000000;-103.245972;-867.718140;2081.237305;0.476657;0.000000;0.000000;0.000000;0.000000;2.000000;-139.993652;-854.659180;1950.922241;0.366554;0.000000;0.000000;0.000000;0.000000;2.000000;-49.418335;-874.525757;2095.501465;0.471582;0.000000;0.000000;0.000000;0.000000;2.000000;31.610229;-890.649170;1981.754272;0.256150;0.000000;0.000000;0.000000;0.000000;2.000000;12802066432.000000
0.000000;-150.000000;2000.000000;0.000000;0.000000;0.000000;0.000000;0.000000;2.000000;-20.473755;-338.066833;1969.797852;0.036653;0.000000;0.000000;0.000000;0.000000;2.000000;-37.932251;-487.698669;1942.200684;0.144449;0.000000;0.000000;0.000000;0.000000;2.000000;-43.287598;-720.630920;1934.242920;0.200425;0.000000;0.000000;0.000000;0.000000;2.000000;-78.087891;-681.852783;1941.686035;0.112837;0.000000;0.000000;0.000000;0.000000;2.000000;-219.063477;-623.439575;1958.333862;0.304382;0.000000;0.000000;0.000000;0.000000;2.000000;-253.526978;-328.720947;1955.645996;0.523174;0.000000;0.000000;0.000000;0.000000;2.000000;-256.388184;-87.018524;2015.649536;0.812185;0.000000;0.000000;0.000000;0.000000;2.000000;-264.535522;-44.931465;2109.744629;1.259921;0.000000;0.000000;0.000000;0.000000;0.000000;-206.538269;52.743195;2086.103760;0.874283;0.000000;0.000000;0.000000;0.000000;0.000000;-194.963867;39.196056;2070.274414;0.987928;0.000000;0.000000;0.000000;0.000000;0.000000;-7.283203;-682.345886;1927.246094;0.198196;0.000000;0.000000;0.000000;0.000000;2.000000;123.266357;-634.143127;1903.254883;0.462383;0.000000;0.000000;0.000000;0.000000;2.000000;148.308105;-333.210999;1888.088989;0.442963;0.000000;0.000000;0.000000;0.000000;2.000000;168.529907;-81.928551;1895.652588;0.765229;0.000000;0.000000;0.000000;0.000000;2.000000;190.521729;-39.055771;1996.018677;1.201568;0.000000;0.000000;0.000000;0.000000;0.000000;139.865112;-73.162994;2092.340332;1.371634;0.000000;0.000000;0.000000;0.000000;0.000000;139.662842;-139.308060;2034.127563;0.546067;0.000000;0.000000;0.000000;0.000000;0.000000;-92.911377;-144.774567;2030.445435;0.204170;0.000000;0.000000;0.000000;0.000000;2.000000;-144.596069;277.830597;2089.887451;0.582903;0.000000;0.000000;0.000000;0.000000;2.000000;-208.774658;636.710022;1900.486206;0.446420;0.000000;0.000000;0.000000;0.000000;2.000000;-220.336487;811.132507;2000.040649;0.542160;0.000000;0.000000;0.000000;0.000000;2.000000;83.782227;-154.711990;1972.546021;0.184114;0.000000;0.000000;0.000000;0.000000;2.000000;168.163696;253.205856;2076.877441;0.161647;0.000000;0.000000;0.000000;0.000000;2.000000;188.805664;667.843628;2074.544922;0.149619;0.000000;0.000000;0.000000;0.000000;2.000000;247.984009;785.763672;2204.347656;0.610753;0.000000;0.000000;0.000000;0.000000;2.000000;-42.404175;-807.631714;1945.387939;0.310540;0.000000;0.000000;0.000000;0.000000;2.000000;-52.175537;-837.712891;2115.013672;0.726291;0.000000;0.000000;0.000000;0.000000;2.000000;-84.794800;-873.078857;2078.990723;0.572474;0.000000;0.000000;0.000000;0.000000;2.000000;-141.555298;-859.762207;1955.978638;0.217556;0.000000;0.000000;0.000000;0.000000;2.000000;-29.184326;-878.224426;2084.736328;0.687027;0.000000;0.000000;0.000000;0.000000;2.000000;33.936279;-890.286194;1959.578857;0.659920;0.000000;0.000000;0.000000;0.000000;2.000000;12802100224.000000
0.000000;-150.000000;2000.000000;0.000000;0.000000;0.000000;0.000000;0.000000;2.000000;-18.947021;-339.840057;1974.394165;0.157399;0.000000;0.000000;0.000000;0.000000;2.000000;-36.760010;-490.273193;1947.291260;0.177727;0.000000;0.000000;0.000000;0.000000;2.000000;-44.219116;-724.305298;1940.499268;0.223239;0.000000;0.000000;0.000000;0.000000;2.000000;-78.543823;-685.047729;1949.304932;0.252510;0.000000;0.000000;0.000000;0.000000;2.000000;-220.881165;-627.110291;1962.481079;0.177888;0.000000;0.000000;0.000000;0.000000;2.000000;-253.087952;-330.696808;1964.397095;0.274113;0.000000;0.000000;0.000000;0.000000;2.000000;-261.711121;-89.933487;2032.107300;0.535311;0.000000;0.000000;0.000000;0.000000;2.000000;-248.071960;-50.214012;2127.138184;0.748452;0.000000;0.000000;0.000000;0.000000;0.000000;-182.832947;46.208778;2120.886719;1.299954;0.000000;0.000000;0.000000;0.000000;0.000000;-182.417542;27.868036;2083.397949;0.653077;0.000000;0.000000;0.000000;0.000000;0.000000;-8.090576;-686.139771;1931.769897;0.181856;0.000000;0.000000;0.000000;0.000000;2.000000;121.431641;-641.020630;1895.402344;0.323441;0.000000;0.000000;0.000000;0.000000;2.000000;155.129761;-339.386414;1882.029785;0.336227;0.000000;0.000000;0.000000;0.000000;2.000000;184.293091;-87.882164;1892.830566;0.521384;0.000000;0.000000;0.000000;0.000000;2.000000;273.021851;-52.940208;1951.317017;2.894715;0.000000;0.000000;0.000000;0.000000;0.000000;290.489868;-108.466583;2050.029785;4.894656;0.000000;0.000000;0.000000;0.000000;0.000000;230.997192;-133.081833;2018.933960;2.831988;0.000000;0.000000;0.000000;0.000000;0.000000;-90.923950;-145.964218;2037.358154;0.222487;0.000000;0.000000;0.000000;0.000000;2.000000;-129.241455;279.420593;2101.848145;0.595953;0.000000;0.000000;0.000000;0.000000;2.000000;-211.254333;633.136475;1905.454102;0.201506;0.000000;0.000000;0.000000;0.000000;2.000000;-214.679504;811.559631;2000.381104;0.173440;0.000000;0.000000;0.000000;0.000000;2.000000;81.990112;-153.639236;1966.312744;0.200620;0.000000;0.000000;0.000000;0.000000;2.000000;168.466675;255.961563;2070.845215;0.202600;0.000000;0.000000;0.000000;0.000000;2.000000;188.481934;672.632507;2070.157471;0.198453;0.000000;0.000000;0.000000;0.000000;2.000000;258.996948;790.631287;2195.416016;0.457512;0.000000;0.000000;0.000000;0.000000;2.000000;-43.503540;-811.684937;1952.010498;0.239316;0.000000;0.000000;0.000000;0.000000;2.000000;-57.382813;-836.404175;2123.055176;0.295082;0.000000;0.000000;0.000000;0.000000;2.000000;-88.325073;-873.894958;2087.219238;0.274382;0.000000;0.000000;0.000000;0.000000;1.000000;-142.178833;-866.010864;1961.731689;0.259905;0.000000;0.000000;0.000000;0.000000;1.000000;-32.527588;-877.551819;2094.677246;0.320727;0.000000;0.000000;0.000000;0.000000;1.000000;34.634766;-892.382751;1971.170410;0.360117;0.000000;0.000000;0.000000;0.000000;1.000000;12802132992.000000
0.000000;-150.000000;2000.000000;0.000000;0.000000;0.000000;0.000000;0.000000;2.000000;-15.407837;-341.966614;1975.280396;0.124970;0.000000;0.000000;0.000000;0.000000;2.000000;-35.373047;-491.776855;1939.883057;0.227434;0.000000;0.000000;0.000000;0.000000;2.000000;-43.005249;-727.905762;1936.147949;0.170950;0.000000;0.000000;0.000000;0.000000;2.000000;-76.773926;-688.255371;1947.686523;0.118522;0.000000;0.000000;0.000000;0.000000;2.000000;-217.519409;-633.248779;1984.697876;0.689308;0.000000;0.000000;0.000000;0.000000;2.000000;-269.581421;-337.164978;1993.368286;1.004937;0.000000;0.000000;0.000000;0.000000;2.000000;-262.107971;-95.127655;2064.638672;0.974959;0.000000;0.000000;0.000000;0.000000;2.000000;-268.762512;-72.117004;2166.662598;1.470741;0.000000;0.000000;0.000000;0.000000;0.000000;-204.752991;25.796268;2178.712891;1.927177;0.000000;0.000000;0.000000;0.000000;0.000000;-193.683899;23.260828;2114.880127;0.998855;0.000000;0.000000;0.000000;0.000000;0.000000;-7.574341;-689.463013;1923.724365;0.258054;0.000000;0.000000;0.000000;0.000000;2.000000;124.075073;-649.051453;1884.730103;0.402917;0.000000;0.000000;0.000000;0.000000;2.000000;279.608032;-394.928528;1956.403687;4.595110;0.000000;0.000000;0.000000;0.000000;2.000000;409.418701;-182.785889;2015.441650;8.089274;0.000000;0.000000;0.000000;0.000000;2.000000;483.501587;-167.989975;2099.259033;8.339975;0.000000;0.000000;0.000000;0.000000;0.000000;552.822266;-162.367676;2191.586914;8.964325;0.000000;0.000000;0.000000;0.000000;0.000000;422.400513;-190.350571;2125.832520;6.705381;0.000000;0.000000;0.000000;0.000000;0.000000;-88.995361;-148.507248;2043.878662;0.214835;0.000000;0.000000;0.000000;0.000000;2.000000;-97.355103;279.164734;2126.690430;1.196203;0.000000;0.000000;0.000000;0.000000;2.000000;-206.188721;624.745178;1921.481201;0.555953;0.000000;0.000000;0.000000;0.000000;2.000000;-204.332642;816.238159;1991.457520;0.427385;0.000000;0.000000;0.000000;0.000000;2.000000;80.251099;-151.346085;1960.432617;0.193734;0.000000;0.000000;0.000000;0.000000;2.000000;173.438843;262.154175;2059.205811;0.416982;0.000000;0.000000;0.000000;0.000000;2.000000;197.741577;682.100525;2069.337891;0.392655;0.000000;0.000000;0.000000;0.000000;2.000000;293.871460;796.489746;2182.751709;1.111578;0.000000;0.000000;0.000000;0.000000;2.000000;-41.070557;-815.917603;1948.548950;0.177105;0.000000;0.000000;0.000000;0.000000;2.000000;20.252075;-801.659363;2111.705566;2.539330;0.000000;0.000000;0.000000;0.000000;2.000000;-16.149048;-849.019958;2099.759521;2.289459;0.000000;0.000000;0.000000;0.000000;2.000000;-117.510986;-874.446472;2009.677124;1.615026;0.000000;0.000000;0.000000;0.000000;2.000000;38.123413;-846.578918;2082.837402;2.309579;0.000000;0.000000;0.000000;0.000000;2.000000;51.158691;-884.462036;1945.987305;0.921647;0.000000;0.000000;0.000000;0.000000;2.000000;12802166784.000000
0.000000;-150.000000;2000.000000;0.000000;0.000000;0.000000;0.000000;0.000000;2.000000;-24.024658;-341.090790;1975.514038;0.264416;0.000000;0.000000;0.000000;0.000000;2.000000;-52.045532;-489.462372;1939.586914;0.513763;0.000000;0.000000;0.000000;0.000000;2.000000;-59.364868;-725.561035;1934.868286;0.505867;0.000000;0.000000;0.000000;0.000000;2.000000;-92.193604;-686.093628;1949.348389;0.477872;0.000000;0.000000;0.000000;0.000000;2.000000;-230.755249;-633.788574;1996.941528;0.550490;0.000000;0.000000;0.000000;0.000000;2.000000;-285.563477;-338.746338;2016.436768;0.857800;0.000000;0.000000;0.000000;0.000000;2.000000;-261.270264;-100.275665;2095.473145;0.954361;0.000000;0.000000;0.000000;0.000000;2.000000;-264.934265;-90.905060;2199.777344;1.167764;0.000000;0.000000;0.000000;0.000000;0.000000;-220.752747;14.530281;2172.242188;0.628977;0.000000;0.000000;0.000000;0.000000;0.000000;-217.170959;15.706363;2181.679688;2.173163;0.000000;0.000000;0.000000;0.000000;0.000000;-25.144653;-686.933716;1919.904785;0.554129;0.000000;0.000000;0.000000;0.000000;2.000000;100.796143;-640.489380;1870.274780;0.876112;0.000000;0.000000;0.000000;0.000000;2.000000;266.160767;-391.319580;1937.036011;0.727932;0.000000;0.000000;0.000000;0.000000;2.000000;404.116821;-183.271973;1991.922607;0.735905;0.000000;0.000000;0.000000;0.000000;2.000000;469.413086;-117.375717;2056.142090;2.074154;0.000000;0.000000;0.000000;0.000000;0.000000;514.724976;-69.845322;2151.255615;3.292280;0.000000;0.000000;0.000000;0.000000;0.000000;413.113403;-108.193649;2074.772461;2.965571;0.000000;0.000000;0.000000;0.000000;0.000000;-86.705811;-145.251511;2048.014648;0.175173;0.000000;0.000000;0.000000;0.000000;2.000000;-91.969116;280.571381;2139.893799;0.437282;0.000000;0.000000;0.000000;0.000000;2.000000;-214.194885;624.365845;1939.358521;0.597896;0.000000;0.000000;0.000000;0.000000;2.000000;-210.857910;823.161621;1984.423584;0.361076;0.000000;0.000000;0.000000;0.000000;2.000000;78.186523;-154.281921;1956.703125;0.157958;0.000000;0.000000;0.000000;0.000000;2.000000;167.877319;259.986633;2055.310547;0.217515;0.000000;0.000000;0.000000;0.000000;2.000000;191.401367;679.937988;2065.410645;0.236975;0.000000;0.000000;0.000000;0.000000;2.000000;276.588623;798.182861;2183.491455;0.530436;0.000000;0.000000;0.000000;0.000000;2.000000;-56.222412;-813.637817;1946.472900;0.471875;0.000000;0.000000;0.000000;0.000000;2.000000;13.506836;-802.552246;2106.450684;0.262361;0.000000;0.000000;0.000000;0.000000;1.000000;-21.767822;-850.827148;2094.819092;0.234895;0.000000;0.000000;0.000000;0.000000;1.000000;-126.984009;-877.038330;2009.528809;0.299753;0.000000;0.000000;0.000000;0.000000;1.000000;31.352661;-845.762451;2075.076904;0.315285;0.000000;0.000000;0.000000;0.000000;1.000000;38.123291;-878.503052;1936.471802;0.525023;0.000000;0.000000;0.000000;0.000000;1.000000;12802199552.000000
0.000000;-150.000000;2000.000000;0.000000;0.000000;0.000000;0.000000;0.000000;2.000000;-23.292603;-341.597809;1975.838867;0.028051;0.000000;0.000000;0.000000;0.000000;2.000000;-53.536621;-489.386353;1938.080444;0.062766;0.000000;0.000000;0.000000;0.000000;2.000000;-64.933228;-725.818542;1939.065308;0.206489;0.000000;0.000000;0.000000;0.000000;2.000000;-96.350220;-685.408447;1954.424438;0.195208;0.000000;0.000000;0.000000;0.000000;2.000000;-231.062378;-630.985229;2010.844116;0.419796;0.000000;0.000000;0.000000;0.000000;2.000000;-282.293396;-334.695221;2029.977173;0.429297;0.000000;0.000000;0.000000;0.000000;2.000000;-233.048035;-105.088959;2123.805664;1.191967;0.000000;0.000000;0.000000;0.000000;2.000000;-311.493469;-81.252022;2189.384277;1.440339;0.000000;0.000000;0.000000;0.000000;0.000000;-221.404663;-5.535011;2194.899414;0.895832;0.000000;0.000000;0.000000;0.000000;0.000000;-214.195984;13.774226;2205.602051;0.715671;0.000000;0.000000;0.000000;0.000000;0.000000;-30.887085;-688.049988;1921.390991;0.178615;0.000000;0.000000;0.000000;0.000000;2.000000;91.595093;-642.208069;1862.603394;0.358138;0.000000;0.000000;0.000000;0.000000;2.000000;256.288208;-387.936096;1912.279053;0.795063;0.000000;0.000000;0.000000;0.000000;2.000000;393.848022;-176.800629;1957.845093;1.070509;0.000000;0.000000;0.000000;0.000000;2.000000;462.075439;-102.604324;2009.016602;1.477522;0.000000;0.000000;0.000000;0.000000;0.000000;487.239136;-23.133224;2089.396240;2.433830;0.000000;0.000000;0.000000;0.000000;0.000000;418.510986;-74.671280;2037.138184;1.499985;0.000000;0.000000;0.000000;0.000000;0.000000;-83.607178;-146.605301;2053.681396;0.195282;0.000000;0.000000;0.000000;0.000000;2.000000;-81.470337;278.948425;2150.723877;0.448942;0.000000;0.000000;0.000000;0.000000;2.000000;-201.540283;628.337585;1957.025513;0.653751;0.000000;0.000000;0.000000;0.000000;2.000000;-184.665344;826.757874;2002.464966;0.947189;0.000000;0.000000;0.000000;0.000000;1.000000;75.392212;-153.061142;1951.593140;0.176097;0.000000;0.000000;0.000000;0.000000;2.000000;176.689575;260.248352;2046.577393;0.367228;0.000000;0.000000;0.000000;0.000000;2.000000;205.689819;680.520508;2061.382813;0.439653;0.000000;0.000000;0.000000;0.000000;2.000000;304.813354;787.357239;2180.026367;0.900437;0.000000;0.000000;0.000000;0.000000;2.000000;-62.586792;-813.833374;1952.484863;0.259148;0.000000;0.000000;0.000000;0.000000;2.000000;20.578491;-802.743958;2106.287109;0.209403;0.000000;0.000000;0.000000;0.000000;1.000000;-12.300781;-853.117249;2096.006836;0.290372;0.000000;0.000000;0.000000;0.000000;1.000000;-122.987671;-884.152954;2019.262939;0.375889;0.000000;0.000000;0.000000;0.000000;1.000000;38.442993;-843.664795;2071.814697;0.239162;0.000000;0.000000;0.000000;0.000000;1.000000;34.844482;-871.599060;1931.767212;0.265592;0.000000;0.000000;0.000000;0.000000;1.000000;12802233344.000000
0.000000;-150.000000;2000.000000;0.000000;0.000000;0.000000;0.000000;0.000000;2.000000;-23.576294;-341.663910;1975.178467;0.021360;0.000000;0.000000;0.000000;0.000000;2.000000;-53.772461;-489.818878;1938.225464;0.015197;0.000000;0.000000;0.000000;0.000000;2.000000;-65.355225;-726.379395;1931.810669;0.215688;0.000000;0.000000;0.000000;0.000000;2.000000;-95.695435;-686.518921;1950.569458;0.120289;0.000000;0.000000;0.000000;0.000000;2.000000;-226.059143;-632.009033;2016.690430;0.229721;0.000000;0.000000;0.000000;0.000000;2.000000;-279.750854;-337.300903;2051.520020;0.646553;0.000000;0.000000;0.000000;0.000000;2.000000;-222.435242;-109.978088;2146.950928;0.767269;0.000000;0.000000;0.000000;0.000000;2.000000;-297.450684;-84.917419;2216.144531;0.900879;0.000000;0.000000;0.000000;0.000000;0.000000;-209.612854;-6.253767;2217.577881;0.756718;0.000000;0.000000;0.000000;0.000000;0.000000;-195.338379;0.782524;2245.914307;1.371993;0.000000;0.000000;0.000000;0.000000;0.000000;-32.452026;-687.951416;1913.260620;0.245034;0.000000;0.000000;0.000000;0.000000;2.000000;86.252930;-640.284302;1848.184814;0.458579;0.000000;0.000000;0.000000;0.000000;2.000000;239.037598;-375.955444;1882.964966;1.067162;0.000000;0.000000;0.000000;0.000000;2.000000;366.599487;-155.665619;1912.972900;1.674724;0.000000;0.000000;0.000000;0.000000;2.000000;435.850830;-87.329536;1970.739502;1.445567;0.000000;0.000000;0.000000;0.000000;0.000000;464.158081;-24.347771;2063.835938;1.019789;0.000000;0.000000;0.000000;0.000000;0.000000;388.097412;-60.042091;1974.419067;2.107682;0.000000;0.000000;0.000000;0.000000;0.000000;-82.484497;-147.052109;2055.583496;0.066686;0.000000;0.000000;0.000000;0.000000;2.000000;-71.977295;279.778229;2148.215332;0.291604;0.000000;0.000000;0.000000;0.000000;2.000000;-188.537048;633.558105;1959.565674;0.421415;0.000000;0.000000;0.000000;0.000000;2.000000;-166.614929;831.132324;2007.338135;0.568229;0.000000;0.000000;0.000000;0.000000;1.000000;74.379883;-152.658234;1949.877808;0.060136;0.000000;0.000000;0.000000;0.000000;2.000000;184.493164;257.918518;2048.702148;0.249070;0.000000;0.000000;0.000000;0.000000;2.000000;213.657227;678.652222;2061.145508;0.242275;0.000000;0.000000;0.000000;0.000000;2.000000;308.941406;789.450562;2179.580078;0.137605;0.000000;0.000000;0.000000;0.000000;2.000000;-62.239990;-814.883667;1942.025757;0.311240;0.000000;0.000000;0.000000;0.000000;2.000000;22.878540;-799.769775;2094.598633;0.363349;0.000000;0.000000;0.000000;0.000000;1.000000;-8.995361;-851.069458;2085.456299;0.332749;0.000000;0.000000;0.000000;0.000000;1.000000;-120.104736;-885.719971;2010.661133;0.272443;0.000000;0.000000;0.000000;0.000000;1.000000;41.217773;-840.775146;2060.390381;0.358262;0.000000;0.000000;0.000000;0.000000;1.000000;36.295654;-870.724854;1920.663330;0.332398;0.000000;0.000000;0.000000;0.000000;1.000000;12802267136.000000
0.000000;-150.000000;2000.000000;0.000000;0.000000;0.000000;0.000000;0.000000;2.000000;-24.218140;-342.089661;1976.244263;0.040130;0.000000;0.000000;0.000000;0.000000;2.000000;-55.281860;-490.461121;1939.650269;0.066307;0.000000;0.000000;0.000000;0.000000;2.000000;-68.841553;-727.326355;1932.044189;0.110479;0.000000;0.000000;0.000000;0.000000;2.000000;-98.604370;-687.270691;1951.581665;0.096754;0.000000;0.000000;0.000000;0.000000;2.000000;-228.085510;-632.993896;2020.269653;0.129068;0.000000;0.000000;0.000000;0.000000;2.000000;-279.750732;-338.332458;2062.642578;0.340890;0.000000;0.000000;0.000000;0.000000;2.000000;-220.236023;-112.621399;2161.742676;0.463445;0.000000;0.000000;0.000000;0.000000;2.000000;-291.916138;-100.030647;2237.821533;0.823937;0.000000;0.000000;0.000000;0.000000;0.000000;-201.369751;-25.686459;2253.052734;1.259767;0.000000;0.000000;0.000000;0.000000;0.000000;-188.112305;-20.360573;2275.371582;1.128316;0.000000;0.000000;0.000000;0.000000;0.000000;-35.895630;-688.971741;1913.128174;0.109681;0.000000;0.000000;0.000000;0.000000;2.000000;79.873535;-640.925964;1842.670410;0.258080;0.000000;0.000000;0.000000;0.000000;2.000000;215.827759;-364.875549;1852.139893;1.225138;0.000000;0.000000;0.000000;0.000000;2.000000;330.776489;-135.966797;1870.424683;1.800713;0.000000;0.000000;0.000000;0.000000;2.000000;394.594116;-69.476067;1936.431519;1.725768;0.000000;0.000000;0.000000;0.000000;0.000000;454.340698;2.941952;2004.778564;2.007881;0.000000;0.000000;0.000000;0.000000;0.000000;341.391357;-41.706383;1931.158569;2.021804;0.000000;0.000000;0.000000;0.000000;0.000000;-82.492920;-146.509354;2055.873047;0.018775;0.000000;0.000000;0.000000;0.000000;2.000000;-70.744507;282.607483;2141.385742;0.228714;0.000000;0.000000;0.000000;0.000000;2.000000;-187.031372;636.838257;1951.682251;0.264598;0.000000;0.000000;0.000000;0.000000;2.000000;-164.276611;835.290100;1997.007080;0.347265;0.000000;0.000000;0.000000;0.000000;1.000000;74.387573;-153.147690;1949.616699;0.016931;0.000000;0.000000;0.000000;0.000000;2.000000;185.572876;258.023254;2048.388184;0.034464;0.000000;0.000000;0.000000;0.000000;2.000000;218.711060;679.213318;2062.215820;0.158579;0.000000;0.000000;0.000000;0.000000;2.000000;316.893066;792.192688;2176.718506;0.271138;0.000000;0.000000;0.000000;0.000000;2.000000;-66.239746;-816.077332;1941.708862;0.127749;0.000000;0.000000;0.000000;0.000000;2.000000;23.346191;-796.439392;2091.562744;0.138264;0.000000;0.000000;0.000000;0.000000;1.000000;-6.921753;-849.065125;2083.844971;0.100817;0.000000;0.000000;0.000000;0.000000;1.000000;-119.243347;-888.549438;2012.873535;0.112719;0.000000;0.000000;0.000000;0.000000;1.000000;42.119141;-837.107788;2057.014648;0.154582;0.000000;0.000000;0.000000;0.000000;1.000000;33.756714;-868.498413;1917.492920;0.141355;0.000000;0.000000;0.000000;0.000000;1.000000;12802299904.000000
0.000000;-150.000000;2000.000000;0.000000;0.000000;0.000000;0.000000;0.000000;2.000000;-25.034180;-344.142670;1979.485474;0.116079;0.000000;0.000000;0.000000;0.000000;2.000000;-55.251831;-495.349701;1948.144409;0.290024;0.000000;0.000000;0.000000;0.000000;2.000000;-63.361938;-734.674072;1943.019409;0.423157;0.000000;0.000000;0.000000;0.000000;2.000000;-93.098145;-694.844238;1964.313232;0.467688;0.000000;0.000000;0.000000;0.000000;2.000000;-220.535095;-639.577148;2038.996094;0.628474;0.000000;0.000000;0.000000;0.000000;2.000000;-265.203613;-342.411407;2090.396484;0.935121;0.000000;0.000000;0.000000;0.000000;2.000000;-188.604187;-121.019669;2193.314697;1.345707;0.000000;0.000000;0.000000;0.000000;2.000000;-255.258179;-114.396179;2275.769775;1.618227;0.000000;0.000000;0.000000;0.000000;0.000000;-166.666748;-35.177319;2285.075928;1.425335;0.000000;0.000000;0.000000;0.000000;0.000000;-168.314880;-12.543980;2286.689209;0.713380;0.000000;0.000000;0.000000;0.000000;0.000000;-32.376465;-695.328247;1921.596069;0.330189;0.000000;0.000000;0.000000;0.000000;2.000000;75.788452;-645.351440;1838.815796;0.211606;0.000000;0.000000;0.000000;0.000000;2.000000;192.504028;-357.848816;1824.166504;1.097682;0.000000;0.000000;0.000000;0.000000;2.000000;295.508301;-120.400635;1836.437378;1.520876;0.000000;0.000000;0.000000;0.000000;2.000000;355.818970;-62.598000;1914.571777;1.332882;0.000000;0.000000;0.000000;0.000000;0.000000;431.979614;2.764629;1975.045410;1.100960;0.000000;0.000000;0.000000;0.000000;0.000000;304.570068;-30.850842;1905.935059;1.359297;0.000000;0.000000;0.000000;0.000000;0.000000;-82.412842;-145.449280;2057.503418;0.057598;0.000000;0.000000;0.000000;0.000000;2.000000;-64.820435;289.492218;2132.206543;0.382139;0.000000;0.000000;0.000000;0.000000;2.000000;-173.476013;648.143677;1937.979614;0.661267;0.000000;0.000000;0.000000;0.000000;2.000000;-145.378540;847.370361;1985.255127;0.749334;0.000000;0.000000;0.000000;0.000000;1.000000;74.315308;-154.103592;1948.146484;0.051939;0.000000;0.000000;0.000000;0.000000;2.000000;200.085205;255.419724;2053.584473;0.462621;0.000000;0.000000;0.000000;0.000000;2.000000;237.797974;680.061890;2067.222168;0.584481;0.000000;0.000000;0.000000;0.000000;2.000000;341.472656;792.087402;2180.626465;0.736522;0.000000;0.000000;0.000000;0.000000;2.000000;-57.869629;-824.046631;1953.210205;0.482507;0.000000;0.000000;0.000000;0.000000;2.000000;-7.927368;-853.650879;2120.710449;2.113510;0.000000;0.000000;0.000000;0.000000;2.000000;-47.019287;-894.203735;2095.405273;1.819162;0.000000;0.000000;0.000000;0.000000;2.000000;-143.884766;-889.227051;1994.644897;0.907270;0.000000;0.000000;0.000000;0.000000;2.000000;9.203979;-892.560181;2082.625000;2.053294;0.000000;0.000000;0.000000;0.000000;2.000000;30.483398;-898.806396;1939.790405;1.117678;0.000000;0.000000;0.000000;0.000000;2.000000;12802333696.000000
0.000000;-150.000000;2000.000000;0.000000;0.000000;0.000000;0.000000;0.000000;2.000000;-18.946167;-344.842316;1985.042236;0.252451;0.000000;0.000000;0.000000;0.000000;2.000000;-43.114624;-497.714325;1958.931396;0.500769;0.000000;0.000000;0.000000;0.000000;2.000000;-55.944580;-736.115356;1949.816040;0.310153;0.000000;0.000000;0.000000;0.000000;2.000000;-84.833923;-696.163330;1971.696289;0.340578;0.000000;0.000000;0.000000;0.000000;2.000000;-215.415955;-645.348267;2043.212524;0.268294;0.000000;0.000000;0.000000;0.000000;2.000000;-244.574829;-348.999512;2104.934082;0.795972;0.000000;0.000000;0.000000;0.000000;2.000000;-187.984070;-122.696686;2208.532715;0.467612;0.000000;0.000000;0.000000;0.000000;2.000000;-218.592163;-127.409668;2309.875000;1.578946;0.000000;0.000000;0.000000;0.000000;0.000000;-131.622559;-46.572350;2316.325195;1.474494;0.000000;0.000000;0.000000;0.000000;0.000000;-152.361450;-33.390724;2319.639648;1.285667;0.000000;0.000000;0.000000;0.000000;0.000000;-24.238281;-697.138428;1929.129883;0.342919;0.000000;0.000000;0.000000;0.000000;2.000000;81.105469;-655.619507;1838.996216;0.352919;0.000000;0.000000;0.000000;0.000000;2.000000;174.005005;-361.964996;1805.062744;0.821207;0.000000;0.000000;0.000000;0.000000;2.000000;256.218872;-117.275024;1791.805908;1.817115;0.000000;0.000000;0.000000;0.000000;2.000000;320.826172;-51.729897;1859.245850;2.025128;0.000000;0.000000;0.000000;0.000000;0.000000;381.597778;19.076147;1929.635986;2.128896;0.000000;0.000000;0.000000;0.000000;0.000000;264.136353;-31.169079;1865.223877;1.751078;0.000000;0.000000;0.000000;0.000000;0.000000;-84.173645;-145.997131;2054.476074;0.108178;0.000000;0.000000;0.000000;0.000000;2.000000;-58.943481;288.401489;2123.433350;0.323971;0.000000;0.000000;0.000000;0.000000;2.000000;-151.105225;655.055908;1938.107788;0.714559;0.000000;0.000000;0.000000;0.000000;2.000000;-118.510925;851.862671;1990.145874;0.844609;0.000000;0.000000;0.000000;0.000000;1.000000;75.903076;-153.609573;1950.876587;0.097554;0.000000;0.000000;0.000000;0.000000;2.000000;213.285522;250.727051;2057.244141;0.441886;0.000000;0.000000;0.000000;0.000000;2.000000;260.284790;673.211182;2075.195557;0.757527;0.000000;0.000000;0.000000;0.000000;2.000000;373.482666;785.285278;2178.173096;1.001483;0.000000;0.000000;0.000000;0.000000;2.000000;-52.250977;-825.514282;1958.491089;0.239541;0.000000;0.000000;0.000000;0.000000;2.000000;11.936646;-849.240845;2121.548340;0.621488;0.000000;0.000000;0.000000;0.000000;1.000000;-24.477295;-893.503540;2098.988770;0.696893;0.000000;0.000000;0.000000;0.000000;1.000000;-127.955383;-898.662354;2005.561401;0.655908;0.000000;0.000000;0.000000;0.000000;1.000000;30.118164;-886.287354;2082.321777;0.666405;0.000000;0.000000;0.000000;0.000000;1.000000;41.765625;-890.907593;1938.681519;0.421661;0.000000;0.000000;0.000000;0.000000;1.000000;12802366464.000000
0.000000;-150.000000;2000.000000;0.000000;0.000000;0.000000;0.000000;0.000000;2.000000;-20.631714;-342.680176;1984.718750;0.081692;0.000000;0.000000;0.000000;0.000000;2.000000;-45.976318;-493.787354;1958.768921;0.143873;0.000000;0.000000;0.000000;0.000000;2.000000;-62.429382;-729.545654;1948.640503;0.275381;0.000000;0.000000;0.000000;0.000000;2.000000;-89.830017;-689.718262;1971.334961;0.241559;0.000000;0.000000;0.000000;0.000000;2.000000;-216.482300;-637.846924;2045.686401;0.235867;0.000000;0.000000;0.000000;0.000000;2.000000;-235.758667;-348.389069;2126.297852;0.684169;0.000000;0.000000;0.000000;0.000000;2.000000;-163.146057;-136.954071;2244.128418;1.351991;0.000000;0.000000;0.000000;0.000000;2.000000;-154.963989;-160.744171;2345.984131;2.379159;0.000000;0.000000;0.000000;0.000000;0.000000;-98.277771;-57.629395;2342.149658;1.290272;0.000000;0.000000;0.000000;0.000000;0.000000;-116.732666;-51.801186;2352.947266;1.542734;0.000000;0.000000;0.000000;0.000000;0.000000;-31.047607;-691.286377;1927.534058;0.269863;0.000000;0.000000;0.000000;0.000000;2.000000;73.066040;-648.203186;1839.014648;0.323679;0.000000;0.000000;0.000000;0.000000;2.000000;146.610840;-354.531281;1789.352783;0.960059;0.000000;0.000000;0.000000;0.000000;2.000000;211.551514;-108.756577;1759.926147;1.643415;0.000000;0.000000;0.000000;0.000000;2.000000;275.410034;-38.973137;1821.680908;1.784543;0.000000;0.000000;0.000000;0.000000;0.000000;320.691284;30.015732;1902.808838;1.995918;0.000000;0.000000;0.000000;0.000000;0.000000;219.675049;-16.695065;1823.663940;1.851274;0.000000;0.000000;0.000000;0.000000;0.000000;-82.973450;-145.433548;2054.447754;0.039247;0.000000;0.000000;0.000000;0.000000;2.000000;-59.394287;284.507050;2124.125977;0.117814;0.000000;0.000000;0.000000;0.000000;2.000000;-139.311890;651.965576;1944.235474;0.403789;0.000000;0.000000;0.000000;0.000000;2.000000;-103.493958;844.860413;2000.558472;0.579115;0.000000;0.000000;0.000000;0.000000;1.000000;74.820923;-154.117767;1950.902100;0.035387;0.000000;0.000000;0.000000;0.000000;2.000000;214.813110;245.732040;2052.750000;0.203913;0.000000;0.000000;0.000000;0.000000;2.000000;272.350830;662.222229;2078.707275;0.494012;0.000000;0.000000;0.000000;0.000000;2.000000;388.935303;765.523376;2183.612305;0.759620;0.000000;0.000000;0.000000;0.000000;2.000000;-59.851257;-818.156250;1956.576782;0.318132;0.000000;0.000000;0.000000;0.000000;2.000000;14.276123;-842.814880;2113.261475;0.317952;0.000000;0.000000;0.000000;0.000000;1.000000;-20.310669;-888.055176;2091.438721;0.301859;0.000000;0.000000;0.000000;0.000000;1.000000;-127.472656;-896.551453;2004.705200;0.068907;0.000000;0.000000;0.000000;0.000000;1.000000;32.164063;-877.041077;2072.197021;0.410253;0.000000;0.000000;0.000000;0.000000;1.000000;35.662720;-876.330383;1929.486694;0.541059;0.000000;0.000000;0.000000;0.000000;1.000000;12802400256.000000
0.000000;-150.000000;2000.000000;0.000000;0.000000;0.000000;0.000000;0.000000;2.000000;-18.427368;-342.698669;1985.551636;0.071915;0.000000;0.000000;0.000000;0.000000;2.000000;-38.581055;-495.371338;1966.375977;0.327359;0.000000;0.000000;0.000000;0.000000;2.000000;-55.065308;-730.800110;1956.217773;0.324719;0.000000;0.000000;0.000000;0.000000;2.000000;-81.873352;-691.096558;1979.652344;0.353776;0.000000;0.000000;0.000000;0.000000;2.000000;-203.193909;-628.457092;2054.154541;0.559779;0.000000;0.000000;0.000000;0.000000;2.000000;-213.116455;-340.630005;2140.548340;0.850094;0.000000;0.000000;0.000000;0.000000;2.000000;-137.495911;-143.101608;2278.207764;1.315135;0.000000;0.000000;0.000000;0.000000;2.000000;-99.834229;-127.989334;2374.802246;2.145508;0.000000;0.000000;0.000000;0.000000;0.000000;-33.745483;-32.064720;2358.884277;2.178967;0.000000;0.000000;0.000000;0.000000;0.000000;-56.445862;-64.898621;2381.007324;2.068319;0.000000;0.000000;0.000000;0.000000;0.000000;-24.308472;-692.523987;1934.421509;0.296484;0.000000;0.000000;0.000000;0.000000;2.000000;75.831299;-652.460205;1840.389282;0.160496;0.000000;0.000000;0.000000;0.000000;2.000000;128.145874;-356.446777;1781.236450;0.618310;0.000000;0.000000;0.000000;0.000000;2.000000;171.823853;-109.516403;1731.979492;1.482501;0.000000;0.000000;0.000000;0.000000;2.000000;231.449463;-44.666153;1802.445557;1.474647;0.000000;0.000000;0.000000;0.000000;0.000000;277.039673;18.687241;1887.667114;1.451774;0.000000;0.000000;0.000000;0.000000;0.000000;174.618408;-29.146740;1815.807617;1.446568;0.000000;0.000000;0.000000;0.000000;0.000000;-80.519653;-146.638626;2057.863770;0.133521;0.000000;0.000000;0.000000;0.000000;2.000000;-47.918945;284.089233;2113.973633;0.467754;0.000000;0.000000;0.000000;0.000000;2.000000;-116.249084;662.163147;1953.701416;0.821987;0.000000;0.000000;0.000000;0.000000;2.000000;-59.365662;842.231323;2030.441040;1.628389;0.000000;0.000000;0.000000;0.000000;1.000000;72.608032;-153.031113;1947.821899;0.120401;0.000000;0.000000;0.000000;0.000000;2.000000;220.962402;243.539627;2048.081787;0.244926;0.000000;0.000000;0.000000;0.000000;2.000000;290.624878;657.091125;2080.998535;0.583452;0.000000;0.000000;0.000000;0.000000;2.000000;421.121216;740.378845;2186.853027;1.250358;0.000000;0.000000;0.000000;0.000000;2.000000;-52.213867;-819.302002;1963.899048;0.324777;0.000000;0.000000;0.000000;0.000000;2.000000;90.480713;-898.118652;2027.105347;3.894852;0.000000;0.000000;0.000000;0.000000;2.000000;42.560791;-933.486389;2014.387451;3.336580;0.000000;0.000000;0.000000;0.000000;1.000000;-94.059265;-915.215210;2009.160400;1.175873;0.000000;0.000000;0.000000;0.000000;1.000000;76.551636;-911.737305;1974.289917;3.447255;0.000000;0.000000;0.000000;0.000000;2.000000;0.724121;-854.310547;1868.104370;2.257758;0.000000;0.000000;0.000000;0.000000;2.000000;12802433024.000000
0.000000;-150.000000;2000.000000;0.000000;0.000000;0.000000;0.000000;0.000000;2.000000;-18.269043;-342.646301;1986.955200;0.041828;0.000000;0.000000;0.000000;0.000000;2.000000;-38.263611;-495.348572;1968.960571;0.077063;0.000000;0.000000;0.000000;0.000000;2.000000;-53.542725;-730.663696;1958.994995;0.093814;0.000000;0.000000;0.000000;0.000000;2.000000;-80.079651;-691.166504;1982.976196;0.111790;0.000000;0.000000;0.000000;0.000000;2.000000;-199.283264;-629.268860;2061.146973;0.238302;0.000000;0.000000;0.000000;0.000000;2.000000;-204.093140;-343.403259;2153.394287;0.471752;0.000000;0.000000;0.000000;0.000000;2.000000;-121.742493;-150.102890;2292.786621;0.668123;0.000000;0.000000;0.000000;0.000000;2.000000;-76.554321;-134.623383;2385.936523;0.788490;0.000000;0.000000;0.000000;0.000000;0.000000;-29.430847;-45.002548;2326.384521;1.043010;0.000000;0.000000;0.000000;0.000000;0.000000;-40.523621;-70.652542;2391.882324;0.595464;0.000000;0.000000;0.000000;0.000000;0.000000;-23.489685;-692.226929;1936.620728;0.069999;0.000000;0.000000;0.000000;0.000000;2.000000;72.251953;-648.141846;1840.028320;0.166327;0.000000;0.000000;0.000000;0.000000;2.000000;104.535889;-351.795776;1770.488525;0.779916;0.000000;0.000000;0.000000;0.000000;2.000000;130.839600;-104.835220;1711.198853;1.366873;0.000000;0.000000;0.000000;0.000000;2.000000;182.222046;-23.659561;1770.146240;1.849932;0.000000;0.000000;0.000000;0.000000;2.000000;215.599731;54.073425;1848.730469;2.393747;0.000000;0.000000;0.000000;0.000000;0.000000;124.484131;-10.989744;1772.339966;2.035795;0.000000;0.000000;0.000000;0.000000;2.000000;-80.377686;-146.297852;2057.894531;0.010962;0.000000;0.000000;0.000000;0.000000;2.000000;-50.358643;284.876404;2108.885254;0.168610;0.000000;0.000000;0.000000;0.000000;2.000000;-104.039734;669.089600;1958.893066;0.442902;0.000000;0.000000;0.000000;0.000000;2.000000;-47.116516;841.845398;2050.507813;0.695818;0.000000;0.000000;0.000000;0.000000;1.000000;72.480103;-153.338394;1947.794067;0.009884;0.000000;0.000000;0.000000;0.000000;2.000000;216.358521;245.582382;2043.534546;0.200808;0.000000;0.000000;0.000000;0.000000;2.000000;301.880981;654.672974;2088.129883;0.400765;0.000000;0.000000;0.000000;0.000000;2.000000;424.157837;722.606628;2212.807129;0.935193;0.000000;0.000000;0.000000;0.000000;2.000000;-50.013855;-819.075317;1966.552124;0.102214;0.000000;0.000000;0.000000;0.000000;2.000000;86.698120;-899.995422;2039.203735;0.379205;0.000000;0.000000;0.000000;0.000000;2.000000;37.340698;-933.714417;2027.825317;0.426668;0.000000;0.000000;0.000000;0.000000;1.000000;-97.853638;-909.010010;2017.540649;0.328374;0.000000;0.000000;0.000000;0.000000;1.000000;73.330322;-916.792969;1987.216309;0.421662;0.000000;0.000000;0.000000;0.000000;2.000000;3.204590;-863.756653;1875.155151;0.356461;0.000000;0.000000;0.000000;0.000000;2.000000;12802466816.000000
0.000000;-150.000000;2000.000000;0.000000;0.000000;0.000000;0.000000;0.000000;2.000000;-12.991516;-345.039307;1990.088867;0.201043;0.000000;0.000000;0.000000;0.000000;2.000000;-27.722839;-500.160645;1975.825439;0.411014;0.000000;0.000000;0.000000;0.000000;2.000000;-32.704041;-738.000916;1964.156494;0.692370;0.000000;0.000000;0.000000;0.000000;2.000000;-60.023743;-699.617737;1990.076660;0.698632;0.000000;0.000000;0.000000;0.000000;2.000000;-178.158508;-636.656677;2071.777832;0.756104;0.000000;0.000000;0.000000;0.000000;2.000000;-180.953979;-348.965088;2167.354980;0.842006;0.000000;0.000000;0.000000;0.000000;2.000000;-75.211426;-156.370316;2295.691406;1.435578;0.000000;0.000000;0.000000;0.000000;2.000000;-40.101257;-139.567032;2393.898926;1.148639;0.000000;0.000000;0.000000;0.000000;0.000000;3.731140;-46.178326;2335.506836;1.050229;0.000000;0.000000;0.000000;0.000000;0.000000;-8.628540;-74.411972;2405.607910;1.065855;0.000000;0.000000;0.000000;0.000000;0.000000;-5.376160;-697.672913;1940.472656;0.589073;0.000000;0.000000;0.000000;0.000000;2.000000;78.309875;-634.340393;1841.472412;0.462081;0.000000;0.000000;0.000000;0.000000;2.000000;102.459167;-336.896301;1761.700195;0.531691;0.000000;0.000000;0.000000;0.000000;2.000000;133.717346;-85.262192;1715.904907;0.620590;0.000000;0.000000;0.000000;0.000000;2.000000;197.798645;-29.898880;1791.840698;0.836988;0.000000;0.000000;0.000000;0.000000;2.000000;246.253845;16.403679;1887.155762;1.889920;0.000000;0.000000;0.000000;0.000000;0.000000;140.314270;-17.145382;1805.892090;1.147652;0.000000;0.000000;0.000000;0.000000;2.000000;-82.331665;-147.400009;2056.755859;0.076777;0.000000;0.000000;0.000000;0.000000;2.000000;-28.642212;285.074799;2111.290039;0.666811;0.000000;0.000000;0.000000;0.000000;2.000000;-71.908936;677.119324;1967.744507;1.046185;0.000000;0.000000;0.000000;0.000000;2.000000;-14.941162;844.462891;2072.580566;1.193433;0.000000;0.000000;0.000000;0.000000;1.000000;74.242126;-152.344543;1948.820679;0.069231;0.000000;0.000000;0.000000;0.000000;2.000000;228.455627;248.192795;2039.727051;0.395142;0.000000;0.000000;0.000000;0.000000;2.000000;328.369934;657.306641;2090.176758;0.814762;0.000000;0.000000;0.000000;0.000000;2.000000;479.653381;716.944092;2186.677979;1.879881;0.000000;0.000000;0.000000;0.000000;1.000000;-24.664368;-827.015869;1970.690918;0.820451;0.000000;0.000000;0.000000;0.000000;2.000000;96.582336;-905.558533;2071.721680;1.051003;0.000000;0.000000;0.000000;0.000000;2.000000;47.481384;-938.868835;2055.906250;0.924607;0.000000;0.000000;0.000000;0.000000;1.000000;-84.466492;-910.531372;2022.303833;0.436111;0.000000;0.000000;0.000000;0.000000;1.000000;90.335632;-927.183167;2019.616089;1.160825;0.000000;0.000000;0.000000;0.000000;2.000000;40.061951;-882.835327;1892.468140;1.372341;0.000000;0.000000;0.000000;0.000000;2.000000;12802499584.000000
0.000000;-150.000000;2000.000000;0.000000;0.000000;0.000000;0.000000;0.000000;2.000000;-17.543213;-346.275421;1985.652466;0.191618;0.000000;0.000000;0.000000;0.000000;2.000000;-33.347046;-502.804626;1971.556519;0.223119;0.000000;0.000000;0.000000;0.000000;2.000000;-31.524841;-742.993530;1960.762817;0.182023;0.000000;0.000000;0.000000;0.000000;2.000000;-58.860718;-704.997864;1988.252563;0.171602;0.000000;0.000000;0.000000;0.000000;2.000000;-175.193359;-645.957581;2077.945801;0.341720;0.000000;0.000000;0.000000;0.000000;2.000000;-177.181885;-352.337677;2164.229980;0.175993;0.000000;0.000000;0.000000;0.000000;2.000000;-52.966858;-151.479782;2265.252441;1.125020;0.000000;0.000000;0.000000;0.000000;2.000000;16.906006;-102.465881;2329.188965;2.778211;0.000000;0.000000;0.000000;0.000000;0.000000;40.607666;14.806015;2326.780762;2.124737;0.000000;0.000000;0.000000;0.000000;0.000000;2.104553;-84.335655;2370.419922;1.127588;0.000000;0.000000;0.000000;0.000000;0.000000;-6.532043;-701.559387;1935.295288;0.194607;0.000000;0.000000;0.000000;0.000000;2.000000;70.706665;-635.639771;1830.887329;0.387588;0.000000;0.000000;0.000000;0.000000;2.000000;91.065552;-336.122467;1746.543701;0.561587;0.000000;0.000000;0.000000;0.000000;2.000000;138.278809;-81.039253;1727.484009;0.388913;0.000000;0.000000;0.000000;0.000000;2.000000;183.506104;-31.791668;1820.830566;0.958127;0.000000;0.000000;0.000000;0.000000;2.000000;242.316162;36.399467;1896.507446;0.663559;0.000000;0.000000;0.000000;0.000000;0.000000;123.774292;-17.321907;1820.942871;0.661800;0.000000;0.000000;0.000000;0.000000;2.000000;-83.333740;-146.713715;2056.937988;0.036344;0.000000;0.000000;0.000000;0.000000;2.000000;-25.947021;289.891571;2108.425293;0.184029;0.000000;0.000000;0.000000;0.000000;2.000000;-68.415344;686.599670;1965.757568;0.304720;0.000000;0.000000;0.000000;0.000000;2.000000;-13.133850;859.427063;2066.354492;0.482605;0.000000;0.000000;0.000000;0.000000;1.000000;75.145752;-152.963394;1948.656372;0.032773;0.000000;0.000000;0.000000;0.000000;2.000000;224.988770;255.940918;2029.215576;0.399825;0.000000;0.000000;0.000000;0.000000;2.000000;322.123901;671.355164;2065.654785;0.856506;0.000000;0.000000;0.000000;0.000000;2.000000;464.166748;744.633057;2170.017578;1.060432;0.000000;0.000000;0.000000;0.000000;1.000000;-20.276978;-832.528076;1967.178101;0.232964;0.000000;0.000000;0.000000;0.000000;2.000000;106.794312;-896.887634;2073.855469;0.401440;0.000000;0.000000;0.000000;0.000000;1.000000;60.116699;-934.998779;2059.322021;0.403913;0.000000;0.000000;0.000000;0.000000;1.000000;-74.532043;-918.497314;2023.148193;0.377656;0.000000;0.000000;0.000000;0.000000;1.000000;102.716309;-921.769287;2022.403198;0.408294;0.000000;0.000000;0.000000;0.000000;1.000000;49.991577;-887.591248;1891.610840;0.326798;0.000000;0.000000;0.000000;0.000000;1.000000;12802533376.000000
0.000000;-150.000000;2000.000000;0.000000;0.000000;0.000000;0.000000;0.000000;2.000000;-18.458435;-345.484680;1987.103149;0.055893;0.000000;0.000000;0.000000;0.000000;2.000000;-34.838623;-501.417236;1974.281006;0.100670;0.000000;0.000000;0.000000;0.000000;2.000000;-38.177673;-740.842957;1971.784424;0.386252;0.000000;0.000000;0.000000;0.000000;2.000000;-65.429504;-701.481201;1996.898804;0.337764;0.000000;0.000000;0.000000;0.000000;2.000000;-181.964661;-643.422852;2085.834717;0.316671;0.000000;0.000000;0.000000;0.000000;2.000000;-190.477661;-342.428833;2133.085205;1.044152;0.000000;0.000000;0.000000;0.000000;2.000000;-46.656799;-146.902573;2213.888672;1.537404;0.000000;0.000000;0.000000;0.000000;2.000000;14.570374;-74.753235;2262.117432;2.148698;0.000000;0.000000;0.000000;0.000000;0.000000;69.077209;25.201925;2297.361816;1.249946;0.000000;0.000000;0.000000;0.000000;0.000000;50.950684;-59.645370;2280.679688;3.110605;0.000000;0.000000;0.000000;0.000000;0.000000;-11.501770;-701.043091;1945.896851;0.346827;0.000000;0.000000;0.000000;0.000000;2.000000;70.462341;-640.321899;1842.769897;0.378021;0.000000;0.000000;0.000000;0.000000;2.000000;83.592957;-344.487427;1749.172363;0.340924;0.000000;0.000000;0.000000;0.000000;2.000000;138.292542;-91.483002;1759.575439;0.998700;0.000000;0.000000;0.000000;0.000000;2.000000;198.991028;-22.225124;1827.373779;0.572386;0.000000;0.000000;0.000000;0.000000;2.000000;241.239929;45.906525;1912.794067;0.558980;0.000000;0.000000;0.000000;0.000000;0.000000;148.022888;-11.819578;1862.311890;1.428344;0.000000;0.000000;0.000000;0.000000;2.000000;-84.111816;-145.684082;2054.965332;0.069759;0.000000;0.000000;0.000000;0.000000;2.000000;-15.768738;287.207581;2108.905029;0.311824;0.000000;0.000000;0.000000;0.000000;2.000000;-50.910461;687.304565;1979.416016;0.657381;0.000000;0.000000;0.000000;0.000000;2.000000;6.845886;843.939209;2101.178223;1.273438;0.000000;0.000000;0.000000;0.000000;1.000000;75.847351;-153.891846;1950.435303;0.062907;0.000000;0.000000;0.000000;0.000000;2.000000;223.569763;254.748383;2026.246094;0.103590;0.000000;0.000000;0.000000;0.000000;2.000000;299.132751;674.245911;2038.834839;1.048880;0.000000;0.000000;0.000000;0.000000;2.000000;446.816345;728.586365;2145.506348;1.007605;0.000000;0.000000;0.000000;0.000000;2.000000;-29.255493;-829.959839;1981.600708;0.508464;0.000000;0.000000;0.000000;0.000000;2.000000;107.240051;-883.378418;2081.240723;0.455806;0.000000;0.000000;0.000000;0.000000;1.000000;64.472107;-925.604675;2067.127441;0.383730;0.000000;0.000000;0.000000;0.000000;1.000000;-71.877930;-922.417603;2036.306396;0.413825;0.000000;0.000000;0.000000;0.000000;1.000000;103.865906;-906.937927;2029.375244;0.486170;0.000000;0.000000;0.000000;0.000000;1.000000;43.197388;-874.850342;1902.199097;0.529871;0.000000;0.000000;0.000000;0.000000;1.000000;12802567168.000000
0.000000;-150.000000;2000.000000;0.000000;0.000000;0.000000;0.000000;0.000000;2.000000;-16.534851;-345.534973;1985.465210;0.077117;0.000000;0.000000;0.000000;0.000000;2.000000;-32.668152;-501.246399;1969.985840;0.146956;0.000000;0.000000;0.000000;0.000000;2.000000;-38.182068;-740.629456;1971.820557;0.006610;0.000000;0.000000;0.000000;0.000000;2.000000;-64.242249;-700.587524;1997.119507;0.045847;0.000000;0.000000;0.000000;0.000000;2.000000;-179.329041;-635.958679;2083.358887;0.253112;0.000000;0.000000;0.000000;0.000000;2.000000;-172.616516;-337.460602;2144.594482;0.665932;0.000000;0.000000;0.000000;0.000000;2.000000;-22.874939;-148.060135;2229.119385;0.862569;0.000000;0.000000;0.000000;0.000000;2.000000;55.427917;-88.745758;2269.492432;1.337046;0.000000;0.000000;0.000000;0.000000;0.000000;129.318176;1.238184;2294.915527;1.979935;0.000000;0.000000;0.000000;0.000000;0.000000;99.331970;-52.188766;2248.942383;1.780409;0.000000;0.000000;0.000000;0.000000;0.000000;-12.030518;-701.535950;1944.372681;0.051480;0.000000;0.000000;0.000000;0.000000;2.000000;66.829956;-643.697144;1837.253296;0.226364;0.000000;0.000000;0.000000;0.000000;2.000000;75.460876;-347.556122;1744.139526;0.306511;0.000000;0.000000;0.000000;0.000000;2.000000;118.034241;-92.242157;1733.696045;1.003243;0.000000;0.000000;0.000000;0.000000;2.000000;190.938171;-59.212166;1815.370361;1.211887;0.000000;0.000000;0.000000;0.000000;2.000000;218.968323;25.990099;1890.719116;1.133674;0.000000;0.000000;0.000000;0.000000;0.000000;154.096375;-12.425716;1856.020996;0.267495;0.000000;0.000000;0.000000;0.000000;2.000000;-80.065369;-147.750031;2060.814453;0.226024;0.000000;0.000000;0.000000;0.000000;2.000000;0.466858;284.788727;2098.050781;0.600553;0.000000;0.000000;0.000000;0.000000;2.000000;-27.615906;690.113647;1984.074219;0.730019;0.000000;0.000000;0.000000;0.000000;2.000000;49.207825;842.169617;2100.994385;1.293923;0.000000;0.000000;0.000000;0.000000;1.000000;72.198425;-152.028900;1945.160889;0.203817;0.000000;0.000000;0.000000;0.000000;2.000000;217.459656;256.633911;2025.386108;0.196899;0.000000;0.000000;0.000000;0.000000;2.000000;265.408386;680.116943;2011.365723;1.339424;0.000000;0.000000;0.000000;0.000000;2.000000;419.918274;757.752930;2090.353027;2.073418;0.000000;0.000000;0.000000;0.000000;2.000000;-29.720398;-829.639160;1982.906372;0.043414;0.000000;0.000000;0.000000;0.000000;2.000000;87.245789;-806.936707;2114.108398;2.611597;0.000000;0.000000;0.000000;0.000000;2.000000;40.587463;-846.015259;2124.449707;3.080733;0.000000;0.000000;0.000000;0.000000;1.000000;-90.182495;-859.388977;2076.800781;2.353509;0.000000;0.000000;0.000000;0.000000;1.000000;85.788269;-859.152344;2091.138672;2.446167;0.000000;0.000000;0.000000;0.000000;2.000000;43.256836;-918.960815;1966.653320;2.383515;0.000000;0.000000;0.000000;0.000000;2.000000;12802599936.000000
0.000000;-150.000000;2000.000000;0.000000;0.000000;0.000000;0.000000;0.000000;2.000000;-20.884644;-344.554382;1981.244385;0.181695;0.000000;0.000000;0.000000;0.000000;2.000000;-36.141113;-500.392517;1967.941040;0.121913;0.000000;0.000000;0.000000;0.000000;2.000000;-41.623230;-739.527100;1970.239624;0.116718;0.000000;0.000000;0.000000;0.000000;2.000000;-66.469727;-699.495667;1996.634399;0.074801;0.000000;0.000000;0.000000;0.000000;2.000000;-175.289734;-629.952148;2086.801758;0.237200;0.000000;0.000000;0.000000;0.000000;2.000000;-173.756897;-328.019897;2126.049316;0.616746;0.000000;0.000000;0.000000;0.000000;2.000000;-36.412964;-130.885971;2213.115234;0.801939;0.000000;0.000000;0.000000;0.000000;2.000000;46.905945;-82.003525;2256.988770;0.490226;0.000000;0.000000;0.000000;0.000000;0.000000;133.732117;-6.111240;2286.581543;0.353819;0.000000;0.000000;0.000000;0.000000;0.000000;102.482239;-53.224670;2221.169922;0.827703;0.000000;0.000000;0.000000;0.000000;0.000000;-16.762512;-700.506165;1941.624512;0.164778;0.000000;0.000000;0.000000;0.000000;2.000000;61.463013;-642.305969;1834.436157;0.184037;0.000000;0.000000;0.000000;0.000000;2.000000;75.136780;-344.354797;1749.084595;0.174591;0.000000;0.000000;0.000000;0.000000;2.000000;133.670227;-92.444382;1758.273804;0.862056;0.000000;0.000000;0.000000;0.000000;2.000000;220.179382;-68.211533;1828.834473;0.989179;0.000000;0.000000;0.000000;0.000000;2.000000;236.531433;28.587357;1892.529419;0.528118;0.000000;0.000000;0.000000;0.000000;0.000000;174.864929;-1.028410;1874.426025;0.887773;0.000000;0.000000;0.000000;0.000000;2.000000;-76.309387;-148.105392;2065.318359;0.173866;0.000000;0.000000;0.000000;0.000000;2.000000;6.238159;283.777588;2100.329590;0.186043;0.000000;0.000000;0.000000;0.000000;2.000000;-10.263733;690.701050;1991.498657;0.558799;0.000000;0.000000;0.000000;0.000000;2.000000;79.632996;821.548340;2123.420898;1.274167;0.000000;0.000000;0.000000;0.000000;1.000000;68.811523;-151.708450;1941.099487;0.156783;0.000000;0.000000;0.000000;0.000000;2.000000;214.058533;257.073486;2018.202148;0.235575;0.000000;0.000000;0.000000;0.000000;2.000000;217.783630;680.796448;1974.539185;1.781667;0.000000;0.000000;0.000000;0.000000;2.000000;391.890076;744.485535;2015.725342;2.391511;0.000000;0.000000;0.000000;0.000000;2.000000;-32.698608;-828.438232;1980.998901;0.110530;0.000000;0.000000;0.000000;0.000000;2.000000;89.507690;-797.151367;2105.228516;0.396722;0.000000;0.000000;0.000000;0.000000;1.000000;45.529602;-838.212280;2118.763428;0.320976;0.000000;0.000000;0.000000;0.000000;1.000000;-86.562073;-859.052734;2078.420898;0.117798;0.000000;0.000000;0.000000;0.000000;1.000000;89.498779;-849.810425;2083.397705;0.375446;0.000000;0.000000;0.000000;0.000000;1.000000;43.677246;-914.287170;1962.637695;0.182770;0.000000;0.000000;0.000000;0.000000;1.000000;12802633728.000000
0.000000;-150.000000;2000.000000;0.000000;0.000000;0.000000;0.000000;0.000000;2.000000;-21.970642;-342.734589;1977.380493;0.134488;0.000000;0.000000;0.000000;0.000000;2.000000;-41.617249;-496.269592;1956.941162;0.395534;0.000000;0.000000;0.000000;0.000000;2.000000;-38.230957;-733.560303;1969.758301;0.209977;0.000000;0.000000;0.000000;0.000000;2.000000;-64.009888;-693.584229;1994.583374;0.205178;0.000000;0.000000;0.000000;0.000000;2.000000;-163.806396;-621.618042;2091.277588;0.454043;0.000000;0.000000;0.000000;0.000000;2.000000;-162.247131;-321.769012;2131.256104;0.430134;0.000000;0.000000;0.000000;0.000000;2.000000;-19.131104;-131.811111;2220.122070;0.569800;0.000000;0.000000;0.000000;0.000000;2.000000;59.093628;-66.375061;2246.772461;0.680454;0.000000;0.000000;0.000000;0.000000;0.000000;143.095276;9.541071;2281.003906;0.582057;0.000000;0.000000;0.000000;0.000000;0.000000;85.855591;-26.625587;2170.018555;1.831161;0.000000;0.000000;0.000000;0.000000;0.000000;-15.376465;-695.223267;1939.274170;0.181456;0.000000;0.000000;0.000000;0.000000;2.000000;62.717957;-638.204712;1832.619751;0.142143;0.000000;0.000000;0.000000;0.000000;2.000000;80.144165;-341.777374;1749.960449;0.173935;0.000000;0.000000;0.000000;0.000000;2.000000;133.431580;-90.249817;1749.797729;0.267298;0.000000;0.000000;0.000000;0.000000;2.000000;185.318054;-34.956017;1834.248657;1.479569;0.000000;0.000000;0.000000;0.000000;2.000000;219.887390;51.717644;1903.606201;0.933024;0.000000;0.000000;0.000000;0.000000;0.000000;156.417175;5.114220;1856.988403;0.797042;0.000000;0.000000;0.000000;0.000000;2.000000;-74.702881;-149.253204;2066.196289;0.065943;0.000000;0.000000;0.000000;0.000000;2.000000;8.982544;279.261353;2103.949463;0.195483;0.000000;0.000000;0.000000;0.000000;2.000000;-1.817322;685.428162;2002.347290;0.449384;0.000000;0.000000;0.000000;0.000000;2.000000;89.838196;823.906738;2122.677246;0.320451;0.000000;0.000000;0.000000;0.000000;1.000000;67.362854;-150.673416;1940.307861;0.059463;0.000000;0.000000;0.000000;0.000000;2.000000;216.515564;254.693634;2011.519409;0.229105;0.000000;0.000000;0.000000;0.000000;2.000000;172.291809;669.431763;1939.703491;1.782652;0.000000;0.000000;0.000000;0.000000;2.000000;332.224304;767.574829;1959.451416;2.600247;0.000000;0.000000;0.000000;0.000000;2.000000;-25.953308;-820.951538;1984.186279;0.322548;0.000000;0.000000;0.000000;0.000000;2.000000;118.108704;-857.740356;2078.179199;2.205031;0.000000;0.000000;0.000000;0.000000;2.000000;71.959717;-897.953430;2080.897461;2.304307;0.000000;0.000000;0.000000;0.000000;1.000000;-65.813843;-891.064453;2065.751953;1.226693;0.000000;0.000000;0.000000;0.000000;1.000000;106.808472;-893.474731;2035.717285;2.042540;0.000000;0.000000;0.000000;0.000000;2.000000;32.527161;-890.851135;1913.053467;1.707940;0.000000;0.000000;0.000000;0.000000;2.000000;12802666496.000000
